1000 2000 1
230 611 1
152 246 8
231 310 16
411 506 13
40 450 10
616 646 11
215 302 17
308 530 3
80 257 1
482 566 9
378 445 14
538 583 20
95 242 13
810 898 10
56 924 14
167 532 6
346 534 6
60 814 1
349 688 15
583 855 17
153 713 19
243 786 9
666 889 10
217 734 5
895 977 15
73 460 4
346 884 16
211 839 1
9 741 19
169 433 9
131 995 11
566 923 18
136 930 1
893 909 13
197 531 4
831 934 14
703 748 6
354 780 20
4 747 2
13 487 18
452 757 19
95 785 8
214 476 20
167 401 3
691 895 19
80 741 19
718 769 5
877 942 3
803 956 1
398 678 13
699 755 9
157 472 12
50 346 11
669 912 19
815 966 4
763 776 1
65 474 5
778 904 14
26 662 6
154 668 5
69 889 1
31 597 2
714 776 13
276 959 17
605 869 14
207 679 15
595 675 15
74 186 9
526 841 15
472 870 16
384 986 20
316 622 8
169 423 2
655 991 12
385 801 6
299 389 9
464 722 6
388 992 20
112 154 9
179 998 13
414 901 17
217 701 10
534 557 13
91 625 6
511 653 12
391 508 1
337 537 10
91 216 18
255 584 16
303 395 3
15 486 4
494 600 11
341 507 18
367 416 12
21 911 18
223 780 14
230 267 2
152 756 12
111 575 13
270 977 5
202 613 3
344 517 13
179 975 17
463 654 9
213 479 13
66 280 15
348 932 17
179 193 15
125 222 15
28 963 13
668 735 19
140 350 15
18 95 9
544 699 1
44 907 1
643 827 15
714 887 9
583 812 13
181 652 13
506 937 4
169 269 13
61 178 14
566 988 18
167 345 10
339 451 13
135 801 16
83 611 17
311 618 19
705 774 7
136 357 19
244 973 9
501 864 9
740 880 6
61 708 3
171 351 9
433 845 3
52 744 17
14 223 2
103 975 5
110 605 6
160 951 2
141 858 12
88 703 14
153 683 7
179 821 9
175 442 7
7 220 18
51 555 7
297 553 11
130 147 1
481 633 17
492 908 12
748 834 20
146 500 8
74 660 20
14 200 20
134 153 2
2 900 9
629 998 16
584 618 13
703 718 12
14 465 8
769 929 1
620 949 14
348 490 17
414 701 13
647 823 7
57 463 2
332 402 10
229 655 19
252 293 19
324 398 17
41 604 2
39 823 10
664 732 5
141 462 5
620 805 7
445 544 4
140 991 7
154 746 15
736 836 15
174 724 13
163 831 2
349 612 1
246 865 10
166 756 4
48 355 17
521 804 15
474 872 2
877 997 15
407 553 15
30 566 7
217 429 7
436 845 7
262 580 17
232 966 16
428 612 17
65 709 5
621 747 1
667 750 12
278 529 17
509 578 13
860 921 2
47 632 15
631 689 8
140 451 17
210 366 14
182 304 6
364 689 2
813 930 3
522 903 10
614 986 9
789 838 15
701 725 14
395 798 7
78 862 16
299 830 15
767 935 16
427 521 13
112 366 5
406 547 7
3 459 8
98 202 7
303 571 12
53 954 13
330 445 13
33 567 18
435 461 13
399 953 14
619 956 12
185 206 3
213 799 13
114 411 20
228 433 6
48 57 10
383 801 11
959 997 3
483 888 3
582 781 19
740 958 10
230 973 11
820 838 20
221 250 15
432 842 12
136 700 10
659 741 9
190 262 20
252 911 3
192 717 15
325 343 6
92 895 9
862 956 13
391 782 13
70 318 9
436 704 14
21 727 3
176 341 20
385 594 19
505 516 11
36 217 4
121 670 10
333 440 2
412 733 12
344 827 18
364 656 15
169 746 6
738 754 12
629 847 2
481 832 1
594 709 1
173 307 20
48 721 11
21 704 15
771 936 2
448 920 14
898 977 7
163 379 14
253 452 20
787 880 20
241 972 19
870 914 13
192 707 12
357 774 5
251 384 14
9 442 3
126 761 2
226 705 4
142 742 6
4 628 1
256 992 11
433 625 6
94 930 8
171 396 2
135 702 17
718 794 12
421 916 5
170 251 15
353 781 7
374 575 4
260 553 6
492 567 14
40 177 11
947 967 9
464 590 16
308 751 16
156 208 19
300 747 18
774 895 5
100 313 10
351 569 20
675 809 12
441 642 2
433 638 15
527 794 5
486 793 1
680 744 11
585 772 2
8 989 3
248 592 13
170 264 5
277 884 14
551 895 13
121 902 16
13 960 1
74 561 5
502 593 11
555 605 16
426 720 18
177 424 9
504 639 6
333 528 1
116 679 12
187 968 16
510 575 4
420 681 13
541 562 8
512 764 6
711 973 4
817 991 12
113 646 13
883 936 2
607 772 19
230 822 13
142 709 5
681 843 20
727 810 6
116 656 8
314 900 12
550 768 12
154 539 20
186 491 2
189 496 13
430 559 7
414 880 12
29 135 18
107 463 17
121 218 20
392 861 7
276 915 14
44 788 16
559 974 20
226 276 5
322 509 16
487 576 17
258 753 6
343 797 5
637 749 5
146 548 20
498 999 9
312 580 5
224 961 3
273 737 4
155 373 17
198 414 2
425 642 15
284 374 19
429 841 16
611 997 4
51 400 5
121 761 17
657 884 8
596 725 17
334 725 5
428 503 17
247 577 8
78 619 5
153 384 1
135 924 5
0 62 5
628 677 16
295 733 8
260 775 16
440 742 12
367 758 1
308 443 19
439 783 10
525 786 9
264 665 11
619 713 13
295 589 12
643 698 6
33 360 20
251 848 8
945 999 12
169 369 9
101 988 10
132 338 14
779 823 12
417 736 2
111 135 4
790 981 14
76 177 7
435 604 11
534 912 18
338 708 11
546 886 10
379 480 19
92 158 16
311 345 4
70 255 3
181 729 13
172 760 19
122 185 1
338 829 18
82 723 18
725 829 6
876 998 17
479 953 7
368 448 19
377 905 19
666 779 7
135 734 4
591 785 8
88 430 9
539 940 4
298 648 16
151 449 17
545 754 11
759 863 7
304 548 7
120 727 7
80 654 13
631 714 12
101 219 20
657 851 15
322 718 15
497 570 14
307 818 4
188 638 17
414 572 18
653 817 5
794 942 16
174 968 15
657 707 2
86 626 15
83 966 5
296 701 9
103 535 4
16 238 2
173 630 19
122 139 1
208 444 4
202 284 15
234 847 16
189 430 1
508 970 1
0 271 5
558 678 18
40 981 14
49 392 1
362 623 9
368 703 11
735 905 9
82 834 1
560 873 2
2 725 8
4 277 19
261 985 19
227 843 11
47 467 18
647 648 15
270 661 14
18 705 11
443 589 19
609 621 12
228 929 10
274 896 10
294 874 16
630 680 10
261 697 9
754 895 12
215 846 11
560 621 16
411 641 1
287 871 1
308 665 17
661 932 8
635 651 14
787 928 14
521 629 15
43 739 15
379 545 3
438 631 1
377 764 8
553 581 17
308 930 13
449 640 2
623 676 14
29 203 15
386 849 9
331 504 3
98 302 9
19 912 6
589 656 3
172 596 11
347 634 15
178 267 10
762 812 13
276 430 11
614 834 14
342 375 7
71 177 20
32 69 15
783 871 9
126 750 5
4 761 12
48 193 18
179 613 12
807 999 12
385 861 10
91 649 15
318 319 16
261 422 12
172 344 18
144 511 14
149 855 2
85 196 2
255 873 4
356 839 7
181 807 15
26 146 6
281 781 2
143 551 13
261 952 20
635 870 16
385 838 2
706 930 10
23 342 4
22 526 16
164 466 12
5 738 15
113 537 16
130 446 20
731 815 9
180 712 12
332 989 1
2 934 14
93 298 4
98 413 17
871 974 1
199 990 9
128 521 16
601 970 16
175 224 15
193 421 6
211 555 10
100 724 6
354 869 8
51 831 4
2 826 2
546 810 5
11 237 3
772 973 14
406 915 9
761 963 20
107 210 7
526 688 7
619 650 9
289 595 17
376 600 8
318 924 19
76 487 11
14 103 3
237 935 5
204 529 3
55 549 17
29 268 16
227 512 19
433 617 1
532 739 15
203 829 20
17 559 19
477 543 20
142 181 17
138 705 16
189 750 6
120 916 9
131 400 18
216 624 6
108 124 14
459 876 10
90 664 13
371 763 20
585 872 3
277 719 20
417 879 18
332 426 5
98 488 10
124 397 10
42 444 5
503 573 8
384 738 14
623 754 8
83 252 19
15 346 5
536 606 13
355 531 14
298 814 16
139 232 13
464 703 8
269 607 1
94 346 5
183 195 3
49 869 12
486 870 14
62 808 5
345 373 15
182 724 4
565 605 1
147 766 7
305 422 20
220 872 17
352 762 3
458 929 15
312 546 18
887 926 14
436 990 15
315 880 11
153 818 3
114 710 19
61 555 14
67 635 13
83 85 20
693 768 5
678 788 15
360 478 3
565 847 18
178 587 17
414 980 3
355 665 20
214 689 17
843 977 9
719 941 7
231 598 20
11 711 4
224 855 16
415 535 5
265 627 13
860 922 14
70 388 17
218 286 8
317 494 11
689 811 19
447 640 4
252 922 8
89 895 4
31 545 10
47 669 13
54 565 9
100 910 9
851 958 9
403 682 20
542 877 14
662 942 2
808 996 20
415 427 10
264 932 3
284 847 2
799 947 18
703 830 12
59 765 11
248 286 11
395 979 4
274 918 11
85 902 12
513 971 1
270 310 6
243 930 5
408 509 19
433 453 18
192 247 6
141 839 17
40 607 9
573 841 15
198 406 17
229 659 9
113 713 9
19 669 7
473 610 17
714 822 9
343 766 15
356 848 3
3 352 20
763 979 7
61 823 11
505 720 9
417 836 6
489 861 13
308 520 20
719 908 17
635 951 7
195 499 3
267 375 19
176 931 8
134 785 9
308 821 19
330 580 14
101 342 7
414 659 15
742 753 2
618 983 9
231 457 16
457 620 3
851 925 3
273 948 5
623 652 9
57 915 18
339 664 5
25 325 10
397 871 8
21 849 9
265 980 16
286 774 5
715 771 10
446 912 3
243 812 16
459 702 12
526 612 6
511 712 2
177 723 19
50 539 11
373 518 11
310 578 1
784 992 9
34 680 7
299 834 6
416 861 11
148 930 20
430 616 20
294 755 19
127 349 18
749 890 10
184 740 16
541 632 14
71 454 17
465 493 11
542 713 17
415 492 18
386 694 12
416 982 17
90 552 11
557 841 14
399 404 9
275 863 18
616 747 7
210 733 16
499 607 7
33 54 13
33 957 20
985 995 14
110 157 1
60 565 3
158 579 12
317 572 2
396 636 3
24 993 11
133 671 11
907 931 9
430 894 6
845 956 1
302 857 18
115 473 2
327 621 9
410 655 12
944 971 12
303 529 3
536 880 2
481 944 12
730 782 4
305 984 3
10 950 11
317 729 8
534 992 3
176 201 1
292 821 14
105 586 15
137 618 4
770 939 2
690 830 19
99 771 3
441 620 15
142 998 5
71 300 11
469 947 8
291 303 5
396 734 19
630 672 15
363 557 13
85 463 20
86 428 1
678 977 17
357 513 4
608 998 15
461 570 13
515 690 11
385 840 20
223 927 13
14 933 1
150 714 10
109 304 6
795 860 13
448 636 7
643 732 19
170 808 1
365 867 3
265 371 9
6 705 8
22 155 20
129 367 18
565 928 18
44 259 20
201 917 1
56 233 2
102 794 14
2 527 7
73 587 5
766 959 9
599 782 9
187 874 8
409 658 20
63 250 12
328 962 12
697 716 5
688 896 11
188 286 12
156 742 1
222 916 4
540 588 19
200 934 20
40 158 10
860 980 8
31 567 16
56 511 20
364 627 10
912 990 19
235 891 13
284 375 15
146 261 3
428 913 20
671 820 14
643 987 1
133 736 8
123 951 18
6 286 7
352 365 19
202 606 9
890 980 4
15 600 17
199 946 1
620 710 2
157 720 3
598 691 10
769 955 11
139 522 4
182 978 14
68 727 10
64 348 7
43 145 10
592 998 13
27 731 2
68 354 6
213 858 17
302 670 14
515 814 15
642 855 5
198 958 11
568 677 2
508 775 18
108 921 11
428 782 1
435 641 18
203 255 2
99 692 17
352 872 7
86 493 12
55 505 2
140 500 16
501 893 14
79 755 5
200 636 11
768 828 11
251 718 16
141 995 20
66 901 12
22 220 11
86 650 6
365 968 19
232 969 19
190 298 6
100 670 7
126 542 16
311 624 18
424 501 4
380 989 6
266 967 2
147 372 5
672 868 20
196 759 5
73 688 11
230 263 12
139 633 5
100 382 7
582 650 15
394 599 11
455 466 4
500 617 19
110 202 11
413 505 16
598 779 17
505 588 3
317 388 18
568 873 4
64 845 5
145 919 15
508 742 6
108 888 5
235 992 5
511 747 3
878 949 5
651 907 9
34 859 1
99 659 14
472 941 19
15 845 9
698 875 20
805 821 6
272 852 5
255 799 7
324 404 8
107 146 14
199 229 14
27 940 19
107 820 1
131 768 20
79 349 14
315 934 7
524 699 2
222 477 19
399 933 2
160 767 18
119 915 7
241 612 2
254 551 13
40 213 16
156 653 11
338 401 4
123 247 18
308 787 9
104 908 5
214 514 19
317 872 4
800 840 10
165 329 2
766 847 11
513 783 2
459 583 8
205 258 12
410 690 13
327 921 14
17 207 5
125 823 2
6 606 4
5 232 1
16 507 12
160 780 20
214 900 9
206 896 13
228 426 16
178 834 20
83 273 16
351 353 3
149 218 20
614 992 6
177 954 20
59 590 9
681 902 4
372 412 18
72 937 5
434 881 3
508 601 17
366 746 19
707 810 11
457 864 9
464 760 16
631 937 6
432 462 12
477 613 10
136 320 2
148 523 11
204 949 14
465 724 19
150 340 3
463 800 15
369 607 19
365 902 3
285 793 19
412 834 5
681 879 9
719 985 3
720 721 16
145 490 9
477 963 20
17 341 2
141 785 9
602 622 5
70 432 17
417 805 10
83 551 1
652 708 8
201 772 12
1 481 4
31 769 13
760 915 9
293 360 12
395 902 4
396 867 10
263 374 3
219 825 8
191 843 11
375 435 13
32 361 1
263 868 14
383 784 8
284 433 3
610 683 18
6 717 12
147 656 18
495 616 6
660 949 2
98 800 15
265 648 17
153 178 12
249 969 19
471 753 18
98 391 4
150 438 6
160 482 1
101 167 14
359 548 10
413 668 17
280 404 5
445 471 20
28 448 10
721 820 10
90 279 4
293 867 10
65 780 2
66 187 19
11 251 13
499 563 14
19 749 19
131 581 15
719 831 17
725 911 18
517 882 12
791 856 1
126 731 13
188 334 9
352 665 16
727 728 3
272 413 10
369 754 19
349 925 3
510 879 17
614 936 20
578 604 19
393 824 12
95 227 5
280 538 1
350 862 9
58 574 12
319 874 4
46 636 19
358 722 15
185 385 8
68 245 6
123 675 8
731 940 10
370 552 10
728 934 1
357 878 11
587 666 7
218 683 8
15 360 1
136 241 14
170 908 15
93 279 8
193 366 20
828 993 16
258 877 17
693 805 2
524 996 13
184 290 9
518 544 10
319 972 17
469 651 18
183 739 9
552 685 18
189 633 15
137 443 7
345 472 16
102 485 11
442 670 14
309 326 12
71 763 17
727 839 8
115 949 16
417 762 7
37 886 11
234 268 11
230 792 18
53 76 2
200 769 19
241 392 5
218 817 15
96 977 10
77 698 1
14 758 13
237 278 4
627 958 13
835 907 13
56 202 10
146 541 1
614 795 16
78 406 11
120 897 10
475 945 19
414 477 11
392 458 12
130 309 1
308 724 20
81 416 12
247 305 7
745 990 10
315 848 14
138 169 18
433 840 3
214 536 19
573 734 14
444 998 15
117 640 9
131 538 18
343 803 14
777 915 20
37 876 16
24 677 6
236 676 17
557 911 10
241 791 9
437 586 14
936 944 10
166 617 8
393 516 18
200 350 5
418 838 15
512 616 20
13 115 6
115 651 8
174 886 13
23 159 16
11 859 4
52 860 1
58 266 6
825 932 15
259 966 8
401 641 14
381 397 10
18 345 14
125 557 4
651 932 6
493 495 9
225 415 14
579 647 17
236 424 20
530 642 14
79 855 8
205 967 20
176 415 12
4 568 10
638 854 17
323 433 4
613 617 4
225 392 12
143 502 19
196 365 4
721 973 9
279 628 20
506 670 2
588 709 2
46 920 2
241 601 18
259 655 2
318 741 10
356 587 2
532 929 8
152 528 8
108 867 14
565 697 5
950 953 12
422 425 10
235 827 3
29 579 12
30 129 15
132 851 4
87 291 15
35 918 17
688 809 12
426 660 5
366 758 2
99 265 19
45 968 11
396 637 14
654 932 16
506 768 11
567 784 2
337 996 5
216 935 19
465 507 1
262 264 12
418 697 4
243 924 5
507 625 20
440 535 2
381 894 9
210 338 15
790 833 11
394 833 7
520 909 2
203 973 5
384 676 2
330 705 5
623 921 14
6 464 6
573 691 1
271 884 2
359 439 1
231 582 18
878 918 14
48 317 5
185 322 18
585 787 5
290 753 6
222 698 7
210 495 4
546 715 13
131 207 8
3 287 1
297 505 13
623 669 17
648 842 5
821 999 4
608 626 19
67 982 2
69 762 18
136 672 13
489 976 9
47 594 4
433 666 13
320 609 10
516 929 20
517 894 14
194 649 10
294 736 15
107 501 4
157 996 18
95 792 8
110 655 18
154 698 10
239 656 17
52 421 10
65 360 18
323 884 17
236 358 1
242 667 16
232 882 20
283 439 10
638 932 9
256 830 19
197 515 9
834 843 16
345 386 13
505 524 11
778 911 16
436 653 10
95 360 18
268 431 3
155 411 6
765 828 4
456 896 3
90 281 1
64 637 10
106 225 13
52 254 2
519 543 11
416 796 17
162 571 1
174 774 13
15 372 5
92 592 5
32 461 19
198 344 6
238 566 17
83 134 9
755 792 14
849 948 13
717 765 13
82 254 10
9 944 2
412 803 13
215 783 2
323 645 4
661 869 20
181 646 18
13 690 17
234 280 8
426 450 16
349 904 20
431 528 1
197 361 8
284 366 16
361 878 6
217 721 7
714 773 12
913 982 1
154 521 6
205 603 15
344 681 2
604 986 19
529 992 11
253 908 17
597 718 14
129 384 17
37 875 3
57 624 20
298 650 6
720 788 19
350 468 11
162 646 8
162 417 9
805 868 1
308 965 1
31 162 16
637 646 5
455 526 6
352 742 5
586 829 18
791 969 19
32 163 6
62 451 3
22 378 8
719 800 11
172 667 14
239 577 5
584 877 12
245 428 2
204 247 18
159 999 15
408 800 7
722 847 10
488 680 4
173 668 10
134 268 9
559 969 4
91 864 2
125 448 4
611 979 15
731 932 17
165 255 1
4 158 1
118 817 8
513 709 9
189 877 2
688 710 2
139 876 6
777 904 6
528 837 20
176 306 1
205 858 20
671 922 17
138 279 11
4 544 7
497 742 13
862 983 13
38 722 7
319 326 4
251 457 10
44 207 19
52 885 1
890 938 13
189 710 15
558 693 6
160 912 13
463 870 16
296 464 9
554 988 8
213 695 6
147 484 15
168 952 20
558 729 8
460 572 11
805 835 19
596 841 14
53 971 16
743 860 9
682 764 7
101 224 16
86 510 6
43 548 2
154 501 4
379 848 8
256 777 11
461 917 17
82 103 16
181 603 12
40 335 19
131 782 10
139 228 20
183 829 4
245 624 2
107 919 8
569 864 19
378 595 4
469 633 13
447 731 18
258 944 16
428 452 11
259 680 16
698 987 18
464 820 19
930 964 10
582 775 20
142 360 3
257 984 14
746 883 18
111 372 10
764 788 10
683 863 9
362 628 4
263 277 1
493 968 15
158 340 7
106 967 9
409 825 2
25 979 7
42 165 2
133 661 14
366 783 15
681 795 6
459 682 9
214 240 16
572 888 5
552 644 13
353 929 15
28 989 4
177 703 14
25 197 7
43 623 10
859 917 16
37 171 14
369 644 17
549 840 5
372 835 2
319 643 13
339 621 1
677 882 11
313 376 15
299 441 5
230 607 17
945 961 16
480 898 13
72 807 8
81 218 1
93 192 9
322 955 7
237 502 7
348 827 2
20 653 7
65 804 14
397 985 12
438 757 11
245 362 9
515 860 10
427 747 12
214 374 6
20 100 3
119 222 7
373 403 5
354 884 9
218 465 2
148 815 10
196 563 19
322 559 16
342 537 12
244 868 4
331 607 6
670 976 2
624 780 4
223 436 11
173 844 18
354 776 10
77 876 7
760 906 4
226 447 6
357 372 20
160 352 14
10 822 10
607 812 17
793 939 12
194 759 16
350 369 10
1 593 4
236 347 4
185 939 4
447 796 6
74 205 12
467 545 10
72 918 12
308 637 9
181 416 5
237 842 15
76 659 19
199 321 7
379 517 7
181 452 4
547 775 11
40 184 19
139 306 3
479 640 13
163 520 6
483 610 15
389 603 5
235 279 14
565 679 6
940 971 20
191 438 15
636 708 13
720 967 6
411 855 15
81 571 4
497 931 4
299 421 14
504 790 7
310 659 8
369 974 13
22 521 20
447 930 15
624 626 9
518 990 2
251 875 18
594 683 7
258 505 6
93 846 19
268 698 16
624 711 10
301 732 9
729 764 19
267 590 1
70 570 4
973 981 3
396 969 6
411 603 2
56 226 10
890 983 9
464 466 4
308 627 17
110 117 3
454 681 14
748 899 4
469 544 2
228 603 6
70 920 15
642 737 17
293 583 19
766 952 5
275 980 3
80 704 9
729 741 6
907 927 20
511 927 13
26 998 4
221 456 1
814 821 18
868 941 18
344 935 5
222 680 17
624 989 13
603 637 9
319 878 9
419 965 9
92 427 12
170 755 16
658 838 1
560 681 2
471 603 10
494 995 3
48 649 4
143 392 1
568 801 20
608 837 16
247 486 11
118 564 8
169 795 14
484 807 12
508 935 5
421 638 20
333 754 18
159 638 15
180 432 11
358 847 11
280 519 6
324 705 8
670 933 3
457 560 1
342 759 16
314 740 1
152 598 10
712 786 5
584 637 9
72 80 16
216 619 10
677 685 6
632 942 18
270 855 9
410 749 15
645 652 13
264 515 6
329 532 9
76 315 5
71 911 2
202 985 11
198 277 10
643 813 11
12 681 14
274 452 19
872 901 5
17 158 4
256 403 13
252 698 7
217 677 14
278 427 8
763 850 2
86 522 8
9 684 14
71 250 13
5 942 14
306 381 14
107 437 11
442 543 2
9 661 10
231 737 16
630 864 2
193 746 16
346 696 11
138 667 6
441 933 5
482 705 13
406 975 14
793 863 16
211 507 19
79 208 10
472 548 20
286 537 15
130 784 4
85 367 14
378 620 4
36 511 18
476 783 2
343 519 8
486 976 2
319 570 5
145 683 20
18 313 15
110 725 18
651 900 19
113 996 17
114 695 14
569 830 12
375 736 2
338 705 8
6 344 3
130 676 8
115 776 4
121 856 1
76 439 8
317 502 11
47 870 20
810 929 16
233 917 4
599 974 1
370 922 9
111 253 4
189 581 5
454 592 14
364 698 12
244 373 10
133 951 3
196 333 16
275 626 19
76 151 19
125 538 18
205 418 8
270 547 13
469 985 19
392 393 3
293 530 18
279 632 16
205 683 14
514 764 5
222 735 11
8 812 14
791 892 14
370 490 18
14 68 15
914 999 8
244 759 15
14 562 10
597 654 6
25 199 13
57 151 6
61 121 13
64 684 16
105 722 12
633 841 2
335 918 2
193 834 6
719 880 19
24 504 1
173 218 11
505 548 14
655 901 15
485 835 19
840 883 7
285 544 17
455 583 12
101 579 19
50 354 14
177 983 10
280 587 19
9 847 14
24 481 19
105 326 19
208 827 17
737 911 15
528 917 10
837 998 5
73 602 14
58 888 7
720 858 17
640 749 14
134 734 11
341 947 20
682 831 12
126 384 16
101 965 19
173 316 8
465 982 20
216 952 13
437 920 19
595 948 10
44 696 3
732 953 16
137 515 6
127 959 8
833 856 19
296 508 11
429 543 18
109 273 10
1 245 14
158 803 15
640 726 16
337 545 9
784 856 12
833 977 15
306 557 12
546 804 11
150 346 12
689 969 12
171 634 11
399 641 11
633 808 2
146 986 6
109 430 5
361 794 4
271 986 18
197 771 15
92 197 7
195 618 10
447 690 3
449 879 11
77 482 14
362 960 13
40 680 16
226 956 20
573 914 11
97 576 15
92 318 13
219 422 20
592 784 13
169 830 4
231 396 14
461 709 6
330 375 16
146 554 4
30 751 14
588 670 20
397 810 20
509 871 2
643 871 15
674 709 10
854 905 4
97 697 7
826 843 14
132 246 9
192 297 2
67 940 1
403 480 17
573 891 7
634 758 15
34 125 10
119 312 13
154 306 14
224 859 3
144 750 4
52 258 18
276 826 9
394 781 13
186 752 5
221 337 16
324 838 17
751 911 12
603 747 10
244 814 19
537 838 10
63 510 1
384 745 17
371 397 8
135 269 12
241 287 3
326 511 10
190 879 2
679 778 11
465 818 5
123 789 12
492 772 18
589 741 17
628 961 1
675 893 16
865 910 6
48 242 19
138 810 11
285 743 7
207 415 4
138 581 2
5 51 9
5 954 3
12 441 19
767 868 7
363 784 1
563 580 19
796 931 6
643 838 9
218 545 16
95 740 3
630 755 13
94 366 7
473 771 4
894 950 20
322 904 18
223 745 2
402 747 10
87 592 15
49 974 5
453 569 13
15 752 18
630 876 1
616 712 17
794 984 4
471 968 16
342 594 6
264 903 11
288 968 12
177 377 11
148 728 1
5 679 4
688 858 18
584 737 13
918 991 15
605 680 9
597 676 19
601 826 5
359 884 6
176 274 20
275 396 19
710 998 14
307 693 3
869 991 7
468 647 13
178 728 5
661 696 5
164 793 3
554 835 4
305 805 18
774 838 10
306 504 1
311 848 17
443 775 14
117 345 7
624 670 18
179 665 13
383 989 16
471 693 6
869 968 2
565 965 8
728 763 4
461 764 1
576 751 9
428 587 19
174 591 12
790 823 1
164 397 19
743 864 12
195 241 7
363 908 6
250 293 19
100 763 20
895 997 12
662 795 6
364 952 4
908 936 1
152 315 13
5 116 7
217 381 15
191 508 8
245 628 15
297 675 17
664 697 17
153 252 10
3 722 17
198 403 2
418 821 7
129 309 8
16 777 4
405 967 12
367 446 11
2 204 9
186 928 20
346 917 12
168 236 20
661 663 20
318 855 9
279 369 3
423 871 12
498 556 13
624 781 19
521 805 7
42 133 19
682 722 3
753 782 11
105 338 15
498 641 12
136 554 12
937 948 15
683 952 16
294 618 16
221 405 18
267 372 19
11 266 4
765 877 20
711 906 2
57 153 8
338 926 19
75 961 4
6 336 11
16 646 4
133 148 14
582 877 16
328 881 1
122 138 13
486 909 15
93 340 9
