1000 2000 1
348 975 1
410 541 14
856 893 11
350 612 12
97 166 7
196 325 16
108 212 16
45 421 4
599 678 4
830 876 3
156 782 5
433 502 15
325 560 2
437 801 13
380 941 13
393 960 19
694 951 1
534 590 18
139 814 15
306 991 5
429 653 3
66 601 7
69 81 5
640 836 5
104 484 7
233 369 11
739 815 19
490 748 18
69 117 19
339 615 16
819 960 16
138 482 7
224 485 13
885 905 6
61 607 20
235 414 2
179 599 4
15 905 17
404 717 17
33 810 11
576 829 8
693 856 8
141 263 13
590 992 2
174 934 15
743 942 14
638 660 10
334 923 18
245 994 6
0 489 16
71 549 15
846 954 12
151 392 5
392 604 17
441 496 8
398 534 18
522 606 6
518 981 2
52 162 18
598 973 4
77 484 6
377 596 6
125 906 20
347 839 3
283 854 2
228 509 18
509 608 13
488 585 11
340 421 14
156 749 19
695 883 17
15 895 2
510 874 19
248 459 13
99 745 17
70 947 18
583 678 13
753 860 16
71 274 15
612 741 19
449 979 11
28 806 1
198 314 5
269 374 8
686 891 9
765 955 10
504 771 4
144 199 20
64 90 11
173 671 16
9 11 16
545 808 19
491 837 7
745 982 5
201 217 9
328 815 1
647 977 15
875 984 5
81 300 17
346 720 17
317 922 4
581 623 13
334 337 9
123 791 10
202 855 17
31 299 17
443 918 8
96 694 17
13 925 2
247 863 13
164 828 4
401 512 9
277 476 13
46 729 7
446 928 16
391 992 2
86 127 5
185 249 9
328 972 12
8 702 13
179 291 20
63 525 20
292 497 14
149 677 20
137 294 12
296 467 18
837 934 6
44 511 4
287 912 10
17 679 7
177 631 19
853 914 11
75 849 7
377 805 15
6 669 13
360 752 3
392 970 1
96 828 10
386 481 7
83 480 14
710 987 16
82 106 18
151 843 4
286 659 11
872 905 7
629 998 4
396 796 20
690 748 12
472 791 18
252 522 19
55 502 19
617 800 16
220 835 5
487 950 3
169 524 8
153 287 15
118 558 5
15 960 9
226 506 6
296 601 19
731 758 3
312 954 8
272 509 20
16 403 14
91 317 10
657 728 5
292 981 12
43 914 12
70 639 15
538 893 3
215 877 13
483 957 3
437 581 15
435 471 4
3 734 9
243 795 11
248 501 6
305 892 1
328 530 5
280 755 3
45 443 13
178 972 2
463 467 2
52 567 9
129 707 16
146 238 17
449 913 13
93 640 2
230 237 10
527 981 12
365 919 15
840 920 9
165 336 5
229 766 14
779 824 5
402 837 7
717 849 16
153 627 12
622 697 13
111 630 18
696 911 12
323 549 13
702 991 17
58 660 2
256 904 14
371 562 3
304 572 15
583 890 9
461 864 5
38 947 20
569 726 2
795 889 2
175 278 10
140 549 3
339 758 9
340 345 19
232 403 14
29 718 5
71 306 17
275 859 4
369 637 11
257 316 9
13 630 19
123 990 8
238 977 9
20 489 16
326 532 6
264 620 3
127 731 1
121 428 3
636 757 11
6 361 1
317 977 6
418 800 7
286 989 20
522 628 1
224 785 8
614 711 6
491 640 12
617 865 4
341 552 14
177 300 14
279 842 17
74 738 20
7 419 16
715 734 17
602 714 6
303 826 17
98 277 12
725 784 4
378 447 12
297 379 3
312 996 4
149 889 20
504 708 1
208 795 11
184 209 18
475 501 5
188 328 13
57 662 13
451 558 10
756 785 2
121 274 12
223 959 8
264 731 10
465 721 17
331 492 16
825 884 15
717 793 7
76 122 5
233 600 13
400 448 9
599 657 19
612 776 8
331 348 14
178 929 9
259 774 7
859 998 15
384 625 15
176 596 6
482 931 15
427 995 1
93 826 5
63 956 4
135 270 3
499 812 16
184 428 16
159 255 8
375 782 15
628 962 7
151 888 8
4 726 2
219 534 2
15 884 2
483 989 14
351 690 19
93 803 1
58 882 1
165 679 3
486 914 17
829 844 16
133 768 7
92 587 1
141 363 3
84 732 20
218 317 7
64 259 13
468 694 20
282 338 12
180 556 1
361 896 19
609 818 19
246 766 10
267 560 11
231 786 7
857 919 1
128 630 4
549 803 1
11 719 20
71 770 2
875 973 10
666 979 14
565 747 8
659 940 13
357 718 12
391 631 11
0 746 1
225 684 19
793 876 15
453 462 17
397 418 12
442 798 2
327 960 4
550 660 19
61 432 13
527 905 14
100 954 11
23 176 1
564 680 9
130 159 11
58 957 2
496 545 15
139 387 13
60 243 13
72 891 19
190 209 14
86 646 3
451 924 1
777 945 10
361 850 1
298 910 2
160 302 17
33 347 5
202 942 3
252 305 15
54 177 11
277 743 18
467 495 13
242 642 6
343 545 17
100 787 1
117 876 18
148 189 9
354 968 12
534 935 12
40 363 7
157 948 17
160 279 10
805 840 20
704 937 7
223 484 16
154 879 9
113 469 6
126 551 14
459 468 19
703 828 5
72 845 19
274 422 7
133 303 12
859 932 8
41 894 3
468 818 17
173 784 16
433 680 14
493 731 9
12 49 12
335 702 13
71 858 8
399 952 16
324 809 2
53 315 5
235 700 4
213 798 5
441 576 11
486 956 16
392 949 3
259 685 2
249 900 19
72 184 12
122 679 3
308 806 3
38 982 8
82 988 1
618 739 8
155 749 13
529 810 4
542 600 12
55 216 16
733 954 4
766 902 10
475 955 11
511 612 8
168 767 9
233 259 11
536 934 7
476 920 17
445 932 18
413 491 17
479 665 17
623 938 2
266 966 15
35 130 20
333 727 15
853 991 16
306 364 17
522 928 14
469 507 12
347 896 6
233 645 7
263 933 8
151 197 19
35 251 5
429 556 18
7 189 4
348 747 1
200 998 11
267 759 11
202 513 16
188 615 18
540 917 17
64 808 2
115 890 3
171 791 9
432 746 3
318 581 19
235 546 4
21 65 2
543 964 8
3 425 5
301 793 8
442 732 20
221 504 10
607 948 1
28 634 7
307 952 17
516 537 5
673 929 4
98 698 19
246 304 8
49 284 11
163 306 5
25 830 18
482 809 10
793 967 5
625 974 10
458 717 11
952 960 5
235 559 19
76 157 8
535 708 9
39 504 9
243 908 3
747 856 15
189 708 5
167 955 6
102 151 20
535 564 8
506 729 20
306 475 14
324 609 8
100 901 16
80 657 1
644 699 4
797 978 12
510 656 13
265 968 6
124 175 3
360 531 14
313 456 10
731 969 16
918 975 15
522 895 6
46 786 7
26 542 7
1 369 12
335 623 16
293 477 4
317 871 2
103 911 9
164 741 13
424 588 18
195 765 11
182 646 2
803 993 11
48 566 16
650 900 7
284 285 13
830 867 16
51 491 18
204 670 14
619 683 10
269 421 11
320 881 13
109 963 13
37 529 7
664 956 2
13 586 17
167 415 9
0 912 16
475 876 17
277 366 19
495 854 16
147 665 4
137 737 18
256 608 4
5 846 20
290 341 7
390 953 16
107 750 7
488 707 8
226 707 9
471 883 19
629 682 1
781 816 1
308 632 11
802 875 2
320 606 8
753 982 14
62 985 20
151 239 3
110 387 14
420 958 16
152 240 8
705 798 17
308 753 8
44 643 2
154 286 17
85 415 1
221 870 10
361 764 14
438 984 14
399 647 17
338 488 12
116 524 10
696 870 11
335 711 19
322 400 2
35 715 6
170 531 11
27 860 12
497 517 8
36 271 6
309 695 10
279 703 17
141 473 7
211 797 13
493 632 20
149 593 13
609 843 14
78 798 19
368 637 5
213 879 20
196 381 10
12 709 16
117 911 4
492 788 5
619 892 9
58 596 5
432 657 2
657 775 10
635 873 16
487 709 4
10 784 18
73 840 11
37 774 9
425 739 15
156 465 8
648 927 11
157 695 2
518 674 4
223 640 3
491 720 7
722 998 19
366 954 19
466 483 19
416 891 7
447 915 2
116 370 4
833 950 12
97 536 14
20 173 16
130 570 7
224 348 9
637 895 17
369 586 2
62 435 1
315 615 19
331 968 4
587 665 5
26 103 16
176 951 12
108 896 3
137 465 1
87 873 8
0 725 8
136 469 20
548 822 4
655 805 1
293 303 6
140 884 2
126 949 7
429 578 7
350 959 17
506 532 16
791 930 6
264 281 19
112 907 19
500 903 14
104 903 1
368 604 18
57 562 18
152 979 5
456 716 11
323 452 16
536 596 7
453 827 19
580 868 16
652 893 9
726 842 18
418 726 9
131 367 15
289 575 3
711 713 7
729 847 3
543 577 4
427 774 2
274 303 16
91 596 14
53 75 12
197 348 12
608 822 16
609 787 7
29 212 8
354 826 13
620 796 18
581 725 17
720 883 13
259 674 2
57 719 18
743 903 5
411 542 6
417 473 5
528 569 2
226 762 7
115 925 11
167 447 13
171 597 13
580 616 1
514 936 1
322 357 1
307 457 6
75 974 3
414 440 13
747 878 15
164 557 11
172 232 1
555 973 12
300 683 5
224 953 17
267 277 3
12 136 14
210 645 15
639 679 8
624 928 12
280 975 19
587 897 20
113 340 14
486 585 11
369 903 12
790 816 7
204 463 10
202 682 15
210 357 8
752 826 3
342 842 4
320 903 16
145 642 7
221 817 12
16 793 19
588 610 4
138 639 5
543 953 5
414 659 10
667 839 15
66 241 14
86 219 11
642 702 1
588 731 1
88 265 3
451 991 13
239 397 14
277 280 6
517 527 4
386 861 16
659 876 20
117 593 18
162 973 19
463 821 3
329 592 3
49 129 19
547 671 6
317 474 10
247 824 5
437 539 16
19 551 18
693 990 14
239 554 2
71 598 4
68 672 2
871 996 7
349 691 3
142 478 9
10 996 12
562 655 10
493 821 8
384 914 19
196 714 3
371 566 9
102 670 12
252 349 11
45 136 9
429 656 15
193 708 7
113 536 5
106 411 14
385 729 12
619 816 15
437 925 1
572 741 19
310 591 7
469 993 8
719 875 15
329 955 5
664 716 12
622 799 20
44 413 19
252 362 6
509 778 7
697 749 4
240 882 11
675 810 15
578 648 13
167 934 2
300 640 16
482 680 12
305 755 14
573 798 3
334 373 20
75 787 7
379 524 18
66 967 3
354 387 13
577 624 4
293 865 13
274 623 6
181 315 14
620 851 8
124 684 6
698 807 2
114 899 13
77 343 7
208 534 10
508 795 5
642 646 2
298 836 10
199 305 12
111 192 3
61 600 7
791 854 19
22 263 18
634 907 18
534 969 19
628 747 16
112 831 9
151 673 15
231 522 7
172 961 17
645 656 16
53 781 13
384 472 3
460 647 2
83 660 18
284 421 1
151 794 20
41 254 17
434 594 2
260 292 2
61 757 2
67 657 20
560 855 5
90 640 18
142 458 18
696 715 1
79 667 4
414 773 4
49 760 1
200 404 12
377 854 4
285 362 17
283 438 4
241 292 4
192 665 17
224 468 5
718 860 10
175 612 11
58 850 1
328 445 10
313 582 10
117 756 1
186 361 10
351 694 6
311 392 14
295 384 4
71 905 10
62 182 11
401 551 9
16 560 14
344 654 5
106 633 17
121 124 18
572 963 15
1 845 14
617 934 15
147 490 18
255 963 10
316 713 20
515 922 16
636 803 19
518 964 3
217 707 17
19 197 20
725 997 13
768 995 2
82 747 10
93 676 11
489 762 13
218 936 17
263 715 14
155 773 5
201 740 2
120 486 9
312 836 11
547 968 12
600 894 14
177 382 7
235 881 17
131 909 13
271 840 9
799 959 15
652 797 8
925 955 11
462 636 14
82 86 1
539 856 10
593 976 20
258 577 19
127 911 8
252 417 17
215 615 1
349 615 7
263 957 13
239 334 13
577 967 18
666 816 12
80 835 3
784 808 4
728 876 20
555 576 20
590 942 4
495 561 19
666 937 13
444 744 4
725 843 9
257 509 1
442 671 1
216 328 13
68 164 7
534 903 6
101 112 16
813 992 4
200 240 6
239 576 1
253 331 16
858 999 1
81 404 14
532 685 2
248 926 10
176 907 19
689 934 14
702 873 17
868 905 10
466 596 15
438 534 4
490 544 9
102 319 1
79 601 11
655 797 15
7 167 14
553 749 10
38 191 13
25 746 5
74 522 14
272 623 15
625 890 20
309 919 20
271 398 13
422 567 18
622 857 19
350 398 7
152 791 5
360 591 20
641 690 18
53 440 8
306 620 4
807 902 8
412 638 7
70 200 5
179 781 2
258 436 8
183 671 13
435 886 8
591 874 1
850 985 13
274 789 6
137 146 13
87 554 6
717 721 18
120 731 1
53 561 1
154 464 17
391 965 2
801 949 16
257 476 2
158 699 6
545 879 18
192 877 10
420 884 5
148 425 20
405 841 15
232 275 8
448 802 20
355 611 18
822 900 15
71 443 6
678 855 12
569 948 11
34 561 18
273 806 1
16 772 15
37 157 12
578 624 1
49 805 19
336 718 13
233 891 7
242 302 16
535 555 11
268 848 6
601 765 7
533 859 3
111 492 14
245 721 14
497 793 5
349 549 6
33 429 3
706 823 4
363 978 15
344 470 9
488 600 4
473 700 12
380 658 19
37 435 5
203 696 4
127 966 19
47 448 12
788 977 12
575 604 19
109 954 16
240 354 9
670 841 11
53 793 13
74 587 6
8 233 12
668 688 13
54 874 4
170 411 11
195 733 11
186 504 7
283 738 2
516 531 9
20 364 5
200 560 11
425 907 10
370 971 12
743 924 12
79 944 7
836 886 9
186 661 11
68 376 13
122 496 8
94 285 5
289 344 7
293 494 1
693 959 3
17 825 12
187 598 20
59 449 6
233 979 10
409 418 15
613 971 19
177 669 3
67 803 14
643 999 20
102 495 15
367 686 16
460 505 19
397 794 9
98 381 20
838 945 15
616 981 18
48 560 16
23 58 12
587 954 15
26 392 16
1 219 6
83 783 12
194 205 19
121 895 16
424 667 2
160 737 19
177 381 11
183 232 12
79 898 19
193 654 2
15 913 17
89 304 17
111 966 12
44 647 2
429 903 13
645 756 5
358 434 17
722 976 20
561 793 9
469 530 2
52 507 11
440 503 20
23 709 7
469 795 9
151 894 2
709 813 20
175 205 17
478 880 3
692 989 18
599 761 8
714 748 9
79 237 16
918 923 8
412 526 8
89 281 20
154 676 11
502 828 4
722 868 3
609 811 8
285 750 15
104 675 5
541 676 14
89 546 8
269 742 19
219 396 6
524 888 18
591 798 10
95 976 3
765 950 19
219 517 5
757 946 5
304 332 5
762 881 16
165 662 8
573 865 17
173 257 18
42 448 20
40 667 19
293 847 9
583 686 5
93 413 15
507 547 16
532 720 3
251 298 17
409 506 9
309 568 8
514 708 10
527 790 11
694 867 18
799 840 4
698 874 4
637 778 9
527 646 6
297 715 15
153 930 6
453 962 15
547 826 4
65 557 16
444 733 14
285 331 17
77 302 2
392 808 15
96 666 8
736 877 7
307 700 7
54 556 6
395 440 4
219 772 18
655 665 9
373 421 12
349 967 3
905 956 6
137 181 16
320 940 18
500 907 4
949 962 4
241 912 14
684 844 12
44 892 19
414 840 18
410 424 19
346 934 1
18 574 15
339 809 3
22 873 5
86 220 14
155 994 8
552 809 11
315 982 7
51 118 6
594 891 6
612 945 20
87 831 5
484 796 20
392 533 8
589 669 5
258 978 16
842 998 16
385 753 19
720 743 3
130 420 9
135 727 16
271 508 7
292 302 7
60 733 10
84 273 19
44 725 20
240 520 18
116 750 8
213 274 8
88 917 4
205 535 8
5 918 2
228 438 20
522 656 2
99 553 7
384 951 5
599 839 14
178 437 2
406 444 18
12 899 18
117 198 16
349 584 15
653 666 9
448 971 14
302 737 10
561 848 7
152 829 8
2 67 17
194 417 10
617 749 10
540 645 13
104 609 14
102 828 19
309 898 14
168 364 16
193 457 1
485 602 8
336 851 1
313 904 2
374 734 13
160 396 2
599 852 14
83 707 6
805 957 18
629 960 19
623 800 1
301 786 18
87 268 7
17 209 9
260 604 19
415 627 12
33 562 15
109 966 10
915 950 15
224 538 2
418 818 17
738 988 12
498 661 3
181 725 10
470 599 12
776 871 7
522 875 17
273 808 15
695 946 4
170 832 3
217 355 19
349 574 6
789 846 3
250 797 10
284 710 1
593 791 15
305 504 15
255 912 18
211 460 13
217 391 15
96 888 19
90 170 2
371 943 7
306 468 12
273 291 4
405 447 20
255 359 9
314 408 16
721 832 15
38 281 10
237 719 8
144 936 3
9 74 17
426 771 3
493 681 1
379 659 16
44 934 17
323 498 19
207 323 5
308 900 13
736 932 8
335 737 10
607 787 5
219 562 5
966 985 10
67 959 14
64 130 14
587 845 4
454 581 15
405 954 10
231 801 12
657 909 9
67 815 5
155 699 7
567 872 12
578 881 1
61 771 3
839 922 16
28 594 16
176 349 11
13 700 20
529 616 7
774 792 13
318 698 15
184 289 19
133 881 4
303 389 14
621 964 20
326 638 12
432 948 3
794 892 12
62 857 12
88 995 9
125 239 8
446 474 4
227 924 1
275 821 2
91 511 20
146 972 6
242 680 11
268 552 4
722 759 1
22 905 4
453 454 9
426 882 10
103 112 18
412 947 14
111 461 17
122 619 2
682 807 14
294 582 13
240 611 16
98 527 20
303 896 19
373 466 16
17 539 7
751 943 2
213 630 16
125 746 7
320 576 18
807 923 20
47 826 8
529 835 6
178 757 5
419 554 12
90 235 6
433 983 12
37 754 12
183 728 9
96 580 2
117 374 18
524 612 20
229 286 1
635 745 16
254 608 4
157 855 6
30 714 3
712 928 14
500 520 4
14 626 11
30 76 5
287 821 13
194 593 19
582 589 16
862 872 2
122 982 2
401 928 10
0 584 17
20 562 12
215 243 14
455 490 17
112 416 12
18 223 16
582 939 15
408 823 9
219 807 18
742 848 19
525 850 18
279 529 14
141 973 4
227 747 1
481 663 11
408 679 14
438 967 2
585 986 8
179 298 1
465 804 7
110 756 2
806 954 20
777 927 5
488 644 12
124 776 8
374 393 20
733 740 10
0 597 4
528 716 7
455 732 7
142 272 7
862 970 7
137 831 15
234 355 10
313 419 13
546 770 4
762 919 17
152 730 18
279 771 14
493 880 17
241 250 8
516 863 6
189 468 14
158 746 1
305 536 19
211 492 10
271 543 10
152 851 13
742 802 5
273 323 16
536 962 2
374 900 20
17 928 12
673 967 17
511 905 9
223 767 7
163 344 11
517 576 20
80 538 3
850 865 9
118 830 12
520 581 11
53 212 16
52 67 2
250 433 6
435 478 7
603 965 19
112 239 11
792 901 10
223 335 19
352 745 19
110 952 9
191 239 20
234 466 13
97 869 9
709 759 14
357 945 13
270 797 12
556 782 15
786 978 10
465 892 16
560 672 2
565 601 8
244 286 15
717 735 7
158 857 8
112 481 14
544 892 1
422 823 4
304 422 6
176 273 2
53 431 19
40 83 17
125 307 10
812 828 2
77 379 13
30 563 9
112 602 3
28 230 19
157 789 14
311 438 16
938 945 18
105 190 9
588 832 15
648 697 5
364 709 13
184 599 5
84 432 16
852 878 17
757 869 19
449 753 17
159 691 17
727 883 20
703 934 3
130 255 10
484 487 11
92 637 18
351 897 4
432 476 15
937 957 6
74 359 2
45 561 6
434 751 8
113 961 15
358 383 3
95 418 19
790 943 17
177 945 14
18 314 13
655 755 4
366 652 19
26 812 2
641 936 19
18 399 8
88 909 2
811 858 19
127 571 11
122 147 11
592 936 10
86 984 14
76 116 5
702 844 18
345 915 20
128 163 7
753 889 15
119 343 6
865 987 18
189 438 13
370 599 18
72 905 8
133 543 8
511 983 20
240 260 2
338 503 15
290 755 9
188 973 5
416 831 13
122 124 20
234 302 13
289 875 13
135 588 12
425 427 13
67 719 7
124 170 11
561 696 14
716 719 7
35 995 4
191 196 9
415 727 18
138 864 11
567 632 15
459 541 18
593 770 12
410 648 16
382 815 17
31 737 15
54 986 17
517 896 7
42 374 14
340 705 3
53 761 12
542 660 8
895 927 18
244 328 20
81 221 4
375 439 20
138 841 8
158 670 13
606 717 15
405 547 4
213 871 5
180 465 4
439 954 9
186 508 14
138 468 19
616 766 17
80 606 14
286 711 3
109 935 3
445 475 10
281 861 12
191 824 14
573 889 18
554 647 13
747 962 10
805 903 20
275 823 15
408 858 6
152 752 4
584 791 8
6 963 20
274 714 5
536 634 4
77 614 13
122 994 10
442 972 16
259 362 10
732 774 2
630 763 18
109 274 2
302 552 16
447 678 12
321 422 6
533 601 2
525 597 6
631 993 15
140 755 14
121 513 1
916 976 16
41 404 2
240 613 15
338 856 2
174 259 2
169 818 19
459 773 9
500 774 18
573 758 7
241 959 7
45 230 13
549 666 9
653 723 20
424 900 7
245 440 5
549 931 17
137 843 6
264 947 18
96 991 11
115 675 18
584 745 15
314 884 2
133 320 10
469 943 10
360 627 10
48 132 9
419 533 3
31 308 12
672 750 11
175 209 5
57 711 12
17 675 20
538 935 15
150 530 11
308 738 8
562 883 17
554 879 14
82 920 17
522 667 13
371 614 18
134 787 11
90 106 6
795 941 13
921 937 4
77 810 9
880 905 3
617 940 7
36 400 13
463 882 9
789 903 18
576 795 8
21 393 17
121 974 19
35 147 20
26 327 4
61 959 15
44 232 4
174 985 3
591 779 16
796 919 15
217 834 7
620 693 14
614 619 14
425 603 4
261 760 10
334 830 11
64 969 6
389 537 10
398 994 12
12 550 13
454 517 8
600 720 3
780 916 11
468 946 2
617 809 10
155 635 13
515 761 11
139 361 3
137 437 10
389 658 20
666 786 15
586 677 14
564 775 12
617 930 6
161 650 10
9 144 16
702 745 18
86 476 17
230 871 2
202 952 6
303 855 10
320 944 6
534 644 11
238 502 9
211 219 11
159 703 13
79 594 20
369 921 9
349 863 19
516 711 4
6 609 12
12 540 1
566 797 10
619 952 4
316 951 6
29 629 10
244 517 12
846 851 15
726 935 17
504 593 1
598 749 19
593 671 2
319 956 20
158 185 14
176 239 19
254 567 19
75 861 6
636 897 17
629 709 19
455 593 1
244 638 20
595 752 2
20 521 18
98 849 19
360 440 5
651 998 20
242 341 12
91 666 1
225 517 20
329 983 11
718 944 3
158 198 3
284 423 3
990 994 13
513 920 19
253 435 12
7 968 10
403 788 19
15 563 1
62 495 14
475 664 19
763 951 6
558 927 2
15 828 16
186 301 10
456 799 16
388 781 11
328 650 16
381 476 14
519 855 16
800 954 11
491 793 20
270 645 8
568 833 10
231 982 11
647 897 14
7 42 7
86 335 8
39 223 16
431 598 5
765 852 13
438 494 1
267 612 11
308 384 14
371 849 2
681 895 20
198 512 9
558 904 8
218 490 8
251 524 15
258 383 11
253 942 20
517 643 14
193 811 13
205 673 14
398 951 18
180 585 15
100 476 3
123 868 16
250 909 4
63 674 8
88 767 20
574 889 4
270 923 2
601 614 2
940 983 8
638 910 13
157 457 16
49 366 17
704 855 2
138 889 16
524 924 17
35 467 4
32 53 4
221 743 4
124 810 15
373 611 19
453 491 3
23 349 19
340 959 13
98 263 19
426 739 10
436 932 11
717 802 5
582 757 5
138 192 17
260 706 12
393 598 16
21 955 15
739 826 4
57 383 18
242 923 8
659 717 11
436 788 13
3 412 15
147 685 13
363 575 3
174 559 16
887 989 14
55 458 20
50 200 11
266 907 12
118 743 20
61 209 2
392 903 14
654 723 13
18 247 13
659 838 9
337 787 5
277 507 2
460 894 11
834 955 13
124 679 8
86 158 15
376 751 5
149 443 3
398 918 16
46 207 3
408 968 6
342 614 1
653 735 7
652 956 4
110 636 16
349 918 8
40 428 15
46 508 5
308 328 7
299 508 12
128 806 11
320 976 15
167 883 8
162 539 4
139 635 1
200 422 8
386 512 18
624 978 3
206 581 8
312 828 12
24 690 6
97 674 16
54 569 9
361 640 3
221 337 11
155 886 20
676 737 2
72 622 19
545 662 5
60 913 1
362 806 6
208 519 18
220 722 3
120 406 8
326 740 8
119 590 9
191 695 11
137 724 9
172 416 1
691 981 1
73 968 5
624 991 11
239 326 15
3 235 18
476 684 9
467 864 15
89 912 19
259 835 4
30 597 6
82 644 10
22 742 5
203 525 18
352 913 3
252 975 11
124 646 9
449 931 2
612 729 6
752 889 18
557 793 3
844 972 3
282 445 7
230 929 19
227 774 8
293 948 12
115 304 10
608 960 8
575 783 3
111 828 2
367 754 9
68 866 6
357 740 10
191 528 20
379 499 5
713 753 17
72 985 3
172 694 15
5 437 8
134 259 10
27 196 15
131 662 13
350 557 17
42 441 9
309 705 16
917 933 19
163 996 9
607 627 13
347 408 6
108 651 9
89 372 17
648 744 14
46 596 11
38 592 19
779 855 20
165 367 1
421 738 13
59 651 4
189 989 18
662 684 14
85 788 6
125 452 7
294 373 14
292 449 14
628 663 5
68 820 11
85 235 15
254 867 2
330 597 8
294 674 16
540 815 8
60 98 19
56 473 19
162 869 20
304 315 20
393 918 16
434 955 14
320 933 9
793 973 4
17 523 1
868 887 15
838 895 13
456 713 9
813 987 2
357 707 20
309 816 11
283 498 7
521 815 19
614 863 4
941 992 14
540 648 13
148 947 4
58 910 6
79 704 20
519 890 2
581 722 14
380 552 10
684 814 17
520 971 11
503 622 17
514 897 10
417 964 11
34 854 1
363 764 11
743 756 6
166 744 1
550 590 8
65 661 15
372 440 11
679 856 17
672 817 10
197 587 13
142 737 10
361 924 14
669 811 19
15 287 6
248 260 9
283 861 7
432 575 8
541 747 19
558 916 4
693 732 10
161 642 6
631 677 2
802 904 3
220 548 12
305 363 13
477 847 11
432 467 10
215 469 9
110 681 18
859 885 12
778 960 4
311 442 10
360 972 5
590 760 20
282 644 18
44 852 2
340 585 16
153 350 4
111 353 16
304 668 2
597 921 5
124 966 14
153 206 5
361 384 9
879 984 10
9 198 10
281 391 1
104 615 16
