1000 2000 1
953 969 11
428 675 2
388 639 15
232 620 17
178 420 9
196 325 9
65 628 20
546 852 16
77 602 6
893 896 11
147 926 10
744 916 17
464 490 8
230 323 16
119 635 5
225 882 9
69 634 1
49 921 6
306 991 4
288 385 2
907 951 10
444 781 16
125 772 15
194 377 12
508 573 15
71 572 7
446 598 13
645 807 13
363 829 7
726 881 10
120 693 3
429 545 20
70 692 16
413 686 12
766 953 8
450 833 1
181 937 12
161 730 14
342 662 18
505 805 11
118 359 3
274 872 16
260 937 14
583 724 4
516 634 8
480 568 17
12 234 15
445 610 15
99 202 1
410 881 19
81 742 14
326 775 12
321 580 16
287 438 6
49 875 17
40 152 19
657 794 6
452 999 20
146 435 13
679 898 14
347 574 9
466 525 20
364 657 14
819 829 12
596 900 16
18 923 12
241 672 7
151 778 5
373 482 19
369 857 1
427 947 1
330 377 16
140 396 1
132 621 20
189 926 16
192 443 8
736 915 9
285 899 12
621 934 2
954 994 14
59 264 15
276 936 20
650 997 7
825 849 9
35 315 11
95 366 13
301 965 2
256 319 20
466 803 2
541 717 9
597 963 8
102 346 7
595 773 12
472 739 4
556 818 18
537 539 12
810 963 1
903 925 3
275 310 17
842 915 20
639 852 20
625 688 8
799 953 11
932 988 11
341 749 2
106 617 15
308 572 10
404 805 2
379 632 8
738 830 18
482 644 1
76 859 3
597 976 5
35 449 12
615 844 10
343 687 13
35 534 20
435 504 2
31 420 16
350 582 19
439 925 12
479 732 12
571 815 14
105 262 12
543 753 19
647 810 14
17 643 20
270 823 13
244 685 10
389 551 9
667 904 4
346 818 18
172 287 6
486 712 12
332 425 3
750 758 4
6 669 18
522 671 16
379 851 19
511 512 12
103 458 1
300 823 18
146 765 13
608 939 8
608 710 10
92 794 7
240 283 17
623 838 16
238 359 18
123 372 13
19 580 19
224 949 10
682 744 11
11 576 5
621 914 7
519 866 7
447 469 8
250 449 15
790 871 20
354 835 19
420 780 9
89 760 4
644 753 12
858 862 9
358 396 12
148 177 9
252 908 4
452 704 14
304 955 14
500 601 7
677 679 6
448 819 3
98 706 2
563 922 5
270 669 16
266 290 7
263 401 13
59 751 10
639 917 8
372 573 11
450 492 9
319 826 11
388 517 3
695 817 2
165 359 4
424 848 6
21 760 6
149 271 8
175 409 17
55 227 15
272 607 13
714 723 11
39 139 3
330 468 1
470 591 5
107 539 18
213 786 20
331 921 11
478 940 19
99 126 4
473 861 20
160 666 3
550 821 5
52 953 7
235 580 15
19 547 9
219 721 11
146 359 4
365 775 19
293 786 12
529 654 9
494 547 7
356 991 15
633 711 16
148 962 15
291 453 3
27 672 10
179 886 2
272 705 10
699 921 18
143 703 2
596 945 8
382 985 10
187 746 17
546 864 8
59 862 4
139 705 9
403 406 19
434 888 16
46 663 1
111 872 3
252 911 18
48 178 5
204 691 18
445 488 13
51 332 20
17 227 20
101 943 6
387 403 3
109 575 10
104 231 17
464 623 10
56 828 11
518 859 14
577 908 18
114 918 16
2 448 8
386 968 11
138 903 16
96 906 20
244 475 17
96 497 20
305 607 20
57 505 12
784 870 8
213 380 8
137 650 2
505 817 9
74 859 18
92 993 18
837 881 10
226 993 5
311 951 13
36 603 20
276 850 14
448 547 8
66 73 16
478 655 9
831 959 2
416 680 13
895 943 18
661 776 19
533 856 2
326 414 12
179 215 20
303 659 2
41 430 13
607 661 3
310 554 17
16 193 6
453 868 4
753 980 17
134 859 18
509 885 2
789 939 19
245 695 18
59 276 20
31 357 20
331 469 7
281 468 16
31 622 8
737 784 18
416 549 9
928 989 13
5 569 12
525 721 7
158 290 9
22 658 19
14 654 9
161 444 6
136 271 7
281 360 13
207 560 14
361 618 3
16 965 19
90 914 1
471 871 3
766 788 14
323 627 15
74 417 14
888 930 1
512 908 19
518 839 20
252 603 16
604 991 8
651 694 16
4 883 1
386 948 5
120 420 16
167 501 7
500 790 8
605 992 2
65 224 19
55 439 19
710 865 17
843 900 18
228 367 8
24 717 17
171 507 4
223 517 4
263 855 8
189 869 6
543 909 15
267 825 10
186 900 16
275 420 15
48 112 5
526 676 11
143 529 3
103 493 5
240 956 18
703 717 19
843 877 14
440 752 15
338 970 6
163 889 2
427 553 13
496 918 18
339 705 11
515 787 11
332 931 17
448 468 18
52 913 7
75 488 16
194 588 14
151 626 2
484 692 12
81 567 9
885 972 7
906 915 3
843 975 3
476 544 19
202 304 4
382 500 13
199 644 14
470 878 18
203 385 9
68 340 9
292 728 15
886 972 13
562 997 12
17 151 8
232 713 3
454 497 14
277 864 11
455 462 3
584 872 17
288 730 19
502 573 17
301 669 18
833 938 16
471 851 10
586 801 13
189 607 4
460 698 2
230 910 5
405 762 3
18 87 2
298 370 20
20 920 14
311 574 7
376 591 1
227 840 10
750 881 3
274 543 2
456 583 17
355 388 5
801 883 12
44 346 17
48 874 18
0 834 15
366 402 20
54 661 5
188 890 10
241 487 6
57 815 17
501 712 5
55 625 8
186 556 17
112 643 6
735 771 6
720 871 17
68 945 20
55 746 7
251 429 20
84 401 16
234 605 20
479 930 5
15 975 8
420 615 4
322 345 14
478 821 5
124 329 14
228 795 13
78 887 13
150 238 7
294 740 14
578 944 15
310 455 8
737 937 4
28 248 18
255 376 11
40 451 12
779 790 17
315 835 19
606 984 7
693 723 14
24 219 12
27 782 8
496 852 2
753 773 16
300 684 13
615 659 17
565 838 16
200 337 8
344 839 18
443 998 10
38 949 10
265 811 11
272 707 2
394 467 17
907 952 18
313 479 10
119 348 18
460 943 8
78 841 13
581 824 2
99 406 15
138 483 20
611 666 15
650 923 14
379 954 3
553 990 18
580 715 18
356 970 17
119 240 20
610 823 14
51 105 5
187 640 3
240 795 1
119 505 7
246 546 12
331 504 17
615 937 8
235 536 9
367 463 9
289 772 1
578 646 10
944 969 5
94 533 11
389 487 15
14 15 20
39 337 7
572 608 11
449 617 11
256 451 11
469 595 6
94 160 12
705 808 4
61 477 16
896 933 2
634 784 15
364 923 18
52 428 15
243 633 1
357 655 15
142 587 19
216 536 9
4 882 12
602 837 14
71 792 1
639 984 1
144 367 13
48 579 11
696 880 19
508 829 2
646 879 9
514 580 13
665 892 14
820 915 16
572 850 18
176 850 7
171 506 11
618 817 19
236 486 10
141 483 8
375 421 2
660 670 14
525 625 3
46 102 9
438 477 10
171 362 10
241 686 1
265 814 3
153 344 17
140 145 4
355 973 6
811 987 15
316 636 4
199 954 17
150 195 4
279 834 1
254 661 15
106 497 15
40 143 4
257 815 1
572 827 2
164 358 10
174 817 3
629 803 13
12 984 2
476 481 11
4 751 10
217 715 8
196 692 12
490 644 20
393 568 19
32 180 13
195 732 11
136 417 13
444 533 6
829 869 9
237 585 14
294 939 11
0 349 20
482 501 12
197 777 13
325 554 15
311 619 13
101 660 3
336 792 6
861 942 11
44 391 19
651 840 19
735 839 4
30 721 6
189 894 3
241 532 6
105 937 2
232 712 6
277 634 9
700 737 3
116 537 1
155 385 8
454 532 13
345 625 11
115 837 20
549 769 4
241 918 6
337 626 15
540 985 11
220 715 7
540 576 9
238 769 7
204 398 17
164 325 13
268 791 18
276 652 10
262 339 8
576 764 9
460 998 5
173 639 7
366 954 7
17 428 18
200 778 18
548 701 19
313 655 1
706 766 7
383 750 5
518 566 8
645 899 6
97 127 19
161 557 9
64 853 17
84 868 19
681 858 8
155 254 4
166 263 8
145 289 20
205 456 13
223 882 16
139 245 1
484 694 3
188 781 20
443 513 15
434 693 3
137 815 16
141 211 12
93 134 12
298 503 4
704 962 9
571 698 13
115 418 20
660 892 20
248 538 16
111 798 14
147 900 6
764 805 5
242 729 16
724 732 19
129 443 19
8 333 14
485 752 2
317 530 16
252 284 1
79 887 7
80 437 4
527 897 11
267 529 13
674 767 16
406 836 16
727 779 10
362 946 9
52 195 19
409 878 1
92 268 14
465 513 6
507 775 16
19 957 19
154 364 19
177 756 2
858 974 18
368 967 12
730 825 1
95 543 7
221 310 9
565 608 12
603 720 11
147 360 4
430 914 19
99 140 19
696 804 2
333 343 8
418 945 5
69 791 20
209 951 5
67 458 18
91 586 14
573 589 7
758 900 18
652 739 9
21 607 5
95 556 5
28 237 19
768 950 10
105 606 3
687 696 9
196 724 10
317 605 18
285 307 17
937 987 17
17 84 1
107 386 5
479 932 10
90 742 3
346 668 18
372 806 8
231 601 5
199 240 15
80 777 15
268 339 12
399 679 1
584 841 14
588 960 9
145 799 5
22 319 14
443 578 4
381 517 9
507 742 10
38 300 11
450 882 6
826 989 18
175 799 8
349 835 10
369 664 4
141 806 6
44 953 19
94 316 4
151 441 14
254 274 10
45 280 16
116 569 11
737 916 19
180 770 15
376 645 1
729 912 16
68 263 16
478 957 1
560 767 18
175 776 8
26 796 2
32 876 17
430 773 2
62 755 1
161 877 15
470 958 1
557 697 15
543 799 2
51 71 1
330 426 8
259 402 6
718 916 6
157 354 19
209 401 17
454 577 15
134 752 4
865 971 6
537 611 19
38 110 15
217 341 1
480 980 10
555 665 13
775 897 13
70 587 12
90 565 4
132 153 10
241 734 14
383 409 9
265 911 20
286 741 8
43 754 2
182 360 10
360 775 17
2 429 13
74 454 17
85 692 19
91 543 3
99 892 6
711 745 11
595 799 1
487 708 17
279 450 6
302 991 2
3 515 2
391 511 16
3 286 15
157 344 6
587 831 17
753 863 17
212 545 8
36 548 17
9 73 17
741 745 6
586 871 19
764 994 9
724 921 2
136 262 5
92 601 11
519 817 5
146 163 8
442 979 20
413 427 10
570 719 13
650 748 14
276 278 20
275 987 6
391 753 20
752 881 9
125 899 5
111 735 14
261 414 14
252 594 5
92 313 17
578 615 15
623 995 20
277 358 19
501 926 10
339 827 18
768 861 9
196 815 11
39 306 9
12 60 13
837 960 11
32 941 5
151 892 15
54 322 15
441 731 14
45 502 17
893 977 7
262 845 4
685 948 17
318 517 16
307 996 10
468 950 11
565 653 10
336 830 2
369 827 6
425 499 17
22 374 5
437 473 11
64 865 9
10 665 14
289 983 17
717 872 1
443 669 3
77 202 20
683 915 7
151 496 10
9 678 7
476 967 7
610 638 10
341 742 5
426 966 20
34 362 16
732 892 12
233 836 11
265 868 19
81 293 18
713 915 3
387 485 20
34 892 9
391 455 16
476 679 16
398 759 11
38 453 2
585 851 20
497 738 12
270 430 16
634 972 6
340 525 4
83 869 12
353 464 20
765 817 5
316 582 5
463 601 3
482 614 16
155 256 19
827 914 15
34 195 13
11 62 8
168 683 10
99 849 7
191 932 9
662 846 18
25 491 10
99 440 14
143 366 7
409 602 13
204 907 10
171 959 11
779 958 18
109 755 17
154 906 18
36 505 16
17 263 7
415 681 13
14 337 7
23 831 15
686 766 17
678 911 16
87 852 20
288 842 12
435 775 19
278 303 3
249 505 19
220 707 5
179 297 15
431 661 14
449 795 13
167 737 8
483 528 18
256 894 13
11 160 15
358 533 18
581 727 19
161 778 6
957 977 8
261 456 7
342 975 4
52 53 16
562 978 14
157 255 9
549 630 5
95 280 18
540 810 12
45 688 5
908 977 8
338 712 3
199 517 5
498 813 1
824 834 7
327 931 2
265 956 15
398 991 10
156 820 6
43 763 17
198 408 1
205 304 19
26 36 1
410 556 2
469 642 15
357 401 5
535 853 13
23 821 16
92 512 3
614 737 9
705 855 10
57 145 5
125 172 2
0 815 15
242 577 19
447 717 13
184 752 15
460 656 4
559 778 16
330 955 1
199 880 14
634 808 14
385 741 17
141 301 18
691 933 8
725 846 20
251 518 14
95 679 4
239 952 16
243 248 4
361 798 7
309 379 3
493 954 3
7 157 18
592 847 16
236 654 14
129 448 2
548 660 4
447 465 3
143 611 6
558 561 1
114 813 1
363 880 13
247 934 13
188 619 13
384 939 15
371 591 11
288 822 11
140 807 4
576 700 3
3 838 12
409 968 13
759 821 12
25 713 15
295 308 10
276 444 16
61 141 17
2 958 19
346 768 1
625 857 10
640 720 19
490 632 16
319 930 14
306 960 17
312 891 19
75 835 4
35 762 3
345 659 13
719 720 12
15 524 9
483 629 20
279 979 6
642 802 7
601 621 10
230 714 7
639 733 14
82 321 4
301 365 18
264 855 13
173 179 11
49 638 18
131 182 5
535 797 15
614 861 20
14 945 3
38 930 4
674 991 12
255 370 9
260 448 9
668 688 10
352 531 7
397 719 15
319 354 9
92 986 16
162 327 20
137 908 10
219 452 11
72 253 7
48 799 18
47 605 17
270 354 4
74 299 7
154 179 15
37 268 16
703 766 3
411 478 20
11 395 1
156 633 12
332 450 2
611 768 7
294 832 19
620 624 5
264 580 11
82 540 1
55 177 12
868 960 2
310 812 15
290 983 13
887 973 11
41 773 7
169 549 5
303 665 14
763 915 4
182 375 9
61 988 7
759 801 2
40 785 11
394 788 17
88 224 10
253 520 11
744 757 3
227 647 5
25 778 18
273 763 12
86 528 18
386 640 3
184 542 8
598 968 15
98 273 7
157 179 15
148 359 13
425 524 5
643 832 16
70 821 7
326 747 19
868 950 20
66 936 16
575 813 9
447 893 15
781 918 16
61 857 4
177 394 8
281 860 8
395 882 6
570 734 18
37 91 14
502 599 2
723 833 13
200 792 8
571 964 11
928 972 7
374 535 9
56 634 5
237 566 7
184 411 5
84 473 8
591 798 19
583 794 10
396 559 7
548 836 1
136 254 8
321 565 6
665 863 9
793 869 11
215 663 19
188 795 9
225 942 11
375 621 3
111 691 18
673 952 15
901 996 6
161 957 1
551 734 18
107 986 5
438 677 19
745 977 13
458 655 5
582 950 10
444 900 5
234 389 20
378 891 18
354 454 1
131 525 19
425 743 16
524 865 1
349 604 6
247 593 20
4 457 7
118 442 7
669 959 4
434 684 1
362 924 11
59 923 16
443 769 13
289 445 17
580 774 3
308 989 14
194 967 8
289 710 10
607 876 19
733 872 12
765 904 6
788 924 10
44 506 5
522 545 5
96 702 6
237 412 20
104 148 5
244 271 14
314 595 12
723 800 16
59 491 8
249 880 9
791 934 18
365 417 18
95 593 6
23 159 20
46 966 19
340 998 15
44 627 14
66 386 10
77 544 12
392 556 6
456 949 20
682 883 17
81 285 4
111 802 8
282 949 6
129 856 15
798 951 11
374 623 9
1 261 20
466 477 5
25 97 2
130 528 19
591 657 17
151 959 11
476 527 16
9 912 16
253 369 16
416 741 11
333 972 1
434 795 2
33 451 14
527 757 13
188 919 18
42 536 1
537 658 8
222 466 4
452 928 4
84 947 6
746 917 8
259 390 1
516 949 11
34 717 1
294 527 9
426 683 20
87 808 6
62 406 17
58 930 17
741 923 19
528 550 6
712 896 9
127 880 10
860 880 9
33 873 9
29 494 7
939 944 7
617 893 1
638 687 18
73 500 7
75 955 2
324 756 15
305 514 8
692 923 4
681 685 8
303 324 6
201 542 4
14 41 11
70 467 10
189 567 11
390 557 19
46 933 3
306 972 12
11 417 2
527 711 6
237 729 10
88 786 13
27 281 20
279 582 2
317 874 8
859 928 10
509 815 4
8 124 4
639 781 12
659 759 1
357 537 16
230 582 14
716 884 9
94 163 16
244 516 14
40 866 16
285 517 8
696 762 7
118 785 5
488 733 14
149 629 6
223 578 18
339 344 9
342 944 20
31 228 10
917 995 15
185 960 20
172 612 3
307 428 6
309 358 17
504 942 9
177 547 20
221 919 2
83 131 19
106 523 11
422 500 1
188 333 1
224 515 9
62 602 15
811 869 2
62 373 15
695 923 10
339 730 20
304 809 6
161 989 4
436 928 1
115 464 12
744 815 1
220 666 8
66 608 10
729 772 17
339 766 3
129 813 17
324 494 10
16 198 1
32 880 16
327 877 20
375 545 2
153 203 17
5 862 10
396 604 2
88 488 4
415 617 9
247 926 11
175 492 19
97 981 16
80 483 19
608 868 10
286 588 9
244 591 4
137 236 3
81 484 19
297 374 18
159 669 19
96 878 9
833 842 8
284 520 11
329 442 14
395 616 19
49 882 6
212 680 5
318 698 5
189 776 7
373 597 6
733 760 19
113 674 4
402 511 17
455 523 9
210 835 16
6 431 19
8 886 4
799 970 15
70 303 14
626 670 18
35 574 11
186 892 2
450 938 3
184 410 1
657 922 12
150 417 18
590 603 14
314 519 12
45 660 1
567 885 10
773 990 13
238 795 19
259 589 8
569 894 2
729 883 12
334 390 18
78 284 3
107 985 16
128 779 13
53 376 19
760 763 12
828 897 7
508 776 4
177 527 18
243 472 10
411 614 13
804 954 9
410 469 13
141 610 19
714 917 10
65 471 9
192 957 2
408 581 4
76 745 8
49 728 15
526 802 5
359 396 17
43 159 6
356 390 2
655 952 13
209 228 7
8 58 1
379 639 7
101 774 2
231 395 12
616 960 2
608 727 14
50 994 10
29 117 11
373 744 10
158 527 16
577 739 3
510 835 16
596 609 10
15 218 6
6 398 15
947 952 8
308 736 12
609 813 14
514 841 3
788 815 14
929 939 17
619 862 1
47 816 13
38 179 4
251 323 9
623 832 15
455 876 1
837 941 11
510 583 17
131 815 20
192 273 20
39 817 6
156 170 13
506 957 3
243 992 2
63 882 3
833 943 8
511 892 8
486 490 15
358 570 9
572 679 8
121 743 13
200 627 7
681 851 11
116 664 14
18 995 3
399 872 15
23 701 19
330 629 13
11 992 5
496 890 12
6 797 16
54 545 13
243 331 12
46 955 18
188 401 17
515 530 10
513 686 5
566 841 18
107 147 1
523 879 19
376 717 7
7 734 7
383 576 18
803 933 19
407 933 7
26 567 10
210 913 4
365 936 4
444 591 13
207 764 18
34 464 4
734 955 16
220 325 11
603 880 2
435 887 11
751 864 19
249 617 6
108 120 12
823 889 2
276 756 8
77 281 17
305 899 17
239 688 9
449 943 18
49 155 14
181 603 2
37 855 6
188 499 13
123 778 14
404 877 5
11 308 20
706 870 2
523 977 18
32 251 17
370 655 15
307 944 14
470 742 6
83 333 12
956 981 8
139 493 12
404 913 6
599 743 17
378 595 10
672 813 18
91 422 16
694 980 16
693 872 18
265 574 12
211 603 8
297 792 6
136 609 7
311 461 4
804 888 7
429 682 19
193 734 7
208 305 3
551 824 1
428 982 6
179 543 3
137 775 17
344 759 17
153 899 4
99 928 8
74 755 10
19 819 15
309 887 15
12 780 5
219 584 12
103 409 7
368 829 2
88 137 15
306 359 5
899 989 5
533 752 3
217 668 16
493 572 4
308 935 13
344 592 8
94 417 7
555 812 19
426 927 8
250 930 8
499 502 18
72 169 8
591 734 11
568 867 8
643 781 4
319 800 14
552 742 14
711 915 10
117 442 14
390 451 20
54 502 9
121 412 13
255 263 17
412 475 13
443 728 6
475 760 4
535 811 14
48 427 2
141 655 19
673 924 18
60 172 10
86 310 4
792 881 1
438 469 15
536 775 14
373 897 7
120 833 14
582 598 6
174 544 20
318 445 14
587 978 2
282 342 2
102 820 20
135 588 4
6 852 12
332 873 18
310 705 17
84 628 17
362 981 2
235 940 18
370 841 2
372 393 18
436 786 20
335 883 9
294 473 15
75 551 18
366 992 6
521 637 10
19 390 3
895 927 12
571 723 20
164 219 6
175 494 20
507 967 8
646 753 13
512 673 6
120 823 14
770 788 9
94 276 2
378 938 12
219 685 3
405 812 2
747 841 4
137 503 17
36 420 15
101 400 3
246 904 7
309 615 7
211 946 14
882 885 3
132 244 1
38 237 8
315 774 7
402 513 10
456 633 11
146 444 8
525 849 9
725 794 7
174 920 16
285 342 12
5 962 19
554 912 17
192 825 17
446 970 3
413 793 20
460 496 18
229 334 12
669 898 7
564 818 10
221 973 13
830 937 4
315 342 3
380 508 19
15 495 1
695 748 5
108 430 6
193 393 4
246 485 11
514 565 18
538 922 7
644 903 5
498 620 15
392 459 11
268 652 8
201 370 19
161 297 8
276 284 12
567 576 8
403 733 14
172 571 8
173 801 17
346 729 15
464 950 14
297 693 1
8 590 5
690 767 5
300 469 17
440 592 2
44 363 9
912 996 2
378 388 20
156 424 7
283 565 1
540 715 4
480 521 13
593 727 2
82 511 17
182 189 13
671 911 13
347 936 12
258 858 14
180 530 16
382 399 2
210 552 2
156 581 17
442 795 4
337 513 19
176 416 19
420 776 9
20 168 1
499 511 4
265 344 12
104 247 3
293 442 5
574 690 18
82 753 19
294 901 20
39 940 9
474 868 2
282 289 9
79 604 2
393 651 12
378 751 15
647 796 11
284 744 17
148 703 19
26 448 11
64 740 5
444 881 15
257 646 17
52 622 16
149 820 7
498 937 5
404 781 3
157 415 8
417 720 3
151 829 8
132 587 14
552 944 2
348 885 4
14 451 15
175 176 4
294 505 9
239 569 16
841 903 8
954 960 19
485 747 2
338 548 1
450 789 3
495 940 12
594 882 20
494 566 15
565 855 19
323 833 10
595 883 3
57 799 20
310 750 3
308 417 17
102 986 6
506 661 17
504 966 11
315 950 1
912 940 7
556 784 3
172 901 3
347 939 1
816 972 8
814 899 15
95 803 10
424 713 6
552 633 15
521 911 9
795 885 8
847 932 13
279 511 15
204 746 14
260 497 19
165 345 11
398 467 18
91 316 13
630 710 19
53 698 9
388 539 15
636 753 18
5 621 16
480 622 10
1 916 3
473 991 3
135 358 14
569 699 12
385 878 14
102 181 1
165 322 2
278 528 19
129 814 10
196 575 7
217 369 11
132 819 9
749 787 10
116 322 11
21 350 8
482 708 1
23 768 5
446 871 10
43 746 4
686 703 16
326 397 14
150 729 4
645 851 5
831 978 5
40 857 8
15 684 16
432 707 3
590 735 6
844 917 5
72 809 20
2 830 6
68 775 20
101 723 2
338 407 1
222 604 10
443 838 1
831 834 12
16 621 8
738 871 12
910 983 14
771 788 8
807 970 7
619 919 4
98 924 18
187 215 19
484 996 4
128 803 17
729 943 13
563 731 4
41 426 14
321 709 7
607 837 16
738 848 11
648 954 4
129 395 14
606 994 9
482 662 10
727 875 8
112 571 4
673 867 3
216 808 9
497 907 3
565 812 6
265 291 4
346 365 8
505 767 3
124 172 11
328 725 14
136 146 4
566 633 10
11 231 19
263 632 13
202 765 20
234 834 16
7 117 5
276 836 14
224 231 1
516 668 7
295 520 1
132 642 10
169 709 13
37 935 8
47 454 3
57 913 6
393 948 18
201 369 10
425 671 2
408 438 12
82 533 15
375 935 4
47 575 17
452 480 17
502 975 15
31 78 7
89 922 15
85 314 17
378 567 3
477 838 13
157 339 11
436 657 19
118 756 20
695 917 7
216 919 20
435 957 8
738 815 3
41 658 19
339 989 15
507 802 9
41 249 10
141 601 5
164 993 5
179 564 14
312 599 1
706 904 4
434 445 8
681 731 20
131 178 15
490 605 2
574 604 9
598 961 6
571 944 9
50 455 8
509 740 13
153 547 17
367 656 5
640 814 7
26 97 12
395 983 20
414 624 19
808 892 17
260 300 11
886 991 15
516 900 10
457 585 12
98 881 4
46 462 1
55 919 19
785 801 19
14 509 8
235 477 19
822 948 9
3 91 17
46 992 18
7 506 16
18 744 4
173 767 6
131 950 6
206 715 19
388 463 14
89 804 3
838 928 19
147 894 8
120 877 3
554 989 13
330 378 1
262 323 1
137 966 2
99 445 7
342 352 16
471 582 20
778 882 14
293 575 18
170 999 13
358 970 12
201 349 10
311 629 12
164 430 10
438 441 18
109 351 13
80 287 6
186 454 18
232 421 5
445 565 17
392 559 7
255 670 11
121 361 12
170 891 14
754 911 4
333 360 19
772 816 7
371 472 3
142 420 20
204 215 11
150 244 3
506 696 3
12 539 2
111 661 5
223 902 18
28 663 20
442 797 19
16 954 9
449 692 18
443 618 19
656 762 1
287 779 20
359 655 13
41 229 12
207 261 12
879 919 1
10 470 3
776 943 13
390 462 13
37 869 14
818 945 10
193 627 13
37 725 14
192 748 14
414 977 18
475 807 18
107 560 9
29 497 1
286 647 1
140 184 15
459 575 12
250 581 19
46 177 14
860 919 8
223 856 16
1 663 3
419 767 10
245 651 18
336 998 9
284 579 18
269 679 4
805 839 11
682 997 9
355 639 17
239 836 15
113 697 4
113 962 4
570 792 14
269 306 8
88 151 17
94 948 11
135 491 5
142 387 11
648 747 1
209 297 9
484 910 7
52 987 15
381 897 2
831 954 4
74 337 15
621 735 1
486 690 13
350 766 17
23 142 4
610 613 6
686 980 17
246 565 3
167 421 4
185 469 3
425 716 19
99 811 5
236 371 3
21 483 13
617 657 2
900 945 8
340 464 7
161 233 8
311 815 20
173 207 2
305 363 12
249 840 9
191 341 8
380 951 8
134 252 9
413 719 14
129 960 8
333 955 8
56 152 5
194 531 18
71 726 1
405 980 12
46 553 9
361 528 15
419 878 9
620 639 1
180 898 3
370 613 14
60 716 3
84 256 14
133 557 5
92 376 19
399 676 14
678 994 11
431 708 11
470 965 4
261 971 13
75 552 14
744 939 8
579 643 5
64 951 4
178 793 19
