100 4950 1
13 88 20
16 93 14
29 32 5
6 48 13
9 90 2
50 91 2
41 42 3
25 34 6
44 47 17
2 50 20
4 96 7
36 48 14
55 61 6
96 99 9
29 45 10
48 58 19
6 61 13
25 47 12
43 64 9
1 67 2
17 48 3
36 61 12
31 67 12
3 5 13
24 64 5
43 77 8
1 80 8
17 61 16
58 62 3
61 67 12
10 21 12
54 64 17
73 77 8
12 67 14
31 80 15
3 18 4
5 27 5
65 78 15
68 83 20
26 86 2
58 75 20
42 67 17
61 80 20
80 93 13
0 70 13
19 83 3
12 80 10
53 81 8
72 94 2
56 86 4
9 11 7
5 40 12
46 78 6
65 91 7
49 83 18
68 96 8
7 86 6
26 99 2
42 80 3
0 83 18
19 96 5
60 97 12
13 22 20
32 35 5
16 27 2
35 40 10
34 81 5
53 94 13
37 86 4
56 99 18
9 24 11
28 37 6
27 41 20
30 46 2
90 97 2
7 99 16
20 38 13
39 51 4
4 30 6
23 43 4
83 94 7
41 97 4
25 89 5
13 35 16
16 40 13
34 94 13
37 99 20
8 41 17
27 54 20
11 46 1
71 97 16
30 59 20
20 51 1
4 43 3
23 56 1
22 60 1
38 41 20
15 57 2
18 62 20
50 51 1
8 54 18
11 59 13
52 60 15
1 14 7
45 57 17
64 70 10
3 60 20
22 73 14
38 54 19
15 70 13
18 75 13
33 60 10
52 73 6
10 76 4
45 70 16
3 73 17
47 79 12
0 4 18
21 63 16
40 76 7
12 14 5
33 73 6
10 89 4
51 90 7
7 20 12
26 33 10
67 71 9
70 76 5
28 79 15
47 92 7
0 17 16
19 30 14
5 95 8
63 73 18
21 76 2
40 89 8
81 90 12
39 93 6
14 36 7
74 87 18
13 77 10
32 90 1
16 82 19
35 95 5
7 33 4
67 84 9
26 46 11
70 89 8
9 79 17
28 92 6
69 93 20
2 39 14
62 90 17
20 93 13
23 98 19
14 49 15
13 90 12
16 95 3
29 34 7
6 50 6
9 92 1
50 93 18
41 44 2
8 96 2
25 36 8
44 49 2
2 52 2
4 98 16
36 50 9
55 63 13
38 96 9
29 47 14
6 63 12
24 53 14
43 66 7
1 69 10
17 50 19
36 63 3
31 69 15
3 7 8
24 66 19
43 79 8
1 82 18
58 64 20
61 69 17
80 82 8
19 72 8
10 23 7
54 66 11
12 69 16
31 82 10
72 83 7
46 67 16
5 29 13
65 80 7
49 72 18
68 85 16
26 88 11
58 77 15
42 69 13
61 82 3
0 72 14
19 85 3
12 82 17
53 83 5
72 96 17
56 88 12
9 13 19
14 91 11
46 80 17
5 42 18
65 93 16
49 85 15
68 98 16
21 23 19
7 88 7
20 27 18
39 40 14
23 32 16
0 85 19
41 86 20
60 99 12
13 24 14
44 91 19
32 37 14
16 29 16
35 42 9
34 83 18
53 96 12
37 88 5
9 26 3
27 43 15
71 86 4
30 48 8
90 99 16
20 40 19
39 53 15
4 32 6
23 45 4
83 96 6
41 99 6
13 37 16
25 91 19
16 42 9
15 46 17
34 96 19
18 51 4
8 43 14
27 56 1
11 48 3
30 61 4
71 99 4
1 3 13
4 45 5
45 46 5
22 62 16
38 43 16
15 59 19
18 64 14
8 56 1
11 61 8
52 62 7
10 65 8
1 16 10
45 59 5
64 72 9
3 62 14
22 75 17
38 56 3
40 65 16
33 62 3
52 75 11
10 78 15
3 75 7
47 81 2
0 6 12
21 65 11
40 78 5
12 16 19
33 75 7
74 76 13
32 79 11
51 92 10
35 84 5
7 22 6
67 73 11
26 35 1
70 78 9
89 91 9
9 68 14
28 81 13
47 94 4
0 19 3
5 97 17
63 75 9
21 78 14
62 79 4
81 92 2
39 95 8
14 38 17
74 89 12
13 79 12
32 92 2
16 84 17
35 97 18
7 35 19
9 81 17
28 94 3
69 95 4
2 41 17
62 92 9
20 95 14
4 87 12
14 51 20
13 92 17
16 97 16
57 98 19
29 36 3
48 49 16
6 52 9
50 95 5
8 98 15
25 38 18
44 51 11
2 54 9
43 55 11
84 93 19
87 98 12
17 39 6
36 52 9
55 65 11
38 98 13
29 49 9
6 65 7
24 55 18
43 68 18
1 71 7
17 52 20
36 65 15
10 12 4
54 55 1
12 58 14
31 71 15
3 9 4
24 68 4
65 69 14
68 74 13
1 84 18
58 66 1
77 79 19
42 58 15
61 71 14
80 84 12
19 74 13
10 25 14
54 68 1
12 71 16
31 84 7
72 85 14
5 31 9
46 69 13
65 82 8
49 74 10
68 87 7
7 77 19
26 90 1
58 79 16
42 71 1
61 84 13
0 74 18
19 87 8
60 88 11
16 18 11
34 72 20
53 85 17
72 98 5
37 77 7
56 90 8
9 15 6
14 93 13
46 82 8
5 44 16
49 87 15
7 90 7
20 29 16
39 42 17
23 34 10
83 85 3
0 87 12
41 88 11
13 26 3
44 93 2
32 39 6
16 31 18
2 96 20
35 44 7
34 85 20
53 98 1
37 90 16
9 28 15
8 32 11
27 45 20
11 37 13
30 50 20
71 88 19
29 91 7
20 42 16
4 34 17
23 47 8
83 98 1
25 93 14
15 48 2
18 53 4
59 91 10
8 45 8
27 58 2
11 50 11
30 63 8
1 5 19
4 47 20
45 48 15
3 51 15
22 64 7
38 45 16
57 58 1
15 61 20
18 66 2
33 51 9
52 64 17
10 67 20
1 18 7
45 61 13
3 64 12
22 77 6
40 67 12
33 64 7
52 77 19
10 80 6
28 70 19
47 83 16
0 8 5
19 21 2
5 86 8
63 64 3
21 67 9
40 80 1
14 27 12
74 78 12
32 81 12
51 94 10
35 86 11
7 24 3
67 75 1
26 37 3
70 80 9
9 70 15
28 83 20
47 96 19
0 21 15
5 99 1
21 80 14
62 81 1
81 94 16
20 84 2
39 97 11
14 40 14
74 91 2
13 81 10
32 94 20
16 86 11
35 99 13
7 37 12
6 41 11
9 83 10
50 84 6
69 97 20
25 27 13
2 43 8
62 94 12
20 97 11
4 89 9
36 41 8
13 94 19
16 99 20
29 38 7
48 51 15
6 54 10
92 94 9
50 97 3
25 40 4
2 56 3
43 57 3
84 95 1
1 60 6
17 41 17
36 54 16
55 67 14
29 51 10
31 60 20
24 57 11
43 70 9
1 73 3
17 54 18
10 14 4
54 57 14
12 60 16
31 73 13
3 11 13
5 20 16
24 70 5
65 71 19
68 76 18
26 79 1
58 68 3
77 81 17
42 60 10
61 73 20
80 86 7
0 63 20
19 76 7
54 70 14
12 73 16
53 74 17
72 87 1
56 79 11
5 33 18
46 71 12
65 84 7
49 76 3
68 89 6
7 79 2
26 92 4
42 73 17
0 76 1
19 89 8
60 90 11
13 15 18
16 20 3
34 74 15
53 87 15
37 79 13
56 92 5
9 17 16
28 30 17
14 95 11
27 34 19
46 84 7
30 39 16
49 89 7
7 92 5
48 93 1
20 31 19
39 44 15
4 23 3
23 36 15
83 87 4
41 90 19
25 82 18
13 28 19
44 95 20
16 33 2
2 98 2
34 87 4
37 92 2
78 93 10
8 34 3
27 47 14
11 39 14
71 90 10
30 52 6
29 93 15
20 44 15
4 36 1
23 49 7
25 95 17
15 50 1
59 93 1
18 55 6
17 96 7
8 47 11
11 52 14
52 53 13
1 7 6
45 50 5
3 53 18
22 66 3
38 47 16
15 63 8
18 68 6
33 53 18
52 66 4
10 69 19
1 20 3
45 63 17
3 66 20
21 56 2
40 69 9
33 66 20
10 82 3
51 83 11
7 13 15
28 72 20
47 85 6
0 10 2
19 23 5
5 88 17
63 66 14
21 69 3
40 82 15
81 83 17
14 29 19
74 80 9
13 70 10
32 83 3
51 96 7
35 88 12
7 26 17
26 39 1
67 77 19
70 82 3
9 72 11
28 85 10
0 23 9
2 32 17
62 83 8
81 96 18
20 86 16
39 99 19
23 91 4
14 42 6
13 83 15
32 96 19
16 88 18
6 43 6
9 85 8
50 86 13
69 99 1
25 29 1
2 45 15
62 96 20
20 99 1
4 91 15
36 43 6
55 56 7
38 89 3
29 40 13
48 53 20
92 96 16
6 56 18
50 99 4
25 42 1
24 46 4
43 59 19
84 97 7
1 62 12
17 43 6
36 56 2
31 62 13
24 59 10
43 72 19
1 75 18
17 56 8
61 62 11
19 65 16
10 16 14
54 59 20
12 62 19
31 75 12
72 76 10
5 22 17
46 60 9
65 73 5
49 65 12
68 78 16
26 81 18
58 70 9
42 62 4
61 75 9
0 65 16
19 78 10
12 75 10
53 76 13
72 89 15
56 81 13
14 84 13
46 73 6
5 35 6
65 86 7
49 78 11
68 91 10
7 81 12
26 94 17
23 25 18
42 75 16
0 78 12
41 79 1
60 92 4
13 17 14
44 84 20
16 22 18
34 76 3
53 89 8
37 81 6
56 94 20
9 19 15
14 97 4
27 36 6
71 79 6
30 41 9
90 92 6
7 94 8
48 95 14
20 33 8
6 98 11
39 46 11
4 25 11
23 38 10
83 89 13
41 92 6
25 84 14
13 30 18
44 97 8
16 35 11
34 89 4
37 94 11
78 95 15
36 98 6
8 36 4
27 49 16
11 41 15
30 54 13
71 92 11
29 95 19
4 38 13
22 55 18
25 97 16
66 98 3
15 52 18
18 57 1
59 95 5
17 98 7
8 49 11
11 54 13
52 55 17
1 9 18
45 52 1
64 65 19
3 55 12
22 68 6
38 49 6
33 55 5
52 68 14
10 71 5
3 68 12
47 74 4
21 58 7
40 71 8
33 68 16
10 84 9
51 85 4
7 15 18
26 28 17
70 71 19
28 74 17
47 87 9
0 12 20
19 25 9
5 90 12
63 68 2
21 71 14
62 72 16
81 85 13
39 88 15
14 31 5
74 82 1
13 72 5
32 85 13
51 98 12
16 77 19
35 90 6
7 28 7
9 74 17
28 87 16
69 88 7
2 34 13
62 85 20
81 98 10
20 88 9
23 93 8
14 44 17
13 85 6
16 90 18
6 45 1
50 88 8
8 91 4
25 31 16
11 96 3
2 47 9
43 48 3
84 86 7
4 93 19
17 32 6
36 45 1
55 58 18
38 91 7
29 42 2
6 58 6
24 48 2
84 99 1
43 61 1
1 64 6
17 45 3
36 58 17
12 51 8
31 64 17
24 61 19
1 77 3
58 59 11
42 51 16
61 64 9
19 67 15
10 18 20
54 61 9
12 64 9
31 77 14
72 78 16
46 62 2
5 24 11
65 75 15
49 67 9
68 80 7
7 70 4
26 83 9
58 72 16
42 64 6
61 77 14
0 67 12
19 80 12
60 81 18
34 65 1
53 78 4
72 91 19
37 70 1
56 83 3
14 86 17
46 75 11
5 37 18
49 80 1
7 83 6
26 96 1
20 22 2
23 27 15
0 80 17
41 81 15
60 94 10
13 19 2
44 86 9
16 24 1
35 37 1
2 89 5
34 78 14
53 91 12
37 83 17
56 96 14
9 21 5
14 99 18
8 25 1
27 38 9
30 43 17
71 81 4
90 94 10
29 84 3
48 97 3
20 35 4
4 27 20
23 40 1
83 91 15
41 94 9
25 86 16
44 99 14
15 41 1
18 46 20
59 84 10
78 97 5
8 38 5
27 51 4
11 43 6
71 94 10
30 56 6
29 97 2
4 40 15
22 57 7
25 99 16
15 54 12
18 59 17
59 97 11
52 57 14
10 60 8
1 11 1
45 54 10
3 57 6
22 70 19
40 60 8
33 57 3
52 70 19
10 73 16
47 76 1
0 1 2
5 79 14
21 60 10
40 73 17
14 20 5
32 74 1
51 87 16
35 79 7
7 17 7
26 30 17
67 68 18
70 73 8
9 63 6
28 76 8
47 89 9
0 14 11
5 92 7
21 73 16
62 74 19
81 87 9
39 90 10
14 33 8
74 84 4
13 74 3
32 87 12
16 79 13
35 92 16
7 30 7
6 34 16
9 76 15
28 89 10
69 90 17
27 93 15
30 98 16
2 36 11
62 87 7
20 90 20
4 82 16
23 95 13
13 87 11
16 92 11
57 93 2
29 31 13
6 47 16
50 90 7
8 93 4
25 33 16
11 98 12
2 49 18
43 50 1
84 88 15
87 93 19
1 53 19
4 95 15
17 34 3
36 47 10
55 60 1
96 98 16
38 93 7
29 44 3
31 53 13
24 50 12
43 63 1
1 66 7
17 47 14
12 53 20
31 66 17
3 4 13
24 63 11
68 69 20
26 72 14
58 61 11
42 53 17
61 66 19
0 56 1
19 69 18
54 63 4
12 66 4
53 67 1
72 80 19
56 72 19
46 64 16
5 26 6
65 77 17
49 69 19
68 82 17
7 72 10
26 85 8
42 66 9
0 69 9
19 82 20
60 83 5
34 67 9
53 80 19
72 93 19
37 72 11
56 85 13
9 10 19
14 88 20
5 39 1
46 77 8
49 82 18
7 85 13
48 86 12
20 24 7
23 29 20
41 83 15
60 96 4
25 75 17
13 21 16
44 88 2
16 26 14
2 91 15
34 80 13
37 85 17
78 86 4
97 99 14
8 27 17
27 40 6
11 32 4
71 83 12
30 45 10
90 96 3
29 86 10
48 99 17
20 37 6
4 29 15
23 42 3
41 96 10
25 88 17
15 43 14
18 48 11
59 86 15
78 99 15
17 89 14
8 40 10
27 53 10
11 45 18
30 58 6
71 96 14
29 99 12
3 46 15
22 59 13
38 40 2
15 56 6
18 61 13
59 99 19
33 46 12
52 59 20
10 62 16
1 13 2
45 56 13
3 59 11
22 72 17
40 62 9
33 59 16
52 72 2
10 75 20
51 76 2
28 65 4
47 78 14
0 3 14
5 81 8
21 62 2
40 75 12
14 22 2
32 76 10
51 89 18
35 81 15
7 19 11
26 32 4
67 70 13
70 75 11
9 65 8
28 78 3
47 91 13
0 16 20
5 94 17
2 25 16
21 75 1
62 76 8
81 89 14
20 79 13
39 92 10
23 84 1
14 35 8
13 76 9
32 89 11
16 81 6
35 94 7
76 95 6
6 36 13
9 78 14
50 79 20
69 92 17
27 95 2
2 38 2
62 89 17
20 92 18
4 84 13
23 97 11
13 89 7
16 94 16
57 95 20
29 33 18
15 98 13
6 49 16
50 92 19
8 95 5
25 35 13
24 39 11
43 52 17
84 90 6
87 95 15
1 55 3
4 97 20
45 98 20
17 36 5
36 49 15
38 95 8
31 55 1
75 98 12
24 52 9
43 65 2
1 68 1
17 49 3
19 58 8
12 55 16
31 68 15
5 15 11
46 53 17
65 66 7
49 58 6
68 71 7
26 74 3
58 63 2
42 55 15
61 68 11
0 58 13
19 71 1
12 68 9
53 69 16
72 82 3
56 74 12
5 28 16
46 66 20
65 79 12
49 71 15
68 84 2
7 74 11
26 87 9
42 68 13
0 71 7
41 72 8
60 85 3
44 77 12
34 69 11
53 82 6
37 74 10
56 87 2
9 12 2
14 90 17
27 29 14
71 72 9
30 34 1
7 87 14
48 88 15
20 26 8
4 18 9
23 31 14
41 85 10
60 98 11
25 77 11
13 23 16
44 90 16
16 28 5
2 93 8
34 82 3
37 87 4
78 88 10
36 91 5
8 29 20
27 42 10
11 34 15
30 47 7
71 85 6
90 98 6
29 88 17
4 31 4
23 44 11
22 48 8
25 90 16
66 91 17
15 45 20
18 50 7
59 88 14
17 91 2
8 42 9
11 47 2
1 2 6
3 48 13
22 61 3
38 42 8
15 58 5
18 63 14
33 48 19
52 61 9
10 64 7
45 58 14
3 61 4
47 67 15
21 51 7
40 64 11
33 61 12
10 77 16
51 78 20
7 8 13
28 67 15
47 80 16
0 5 15
5 83 1
21 64 6
40 77 7
39 81 4
14 24 5
74 75 14
13 65 4
32 78 6
51 91 6
16 70 19
35 83 14
7 21 13
70 77 9
9 67 11
28 80 20
69 81 15
5 96 9
2 27 1
62 78 13
81 91 20
20 81 4
39 94 6
23 86 10
14 37 10
13 78 6
32 91 5
16 83 3
35 96 17
76 97 16
6 38 18
9 80 5
50 81 9
69 94 4
8 84 13
27 97 12
11 89 15
2 40 18
62 91 1
20 94 7
4 86 17
23 99 2
17 25 4
36 38 12
38 84 13
57 97 4
29 35 18
6 51 17
50 94 4
91 95 3
8 97 14
24 41 1
43 54 11
84 92 18
87 97 13
1 57 16
4 99 6
17 38 14
36 51 18
38 97 12
12 44 12
31 57 16
24 54 10
1 70 2
42 44 1
19 60 7
10 11 12
12 57 11
31 70 10
46 55 7
5 17 7
65 68 7
49 60 5
68 73 1
7 63 19
26 76 5
58 65 20
42 57 10
61 70 11
0 60 6
19 73 4
60 74 18
34 58 19
53 71 1
72 84 16
37 63 6
56 76 20
14 79 2
46 68 5
5 30 13
49 73 7
7 76 17
26 89 1
0 73 6
41 74 16
60 87 8
44 79 3
16 17 17
34 71 18
53 84 7
37 76 13
56 89 19
9 14 4
14 92 4
27 31 7
30 36 15
71 74 15
29 77 5
48 90 15
20 28 10
6 93 5
39 41 15
4 20 5
23 33 4
83 84 12
41 87 9
25 79 20
44 92 15
85 93 8
16 30 5
2 95 11
15 34 20
18 39 4
59 77 16
78 90 16
36 93 20
8 31 3
27 44 18
11 36 8
30 49 12
71 87 2
29 90 12
4 33 3
22 50 16
25 92 9
66 93 18
15 47 7
59 90 10
18 52 11
17 93 14
8 44 6
11 49 9
10 53 16
1 4 15
54 96 5
45 47 2
3 50 8
22 63 11
40 53 4
33 50 20
52 63 8
10 66 7
3 63 5
47 69 19
5 72 17
21 53 3
40 66 6
33 63 14
32 67 5
51 80 8
35 72 6
7 10 5
9 56 18
28 69 19
47 82 6
0 7 12
5 85 2
21 66 2
62 67 16
39 83 13
14 26 7
74 77 2
13 67 1
32 80 19
51 93 17
16 72 1
35 85 7
7 23 3
6 27 5
9 69 10
28 82 1
69 83 6
27 86 4
30 91 9
2 29 18
62 80 13
81 93 8
20 83 1
39 96 14
4 75 18
23 88 11
13 80 10
16 85 12
57 86 5
76 99 11
6 40 19
50 83 10
69 96 15
8 86 3
27 99 7
25 26 12
11 91 20
2 42 10
20 96 7
4 88 3
17 27 2
36 40 10
38 86 7
57 99 8
29 37 18
31 46 17
50 96 17
91 97 20
8 99 19
24 43 11
43 56 17
84 94 12
87 99 3
1 59 4
17 40 2
38 99 13
12 46 6
31 59 18
24 56 9
42 46 13
0 49 11
19 62 3
10 13 7
54 56 10
12 59 15
53 60 2
72 73 8
5 19 14
46 57 10
65 70 11
49 62 11
68 75 3
7 65 19
26 78 5
42 59 20
0 62 20
19 75 6
60 76 2
34 60 1
53 73 17
72 86 1
37 65 10
56 78 10
14 81 12
46 70 15
5 32 8
49 75 8
7 78 7
26 91 7
41 76 12
60 89 2
25 68 10
13 14 5
44 81 1
16 19 14
2 84 12
34 73 16
37 78 3
78 79 15
9 16 9
14 94 12
55 95 14
8 20 14
27 33 9
11 25 11
71 76 6
30 38 20
29 79 4
48 92 3
20 30 2
6 95 9
4 22 10
23 35 16
41 89 10
25 81 19
44 94 17
85 95 12
2 97 6
15 36 10
59 79 9
18 41 7
78 92 8
36 95 18
8 33 1
27 46 16
11 38 1
71 89 3
30 51 9
29 92 7
4 35 11
3 39 8
22 52 20
66 95 6
24 98 3
15 49 12
18 54 15
59 92 7
17 95 10
33 39 10
10 55 8
1 6 6
54 98 8
45 49 16
3 52 20
22 65 3
40 55 6
33 52 18
52 65 18
10 68 9
51 69 15
28 58 16
47 71 12
5 74 7
21 55 9
40 68 19
14 15 3
32 69 18
51 82 11
35 74 15
7 12 9
9 58 2
28 71 13
47 84 20
0 9 2
5 87 20
21 68 4
62 69 9
81 82 16
20 72 19
39 85 9
23 77 14
14 28 12
74 79 11
13 69 1
32 82 16
16 74 17
35 87 3
76 88 5
6 29 15
9 71 3
50 72 13
69 85 18
27 88 15
30 93 14
2 31 2
62 82 9
20 85 8
39 98 4
4 77 8
23 90 5
13 82 17
16 87 13
57 88 13
15 91 1
6 42 18
18 96 10
50 85 16
69 98 17
8 88 10
25 28 13
11 93 19
24 32 7
43 45 6
1 48 13
87 88 17
4 90 6
45 91 5
17 29 7
36 42 2
38 88 13
31 48 19
91 99 2
75 91 5
24 45 6
43 58 10
84 96 13
1 61 12
17 42 4
12 48 11
31 61 2
5 8 8
49 51 3
26 67 4
42 48 18
0 51 14
19 64 11
12 61 13
53 62 18
72 75 4
56 67 12
46 59 10
5 21 7
65 72 15
49 64 15
68 77 20
7 67 4
26 80 15
42 61 10
0 64 6
60 78 11
34 62 15
53 75 18
37 67 19
56 80 10
14 83 1
7 80 7
48 81 18
4 11 10
23 24 7
41 78 8
60 91 6
25 70 9
13 16 16
44 83 9
16 21 15
2 86 9
34 75 3
37 80 2
78 81 19
14 96 8
55 97 11
8 22 4
27 35 1
11 27 2
30 40 6
71 78 1
90 91 6
29 81 19
48 94 8
20 32 5
6 97 18
4 24 19
23 37 6
22 41 3
25 83 7
44 96 5
85 97 13
2 99 13
15 38 3
18 43 19
59 81 7
78 94 14
17 84 3
36 97 11
8 35 9
11 40 15
29 94 9
3 41 11
22 54 10
66 97 4
15 51 16
59 94 17
18 56 10
17 97 2
33 41 8
52 54 11
10 57 4
45 51 11
3 54 16
47 60 2
21 44 17
40 57 2
33 54 6
10 70 14
51 71 2
28 60 14
47 73 15
5 76 18
21 57 13
40 70 10
39 74 9
14 17 12
13 58 5
32 71 1
51 84 12
16 63 18
35 76 18
7 14 15
9 60 8
28 73 13
69 74 10
5 89 1
2 20 12
62 71 2
81 84 4
20 74 17
39 87 14
23 79 18
14 30 3
13 71 10
32 84 15
16 76 4
35 89 18
76 90 20
6 31 5
9 73 14
50 74 12
69 87 10
8 77 16
27 90 2
11 82 7
30 95 9
2 33 2
62 84 8
20 87 17
4 79 8
23 92 7
64 93 10
17 18 14
38 77 16
57 90 18
15 93 16
18 98 11
6 44 18
50 87 13
8 90 10
11 95 18
24 34 1
43 47 19
84 85 12
87 90 2
1 50 13
4 92 1
45 93 11
17 31 12
36 44 18
3 96 9
38 90 15
31 50 6
75 93 8
33 96 14
24 47 3
84 98 4
1 63 16
19 53 18
63 96 10
12 50 1
31 63 7
46 48 10
5 10 14
49 53 3
26 69 10
42 50 19
61 63 6
0 53 20
19 66 15
53 64 7
72 77 11
56 69 20
14 72 15
46 61 3
5 23 19
49 66 18
68 79 18
7 69 16
26 82 6
0 66 6
41 67 8
60 80 14
44 72 5
34 64 14
53 77 14
37 69 8
56 82 4
14 85 16
7 82 8
48 83 1
20 21 20
6 86 20
4 13 12
23 26 6
41 80 13
60 93 14
25 72 13
13 18 12
44 85 6
16 23 4
2 88 4
15 27 20
18 32 16
78 83 6
36 86 19
55 99 8
8 24 6
27 37 12
11 29 7
71 80 19
30 42 4
29 83 5
48 96 9
6 99 1
4 26 2
22 43 10
25 85 1
66 86 18
85 99 4
15 40 15
18 45 20
59 83 9
78 96 10
17 86 17
36 99 7
8 37 12
11 42 12
10 46 11
29 96 8
3 43 16
22 56 4
66 99 15
40 46 19
17 99 13
33 43 19
52 56 4
10 59 15
3 56 11
47 62 13
5 65 13
21 46 18
40 59 6
33 56 18
32 60 19
51 73 18
35 65 14
9 49 10
28 62 20
47 75 12
5 78 4
21 59 17
39 76 10
14 19 19
13 60 15
32 73 18
51 86 19
16 65 16
35 78 10
7 16 6
9 62 3
28 75 14
69 76 7
27 79 17
30 84 4
2 22 1
62 73 5
81 86 3
20 76 11
39 89 9
4 68 3
23 81 9
14 32 17
13 73 20
16 78 16
57 79 2
76 92 17
6 33 16
50 76 11
69 89 17
8 79 10
27 92 20
11 84 18
30 97 8
2 35 10
20 89 14
4 81 13
23 94 3
64 95 13
17 20 6
38 79 3
57 92 9
29 30 17
15 95 1
6 46 17
50 89 8
8 92 18
94 95 16
11 97 1
52 98 20
24 36 9
43 49 13
84 87 4
1 52 3
87 92 16
45 95 7
17 33 18
3 98 2
38 92 14
79 93 16
82 98 10
12 39 2
31 52 14
75 95 12
33 98 13
24 49 6
1 65 5
19 55 8
63 98 4
12 52 7
31 65 20
46 50 14
5 12 8
49 55 16
7 58 13
26 71 17
42 52 10
0 55 16
19 68 15
60 69 12
34 53 13
53 66 14
72 79 15
37 58 12
56 71 6
14 74 3
46 63 9
5 25 16
49 68 16
7 71 3
26 84 13
0 68 2
41 69 19
60 82 3
44 74 11
2 77 19
34 66 8
53 79 3
37 71 1
56 84 1
14 87 18
55 88 17
8 13 16
11 18 12
30 31 4
29 72 20
48 85 8
20 23 12
6 88 6
4 15 9
23 28 18
41 82 15
25 74 20
44 87 1
85 88 18
2 90 17
15 29 17
18 34 8
59 72 19
78 85 7
97 98 3
36 88 18
8 26 2
27 39 3
11 31 12
30 44 12
71 82 20
29 85 15
48 98 14
4 28 4
3 32 9
22 45 20
25 87 8
66 88 7
24 91 7
15 42 2
59 85 12
18 47 12
78 98 6
17 88 7
10 48 11
54 91 1
3 45 4
22 58 15
40 48 19
33 45 10
52 58 8
10 61 4
51 62 10
28 51 2
47 64 20
5 67 20
21 48 6
40 61 1
32 62 6
51 75 3
35 67 13
9 51 15
28 64 13
47 77 3
0 2 14
5 80 5
21 61 20
20 65 4
39 78 5
23 70 6
14 21 10
13 62 19
32 75 11
16 67 6
35 80 3
76 81 13
6 22 2
9 64 4
50 65 2
69 78 9
27 81 12
30 86 14
2 24 11
62 75 7
20 78 14
39 91 18
4 70 19
23 83 11
13 75 19
16 80 3
57 81 14
76 94 3
15 84 13
6 35 3
50 78 10
69 91 8
8 81 2
27 94 12
11 86 10
30 99 3
2 37 18
1 41 20
4 83 14
45 84 2
64 97 19
17 22 1
38 81 16
57 94 7
15 97 5
31 41 7
91 92 4
75 84 9
8 94 10
94 97 7
11 99 5
24 38 16
84 89 1
43 51 8
1 54 9
87 94 12
45 97 12
17 35 5
38 94 4
79 95 6
12 41 6
31 54 12
75 97 15
24 51 15
26 60 9
67 98 6
0 44 19
19 57 9
12 54 16
53 55 12
56 60 19
46 52 2
5 14 4
49 57 11
68 70 20
7 60 11
26 73 18
42 54 10
0 57 18
19 70 18
60 71 19
34 55 16
53 68 19
72 81 8
37 60 10
56 73 7
14 76 3
46 65 18
49 70 6
7 73 18
48 74 2
41 71 15
60 84 20
25 63 12
44 76 5
2 79 9
34 68 3
37 73 15
14 89 3
55 90 5
8 15 10
27 28 14
11 20 5
30 33 8
29 74 17
48 87 3
20 25 16
6 90 10
4 17 17
23 30 19
22 34 8
41 84 10
25 76 17
44 89 16
85 90 8
2 92 13
43 93 17
15 31 14
18 36 16
59 74 9
78 87 17
17 77 10
36 90 2
8 28 13
11 33 13
71 84 6
29 87 18
73 93 16
3 34 5
22 47 19
66 90 17
24 93 6
15 44 12
18 49 5
59 87 7
17 90 2
33 34 1
10 50 10
54 93 5
12 96 13
3 47 9
47 53 2
21 37 5
40 50 14
42 96 13
33 47 16
10 63 4
51 64 5
28 53 14
47 66 12
5 69 5
21 50 9
40 63 5
13 51 2
32 64 11
51 77 17
16 56 13
35 69 1
9 53 2
28 66 14
5 82 2
2 13 3
62 64 6
20 67 8
39 80 17
23 72 13
14 23 3
13 64 18
32 77 1
16 69 8
35 82 12
76 83 7
6 24 7
9 66 13
50 67 7
69 80 11
8 70 6
27 83 14
30 88 18
2 26 7
62 77 20
20 80 9
4 72 5
23 85 14
38 70 7
57 83 7
76 96 13
15 86 13
18 91 14
6 37 14
50 80 20
8 83 2
27 96 15
11 88 14
24 27 13
1 43 16
4 85 18
45 86 15
64 99 16
17 24 20
36 37 6
38 83 13
57 96 18
15 99 13
31 43 2
91 94 5
75 86 18
94 99 15
24 40 12
43 53 3
84 91 15
1 56 6
87 96 3
45 99 11
17 37 18
19 46 12
79 97 5
63 89 11
12 43 6
31 56 20
75 99 18
26 62 19
42 43 12
0 46 16
19 59 15
12 56 12
53 57 2
56 62 16
14 65 14
5 16 9
46 54 13
65 67 11
49 59 19
68 72 12
7 62 14
26 75 3
42 56 2
0 59 18
41 60 19
60 73 1
44 65 16
34 57 8
53 70 12
37 62 19
56 75 10
14 78 20
7 75 13
48 76 6
6 79 12
4 6 2
41 73 17
60 86 8
25 65 2
44 78 14
2 81 1
15 20 11
34 70 1
18 25 11
37 75 11
36 79 6
55 92 17
8 17 8
27 30 18
11 22 13
71 73 19
30 35 10
29 76 2
48 89 2
6 92 2
4 19 1
22 36 19
25 78 14
66 79 9
85 92 5
2 94 18
43 95 11
15 33 16
1 98 17
18 38 3
59 76 9
78 89 9
17 79 5
36 92 19
8 30 9
11 35 12
29 89 20
73 95 11
31 98 13
3 36 1
22 49 19
66 92 2
24 95 16
59 89 10
17 92 8
58 93 5
61 98 11
33 36 16
10 52 9
54 95 7
12 98 18
3 49 8
47 55 11
88 93 19
21 39 19
40 52 5
42 98 13
33 49 13
32 53 5
51 66 3
9 42 14
28 55 2
47 68 6
5 71 10
21 52 15
39 69 19
13 53 17
32 66 5
51 79 20
16 58 7
35 71 4
7 9 4
9 55 15
28 68 6
5 84 7
2 15 5
62 66 10
20 69 4
39 82 18
23 74 17
14 25 19
13 66 2
16 71 17
76 85 3
6 26 8
50 69 11
69 82 12
8 72 3
27 85 20
11 77 17
30 90 7
2 28 2
20 82 17
4 74 14
23 87 12
64 88 7
38 72 18
57 85 15
76 98 5
15 88 4
6 39 5
18 93 18
50 82 9
8 85 13
27 98 3
11 90 13
24 29 13
1 45 17
45 88 12
17 26 14
36 39 19
3 91 19
38 85 16
79 86 18
98 99 9
12 32 9
31 45 12
91 96 18
75 88 4
33 91 18
24 42 15
1 58 12
19 48 4
79 99 8
63 91 20
12 45 10
31 58 11
7 51 8
26 64 19
42 45 13
0 48 19
19 61 3
60 62 5
34 46 16
53 59 7
37 51 16
56 64 12
14 67 1
46 56 1
5 18 3
49 61 14
7 64 16
26 77 5
0 61 7
41 62 1
60 75 12
44 67 20
2 70 7
34 59 17
53 72 6
37 64 3
56 77 2
14 80 20
55 81 15
29 65 8
48 78 1
6 81 7
4 8 9
41 75 17
25 67 5
44 80 2
2 83 14
15 22 10
18 27 20
59 65 12
36 81 3
55 94 14
8 19 5
27 32 4
11 24 4
71 75 17
30 37 16
29 78 16
48 91 14
6 94 10
4 21 20
22 38 7
25 80 1
66 81 4
85 94 8
24 84 9
43 97 19
15 35 17
59 78 1
18 40 9
78 91 16
17 81 16
36 94 19
77 95 8
10 41 8
54 84 5
73 97 2
3 38 14
22 51 20
66 94 17
24 97 13
40 41 5
17 94 2
58 95 6
33 38 19
10 54 8
54 97 20
88 95 9
47 57 1
5 60 10
46 98 16
21 41 2
40 54 18
32 55 11
51 68 11
35 60 7
9 44 7
28 57 5
47 70 10
5 73 11
21 54 7
39 71 2
13 55 1
32 68 14
51 81 16
16 60 7
35 73 7
7 11 7
6 15 17
9 57 20
50 58 3
69 71 17
27 74 18
30 79 18
2 17 16
62 68 13
20 71 6
39 84 3
4 63 11
23 76 19
13 68 5
16 73 7
57 74 18
76 87 13
6 28 2
50 71 9
69 84 8
8 74 19
27 87 11
11 79 16
30 92 8
2 30 2
1 34 4
4 76 14
23 89 4
64 90 20
22 93 12
38 74 19
57 87 8
15 90 9
18 95 14
31 34 6
8 87 20
11 92 4
52 93 20
24 31 8
43 44 2
1 47 1
45 90 15
17 28 6
3 93 12
38 87 13
79 88 4
82 93 10
12 34 12
31 47 15
91 98 16
75 90 18
33 93 18
24 44 11
26 53 7
0 37 1
19 50 17
63 93 7
21 96 3
12 47 15
5 7 17
49 50 6
7 53 19
26 66 3
42 47 8
0 50 12
19 63 9
60 64 14
34 48 15
53 61 3
72 74 20
37 53 15
56 66 8
14 69 17
46 58 6
49 63 9
7 66 9
48 67 18
41 64 7
60 77 7
25 56 16
44 69 20
2 72 1
34 61 12
37 66 9
14 82 14
55 83 12
11 13 8
29 67 11
48 80 7
6 83 7
4 10 20
41 77 10
25 69 3
44 82 18
2 85 19
43 86 4
15 24 10
59 67 18
18 29 15
78 80 5
17 70 5
36 83 18
55 96 15
8 21 2
11 26 14
71 77 3
29 80 7
73 86 13
6 96 8
3 27 6
22 40 1
66 83 8
85 96 10
24 86 16
43 99 11
15 37 16
59 80 20
18 42 10
17 83 15
36 96 20
77 97 6
10 43 6
54 86 18
73 99 15
12 89 12
3 40 11
22 53 15
66 96 17
24 99 9
40 43 20
58 97 16
42 89 10
33 40 19
10 56 6
51 57 6
54 99 19
28 46 3
47 59 20
88 97 10
5 62 2
21 43 19
40 56 13
32 57 9
51 70 4
35 62 14
9 46 3
28 59 2
47 72 5
5 75 4
2 6 16
20 60 10
39 73 5
23 65 17
14 16 1
13 57 14
32 70 9
16 62 12
35 75 20
6 17 2
9 59 12
50 60 15
69 73 8
27 76 11
30 81 16
2 19 18
62 70 10
20 73 1
39 86 14
4 65 5
23 78 10
16 75 20
57 76 9
76 89 7
15 79 5
18 84 6
6 30 13
50 73 3
69 86 7
8 76 12
27 89 5
11 81 18
30 94 10
1 36 17
4 78 8
45 79 4
64 92 18
22 95 1
38 76 8
57 89 19
15 92 15
18 97 19
31 36 15
75 79 11
8 89 14
11 94 7
52 95 17
24 33 7
10 98 7
43 46 17
87 89 18
1 49 17
45 92 18
17 30 18
3 95 19
19 39 12
79 90 6
82 95 11
40 98 11
12 36 11
31 49 9
75 92 13
33 95 3
67 93 3
26 55 10
70 98 3
0 39 19
19 52 18
63 95 9
21 98 12
12 49 15
14 58 14
46 47 16
5 9 2
49 52 14
7 55 18
26 68 3
42 49 16
0 52 17
41 53 9
60 66 9
44 58 19
34 50 15
53 63 13
37 55 6
56 68 9
14 71 5
7 68 14
48 69 1
6 72 4
41 66 14
60 79 5
25 58 2
44 71 17
2 74 18
34 63 18
37 68 11
36 72 10
55 85 6
8 10 11
11 15 1
29 69 4
48 82 20
6 85 3
4 12 15
22 29 4
25 71 2
66 72 9
2 87 6
43 88 16
15 26 2
18 31 8
59 69 19
78 82 15
17 72 14
36 85 9
55 98 10
8 23 10
11 28 19
29 82 7
73 88 20
31 91 7
3 29 20
22 42 16
66 85 2
85 98 1
24 88 17
15 39 8
18 44 2
59 82 3
17 85 20
58 86 8
77 99 17
61 91 7
10 45 1
54 88 7
12 91 4
3 42 17
47 48 19
21 32 13
40 45 6
58 99 4
42 91 11
33 42 11
0 94 14
10 58 10
51 59 14
28 48 14
88 99 14
47 61 2
5 64 20
21 45 3
40 58 17
39 62 14
13 46 14
32 59 15
51 72 3
16 51 20
35 64 18
9 48 3
28 61 20
5 77 6
2 8 18
20 62 2
39 75 6
23 67 17
14 18 15
13 59 10
32 72 13
16 64 1
35 77 6
76 78 5
6 19 10
9 61 8
50 62 11
69 75 16
8 65 16
27 78 3
11 70 20
30 83 2
2 21 19
20 75 3
4 67 10
23 80 17
64 81 1
38 65 4
57 78 15
76 91 2
15 81 5
18 86 11
6 32 5
50 75 7
8 78 4
27 91 19
11 83 5
30 96 10
1 38 3
4 80 6
45 81 12
64 94 14
17 19 18
3 84 3
22 97 11
38 78 3
57 91 10
15 94 3
18 99 5
12 25 16
31 38 2
75 81 12
33 84 10
52 97 1
24 35 3
87 91 18
1 51 9
45 94 4
86 95 4
3 97 9
19 41 9
79 92 20
63 84 16
82 97 14
12 38 11
31 51 20
75 94 12
33 97 11
7 44 3
67 95 3
26 57 11
0 41 13
19 54 7
63 97 11
34 39 8
37 44 11
56 57 15
14 60 4
46 49 16
5 11 9
49 54 8
7 57 8
26 70 14
0 54 5
41 55 3
60 68 20
44 60 15
2 63 4
34 52 11
53 65 6
37 57 7
56 70 4
14 73 6
55 74 12
29 58 12
48 71 2
6 74 2
41 68 12
25 60 8
44 73 11
2 76 16
18 20 15
36 74 19
55 87 4
8 12 19
11 17 17
29 71 12
48 84 16
6 87 11
4 14 15
22 31 7
25 73 11
66 74 9
85 87 19
24 77 4
43 90 17
15 28 10
1 93 15
59 71 2
18 33 7
78 84 20
17 74 20
36 87 2
77 88 14
11 30 5
10 34 2
54 77 9
73 90 6
31 93 7
3 31 19
22 44 16
66 87 19
24 90 11
17 87 19
58 88 12
61 93 1
10 47 12
54 90 12
12 93 12
3 44 4
47 50 4
46 91 12
5 53 3
49 96 1
21 34 12
40 47 3
42 93 15
33 44 7
0 96 1
32 48 12
51 61 16
35 53 15
9 37 17
28 50 7
47 63 5
5 66 18
21 47 4
39 64 10
13 48 8
32 61 15
51 74 9
16 53 15
35 66 3
6 8 11
9 50 9
28 63 6
27 67 18
30 72 10
2 10 3
20 64 7
39 77 4
4 56 18
23 69 3
13 61 4
16 66 20
57 67 4
76 80 3
6 21 12
50 64 1
69 77 11
8 67 18
27 80 15
11 72 1
30 85 15
2 23 9
1 27 11
20 77 19
4 69 8
23 82 8
64 83 4
22 86 2
38 67 5
57 80 9
76 93 9
15 83 12
18 88 1
50 77 6
8 80 1
11 85 18
52 86 4
1 40 3
45 83 7
64 96 17
17 21 6
3 86 20
22 99 16
38 80 1
79 81 8
82 86 9
15 96 15
12 27 4
31 40 6
75 83 20
94 96 13
33 86 11
52 99 16
24 37 6
45 96 17
86 97 11
3 99 2
0 30 19
19 43 8
79 94 19
63 86 16
82 99 13
21 89 11
12 40 9
75 96 12
33 99 9
7 46 15
26 59 13
67 97 3
0 43 8
19 56 20
63 99 19
34 41 5
53 54 4
37 46 6
56 59 10
14 62 4
46 51 17
5 13 1
49 56 20
7 59 16
48 60 6
41 57 20
60 70 8
25 49 5
44 62 19
2 65 8
34 54 14
37 59 7
14 75 3
55 76 18
29 60 20
48 73 5
6 76 20
41 70 6
25 62 13
44 75 2
2 78 20
15 17 11
18 22 1
59 60 5
17 63 7
36 76 11
55 89 15
8 14 7
11 19 12
30 32 7
29 73 10
73 79 10
6 89 3
4 16 5
3 20 5
22 33 6
66 76 5
85 89 14
24 79 15
43 92 9
15 30 11
1 95 3
18 35 6
59 73 15
17 76 11
36 89 17
77 90 6
80 95 15
10 36 20
54 79 3
73 92 15
31 95 2
3 33 18
22 46 3
66 89 5
24 92 18
58 90 19
42 82 20
61 95 12
19 98 5
10 49 17
54 92 1
12 95 6
28 39 12
47 52 14
88 90 4
5 55 3
46 93 2
49 98 9
21 36 20
40 49 19
42 95 9
0 98 6
32 50 19
51 63 3
35 55 10
9 39 1
28 52 13
47 65 2
5 68 15
21 49 9
20 53 20
39 66 13
23 58 5
13 50 4
32 63 5
16 55 7
35 68 16
6 10 5
9 52 14
50 53 3
27 69 3
30 74 18
2 12 1
62 63 5
20 66 15
39 79 2
4 58 17
23 71 7
13 63 19
16 68 20
57 69 6
76 82 9
15 72 6
18 77 9
6 23 6
50 66 12
69 79 12
8 69 13
27 82 6
11 74 6
30 87 12
1 29 15
4 71 17
45 72 6
64 85 4
22 88 7
38 69 11
57 82 20
15 85 20
18 90 9
8 82 15
11 87 3
52 88 1
24 26 8
10 91 16
1 42 17
45 85 7
64 98 17
17 23 17
3 88 20
19 32 8
38 82 6
79 83 4
82 88 18
40 91 8
12 29 6
31 42 12
91 93 19
75 85 16
94 98 18
33 88 14
67 86 9
26 48 15
86 99 5
70 91 6
0 32 17
19 45 7
79 96 6
63 88 6
21 91 16
12 42 14
7 48 6
26 61 15
67 99 7
9 94 20
0 45 15
41 46 17
34 43 13
53 56 18
37 48 15
56 61 4
14 64 15
7 61 4
48 62 5
41 59 13
60 72 8
25 51 4
44 64 6
2 67 5
34 56 4
37 61 15
14 77 20
55 78 18
29 62 8
48 75 9
6 78 11
4 5 10
25 64 11
2 80 10
43 81 10
15 19 11
18 24 9
59 62 12
17 65 18
36 78 6
55 91 20
8 16 9
11 21 1
29 75 2
73 81 14
6 91 16
3 22 13
22 35 3
66 78 4
85 91 13
24 81 19
43 94 1
15 32 15
1 97 16
59 75 3
18 37 5
17 78 2
77 92 7
80 97 8
10 38 17
54 81 6
73 94 14
12 84 1
31 97 9
3 35 14
24 94 17
65 95 6
21 25 1
58 92 1
42 84 1
61 97 1
33 35 3
10 51 15
51 52 14
54 94 18
12 97 14
28 41 9
47 54 11
88 92 14
5 57 18
46 95 19
21 38 13
40 51 8
39 55 8
42 97 15
13 39 6
32 52 18
51 65 11
16 44 7
35 57 14
34 98 2
9 41 17
28 54 3
5 70 2
20 55 14
39 68 7
23 60 2
13 52 9
32 65 15
16 57 12
35 70 1
6 12 19
9 54 20
50 55 20
8 58 9
27 71 12
11 63 9
30 76 10
2 14 19
62 65 12
20 68 6
4 60 7
23 73 7
64 74 7
38 58 17
57 71 18
76 84 20
15 74 10
18 79 12
6 25 7
50 68 18
8 71 1
27 84 9
11 76 11
30 89 2
1 31 18
4 73 20
45 74 16
64 87 19
3 77 1
22 90 14
38 71 4
57 84 11
15 87 19
18 92 2
12 18 3
33 77 6
52 90 10
24 28 10
10 93 20
1 44 3
45 87 10
86 88 12
3 90 14
89 93 10
19 34 19
79 85 5
63 77 8
82 90 9
40 93 11
12 31 6
31 44 18
75 87 9
33 90 8
67 88 1
26 50 12
70 93 1
28 96 19
0 34 13
19 47 15
79 98 16
63 90 15
21 93 16
14 53 5
7 50 10
26 63 17
9 96 3
0 47 13
41 48 16
60 61 16
44 53 20
34 45 19
53 58 9
37 50 2
56 63 6
14 66 12
48 64 13
6 67 5
41 61 8
25 53 5
44 66 5
2 69 11
36 67 12
55 80 7
29 64 4
48 77 3
6 80 15
4 7 1
22 24 13
25 66 14
66 67 20
2 82 10
43 83 10
15 21 5
1 86 10
18 26 1
59 64 15
17 67 20
36 80 4
55 93 16
8 18 2
11 23 13
10 27 17
73 83 1
31 86 1
3 24 12
22 37 4
66 80 19
24 83 7
43 96 12
1 99 17
17 80 3
58 81 11
77 94 20
61 86 2
80 99 7
10 40 5
54 83 17
73 96 13
12 86 5
31 99 3
3 37 11
5 46 4
24 96 12
65 97 8
21 27 18
58 94 20
42 86 4
61 99 2
0 89 15
33 37 19
32 41 15
51 54 15
35 46 17
95 97 4
12 99 9
9 30 4
28 43 2
47 56 8
88 94 10
46 97 16
5 59 1
21 40 7
39 57 10
42 99 4
13 41 11
32 54 20
51 67 18
16 46 2
35 59 18
9 43 10
28 56 15
27 60 7
30 65 18
2 3 5
20 57 8
39 70 9
4 49 18
23 62 19
13 54 13
16 59 3
57 60 6
6 14 5
50 57 5
69 70 19
8 60 10
27 73 3
11 65 2
30 78 16
2 16 17
20 70 19
4 62 11
23 75 2
64 76 4
22 79 5
38 60 2
57 73 18
76 86 2
15 76 4
18 81 18
50 70 14
8 73 2
11 78 17
52 79 3
1 33 11
45 76 19
64 89 13
3 79 20
22 92 16
38 73 8
15 89 17
18 94 12
12 20 20
31 33 7
75 76 18
33 79 15
52 92 12
24 30 12
10 95 18
1 46 1
45 89 17
86 90 15
3 92 5
89 95 14
47 98 13
19 36 1
79 87 7
63 79 14
82 92 18
21 82 2
40 95 16
12 33 15
75 89 11
33 92 11
74 93 1
7 39 11
26 52 2
67 90 12
70 95 12
28 98 15
0 36 11
19 49 16
63 92 1
21 95 17
37 39 4
14 55 12
13 96 3
5 6 7
7 52 16
26 65 6
9 98 14
41 50 1
60 63 2
44 55 19
2 58 19
34 47 5
37 52 2
56 65 11
14 68 18
55 69 1
29 53 19
48 66 8
6 69 2
41 63 14
25 55 1
44 68 20
2 71 20
36 69 16
55 82 1
11 12 7
29 66 20
48 79 12
6 82 17
4 9 16
3 13 14
22 26 8
66 69 1
24 72 13
43 85 6
15 23 2
1 88 2
59 66 7
18 28 6
17 69 14
36 82 4
77 83 17
80 88 20
10 29 4
54 72 17
73 85 4
31 88 6
3 26 14
22 39 3
66 82 6
24 85 18
43 98 15
17 82 14
58 83 19
77 96 20
61 88 6
19 91 5
10 42 18
54 85 7
73 98 17
12 88 16
28 32 12
5 48 8
46 86 2
65 99 4
49 91 6
21 29 13
40 42 17
58 96 11
42 88 5
0 91 14
32 43 10
51 56 20
35 48 20
95 99 7
9 32 19
28 45 19
47 58 6
88 96 2
5 61 13
46 99 16
21 42 16
20 46 19
39 59 12
23 51 15
13 43 19
32 56 9
16 48 10
35 61 1
9 45 13
27 62 17
30 67 19
2 5 12
20 59 18
39 72 2
4 51 14
23 64 14
13 56 2
16 61 16
57 62 3
15 65 11
6 16 16
18 70 20
50 59 2
69 72 14
8 62 6
27 75 3
11 67 17
30 80 2
2 18 18
1 22 10
4 64 1
45 65 13
64 78 5
22 81 15
38 62 10
57 75 20
15 78 1
18 83 14
8 75 18
11 80 2
52 81 9
1 35 4
45 78 17
64 91 10
3 81 20
22 94 18
38 75 13
40 84 20
12 22 14
31 35 6
75 78 7
33 81 11
52 94 19
93 95 2
10 97 9
26 41 16
67 79 11
86 92 8
70 84 2
3 94 20
89 97 3
0 25 13
19 38 12
79 89 15
63 81 10
82 94 14
21 84 9
40 97 13
12 35 12
33 94 20
74 95 3
32 98 9
7 41 8
26 54 14
67 92 2
70 97 11
9 87 6
0 38 1
19 51 13
63 94 14
21 97 4
62 98 3
34 36 5
37 41 12
14 57 18
13 98 17
7 54 19
48 55 4
92 98 18
41 52 11
60 65 1
25 44 14
44 57 10
2 60 10
34 49 17
37 54 6
14 70 17
55 71 7
29 55 11
48 68 6
6 71 14
41 65 11
25 57 19
44 70 14
2 73 9
43 74 5
17 58 10
36 71 13
55 84 1
8 9 11
11 14 2
29 68 12
73 74 5
6 84 12
3 15 15
22 28 8
66 71 5
24 74 17
43 87 6
15 25 4
1 90 19
18 30 11
59 68 17
17 71 19
36 84 7
77 85 13
80 90 14
10 31 4
54 74 9
73 87 19
12 77 12
31 90 11
3 28 17
66 84 10
24 87 11
65 88 1
68 93 20
58 85 13
77 98 14
42 77 15
61 90 6
19 93 14
10 44 5
54 87 6
12 90 19
28 34 1
5 50 15
46 88 15
49 93 9
21 31 3
40 44 3
7 96 11
39 48 16
58 98 1
42 90 19
0 93 7
13 32 12
32 45 14
51 58 5
16 37 17
35 50 1
34 91 11
37 96 10
9 34 5
28 47 17
88 98 8
5 63 1
20 48 18
39 61 16
23 53 3
13 45 12
32 58 4
16 50 4
35 63 20
9 47 9
8 51 18
27 64 8
11 56 16
30 69 18
2 7 3
20 61 14
4 53 1
23 66 12
64 67 10
38 51 1
57 64 10
76 77 14
15 67 1
18 72 15
6 18 3
50 61 14
8 64 10
27 77 9
11 69 10
30 82 2
1 24 5
4 66 6
45 67 8
64 80 4
3 70 4
22 83 6
38 64 18
57 77 7
15 80 2
18 85 10
33 70 2
52 83 3
10 86 16
1 37 18
45 80 17
3 83 5
22 96 10
19 27 2
63 70 8
82 83 1
40 86 9
12 24 8
31 37 20
75 80 16
33 83 16
52 96 5
93 97 4
10 99 3
67 81 1
26 43 18
86 94 16
70 86 11
89 99 2
0 27 11
19 40 1
79 91 10
63 83 14
82 96 11
21 86 8
40 99 13
12 37 7
14 46 12
74 97 1
7 43 19
26 56 1
67 94 4
70 99 11
9 89 11
0 40 2
44 46 18
21 99 2
34 38 6
37 43 9
14 59 8
7 56 8
48 57 1
6 60 9
41 54 2
60 67 11
25 46 4
44 59 11
2 62 7
34 51 2
37 56 12
36 60 13
55 73 4
29 57 16
48 70 6
6 73 16
25 59 13
2 75 2
43 76 18
1 79 17
18 19 20
17 60 18
36 73 19
55 86 7
8 11 6
11 16 8
10 20 20
29 70 8
73 76 6
31 79 13
3 17 20
22 30 18
66 73 18
85 86 5
24 76 16
43 89 19
1 92 13
59 70 4
17 73 16
58 74 18
77 87 10
61 79 14
80 92 18
10 33 11
54 76 10
73 89 6
12 79 1
31 92 6
3 30 8
24 89 1
65 90 9
68 95 7
26 98 2
58 87 6
42 79 9
61 92 13
0 82 19
19 95 18
32 34 16
35 39 3
54 89 17
12 92 5
53 93 7
56 98 20
9 23 13
28 36 11
47 49 13
5 52 5
46 90 20
49 95 17
21 33 17
7 98 6
39 50 9
42 92 1
83 93 10
0 95 3
13 34 8
32 47 2
51 60 6
16 39 3
35 52 12
34 93 14
37 98 13
9 36 1
28 49 5
20 50 6
39 63 16
4 42 1
23 55 16
13 47 19
16 52 1
6 7 8
8 53 18
27 66 4
11 58 15
30 71 17
2 9 16
20 63 18
4 55 14
23 68 17
64 69 20
38 53 20
57 66 6
76 79 8
15 69 10
18 74 20
6 20 13
50 63 12
8 66 2
11 71 13
1 26 5
45 69 18
64 82 2
3 72 15
22 85 18
38 66 3
15 82 5
18 87 6
12 13 2
33 72 9
52 85 11
10 88 9
1 39 3
45 82 11
3 85 15
22 98 6
19 29 1
79 80 14
63 72 3
82 85 16
40 88 7
12 26 15
31 39 20
75 82 18
33 85 16
74 86 20
93 99 19
7 32 15
26 45 1
67 83 1
86 96 13
70 88 10
28 91 10
0 29 18
19 42 17
63 85 13
21 88 16
14 48 2
74 99 4
7 45 19
26 58 3
67 96 1
9 91 10
0 42 12
41 43 13
44 48 20
2 51 8
34 40 12
37 45 18
56 58 5
14 61 9
55 62 7
29 46 7
48 59 1
6 62 7
41 56 7
25 48 12
44 61 1
2 64 8
36 62 20
55 75 14
29 59 17
48 72 18
6 75 13
3 6 14
25 61 13
24 65 15
43 78 18
15 16 1
1 81 7
18 21 5
17 62 1
36 75 5
80 81 16
10 22 16
54 65 11
73 78 18
31 81 6
3 19 1
22 32 15
66 75 18
24 78 4
43 91 9
1 94 11
17 75 8
58 76 1
77 89 5
61 81 10
80 94 2
19 84 8
10 35 20
54 78 5
73 91 5
12 81 18
31 94 11
72 95 11
46 79 18
5 41 6
65 92 5
49 84 3
68 97 5
21 22 10
58 89 17
42 81 1
61 94 15
0 84 7
19 97 18
32 36 2
35 41 10
12 94 2
53 95 13
9 25 14
28 38 20
47 51 15
88 89 2
5 54 12
46 92 4
49 97 6
21 35 6
20 39 9
39 52 9
42 94 12
83 95 18
0 97 9
41 98 9
13 36 19
32 49 2
16 41 5
35 54 19
34 95 1
9 38 15
27 55 19
71 98 20
30 60 18
20 52 1
39 65 14
4 44 2
23 57 2
13 49 5
16 54 6
6 9 4
50 52 2
8 55 2
27 68 16
11 60 9
30 73 3
2 11 17
1 15 3
4 57 8
64 71 20
22 74 3
38 55 20
57 68 10
15 71 4
18 76 16
8 68 2
11 73 5
52 74 9
1 28 12
45 71 14
64 84 15
3 74 3
22 87 11
38 68 7
18 89 7
12 15 2
33 74 7
52 87 9
24 25 9
10 90 2
26 34 19
67 72 2
3 87 17
89 90 2
47 93 18
0 18 1
19 31 14
79 82 3
63 74 11
82 87 19
21 77 3
40 90 2
12 28 1
33 87 15
74 88 10
7 34 7
67 85 4
26 47 8
86 98 20
70 90 16
28 93 4
0 31 4
19 44 15
63 87 20
21 90 1
14 50 20
13 91 6
16 96 7
7 47 4
9 93 14
41 45 5
25 37 6
44 50 8
2 53 18
34 42 1
37 47 8
14 63 14
55 64 12
29 48 20
48 61 10
6 64 18
41 58 12
25 50 14
44 63 4
2 66 14
43 67 19
17 51 7
36 64 19
55 77 3
29 61 17
6 77 14
3 8 8
24 67 12
43 80 12
15 18 10
1 83 17
18 23 3
59 61 2
17 64 3
36 77 20
77 78 9
80 83 16
10 24 3
54 67 6
73 80 12
12 70 6
31 83 15
3 21 5
66 77 13
24 80 2
65 81 20
68 86 5
1 96 14
58 78 15
77 91 14
42 70 20
61 83 8
80 96 19
19 86 16
10 37 16
54 80 20
12 83 20
31 96 1
72 97 18
5 43 15
46 81 1
65 94 15
49 86 7
68 99 8
21 24 17
7 89 2
58 91 12
42 83 16
61 96 11
0 86 17
19 99 7
13 25 12
32 38 20
35 43 18
34 84 4
53 97 17
37 89 3
9 27 13
28 40 17
88 91 10
46 94 19
5 56 10
49 99 6
20 41 20
39 54 20
23 46 19
83 97 4
0 99 12
13 38 5
32 51 18
16 43 9
35 56 15
34 97 18
9 40 6
27 57 19
30 62 2
20 54 11
39 67 15
4 46 10
23 59 1
38 44 10
15 60 17
6 11 13
18 65 13
50 54 9
8 57 20
27 70 20
11 62 2
30 75 6
1 17 18
4 59 6
45 60 11
64 73 18
22 76 14
38 57 11
57 70 15
15 73 7
18 78 6
11 75 14
52 76 12
10 79 14
1 30 12
45 73 2
64 86 5
3 76 20
22 89 5
19 20 15
40 79 15
12 17 3
33 76 3
52 89 19
10 92 13
26 36 8
67 74 10
86 87 13
70 79 8
3 89 14
89 92 20
47 95 6
0 20 16
19 33 14
79 84 16
5 98 16
63 76 20
82 89 4
21 79 3
40 92 15
12 30 4
14 39 4
33 89 4
74 90 15
32 93 13
35 98 15
7 36 9
67 87 11
26 49 9
70 92 13
9 82 9
28 95 3
0 33 19
21 92 14
62 93 20
14 52 18
13 93 9
16 98 7
7 49 19
48 50 14
6 53 17
92 93 19
9 95 14
41 47 2
25 39 19
44 52 15
2 55 16
34 44 19
37 49 14
36 53 6
55 66 9
29 50 13
48 63 3
6 66 5
25 52 11
2 68 3
43 69 18
1 72 5
17 53 2
36 66 10
55 79 9
29 63 17
31 72 7
3 10 5
22 23 12
24 69 16
43 82 6
1 85 19
59 63 19
17 66 8
58 67 7
77 80 18
61 72 2
80 85 12
10 26 10
54 69 19
73 82 11
12 72 1
31 85 16
3 23 5
24 82 12
65 83 4
68 88 6
58 80 4
77 93 16
42 72 3
61 85 10
80 98 19
0 75 13
19 88 1
10 39 2
54 82 9
12 85 11
53 86 6
72 99 17
56 91 10
28 29 13
46 83 7
5 45 1
65 96 15
49 88 11
21 26 8
7 91 12
39 43 9
42 85 15
83 86 16
0 88 1
13 27 1
32 40 3
51 53 6
16 32 8
35 45 3
95 96 8
34 86 2
53 99 14
37 91 2
9 29 9
28 42 8
46 96 16
5 58 9
20 43 7
39 56 18
23 48 16
83 99 13
25 94 13
13 40 1
16 45 6
35 58 15
34 99 11
8 46 9
27 59 8
11 51 9
30 64 13
20 56 2
4 48 14
23 61 3
38 46 20
57 59 1
15 62 9
18 67 13
6 13 14
50 56 5
8 59 17
27 72 12
11 64 3
30 77 8
1 19 3
4 61 18
45 62 10
64 75 8
3 65 14
22 78 18
38 59 7
57 72 8
15 75 19
18 80 5
33 65 7
52 78 1
10 81 3
1 32 11
45 75 17
3 78 7
22 91 5
19 22 12
63 65 2
40 81 15
12 19 1
31 32 6
33 78 7
52 91 9
10 94 16
51 95 7
7 25 3
26 38 15
67 76 11
86 89 1
70 81 16
89 94 14
28 84 17
47 97 15
0 22 9
19 35 9
63 78 16
82 91 15
21 81 2
40 94 16
81 95 19
14 41 17
74 92 7
32 95 3
7 38 11
67 89 3
26 51 8
70 94 1
9 84 18
28 97 12
0 35 4
2 44 7
21 94 17
62 95 4
20 98 1
37 38 11
14 54 3
13 95 15
29 39 19
48 52 1
6 55 20
92 95 12
9 97 17
50 98 18
41 49 20
25 41 7
44 54 3
2 57 1
36 55 2
55 68 15
29 52 16
48 65 14
6 68 4
25 54 18
24 58 16
43 71 1
1 74 17
17 55 8
36 68 7
10 15 6
54 58 3
31 74 13
3 12 19
22 25 13
66 68 1
24 71 5
43 84 15
1 87 7
17 68 10
58 69 13
77 82 16
61 74 16
80 87 19
19 77 19
10 28 12
54 71 19
73 84 18
12 74 1
31 87 3
72 88 20
3 25 15
5 34 18
46 72 19
65 85 12
49 77 7
68 90 16
26 93 19
58 82 5
42 74 17
61 87 1
0 77 12
19 90 17
12 87 20
53 88 4
56 93 5
9 18 19
28 31 12
5 47 19
46 85 9
65 98 20
49 90 14
21 28 2
7 93 11
39 45 13
42 87 11
83 88 6
0 90 20
41 91 8
13 29 20
32 42 10
51 55 11
16 34 18
35 47 13
95 98 1
34 88 15
37 93 15
9 31 12
28 44 8
27 48 5
71 91 7
30 53 20
20 45 5
39 58 11
4 37 1
23 50 13
25 96 20
13 42 17
16 47 16
8 48 4
27 61 1
11 53 3
30 66 7
2 4 5
1 8 12
20 58 5
4 50 13
23 63 18
22 67 14
38 48 2
57 61 17
15 64 16
18 69 20
8 61 8
11 66 9
52 67 15
1 21 4
45 64 1
64 77 20
3 67 2
22 80 2
38 61 11
15 77 13
18 82 19
33 67 10
52 80 20
10 83 7
26 27 18
45 77 20
3 80 5
47 86 14
0 11 11
19 24 12
63 67 10
21 70 7
40 83 18
12 21 12
75 77 16
33 80 19
74 81 14
93 94 17
10 96 10
51 97 13
7 27 18
26 40 17
67 78 15
86 91 6
70 83 19
89 96 19
28 86 15
47 99 9
0 24 15
19 37 20
63 80 15
21 83 3
40 96 15
81 97 3
14 43 20
74 94 18
13 84 18
32 97 19
16 89 10
7 40 20
67 91 18
70 96 7
9 86 16
28 99 18
25 30 5
2 46 4
62 97 11
34 35 20
37 40 16
14 56 7
55 57 2
13 97 7
29 41 8
48 54 10
6 57 16
92 97 8
9 99 15
41 51 9
25 43 9
44 56 2
2 59 6
43 60 17
17 44 6
36 57 12
55 70 18
29 54 13
6 70 9
24 60 11
43 73 20
1 76 11
17 57 20
36 70 4
10 17 16
54 60 5
12 63 8
31 76 9
3 14 12
22 27 15
66 70 14
24 73 4
65 74 12
1 89 13
58 71 3
77 84 6
42 63 4
61 76 18
80 89 12
19 79 3
10 30 8
54 73 7
12 76 8
31 89 8
72 90 9
46 74 11
5 36 13
65 87 3
49 79 18
68 92 9
26 95 17
58 84 1
42 76 3
61 89 4
0 79 18
19 92 11
35 36 19
34 77 13
53 90 4
37 82 6
56 95 6
9 20 10
28 33 2
14 98 14
46 87 10
5 49 17
49 92 19
90 93 10
21 30 4
7 95 14
20 34 16
39 47 5
23 39 8
83 90 8
0 92 19
41 93 15
13 31 6
32 44 4
44 98 8
16 36 7
35 49 10
34 90 12
37 95 8
9 33 5
27 50 12
30 55 8
71 93 8
20 47 10
39 60 4
4 39 6
23 52 15
25 98 19
13 44 1
16 49 4
15 53 14
59 96 2
18 58 4
8 50 3
27 63 13
11 55 20
30 68 15
1 10 2
4 52 2
45 53 11
64 66 19
22 69 2
38 50 19
57 63 5
15 66 11
18 71 7
8 63 7
11 68 1
52 69 3
10 72 10
1 23 19
45 66 16
64 79 12
3 69 11
22 82 14
38 63 18
40 72 14
33 69 20
52 82 19
10 85 13
26 29 3
70 72 18
3 82 14
47 88 17
0 13 18
19 26 14
5 91 16
63 69 3
21 72 17
40 85 13
12 23 2
33 82 12
74 83 19
93 96 20
32 86 9
51 99 2
35 91 12
7 29 15
67 80 12
26 42 9
86 93 8
70 85 8
89 98 12
9 75 15
28 88 4
0 26 14
63 82 19
21 85 1
62 86 15
81 99 12
14 45 20
74 96 16
13 86 19
32 99 6
16 91 19
7 42 6
9 88 7
25 32 6
44 45 20
2 48 3
62 99 3
34 37 7
37 42 1
4 94 1
36 46 16
55 59 13
96 97 3
13 99 15
29 43 11
48 56 19
92 99 20
6 59 6
25 45 18
2 61 11
43 62 10
17 46 20
36 59 17
55 72 11
29 56 15
24 62 13
43 75 20
1 78 16
17 59 4
58 60 3
61 65 1
10 19 7
54 62 20
73 75 18
12 65 7
31 78 20
3 16 7
24 75 17
65 76 13
68 81 11
1 91 11
58 73 5
77 86 19
42 65 13
61 78 11
80 91 2
19 81 6
10 32 12
54 75 14
12 78 16
72 92 20
46 76 19
5 38 19
65 89 3
49 81 8
68 94 7
7 84 6
26 97 6
42 78 9
0 81 12
19 94 19
60 95 19
13 20 18
32 33 1
16 25 3
35 38 7
34 79 6
53 92 4
37 84 14
56 97 20
9 22 1
28 35 12
46 89 7
5 51 12
49 94 11
90 95 15
7 97 6
20 36 10
39 49 9
23 41 2
83 92 2
41 95 9
13 33 16
32 46 1
16 38 15
35 51 8
34 92 6
37 97 10
9 35 18
8 39 4
27 52 12
11 44 1
30 57 15
71 95 10
29 98 4
20 49 8
4 41 18
23 54 20
38 39 1
15 55 17
18 60 12
59 98 18
8 52 15
27 65 4
11 57 9
30 70 16
1 12 13
4 54 3
45 55 7
64 68 17
3 58 5
22 71 2
38 52 18
57 65 5
15 68 18
18 73 11
33 58 16
52 71 1
10 74 12
1 25 9
45 68 9
3 71 9
22 84 3
40 74 17
33 71 7
52 84 6
10 87 4
51 88 10
7 18 3
67 69 19
26 31 5
70 74 15
28 77 14
47 90 2
0 15 19
19 28 1
5 93 5
63 71 4
82 84 17
21 74 2
40 87 16
81 88 1
14 34 7
74 85 12
93 98 9
32 88 7
35 93 5
7 31 13
67 82 4
26 44 7
70 87 10
9 77 16
28 90 17
0 28 6
21 87 7
62 88 18
20 91 15
23 96 12
14 47 14
74 98 9
