100 200 1
27 59 7
67 77 15
25 41 9
82 93 4
73 90 14
20 29 7
56 92 6
17 30 7
14 95 2
57 75 4
23 52 17
68 84 1
24 81 17
25 98 20
24 44 20
18 37 18
0 53 3
16 49 5
22 92 17
5 21 13
5 30 5
60 85 11
21 48 10
18 67 11
38 82 16
41 99 8
96 99 8
18 76 12
54 72 8
11 46 18
56 78 10
54 90 13
38 48 6
22 94 16
5 87 13
21 59 4
36 41 14
27 38 1
47 50 16
0 30 17
17 46 3
1 92 18
18 23 4
90 94 16
31 72 9
9 60 15
37 76 18
21 25 19
31 35 13
3 83 13
31 99 18
41 76 16
7 53 9
12 49 12
42 84 16
34 46 18
1 21 6
42 93 9
35 87 5
64 68 12
7 80 13
2 29 11
10 42 9
8 45 12
31 74 12
56 73 1
9 53 12
3 12 9
5 9 12
20 28 3
9 62 15
58 67 2
0 68 19
46 65 5
59 84 14
23 42 4
76 81 6
10 35 6
62 73 13
63 72 18
56 66 10
28 68 3
35 46 1
63 99 15
9 73 3
41 71 19
69 96 4
59 95 5
34 50 16
28 98 14
63 65 19
79 82 9
85 95 17
28 43 17
90 91 15
73 84 12
3 71 18
12 28 3
40 44 13
16 44 5
15 54 7
32 70 6
15 63 14
42 90 19
37 48 1
30 42 19
0 38 17
17 54 19
31 71 18
43 45 19
77 86 12
32 63 17
89 94 15
4 35 1
13 68 17
39 50 18
11 13 9
5 27 19
65 78 16
93 94 4
91 97 19
65 87 14
36 51 4
37 50 6
68 83 7
39 68 13
11 40 8
48 89 17
11 49 17
24 98 3
58 75 18
16 39 2
4 83 20
24 61 20
67 96 5
10 71 1
39 52 18
1 13 7
25 69 10
42 85 4
27 96 9
91 99 15
10 80 11
19 92 7
0 88 7
66 88 16
46 85 13
11 97 7
40 78 15
5 56 4
58 59 12
24 91 11
60 65 8
59 67 10
53 81 3
78 80 12
95 96 19
33 57 18
64 90 15
18 47 3
7 47 18
22 38 17
2 69 2
65 82 18
8 94 20
75 93 15
40 71 5
14 52 10
6 23 9
33 41 8
23 73 13
52 54 15
67 82 4
8 60 12
27 73 20
67 91 11
78 91 2
7 49 2
27 82 20
16 61 15
45 97 14
34 51 8
21 51 9
63 66 15
11 28 6
74 96 6
60 97 3
35 95 17
12 75 2
50 59 10
55 73 1
42 55 15
45 81 9
11 58 12
22 88 3
20 45 8
75 79 10
17 92 18
74 89 12
11 30 3
