100 200 1
57 91 7
26 85 7
8 46 17
52 58 7
67 77 16
55 75 8
36 71 4
24 51 19
17 67 14
30 64 19
20 29 2
64 96 16
39 42 9
25 59 10
60 74 19
21 37 4
9 17 16
19 82 18
40 50 17
3 95 7
43 76 15
29 68 7
46 84 8
7 65 8
72 75 17
19 39 8
33 38 12
24 35 5
73 74 9
71 86 16
44 47 19
35 99 14
11 53 2
47 82 1
77 92 17
13 65 18
38 64 16
21 75 6
2 34 8
2 43 19
3 8 10
16 42 16
56 87 1
5 14 2
39 46 15
21 96 8
67 93 13
21 59 11
8 25 20
13 76 19
21 68 3
26 82 20
79 85 5
8 43 18
48 88 10
73 96 13
3 19 9
86 90 9
48 51 18
4 82 13
97 99 5
9 78 20
16 56 20
1 76 13
21 61 1
8 27 7
4 54 11
63 70 13
33 99 6
53 77 4
81 93 16
18 89 20
54 76 16
12 15 9
34 82 9
77 80 15
38 98 19
3 21 16
48 53 10
6 65 10
65 81 10
1 32 20
56 66 19
17 68 14
26 43 19
58 78 11
57 58 11
51 72 5
4 77 8
78 90 14
35 64 9
10 37 5
30 58 5
6 24 18
59 79 2
24 57 8
15 54 14
1 55 18
58 89 15
14 89 2
39 48 11
47 95 10
8 24 17
16 71 12
19 33 17
36 49 5
53 60 20
38 77 6
62 77 6
30 51 9
21 70 8
6 90 2
55 74 16
4 72 11
72 99 17
43 63 6
50 78 18
16 55 1
20 46 6
61 96 13
25 76 12
5 91 5
54 57 3
65 87 1
36 51 7
57 83 10
20 64 4
88 98 13
38 79 8
32 93 8
9 61 15
35 43 5
13 43 3
26 40 9
15 40 8
4 19 19
23 87 15
52 68 14
6 92 10
33 64 16
42 76 15
5 20 5
59 92 10
46 67 5
28 31 15
0 79 5
36 44 19
74 92 10
88 91 12
3 50 5
6 12 1
4 58 2
72 76 12
6 85 9
15 33 5
26 33 12
18 84 20
49 99 9
53 81 11
53 90 13
78 89 11
59 85 6
78 98 17
2 60 10
36 92 12
1 70 6
7 56 2
29 53 9
57 78 6
0 90 11
15 72 18
13 20 13
5 49 8
16 98 18
45 79 8
65 75 8
20 52 9
31 52 1
28 35 20
5 33 2
40 73 19
6 80 16
56 72 19
4 16 12
24 49 8
61 68 14
78 84 9
70 71 7
27 66 13
70 89 10
14 84 19
9 15 14
10 13 2
12 41 15
29 57 14
9 33 11
11 30 19
61 98 16
23 59 6
14 56 1
