100 4950 1
13 88 11
16 93 7
29 32 2
6 48 3
9 90 6
50 91 18
41 42 9
25 34 7
44 47 5
2 50 2
4 96 16
36 48 9
55 61 3
96 99 18
29 45 9
48 58 19
6 61 8
25 47 7
43 64 1
1 67 13
17 48 4
36 61 4
31 67 17
3 5 19
24 64 15
43 77 9
1 80 2
17 61 12
58 62 16
61 67 4
10 21 1
54 64 17
73 77 2
12 67 9
31 80 12
3 18 19
5 27 5
65 78 13
68 83 6
26 86 11
58 75 8
42 67 16
61 80 12
80 93 4
0 70 6
19 83 6
12 80 3
53 81 12
72 94 14
56 86 20
9 11 3
5 40 14
46 78 11
65 91 18
49 83 1
68 96 16
7 86 16
26 99 15
42 80 7
0 83 15
19 96 11
60 97 5
13 22 9
32 35 13
16 27 8
35 40 7
34 81 16
53 94 5
37 86 4
56 99 18
9 24 14
28 37 9
27 41 3
30 46 20
90 97 14
7 99 9
20 38 18
39 51 4
4 30 6
23 43 9
83 94 3
41 97 11
25 89 19
13 35 9
16 40 13
34 94 6
37 99 14
8 41 1
27 54 18
11 46 18
71 97 15
30 59 7
20 51 12
4 43 16
23 56 17
22 60 8
38 41 14
15 57 1
18 62 10
50 51 18
8 54 10
11 59 16
52 60 4
1 14 8
45 57 19
64 70 17
3 60 10
22 73 16
38 54 16
15 70 8
18 75 4
33 60 7
52 73 16
10 76 12
45 70 5
3 73 3
47 79 5
0 4 1
21 63 16
40 76 2
12 14 1
33 73 19
10 89 20
51 90 11
7 20 3
26 33 20
67 71 2
70 76 3
28 79 7
47 92 7
0 17 11
19 30 11
5 95 3
63 73 5
21 76 10
40 89 13
81 90 11
39 93 18
14 36 9
74 87 15
13 77 10
32 90 8
16 82 19
35 95 17
7 33 14
67 84 4
26 46 12
70 89 12
9 79 18
28 92 7
69 93 12
2 39 10
62 90 17
20 93 12
23 98 15
14 49 1
13 90 15
16 95 7
29 34 13
6 50 10
9 92 10
50 93 14
41 44 10
8 96 9
25 36 18
44 49 17
2 52 6
4 98 3
36 50 1
55 63 4
38 96 12
29 47 3
6 63 3
24 53 19
43 66 9
1 69 6
17 50 1
36 63 2
31 69 10
3 7 19
24 66 15
43 79 4
1 82 13
58 64 15
61 69 11
80 82 8
19 72 11
10 23 5
54 66 14
12 69 5
31 82 12
72 83 17
46 67 11
5 29 15
65 80 15
49 72 18
68 85 19
26 88 2
58 77 5
42 69 6
61 82 12
0 72 7
19 85 14
12 82 11
53 83 19
72 96 7
56 88 15
9 13 11
14 91 11
46 80 5
5 42 14
65 93 14
49 85 16
68 98 15
21 23 3
7 88 6
20 27 10
39 40 3
23 32 16
0 85 15
41 86 13
60 99 18
13 24 7
44 91 9
32 37 9
16 29 4
35 42 2
34 83 10
53 96 4
37 88 7
9 26 3
27 43 20
71 86 5
30 48 13
90 99 3
20 40 9
39 53 7
4 32 15
23 45 14
83 96 1
41 99 7
25 91 19
13 37 6
16 42 17
15 46 12
34 96 8
18 51 2
8 43 18
27 56 4
11 48 4
71 99 8
30 61 8
1 3 1
4 45 10
45 46 10
22 62 5
38 43 18
15 59 2
18 64 13
8 56 9
11 61 16
52 62 5
10 65 13
1 16 9
45 59 1
64 72 6
3 62 1
22 75 15
38 56 16
40 65 2
33 62 14
52 75 11
10 78 8
3 75 18
47 81 6
0 6 12
21 65 13
40 78 12
12 16 19
33 75 7
74 76 19
32 79 14
51 92 4
35 84 15
7 22 15
67 73 2
26 35 1
70 78 2
89 91 11
9 68 18
28 81 3
47 94 17
0 19 15
5 97 17
63 75 14
21 78 16
62 79 2
81 92 19
39 95 20
14 38 10
74 89 9
13 79 6
32 92 4
16 84 3
35 97 2
7 35 9
9 81 11
28 94 1
69 95 4
2 41 19
62 92 13
20 95 15
4 87 15
14 51 14
13 92 4
16 97 20
57 98 19
29 36 14
48 49 20
6 52 4
50 95 6
8 98 17
25 38 17
44 51 20
2 54 9
43 55 2
84 93 12
87 98 14
17 39 16
36 52 14
55 65 4
38 98 15
29 49 18
6 65 4
24 55 5
43 68 12
1 71 11
17 52 13
36 65 14
10 12 14
54 55 5
12 58 13
31 71 11
3 9 11
24 68 13
65 69 6
68 74 11
1 84 1
58 66 18
77 79 14
42 58 8
61 71 6
80 84 6
19 74 17
10 25 10
54 68 15
12 71 12
31 84 6
72 85 7
46 69 10
5 31 5
65 82 13
49 74 4
68 87 3
7 77 8
26 90 19
58 79 6
42 71 9
61 84 15
0 74 10
19 87 13
60 88 1
16 18 6
34 72 15
53 85 3
72 98 4
37 77 6
56 90 13
9 15 14
14 93 14
46 82 15
5 44 7
49 87 16
7 90 7
20 29 3
39 42 16
23 34 7
83 85 15
0 87 1
41 88 15
13 26 2
44 93 12
32 39 16
16 31 11
35 44 8
2 96 1
34 85 19
53 98 18
37 90 15
9 28 10
8 32 7
27 45 17
11 37 13
71 88 12
30 50 12
29 91 5
20 42 19
4 34 18
23 47 19
83 98 15
25 93 15
15 48 5
59 91 1
18 53 17
8 45 2
27 58 16
11 50 12
30 63 7
1 5 16
4 47 14
45 48 16
3 51 9
22 64 9
38 45 14
57 58 6
15 61 5
18 66 2
33 51 5
52 64 1
10 67 8
1 18 7
45 61 15
3 64 13
22 77 8
40 67 6
33 64 20
52 77 6
10 80 5
28 70 18
47 83 20
0 8 6
19 21 18
5 86 16
63 64 19
21 67 13
40 80 3
14 27 18
74 78 11
32 81 16
51 94 13
35 86 19
7 24 5
67 75 17
26 37 2
70 80 20
9 70 9
28 83 6
47 96 1
0 21 11
5 99 20
21 80 7
62 81 18
81 94 7
20 84 7
39 97 7
14 40 17
74 91 3
13 81 19
32 94 4
16 86 12
35 99 16
7 37 20
6 41 15
9 83 6
50 84 20
69 97 8
25 27 20
2 43 1
62 94 12
20 97 14
4 89 20
36 41 5
13 94 6
16 99 8
29 38 13
48 51 2
6 54 15
92 94 18
50 97 18
25 40 2
2 56 4
84 95 6
43 57 13
1 60 3
17 41 10
36 54 14
55 67 7
29 51 11
31 60 2
24 57 9
43 70 1
1 73 11
17 54 14
10 14 1
54 57 20
12 60 19
31 73 2
3 11 13
5 20 12
24 70 9
65 71 13
68 76 20
26 79 1
58 68 8
77 81 7
42 60 7
61 73 18
80 86 16
0 63 15
19 76 5
54 70 9
12 73 12
53 74 11
72 87 5
56 79 9
5 33 19
46 71 5
65 84 9
49 76 1
68 89 2
7 79 19
26 92 5
42 73 13
0 76 14
19 89 17
60 90 20
13 15 2
16 20 6
34 74 14
53 87 9
37 79 5
56 92 16
9 17 15
28 30 10
14 95 5
27 34 13
46 84 3
30 39 5
49 89 4
7 92 2
48 93 11
20 31 6
39 44 2
4 23 12
23 36 19
83 87 15
41 90 15
13 28 6
25 82 11
44 95 9
16 33 5
2 98 18
34 87 19
37 92 7
78 93 12
8 34 15
27 47 11
11 39 20
71 90 2
30 52 1
29 93 5
20 44 5
4 36 5
23 49 1
25 95 19
15 50 10
59 93 6
18 55 13
17 96 4
8 47 13
11 52 16
52 53 7
1 7 17
45 50 16
3 53 19
22 66 4
38 47 4
15 63 16
18 68 18
33 53 4
52 66 11
10 69 9
1 20 15
45 63 13
3 66 19
21 56 4
40 69 1
33 66 9
10 82 16
51 83 13
7 13 10
28 72 18
47 85 4
0 10 12
19 23 15
5 88 6
63 66 7
21 69 15
40 82 1
81 83 5
14 29 15
74 80 6
13 70 19
32 83 5
51 96 15
35 88 20
7 26 6
26 39 1
67 77 5
70 82 3
9 72 11
28 85 15
0 23 11
2 32 4
62 83 13
81 96 16
20 86 20
39 99 14
23 91 12
14 42 4
13 83 16
32 96 2
16 88 10
6 43 17
9 85 6
50 86 8
69 99 19
25 29 7
2 45 3
62 96 13
20 99 20
4 91 1
36 43 17
55 56 16
38 89 19
29 40 19
48 53 10
6 56 16
92 96 19
50 99 17
25 42 4
24 46 13
84 97 11
43 59 6
1 62 2
17 43 3
36 56 3
31 62 10
24 59 11
43 72 4
1 75 5
17 56 13
61 62 12
19 65 19
10 16 3
54 59 15
12 62 19
31 75 6
72 76 5
5 22 2
46 60 12
65 73 19
49 65 4
68 78 18
26 81 20
58 70 19
42 62 13
61 75 3
0 65 2
19 78 20
12 75 2
53 76 8
72 89 11
56 81 2
14 84 19
5 35 1
46 73 10
65 86 10
49 78 7
68 91 6
7 81 14
26 94 13
23 25 14
42 75 7
0 78 7
41 79 12
60 92 1
13 17 11
44 84 8
16 22 19
34 76 18
53 89 14
37 81 15
56 94 5
9 19 4
14 97 16
27 36 17
71 79 17
30 41 4
90 92 18
7 94 4
48 95 12
20 33 17
39 46 20
6 98 8
4 25 18
23 38 5
83 89 6
41 92 6
13 30 11
25 84 18
44 97 13
16 35 14
34 89 1
37 94 6
78 95 3
36 98 8
8 36 10
27 49 10
11 41 20
71 92 12
30 54 18
29 95 10
4 38 17
22 55 10
25 97 5
66 98 7
15 52 3
18 57 12
59 95 1
17 98 5
8 49 1
11 54 20
52 55 4
1 9 12
45 52 11
64 65 14
3 55 5
22 68 4
38 49 2
33 55 12
52 68 12
10 71 10
3 68 8
47 74 6
21 58 16
40 71 3
33 68 17
10 84 5
51 85 13
7 15 9
26 28 19
70 71 5
28 74 5
47 87 10
0 12 15
19 25 4
5 90 11
63 68 20
21 71 6
62 72 16
81 85 8
39 88 3
14 31 20
74 82 1
13 72 3
32 85 12
51 98 11
16 77 1
35 90 11
7 28 4
9 74 17
28 87 15
69 88 17
2 34 6
62 85 13
81 98 11
20 88 9
23 93 5
14 44 11
13 85 1
16 90 17
6 45 12
50 88 5
8 91 15
25 31 20
11 96 14
2 47 19
84 86 16
43 48 11
4 93 18
17 32 17
36 45 3
55 58 9
38 91 7
29 42 12
6 58 8
24 48 9
43 61 17
84 99 17
1 64 10
17 45 14
36 58 2
12 51 7
31 64 6
24 61 4
1 77 8
58 59 13
42 51 17
61 64 3
19 67 2
10 18 11
54 61 3
12 64 4
31 77 11
72 78 1
46 62 9
5 24 5
65 75 6
49 67 12
68 80 10
7 70 4
26 83 6
58 72 8
42 64 8
61 77 2
0 67 6
19 80 8
60 81 8
34 65 1
53 78 19
72 91 6
37 70 10
56 83 19
14 86 12
5 37 17
46 75 6
49 80 12
7 83 11
26 96 16
20 22 10
23 27 13
0 80 5
41 81 12
60 94 14
13 19 7
44 86 15
16 24 19
35 37 20
2 89 5
34 78 12
53 91 8
37 83 20
56 96 16
9 21 13
14 99 8
8 25 12
27 38 12
30 43 1
71 81 4
90 94 11
29 84 8
48 97 4
20 35 17
4 27 14
23 40 3
83 91 8
41 94 12
25 86 3
44 99 15
15 41 12
18 46 3
59 84 7
78 97 7
8 38 7
27 51 5
11 43 3
71 94 10
30 56 4
29 97 11
4 40 5
22 57 5
25 99 1
15 54 7
59 97 1
18 59 17
52 57 17
10 60 15
1 11 7
45 54 17
3 57 17
22 70 16
40 60 14
33 57 5
52 70 9
10 73 16
47 76 7
0 1 14
5 79 14
21 60 1
40 73 20
14 20 12
32 74 12
51 87 10
35 79 8
7 17 11
26 30 14
67 68 16
70 73 8
9 63 17
28 76 16
47 89 8
0 14 19
5 92 4
21 73 8
62 74 9
81 87 11
39 90 20
14 33 1
74 84 9
13 74 10
32 87 4
16 79 17
35 92 5
7 30 3
6 34 16
9 76 10
28 89 2
69 90 20
27 93 12
30 98 19
2 36 5
62 87 10
20 90 17
4 82 1
23 95 18
13 87 10
16 92 4
57 93 8
29 31 3
6 47 10
50 90 13
8 93 14
25 33 14
11 98 16
2 49 13
43 50 15
84 88 3
1 53 14
87 93 13
4 95 4
17 34 14
36 47 1
96 98 3
55 60 18
38 93 5
29 44 4
31 53 15
24 50 1
43 63 2
1 66 6
17 47 9
12 53 8
31 66 4
3 4 4
24 63 5
68 69 1
26 72 20
58 61 18
42 53 19
61 66 5
0 56 11
19 69 16
54 63 10
12 66 11
53 67 13
72 80 12
56 72 18
46 64 8
5 26 2
65 77 17
49 69 4
68 82 1
7 72 14
26 85 8
42 66 19
0 69 12
19 82 8
60 83 12
34 67 6
53 80 19
72 93 14
37 72 17
56 85 18
9 10 10
14 88 18
46 77 8
5 39 2
49 82 12
7 85 6
48 86 16
20 24 15
23 29 4
41 83 9
60 96 10
13 21 15
25 75 1
44 88 7
16 26 18
2 91 13
34 80 2
37 85 1
78 86 7
97 99 2
8 27 1
27 40 16
11 32 12
30 45 2
71 83 19
90 96 6
29 86 5
48 99 14
20 37 8
4 29 14
23 42 7
41 96 4
25 88 16
15 43 7
59 86 7
18 48 18
78 99 19
17 89 8
8 40 4
27 53 2
11 45 14
71 96 4
30 58 1
29 99 7
3 46 2
22 59 18
38 40 19
15 56 16
18 61 14
59 99 1
33 46 12
52 59 10
10 62 15
1 13 7
45 56 17
3 59 14
22 72 1
40 62 20
33 59 6
52 72 4
10 75 13
51 76 17
28 65 7
47 78 1
0 3 13
5 81 19
21 62 2
40 75 5
14 22 1
32 76 5
51 89 8
35 81 9
7 19 14
26 32 4
67 70 11
70 75 19
9 65 16
28 78 13
47 91 16
0 16 9
5 94 5
2 25 2
21 75 5
62 76 15
81 89 14
20 79 12
39 92 19
23 84 17
14 35 17
13 76 14
32 89 18
16 81 17
35 94 2
76 95 20
6 36 12
9 78 1
50 79 17
69 92 16
27 95 6
2 38 12
62 89 19
20 92 17
4 84 8
23 97 14
13 89 18
16 94 5
57 95 17
29 33 5
15 98 20
6 49 15
50 92 10
8 95 6
25 35 4
24 39 12
84 90 17
43 52 6
87 95 4
1 55 2
4 97 18
45 98 19
17 36 6
36 49 8
38 95 11
31 55 3
75 98 14
24 52 9
43 65 9
1 68 13
17 49 20
19 58 13
12 55 15
31 68 15
5 15 2
46 53 16
65 66 5
49 58 12
68 71 1
26 74 4
58 63 18
42 55 20
61 68 4
0 58 5
19 71 17
12 68 12
53 69 6
72 82 3
56 74 13
46 66 17
5 28 7
65 79 3
49 71 4
68 84 3
7 74 20
26 87 12
42 68 6
0 71 7
41 72 7
60 85 15
44 77 3
34 69 2
53 82 9
37 74 1
56 87 2
9 12 5
14 90 17
27 29 3
30 34 5
71 72 9
7 87 17
48 88 9
20 26 18
4 18 1
23 31 19
41 85 20
60 98 20
25 77 9
13 23 3
44 90 4
16 28 20
2 93 4
34 82 3
37 87 6
78 88 10
36 91 9
8 29 5
27 42 9
11 34 5
30 47 12
71 85 19
90 98 10
29 88 13
4 31 4
23 44 18
22 48 1
25 90 11
66 91 18
15 45 5
59 88 6
18 50 6
17 91 7
8 42 7
11 47 15
1 2 11
3 48 18
22 61 1
38 42 13
15 58 17
18 63 8
33 48 17
52 61 6
10 64 12
45 58 16
3 61 10
47 67 16
21 51 3
40 64 2
33 61 3
10 77 15
51 78 8
7 8 17
28 67 12
47 80 17
0 5 18
5 83 9
21 64 8
40 77 18
39 81 2
14 24 8
74 75 2
13 65 10
32 78 16
51 91 5
16 70 7
35 83 19
7 21 8
70 77 14
9 67 2
28 80 12
69 81 2
5 96 20
2 27 2
62 78 4
81 91 8
20 81 7
39 94 6
23 86 13
14 37 18
13 78 9
32 91 18
16 83 4
35 96 7
76 97 18
6 38 3
9 80 11
50 81 17
69 94 20
8 84 12
27 97 10
11 89 19
2 40 14
62 91 8
20 94 20
4 86 4
23 99 16
17 25 13
36 38 10
38 84 18
57 97 1
29 35 3
6 51 15
50 94 14
91 95 13
8 97 17
24 41 11
43 54 18
84 92 18
1 57 20
87 97 11
4 99 18
17 38 15
36 51 13
38 97 10
12 44 8
31 57 15
24 54 5
1 70 12
42 44 19
19 60 1
10 11 6
12 57 8
31 70 7
5 17 15
46 55 1
65 68 3
49 60 5
68 73 16
7 63 8
26 76 7
58 65 6
42 57 9
61 70 18
0 60 18
19 73 16
60 74 1
34 58 19
53 71 3
72 84 16
37 63 18
56 76 17
14 79 17
46 68 13
5 30 10
49 73 9
7 76 17
26 89 19
0 73 1
41 74 19
60 87 5
44 79 4
16 17 8
34 71 11
53 84 14
37 76 20
56 89 19
9 14 20
14 92 11
27 31 15
71 74 10
30 36 14
29 77 12
48 90 12
20 28 16
6 93 18
39 41 5
4 20 6
23 33 20
83 84 17
41 87 12
25 79 11
44 92 1
85 93 18
16 30 2
2 95 19
15 34 1
18 39 3
59 77 15
78 90 16
36 93 18
8 31 17
27 44 7
11 36 18
71 87 4
30 49 14
29 90 11
4 33 12
22 50 14
25 92 12
66 93 18
15 47 12
18 52 5
59 90 8
17 93 8
8 44 19
11 49 2
10 53 4
1 4 9
54 96 6
45 47 6
3 50 19
22 63 8
40 53 16
33 50 15
52 63 17
10 66 9
3 63 4
47 69 17
5 72 16
21 53 18
40 66 11
33 63 18
32 67 18
51 80 10
35 72 7
7 10 19
9 56 9
28 69 12
47 82 4
0 7 6
5 85 9
21 66 12
62 67 17
39 83 15
14 26 18
74 77 5
13 67 12
32 80 16
51 93 15
16 72 7
35 85 6
7 23 17
6 27 1
9 69 2
28 82 19
69 83 2
27 86 2
30 91 16
2 29 13
62 80 12
81 93 1
20 83 15
39 96 14
4 75 16
23 88 6
13 80 12
16 85 13
57 86 20
76 99 1
6 40 5
50 83 16
69 96 8
8 86 3
27 99 17
25 26 15
11 91 4
2 42 18
20 96 16
4 88 6
17 27 6
36 40 5
38 86 13
57 99 20
29 37 18
31 46 7
50 96 4
91 97 20
8 99 20
24 43 19
43 56 13
84 94 20
1 59 19
87 99 10
17 40 2
38 99 1
12 46 13
31 59 18
24 56 11
42 46 1
0 49 12
19 62 13
10 13 15
54 56 16
12 59 3
53 60 14
72 73 4
46 57 20
5 19 12
65 70 20
49 62 14
68 75 1
7 65 16
26 78 17
42 59 17
0 62 10
19 75 19
60 76 4
34 60 11
53 73 2
72 86 15
37 65 4
56 78 16
14 81 16
46 70 9
5 32 4
49 75 2
7 78 4
26 91 19
41 76 5
60 89 1
25 68 7
13 14 18
44 81 18
16 19 14
2 84 11
34 73 6
37 78 4
78 79 9
9 16 3
14 94 8
55 95 5
8 20 3
27 33 5
11 25 10
30 38 7
71 76 5
29 79 20
48 92 11
20 30 5
6 95 2
4 22 19
23 35 18
41 89 6
25 81 13
44 94 4
85 95 2
2 97 3
15 36 20
18 41 14
59 79 16
78 92 11
36 95 7
8 33 20
27 46 1
11 38 7
71 89 16
30 51 20
29 92 3
4 35 16
3 39 6
22 52 16
66 95 12
24 98 9
15 49 9
18 54 1
59 92 3
17 95 19
33 39 5
10 55 3
54 98 9
1 6 8
45 49 6
3 52 15
22 65 20
40 55 14
33 52 18
52 65 5
10 68 14
51 69 11
28 58 3
47 71 20
5 74 9
21 55 7
40 68 14
14 15 19
32 69 19
51 82 12
35 74 8
7 12 11
9 58 2
28 71 14
47 84 12
0 9 4
5 87 17
21 68 2
62 69 4
81 82 19
20 72 8
39 85 8
23 77 18
14 28 18
74 79 2
13 69 6
32 82 12
16 74 13
35 87 18
76 88 16
6 29 1
9 71 9
50 72 6
69 85 4
27 88 5
30 93 20
2 31 8
62 82 14
20 85 9
39 98 13
4 77 19
23 90 3
13 82 1
16 87 3
57 88 20
15 91 6
18 96 19
6 42 15
50 85 18
69 98 10
8 88 17
25 28 12
11 93 12
24 32 1
43 45 17
1 48 11
87 88 4
4 90 7
45 91 2
17 29 18
36 42 17
38 88 14
31 48 2
91 99 14
75 91 20
24 45 7
84 96 19
43 58 9
1 61 1
17 42 8
12 48 1
31 61 14
5 8 2
49 51 19
26 67 16
42 48 10
0 51 15
19 64 5
12 61 18
53 62 4
72 75 20
56 67 20
5 21 13
46 59 1
65 72 14
49 64 13
68 77 12
7 67 14
26 80 14
42 61 9
0 64 13
60 78 15
34 62 10
53 75 17
37 67 11
56 80 13
14 83 13
7 80 11
48 81 12
4 11 11
23 24 3
41 78 15
60 91 10
13 16 15
25 70 1
44 83 4
16 21 14
2 86 19
34 75 14
37 80 9
78 81 15
14 96 8
55 97 9
8 22 17
27 35 1
11 27 18
30 40 2
71 78 7
90 91 9
29 81 14
48 94 5
20 32 6
6 97 2
4 24 12
23 37 6
22 41 17
25 83 4
44 96 10
85 97 20
2 99 3
15 38 6
59 81 3
18 43 16
78 94 11
17 84 5
36 97 11
8 35 12
11 40 18
29 94 17
3 41 3
22 54 12
66 97 6
15 51 7
18 56 5
59 94 11
17 97 1
33 41 19
52 54 1
10 57 2
45 51 18
3 54 11
47 60 3
21 44 8
40 57 19
33 54 20
10 70 19
51 71 16
28 60 14
47 73 3
5 76 9
21 57 1
40 70 13
39 74 14
14 17 9
13 58 7
32 71 5
51 84 9
16 63 14
35 76 3
7 14 18
9 60 2
28 73 7
69 74 12
5 89 16
2 20 17
62 71 3
81 84 16
20 74 5
39 87 12
23 79 5
14 30 3
13 71 17
32 84 8
16 76 10
35 89 20
76 90 18
6 31 3
9 73 13
50 74 16
69 87 4
8 77 14
27 90 15
11 82 18
30 95 12
2 33 7
62 84 9
20 87 14
4 79 10
23 92 20
64 93 20
17 18 2
38 77 17
57 90 11
15 93 19
18 98 10
6 44 11
50 87 15
8 90 13
11 95 4
24 34 4
84 85 6
43 47 8
87 90 11
1 50 15
4 92 11
45 93 20
17 31 12
36 44 14
3 96 11
38 90 15
31 50 10
75 93 18
33 96 15
24 47 14
84 98 11
1 63 16
19 53 20
63 96 15
12 50 9
31 63 13
46 48 5
5 10 15
49 53 2
26 69 1
42 50 17
61 63 20
0 53 8
19 66 9
53 64 9
72 77 12
56 69 1
14 72 17
5 23 19
46 61 6
49 66 3
68 79 2
7 69 15
26 82 12
0 66 5
41 67 6
60 80 17
44 72 14
34 64 4
53 77 19
37 69 16
56 82 12
14 85 11
7 82 3
48 83 8
20 21 19
6 86 15
4 13 18
23 26 11
41 80 20
60 93 14
13 18 10
25 72 16
44 85 20
16 23 14
2 88 1
15 27 1
18 32 16
78 83 7
36 86 20
55 99 2
8 24 20
27 37 13
11 29 10
30 42 12
71 80 11
29 83 10
48 96 7
6 99 6
4 26 10
22 43 5
25 85 2
66 86 7
85 99 3
15 40 1
18 45 15
59 83 8
78 96 18
17 86 15
36 99 4
8 37 12
11 42 7
10 46 14
29 96 3
3 43 13
22 56 16
66 99 17
40 46 19
17 99 19
33 43 16
52 56 8
10 59 12
3 56 16
47 62 5
5 65 14
21 46 11
40 59 2
33 56 9
32 60 12
51 73 19
35 65 13
9 49 16
28 62 2
47 75 7
5 78 9
21 59 9
39 76 17
14 19 6
13 60 18
32 73 19
51 86 12
16 65 7
35 78 14
7 16 6
9 62 14
28 75 15
69 76 9
27 79 9
30 84 8
2 22 19
62 73 3
81 86 5
20 76 11
39 89 18
4 68 19
23 81 9
14 32 12
13 73 10
16 78 13
57 79 7
76 92 10
6 33 4
50 76 10
69 89 3
8 79 14
27 92 3
11 84 18
30 97 2
2 35 4
20 89 20
4 81 6
23 94 15
64 95 7
17 20 4
38 79 18
57 92 14
29 30 3
15 95 16
6 46 6
50 89 19
8 92 5
94 95 19
11 97 1
52 98 19
24 36 6
43 49 13
84 87 15
87 92 14
1 52 7
45 95 2
17 33 19
3 98 17
38 92 20
79 93 2
82 98 16
12 39 16
31 52 17
75 95 10
33 98 14
24 49 19
1 65 17
19 55 13
63 98 11
12 52 9
31 65 16
5 12 15
46 50 11
49 55 1
7 58 18
26 71 5
42 52 14
0 55 12
19 68 20
60 69 17
34 53 1
53 66 20
72 79 2
37 58 4
56 71 15
14 74 4
5 25 7
46 63 5
49 68 4
7 71 11
26 84 8
0 68 6
41 69 12
60 82 8
44 74 16
2 77 2
34 66 4
53 79 5
37 71 18
56 84 16
14 87 13
55 88 4
8 13 10
11 18 10
30 31 5
29 72 1
48 85 4
20 23 20
6 88 19
4 15 4
23 28 19
41 82 2
25 74 8
44 87 17
85 88 19
2 90 6
15 29 3
59 72 6
18 34 1
78 85 7
97 98 20
36 88 7
8 26 11
27 39 15
11 31 17
71 82 12
30 44 11
29 85 16
48 98 9
4 28 19
3 32 9
22 45 3
25 87 3
66 88 7
24 91 17
15 42 9
18 47 17
59 85 9
78 98 12
17 88 5
10 48 7
54 91 6
3 45 20
22 58 6
40 48 11
33 45 16
52 58 20
10 61 13
51 62 20
28 51 6
47 64 16
5 67 16
21 48 3
40 61 12
32 62 3
51 75 18
35 67 5
9 51 15
28 64 8
47 77 13
0 2 18
5 80 16
21 61 3
20 65 14
39 78 8
23 70 11
14 21 4
13 62 8
32 75 8
16 67 14
35 80 19
76 81 15
6 22 14
9 64 8
50 65 7
69 78 12
27 81 14
30 86 2
2 24 5
62 75 17
20 78 3
39 91 5
4 70 6
23 83 1
13 75 17
16 80 4
57 81 12
76 94 15
15 84 12
6 35 7
50 78 7
69 91 5
8 81 15
27 94 5
11 86 7
30 99 9
2 37 13
1 41 20
4 83 5
45 84 2
64 97 7
17 22 7
38 81 14
57 94 17
15 97 18
31 41 2
91 92 18
75 84 4
8 94 19
94 97 8
11 99 2
24 38 15
84 89 12
43 51 18
1 54 10
87 94 8
45 97 12
17 35 7
38 94 17
79 95 4
12 41 14
31 54 1
75 97 19
24 51 12
67 98 20
26 60 8
0 44 15
19 57 11
12 54 6
53 55 6
56 60 8
46 52 14
5 14 11
49 57 3
68 70 15
7 60 15
26 73 14
42 54 7
0 57 15
19 70 1
60 71 5
34 55 17
53 68 11
72 81 10
37 60 3
56 73 2
14 76 1
46 65 14
49 70 7
7 73 13
48 74 9
41 71 11
60 84 7
25 63 3
44 76 16
2 79 8
34 68 14
37 73 20
14 89 10
55 90 3
8 15 7
27 28 9
11 20 15
30 33 4
29 74 8
48 87 20
20 25 9
6 90 4
4 17 15
23 30 18
22 34 3
41 84 15
25 76 19
44 89 13
85 90 15
2 92 13
43 93 18
15 31 15
59 74 16
18 36 7
78 87 5
17 77 14
36 90 1
8 28 16
11 33 15
71 84 20
29 87 1
73 93 6
3 34 3
22 47 19
66 90 9
24 93 5
15 44 4
18 49 18
59 87 20
17 90 15
33 34 14
10 50 11
54 93 19
12 96 5
3 47 10
47 53 1
21 37 10
40 50 14
42 96 16
33 47 4
10 63 15
51 64 8
28 53 9
47 66 11
5 69 8
21 50 12
40 63 19
13 51 18
32 64 11
51 77 9
16 56 14
35 69 3
9 53 12
28 66 8
5 82 4
2 13 1
62 64 14
20 67 3
39 80 11
23 72 14
14 23 2
13 64 7
32 77 1
16 69 16
35 82 16
76 83 9
6 24 6
9 66 11
50 67 10
69 80 2
8 70 17
27 83 7
30 88 12
2 26 12
62 77 18
20 80 6
4 72 20
23 85 3
38 70 5
57 83 11
76 96 12
15 86 11
18 91 18
6 37 18
50 80 10
8 83 17
27 96 17
11 88 5
24 27 8
1 43 7
4 85 18
45 86 8
64 99 15
17 24 18
36 37 16
38 83 20
57 96 8
15 99 5
31 43 19
91 94 11
75 86 14
94 99 3
24 40 20
84 91 12
43 53 9
87 96 1
1 56 12
45 99 17
17 37 19
19 46 4
79 97 16
63 89 1
12 43 17
31 56 7
75 99 1
26 62 4
42 43 3
0 46 19
19 59 4
12 56 16
53 57 19
56 62 7
14 65 3
5 16 2
46 54 5
65 67 11
49 59 12
68 72 11
7 62 1
26 75 13
42 56 2
0 59 11
41 60 10
60 73 14
44 65 5
34 57 15
53 70 9
37 62 4
56 75 10
14 78 3
7 75 4
48 76 6
6 79 17
4 6 11
41 73 19
60 86 4
25 65 4
44 78 12
2 81 3
15 20 8
34 70 6
18 25 15
37 75 8
36 79 13
55 92 13
8 17 17
27 30 8
11 22 9
71 73 8
30 35 20
29 76 16
48 89 1
6 92 6
4 19 6
22 36 13
25 78 2
66 79 16
85 92 20
2 94 10
43 95 4
15 33 1
1 98 1
59 76 8
18 38 19
78 89 15
17 79 9
36 92 7
8 30 9
11 35 10
29 89 5
73 95 17
31 98 9
3 36 2
22 49 15
66 92 6
24 95 15
59 89 15
17 92 12
58 93 10
61 98 12
33 36 11
10 52 8
54 95 2
12 98 12
3 49 17
88 93 17
47 55 2
21 39 13
40 52 18
42 98 16
33 49 16
32 53 17
51 66 12
9 42 6
28 55 18
47 68 10
5 71 13
21 52 20
39 69 12
13 53 17
32 66 7
51 79 16
16 58 14
35 71 20
7 9 20
9 55 10
28 68 16
5 84 18
2 15 11
62 66 13
20 69 17
39 82 17
23 74 8
14 25 16
13 66 18
16 71 18
76 85 8
6 26 2
50 69 9
69 82 11
8 72 14
27 85 4
11 77 4
30 90 14
2 28 15
20 82 6
4 74 7
23 87 19
64 88 12
38 72 5
57 85 15
76 98 17
15 88 9
18 93 16
6 39 14
50 82 10
8 85 6
27 98 4
11 90 5
24 29 10
1 45 11
45 88 2
17 26 8
3 91 16
36 39 8
38 85 1
79 86 4
98 99 11
12 32 20
31 45 14
91 96 1
75 88 13
33 91 4
24 42 9
1 58 15
19 48 8
79 99 8
63 91 7
12 45 2
31 58 17
7 51 1
26 64 16
42 45 16
0 48 8
19 61 13
60 62 18
34 46 9
53 59 17
37 51 4
56 64 13
14 67 15
46 56 1
5 18 12
49 61 14
7 64 14
26 77 6
0 61 1
41 62 6
60 75 16
44 67 14
2 70 17
34 59 6
53 72 16
37 64 3
56 77 14
14 80 5
55 81 5
29 65 4
48 78 16
6 81 14
4 8 19
41 75 5
25 67 12
44 80 2
2 83 8
15 22 2
59 65 13
18 27 11
36 81 9
55 94 16
8 19 13
27 32 13
11 24 6
30 37 6
71 75 9
29 78 4
48 91 13
6 94 10
4 21 7
22 38 1
25 80 13
66 81 15
85 94 13
24 84 6
43 97 13
15 35 16
59 78 1
18 40 5
78 91 19
17 81 3
36 94 18
77 95 16
10 41 7
54 84 4
73 97 6
3 38 17
22 51 19
66 94 12
24 97 8
40 41 10
17 94 9
58 95 3
33 38 10
10 54 13
54 97 16
47 57 10
88 95 15
5 60 13
46 98 13
21 41 2
40 54 19
32 55 20
51 68 9
35 60 4
9 44 12
28 57 4
47 70 17
5 73 9
21 54 14
39 71 20
13 55 12
32 68 1
51 81 6
16 60 5
35 73 20
7 11 1
6 15 5
9 57 14
50 58 7
69 71 10
27 74 12
30 79 15
2 17 13
62 68 17
20 71 8
39 84 17
4 63 11
23 76 16
13 68 20
16 73 8
57 74 13
76 87 7
6 28 19
50 71 1
69 84 11
8 74 6
27 87 16
11 79 12
30 92 2
2 30 12
1 34 18
4 76 7
23 89 11
64 90 20
22 93 4
38 74 5
57 87 16
15 90 3
18 95 9
31 34 7
8 87 2
11 92 18
52 93 5
24 31 10
43 44 7
1 47 9
45 90 10
17 28 16
3 93 12
38 87 18
79 88 16
82 93 10
12 34 15
31 47 13
91 98 11
75 90 16
33 93 4
24 44 13
26 53 12
0 37 11
19 50 15
63 93 8
21 96 7
12 47 8
5 7 18
49 50 2
7 53 17
26 66 12
42 47 13
0 50 16
19 63 7
60 64 15
34 48 16
53 61 10
72 74 11
37 53 17
56 66 16
14 69 16
46 58 6
49 63 15
7 66 5
48 67 16
41 64 20
60 77 10
25 56 19
44 69 15
2 72 1
34 61 7
37 66 19
14 82 12
55 83 16
11 13 15
29 67 16
48 80 4
6 83 13
4 10 20
41 77 4
25 69 5
44 82 1
2 85 18
43 86 5
15 24 5
18 29 13
59 67 11
78 80 15
17 70 18
36 83 15
55 96 3
8 21 4
11 26 18
71 77 11
29 80 15
73 86 13
6 96 4
3 27 4
22 40 13
66 83 17
85 96 3
24 86 3
43 99 8
15 37 4
59 80 16
18 42 3
17 83 9
36 96 15
77 97 13
10 43 12
54 86 10
73 99 13
12 89 9
3 40 14
22 53 11
66 96 11
24 99 4
40 43 12
58 97 2
42 89 19
33 40 20
10 56 13
51 57 11
54 99 4
28 46 15
88 97 8
47 59 15
5 62 14
21 43 13
40 56 16
32 57 15
51 70 4
35 62 13
9 46 16
28 59 8
47 72 2
5 75 2
2 6 18
20 60 9
39 73 19
23 65 7
14 16 1
13 57 1
32 70 4
16 62 17
35 75 20
6 17 19
9 59 1
50 60 18
69 73 4
27 76 8
30 81 12
2 19 14
62 70 5
20 73 1
39 86 9
4 65 4
23 78 11
16 75 5
57 76 13
76 89 2
15 79 1
18 84 11
6 30 11
50 73 14
69 86 18
8 76 14
27 89 1
11 81 15
30 94 4
1 36 14
4 78 11
45 79 4
64 92 10
22 95 12
38 76 16
57 89 19
15 92 14
18 97 2
31 36 20
75 79 1
8 89 19
11 94 8
52 95 5
24 33 2
43 46 12
10 98 5
87 89 13
1 49 6
45 92 7
17 30 19
3 95 9
19 39 19
79 90 11
82 95 20
40 98 13
12 36 20
31 49 5
75 92 9
33 95 2
67 93 1
26 55 1
70 98 4
0 39 18
19 52 15
63 95 19
21 98 7
12 49 12
14 58 1
46 47 13
5 9 19
49 52 5
7 55 13
26 68 7
42 49 5
0 52 5
41 53 4
60 66 19
44 58 19
34 50 6
53 63 15
37 55 11
56 68 8
14 71 7
7 68 5
48 69 5
6 72 13
41 66 5
60 79 19
25 58 12
44 71 15
2 74 19
34 63 3
37 68 2
36 72 13
55 85 12
8 10 13
11 15 2
29 69 11
48 82 5
6 85 1
4 12 7
22 29 11
25 71 6
66 72 12
2 87 18
43 88 9
15 26 1
18 31 19
59 69 13
78 82 12
17 72 14
36 85 20
55 98 18
8 23 5
11 28 1
29 82 13
73 88 19
31 91 4
3 29 15
22 42 14
66 85 19
85 98 14
24 88 4
15 39 16
18 44 10
59 82 5
17 85 9
58 86 15
77 99 6
61 91 7
10 45 2
54 88 15
12 91 12
3 42 6
47 48 10
21 32 16
40 45 9
58 99 16
42 91 15
0 94 7
33 42 7
10 58 9
51 59 16
28 48 3
47 61 9
88 99 13
5 64 3
21 45 15
40 58 7
39 62 2
13 46 13
32 59 6
51 72 11
16 51 3
35 64 5
9 48 1
28 61 19
5 77 10
2 8 14
20 62 19
39 75 6
23 67 20
14 18 17
13 59 14
32 72 4
16 64 13
35 77 11
76 78 10
6 19 16
9 61 8
50 62 4
69 75 16
8 65 5
27 78 20
11 70 12
30 83 8
2 21 19
20 75 6
4 67 12
23 80 6
64 81 19
38 65 4
57 78 15
76 91 16
15 81 3
6 32 19
18 86 12
50 75 4
8 78 13
27 91 6
11 83 10
30 96 9
1 38 15
4 80 3
45 81 4
64 94 9
17 19 11
3 84 10
22 97 7
38 78 16
57 91 6
15 94 20
18 99 1
12 25 12
31 38 8
75 81 3
33 84 16
52 97 15
24 35 6
1 51 16
87 91 2
45 94 20
86 95 17
3 97 12
19 41 11
79 92 3
63 84 1
82 97 10
12 38 12
31 51 15
75 94 2
33 97 13
7 44 13
67 95 2
26 57 9
0 41 19
19 54 2
63 97 15
34 39 16
37 44 1
56 57 5
14 60 20
5 11 15
46 49 17
49 54 3
7 57 13
26 70 4
0 54 10
41 55 17
60 68 5
44 60 1
2 63 14
34 52 13
53 65 11
37 57 4
56 70 2
14 73 17
55 74 5
29 58 8
48 71 12
6 74 20
41 68 12
25 60 7
44 73 14
2 76 6
18 20 16
36 74 15
55 87 2
8 12 4
11 17 20
29 71 7
48 84 1
6 87 5
4 14 15
22 31 20
25 73 12
66 74 4
85 87 3
24 77 14
43 90 16
15 28 13
1 93 1
59 71 8
18 33 17
78 84 20
17 74 19
36 87 18
77 88 9
11 30 11
10 34 20
54 77 2
73 90 6
31 93 10
3 31 14
22 44 20
66 87 4
24 90 17
17 87 1
58 88 7
61 93 13
10 47 4
54 90 13
12 93 8
3 44 15
47 50 13
5 53 16
46 91 6
49 96 7
21 34 10
40 47 7
42 93 9
0 96 16
33 44 1
32 48 16
51 61 12
35 53 19
9 37 18
28 50 10
47 63 8
5 66 14
21 47 1
39 64 17
13 48 14
32 61 2
51 74 5
16 53 4
35 66 8
6 8 14
9 50 1
28 63 18
27 67 7
30 72 5
2 10 10
20 64 4
39 77 11
4 56 16
23 69 8
13 61 16
16 66 3
57 67 15
76 80 2
6 21 9
50 64 8
69 77 16
8 67 8
27 80 4
11 72 12
30 85 16
2 23 20
1 27 11
20 77 10
4 69 7
23 82 11
64 83 8
22 86 8
38 67 13
57 80 4
76 93 12
15 83 20
18 88 5
50 77 20
8 80 4
11 85 14
52 86 6
1 40 5
45 83 18
64 96 9
17 21 17
3 86 3
22 99 8
38 80 1
79 81 3
82 86 2
15 96 13
12 27 9
31 40 8
75 83 10
94 96 19
33 86 8
52 99 13
24 37 1
45 96 2
86 97 20
3 99 13
0 30 13
19 43 20
79 94 12
63 86 13
82 99 16
21 89 17
12 40 17
75 96 10
33 99 20
7 46 4
26 59 16
67 97 6
0 43 10
19 56 18
63 99 2
34 41 19
53 54 14
37 46 12
56 59 16
14 62 5
46 51 11
5 13 10
49 56 13
7 59 9
48 60 4
41 57 11
60 70 1
25 49 7
44 62 3
2 65 7
34 54 5
37 59 15
14 75 9
55 76 14
29 60 13
48 73 5
6 76 6
41 70 3
25 62 4
44 75 7
2 78 14
15 17 9
59 60 8
18 22 8
17 63 7
36 76 11
55 89 17
8 14 18
11 19 7
30 32 1
29 73 20
73 79 4
6 89 12
4 16 1
3 20 18
22 33 8
66 76 14
85 89 16
24 79 16
43 92 1
15 30 19
1 95 2
18 35 14
59 73 8
17 76 17
36 89 17
77 90 9
80 95 14
10 36 16
54 79 6
73 92 15
31 95 8
3 33 1
22 46 1
66 89 8
24 92 1
58 90 7
42 82 11
61 95 18
19 98 11
10 49 3
54 92 14
12 95 10
28 39 18
47 52 19
88 90 19
5 55 20
46 93 20
49 98 4
21 36 6
40 49 16
42 95 19
0 98 15
32 50 18
51 63 16
35 55 11
9 39 7
28 52 16
47 65 20
5 68 17
21 49 20
20 53 16
39 66 12
23 58 11
13 50 13
32 63 11
16 55 17
35 68 18
6 10 1
9 52 2
50 53 6
27 69 2
30 74 15
2 12 16
62 63 3
20 66 19
39 79 1
4 58 9
23 71 5
13 63 9
16 68 16
57 69 1
76 82 18
15 72 14
18 77 10
6 23 20
50 66 15
69 79 17
8 69 3
27 82 20
11 74 12
30 87 20
1 29 12
4 71 3
45 72 19
64 85 10
22 88 3
38 69 18
57 82 4
15 85 10
18 90 7
8 82 16
11 87 14
52 88 11
24 26 19
10 91 7
1 42 19
45 85 5
64 98 18
17 23 1
3 88 15
19 32 13
38 82 11
79 83 14
82 88 12
40 91 16
12 29 20
31 42 6
91 93 9
75 85 17
94 98 17
33 88 10
26 48 12
67 86 9
86 99 16
70 91 10
0 32 2
19 45 2
79 96 7
63 88 18
21 91 18
12 42 16
7 48 19
26 61 13
67 99 9
9 94 4
0 45 18
41 46 12
34 43 8
53 56 18
37 48 6
56 61 3
14 64 1
7 61 7
48 62 12
41 59 4
60 72 10
25 51 8
44 64 7
2 67 2
34 56 5
37 61 18
14 77 7
55 78 8
29 62 7
48 75 20
6 78 7
4 5 16
25 64 8
2 80 13
43 81 13
15 19 14
18 24 14
59 62 1
17 65 1
36 78 5
55 91 2
8 16 4
11 21 17
29 75 19
73 81 16
6 91 20
3 22 14
22 35 10
66 78 1
85 91 3
24 81 13
43 94 10
15 32 1
1 97 6
18 37 3
59 75 7
17 78 20
77 92 5
80 97 14
10 38 18
54 81 4
73 94 18
12 84 10
31 97 16
3 35 1
24 94 13
65 95 15
21 25 1
58 92 14
42 84 2
61 97 1
33 35 4
10 51 16
51 52 14
54 94 13
12 97 10
28 41 13
47 54 14
88 92 2
46 95 1
5 57 1
21 38 18
40 51 1
39 55 11
42 97 15
13 39 4
32 52 6
51 65 6
16 44 12
35 57 12
34 98 9
9 41 1
28 54 9
5 70 5
20 55 1
39 68 9
23 60 2
13 52 9
32 65 12
16 57 14
35 70 20
6 12 17
9 54 15
50 55 4
8 58 6
27 71 16
11 63 16
30 76 18
2 14 1
62 65 2
20 68 15
4 60 12
23 73 12
64 74 6
38 58 3
57 71 17
76 84 17
15 74 11
18 79 2
6 25 18
50 68 12
8 71 14
27 84 2
11 76 16
30 89 16
1 31 8
4 73 20
45 74 18
64 87 12
3 77 6
22 90 8
38 71 18
57 84 9
15 87 8
18 92 16
12 18 2
33 77 5
52 90 6
24 28 15
10 93 11
1 44 7
45 87 20
86 88 12
3 90 11
89 93 18
19 34 20
79 85 18
63 77 7
82 90 15
40 93 1
12 31 9
31 44 14
75 87 15
33 90 12
26 50 18
67 88 7
70 93 7
28 96 12
0 34 15
19 47 13
79 98 17
63 90 16
21 93 2
14 53 13
7 50 5
26 63 3
9 96 13
0 47 3
41 48 13
60 61 3
44 53 20
34 45 19
53 58 15
37 50 5
56 63 2
14 66 17
48 64 4
6 67 10
41 61 14
25 53 15
44 66 20
2 69 19
36 67 6
55 80 18
29 64 15
48 77 12
6 80 7
4 7 10
22 24 13
25 66 6
66 67 7
2 82 4
43 83 1
15 21 5
1 86 8
18 26 5
59 64 8
17 67 20
36 80 18
55 93 12
8 18 19
11 23 5
10 27 13
73 83 11
31 86 20
3 24 17
22 37 3
66 80 7
24 83 19
43 96 5
1 99 12
17 80 5
58 81 13
77 94 19
61 86 18
80 99 1
10 40 7
54 83 13
73 96 19
12 86 7
31 99 16
3 37 3
5 46 10
24 96 4
65 97 5
21 27 16
58 94 9
42 86 10
61 99 20
33 37 4
0 89 3
32 41 17
51 54 3
35 46 4
95 97 12
12 99 12
9 30 19
28 43 2
88 94 11
47 56 16
5 59 20
46 97 11
21 40 17
39 57 13
42 99 19
13 41 6
32 54 1
51 67 15
16 46 7
35 59 16
9 43 19
28 56 9
27 60 11
30 65 19
2 3 15
20 57 15
39 70 8
4 49 11
23 62 18
13 54 12
16 59 10
57 60 8
6 14 1
50 57 5
69 70 19
8 60 16
27 73 16
11 65 12
30 78 4
2 16 19
20 70 12
4 62 12
23 75 3
64 76 1
22 79 17
38 60 6
57 73 3
76 86 11
15 76 3
18 81 10
50 70 13
8 73 2
11 78 1
52 79 2
1 33 20
45 76 1
64 89 15
3 79 7
22 92 7
38 73 17
15 89 17
18 94 17
12 20 3
31 33 5
75 76 14
33 79 20
52 92 7
24 30 5
10 95 4
1 46 19
45 89 19
86 90 16
3 92 7
89 95 18
47 98 5
19 36 9
79 87 7
63 79 20
82 92 7
21 82 12
40 95 7
12 33 15
75 89 16
33 92 3
74 93 16
7 39 12
67 90 10
26 52 15
70 95 2
28 98 18
0 36 7
19 49 11
63 92 4
21 95 9
37 39 8
14 55 3
13 96 3
5 6 9
7 52 3
26 65 1
9 98 16
41 50 20
60 63 8
44 55 2
2 58 7
34 47 11
37 52 9
56 65 5
14 68 3
55 69 8
29 53 1
48 66 18
6 69 1
41 63 15
25 55 12
44 68 1
2 71 7
36 69 16
55 82 3
11 12 1
29 66 20
48 79 7
6 82 4
4 9 15
3 13 11
22 26 9
66 69 15
24 72 2
43 85 17
15 23 5
1 88 13
18 28 2
59 66 20
17 69 7
36 82 8
77 83 16
80 88 10
10 29 6
54 72 16
73 85 14
31 88 11
3 26 2
22 39 2
66 82 9
24 85 18
43 98 7
17 82 14
58 83 9
77 96 8
61 88 11
19 91 17
10 42 6
54 85 14
73 98 10
12 88 6
28 32 8
46 86 12
5 48 15
65 99 6
49 91 8
21 29 6
40 42 10
58 96 17
42 88 13
0 91 13
32 43 1
51 56 9
35 48 20
95 99 14
9 32 11
28 45 3
88 96 11
47 58 17
46 99 18
5 61 17
21 42 14
20 46 14
39 59 6
23 51 19
13 43 12
32 56 14
16 48 2
35 61 6
9 45 15
27 62 10
30 67 11
2 5 7
20 59 5
39 72 13
4 51 20
23 64 6
13 56 17
16 61 14
57 62 5
15 65 11
18 70 4
6 16 9
50 59 14
69 72 11
8 62 17
27 75 9
11 67 6
30 80 8
2 18 10
1 22 14
4 64 8
45 65 20
64 78 6
22 81 15
38 62 7
57 75 11
15 78 9
18 83 18
8 75 15
11 80 14
52 81 4
1 35 3
45 78 19
64 91 8
3 81 13
22 94 13
38 75 11
40 84 14
12 22 14
31 35 16
75 78 18
33 81 3
52 94 11
93 95 16
10 97 2
26 41 19
67 79 16
86 92 3
70 84 13
3 94 17
89 97 13
0 25 11
19 38 10
79 89 6
63 81 9
82 94 10
21 84 2
40 97 7
12 35 12
33 94 3
74 95 7
32 98 3
7 41 5
67 92 4
26 54 13
70 97 3
9 87 3
0 38 12
19 51 19
63 94 11
21 97 7
62 98 9
34 36 20
37 41 2
14 57 20
13 98 20
7 54 4
48 55 15
92 98 19
41 52 10
60 65 10
25 44 9
44 57 9
2 60 17
34 49 2
37 54 19
14 70 9
55 71 15
29 55 11
48 68 19
6 71 16
41 65 15
25 57 2
44 70 6
2 73 2
43 74 19
17 58 4
36 71 17
55 84 5
8 9 11
11 14 2
29 68 19
73 74 8
6 84 18
3 15 1
22 28 10
66 71 8
24 74 15
43 87 17
15 25 3
1 90 6
18 30 13
59 68 16
17 71 19
36 84 15
77 85 18
80 90 19
10 31 12
54 74 9
73 87 18
12 77 17
31 90 11
3 28 11
66 84 13
24 87 15
65 88 4
68 93 10
58 85 17
77 98 18
42 77 7
61 90 6
19 93 16
10 44 12
54 87 20
12 90 14
28 34 20
5 50 6
46 88 19
49 93 17
21 31 5
40 44 17
7 96 19
39 48 1
58 98 18
42 90 9
0 93 11
13 32 5
32 45 10
51 58 14
16 37 4
35 50 10
34 91 18
37 96 14
9 34 12
28 47 15
88 98 12
5 63 10
20 48 9
39 61 5
23 53 15
13 45 17
32 58 16
16 50 10
35 63 7
9 47 15
8 51 17
27 64 15
11 56 19
30 69 9
2 7 18
20 61 2
4 53 19
23 66 15
64 67 14
38 51 3
57 64 20
76 77 11
15 67 20
18 72 7
6 18 13
50 61 12
8 64 16
27 77 6
11 69 6
30 82 6
1 24 10
4 66 17
45 67 10
64 80 2
3 70 3
22 83 15
38 64 10
57 77 19
15 80 18
18 85 8
33 70 1
52 83 12
10 86 4
1 37 19
45 80 2
3 83 17
22 96 15
19 27 20
63 70 18
82 83 3
40 86 14
12 24 4
31 37 1
75 80 19
33 83 5
52 96 8
93 97 3
10 99 2
67 81 12
26 43 10
86 94 17
70 86 12
89 99 9
0 27 19
19 40 3
79 91 4
63 83 20
82 96 15
21 86 9
40 99 19
12 37 18
14 46 7
74 97 10
7 43 2
26 56 12
67 94 16
70 99 17
9 89 16
0 40 2
44 46 2
21 99 4
34 38 19
37 43 12
14 59 2
7 56 5
48 57 18
6 60 15
41 54 17
60 67 20
25 46 16
44 59 12
2 62 16
34 51 15
37 56 1
36 60 19
55 73 16
29 57 9
48 70 17
6 73 3
25 59 17
2 75 9
43 76 11
1 79 20
18 19 4
17 60 12
36 73 14
55 86 18
8 11 6
11 16 8
10 20 7
29 70 13
73 76 15
31 79 8
3 17 3
22 30 8
66 73 13
85 86 9
24 76 16
43 89 16
1 92 20
59 70 10
17 73 8
58 74 13
77 87 2
61 79 16
80 92 19
10 33 19
54 76 14
73 89 7
12 79 12
31 92 8
3 30 12
24 89 2
65 90 9
68 95 17
26 98 14
58 87 6
42 79 15
61 92 1
0 82 20
19 95 1
32 34 18
35 39 6
54 89 18
12 92 12
53 93 3
56 98 14
9 23 9
28 36 11
47 49 3
5 52 17
46 90 2
49 95 5
21 33 10
7 98 6
39 50 10
42 92 15
83 93 14
0 95 11
13 34 1
32 47 11
51 60 19
16 39 7
35 52 15
34 93 8
37 98 7
9 36 18
28 49 5
20 50 5
39 63 9
4 42 12
23 55 16
13 47 12
16 52 8
6 7 7
8 53 17
27 66 10
11 58 18
30 71 3
2 9 6
20 63 10
4 55 15
23 68 15
64 69 1
38 53 10
57 66 5
76 79 14
15 69 14
18 74 16
6 20 11
50 63 16
8 66 12
11 71 9
1 26 18
45 69 6
64 82 16
3 72 9
22 85 1
38 66 1
15 82 1
18 87 4
12 13 10
33 72 14
52 85 12
10 88 5
1 39 7
45 82 7
3 85 1
22 98 12
19 29 15
79 80 12
63 72 11
82 85 13
40 88 5
12 26 6
31 39 2
75 82 15
33 85 12
74 86 5
93 99 17
7 32 4
67 83 16
26 45 3
86 96 15
70 88 4
28 91 9
0 29 5
19 42 3
63 85 14
21 88 11
14 48 14
74 99 13
7 45 4
67 96 14
26 58 16
9 91 3
0 42 19
41 43 12
44 48 15
2 51 9
34 40 2
37 45 7
56 58 17
14 61 18
55 62 19
29 46 5
48 59 8
6 62 6
41 56 18
25 48 15
44 61 13
2 64 3
36 62 17
55 75 12
29 59 6
48 72 15
6 75 4
3 6 14
25 61 2
24 65 17
43 78 4
15 16 5
1 81 13
18 21 18
17 62 12
36 75 12
80 81 2
10 22 6
54 65 9
73 78 7
31 81 14
3 19 8
22 32 3
66 75 20
24 78 19
43 91 12
1 94 14
17 75 3
58 76 15
77 89 5
61 81 3
80 94 16
19 84 13
10 35 14
54 78 12
73 91 7
12 81 12
31 94 3
72 95 11
5 41 15
46 79 7
65 92 15
49 84 18
68 97 6
21 22 20
58 89 17
42 81 12
61 94 10
0 84 6
19 97 20
32 36 5
35 41 1
12 94 11
53 95 18
9 25 1
28 38 11
88 89 17
47 51 12
46 92 12
5 54 16
49 97 13
21 35 18
20 39 4
39 52 8
42 94 2
83 95 11
0 97 6
41 98 9
13 36 4
32 49 5
16 41 18
35 54 19
34 95 4
9 38 9
27 55 11
30 60 11
71 98 12
20 52 9
39 65 7
4 44 8
23 57 13
13 49 7
16 54 9
6 9 7
50 52 7
8 55 14
27 68 4
11 60 19
30 73 17
2 11 7
1 15 2
4 57 14
64 71 11
22 74 18
38 55 11
57 68 6
15 71 13
18 76 17
8 68 18
11 73 14
52 74 15
1 28 7
45 71 8
64 84 20
3 74 18
22 87 17
38 68 15
18 89 5
12 15 14
33 74 18
52 87 3
24 25 18
10 90 12
67 72 12
26 34 8
3 87 20
89 90 11
47 93 13
0 18 4
19 31 8
79 82 15
63 74 14
82 87 7
21 77 19
40 90 20
12 28 3
33 87 8
74 88 1
7 34 4
26 47 19
67 85 17
86 98 17
70 90 4
28 93 12
0 31 14
19 44 13
63 87 2
21 90 4
14 50 15
13 91 11
16 96 8
7 47 13
9 93 13
41 45 15
25 37 7
44 50 11
2 53 11
34 42 13
37 47 19
14 63 8
55 64 4
29 48 6
48 61 17
6 64 18
41 58 10
25 50 9
44 63 15
2 66 1
43 67 14
17 51 8
36 64 16
55 77 11
29 61 15
6 77 8
3 8 14
24 67 1
43 80 8
15 18 1
1 83 19
59 61 20
18 23 6
17 64 7
36 77 13
77 78 2
80 83 16
10 24 7
54 67 12
73 80 11
12 70 8
31 83 11
3 21 1
66 77 18
24 80 19
65 81 6
68 86 6
1 96 17
58 78 13
77 91 7
42 70 7
61 83 10
80 96 8
19 86 18
10 37 4
54 80 4
12 83 18
31 96 17
72 97 8
46 81 17
5 43 8
65 94 5
49 86 12
68 99 11
21 24 6
7 89 13
58 91 20
42 83 1
61 96 1
0 86 11
19 99 9
13 25 6
32 38 4
35 43 4
34 84 16
53 97 11
37 89 4
9 27 3
28 40 12
88 91 4
5 56 3
46 94 10
49 99 7
20 41 8
39 54 3
23 46 8
83 97 13
0 99 12
13 38 5
32 51 2
16 43 15
35 56 6
34 97 15
9 40 7
27 57 14
30 62 3
20 54 15
39 67 15
4 46 7
23 59 14
38 44 17
15 60 2
6 11 19
18 65 17
50 54 1
8 57 16
27 70 16
11 62 16
30 75 6
1 17 3
4 59 20
45 60 17
64 73 20
22 76 3
38 57 7
57 70 12
15 73 4
18 78 8
11 75 9
52 76 20
10 79 11
1 30 4
45 73 15
64 86 1
3 76 19
22 89 3
19 20 9
40 79 13
12 17 16
33 76 20
52 89 13
10 92 12
67 74 18
26 36 20
86 87 10
70 79 3
3 89 9
89 92 4
47 95 19
0 20 6
19 33 12
79 84 19
5 98 13
63 76 11
82 89 4
21 79 7
40 92 16
12 30 16
14 39 3
33 89 7
74 90 18
32 93 14
35 98 5
7 36 9
67 87 16
26 49 11
70 92 17
9 82 11
28 95 4
0 33 20
21 92 6
62 93 7
14 52 8
13 93 15
16 98 2
7 49 19
48 50 13
6 53 13
92 93 4
9 95 14
41 47 8
25 39 11
44 52 6
2 55 14
34 44 15
37 49 19
36 53 9
55 66 1
29 50 10
48 63 20
6 66 18
25 52 19
2 68 8
43 69 17
1 72 18
17 53 3
36 66 7
55 79 19
29 63 17
31 72 13
3 10 5
22 23 16
24 69 1
43 82 12
1 85 18
59 63 12
17 66 2
58 67 3
77 80 10
61 72 13
80 85 18
10 26 15
54 69 8
73 82 11
12 72 12
31 85 7
3 23 1
24 82 8
65 83 19
68 88 6
58 80 2
77 93 17
42 72 15
61 85 14
80 98 20
0 75 6
19 88 2
10 39 7
54 82 2
12 85 19
53 86 1
72 99 9
56 91 9
28 29 12
5 45 4
46 83 18
65 96 14
49 88 19
21 26 4
7 91 18
39 43 6
42 85 10
83 86 7
0 88 11
13 27 3
32 40 2
51 53 6
16 32 9
35 45 11
95 96 4
34 86 10
53 99 13
37 91 1
9 29 8
28 42 17
5 58 20
46 96 7
20 43 9
39 56 5
23 48 15
83 99 1
13 40 2
25 94 16
16 45 19
35 58 12
34 99 14
8 46 13
27 59 16
11 51 17
30 64 4
20 56 20
4 48 16
23 61 20
38 46 2
57 59 11
15 62 1
18 67 3
6 13 5
50 56 7
8 59 18
27 72 7
11 64 17
30 77 19
1 19 11
4 61 18
45 62 19
64 75 15
3 65 1
22 78 18
38 59 13
57 72 14
15 75 16
18 80 18
33 65 9
52 78 19
10 81 14
1 32 5
45 75 3
3 78 17
22 91 20
19 22 15
63 65 11
40 81 17
12 19 14
31 32 5
33 78 1
52 91 7
10 94 11
51 95 9
7 25 20
26 38 17
67 76 3
86 89 16
70 81 19
89 94 19
28 84 20
47 97 20
0 22 17
19 35 16
63 78 10
82 91 12
21 81 15
40 94 2
81 95 3
14 41 7
74 92 4
32 95 1
7 38 19
26 51 12
67 89 18
70 94 2
9 84 10
28 97 17
0 35 9
2 44 10
21 94 4
62 95 11
20 98 8
37 38 10
14 54 5
13 95 14
29 39 9
48 52 2
6 55 9
92 95 16
9 97 18
50 98 20
41 49 18
25 41 4
44 54 19
2 57 1
36 55 13
55 68 1
29 52 4
48 65 12
6 68 11
25 54 14
24 58 13
43 71 11
1 74 8
17 55 7
36 68 9
10 15 15
54 58 12
31 74 14
3 12 10
22 25 1
66 68 13
24 71 15
43 84 6
1 87 15
17 68 20
58 69 6
77 82 17
61 74 10
80 87 13
19 77 3
10 28 12
54 71 11
73 84 12
12 74 19
31 87 18
72 88 5
3 25 8
46 72 11
5 34 20
65 85 20
49 77 13
68 90 4
26 93 20
58 82 12
42 74 17
61 87 13
0 77 15
19 90 9
12 87 18
53 88 18
56 93 5
9 18 11
28 31 14
5 47 16
46 85 2
65 98 2
49 90 6
21 28 10
7 93 10
39 45 6
42 87 17
83 88 20
0 90 11
41 91 8
13 29 13
32 42 3
51 55 16
16 34 13
35 47 10
95 98 9
34 88 14
37 93 15
9 31 1
28 44 7
27 48 6
71 91 1
30 53 12
20 45 16
39 58 2
4 37 17
23 50 12
13 42 5
25 96 19
16 47 7
8 48 20
27 61 3
11 53 4
30 66 12
2 4 16
1 8 8
20 58 12
4 50 15
23 63 10
22 67 11
38 48 15
57 61 18
15 64 10
18 69 16
8 61 15
11 66 8
52 67 4
1 21 7
45 64 8
64 77 16
3 67 6
22 80 3
38 61 8
15 77 18
18 82 10
33 67 3
52 80 10
10 83 6
26 27 7
45 77 7
3 80 10
47 86 9
0 11 3
19 24 5
63 67 12
21 70 7
40 83 14
12 21 4
75 77 11
33 80 16
74 81 9
93 94 18
10 96 6
51 97 4
7 27 1
67 78 8
26 40 17
86 91 16
70 83 6
89 96 7
28 86 14
47 99 17
0 24 17
19 37 1
63 80 5
21 83 11
40 96 6
81 97 3
14 43 1
74 94 2
13 84 7
32 97 6
16 89 7
7 40 14
67 91 8
70 96 9
9 86 17
28 99 9
25 30 6
2 46 13
62 97 8
34 35 3
37 40 2
14 56 10
55 57 16
13 97 20
29 41 19
48 54 8
6 57 5
92 97 11
9 99 7
41 51 20
25 43 15
44 56 8
2 59 14
43 60 7
17 44 4
36 57 6
55 70 1
29 54 19
6 70 1
24 60 1
43 73 8
1 76 5
17 57 4
36 70 17
10 17 6
54 60 3
12 63 16
31 76 9
3 14 10
22 27 2
66 70 14
24 73 5
65 74 12
1 89 20
58 71 6
77 84 6
42 63 4
61 76 10
80 89 20
19 79 2
10 30 8
54 73 18
12 76 11
31 89 11
72 90 10
46 74 20
5 36 13
65 87 16
49 79 12
68 92 16
26 95 3
58 84 10
42 76 1
61 89 1
0 79 20
19 92 11
35 36 8
34 77 8
53 90 14
37 82 17
56 95 13
9 20 7
28 33 11
14 98 20
5 49 14
46 87 7
49 92 18
90 93 13
21 30 11
7 95 12
20 34 15
39 47 5
23 39 13
83 90 18
0 92 2
41 93 19
13 31 17
44 98 17
32 44 9
16 36 17
35 49 16
34 90 18
37 95 12
9 33 5
27 50 3
71 93 14
30 55 9
20 47 13
39 60 3
4 39 20
23 52 15
13 44 4
25 98 15
16 49 3
15 53 13
59 96 1
18 58 18
8 50 14
27 63 15
11 55 18
30 68 5
1 10 8
4 52 18
45 53 3
64 66 14
22 69 12
38 50 16
57 63 14
15 66 8
18 71 9
8 63 14
11 68 15
52 69 15
10 72 10
1 23 20
45 66 4
64 79 12
3 69 13
22 82 2
38 63 6
40 72 8
33 69 20
52 82 2
10 85 3
26 29 3
70 72 8
3 82 20
47 88 11
0 13 13
19 26 3
5 91 10
63 69 11
21 72 5
40 85 5
12 23 5
33 82 8
74 83 8
93 96 3
32 86 10
51 99 13
35 91 12
7 29 4
26 42 2
67 80 10
86 93 5
70 85 15
89 98 11
9 75 17
28 88 3
0 26 8
63 82 4
21 85 9
62 86 19
81 99 7
14 45 16
74 96 19
13 86 18
32 99 7
16 91 10
7 42 17
9 88 2
25 32 18
44 45 3
2 48 17
62 99 19
34 37 16
37 42 14
4 94 1
36 46 10
55 59 10
96 97 12
13 99 14
29 43 4
48 56 20
92 99 7
6 59 20
25 45 15
2 61 6
43 62 12
17 46 16
36 59 6
55 72 4
29 56 2
24 62 15
43 75 3
1 78 7
17 59 5
58 60 16
61 65 14
10 19 14
54 62 2
73 75 16
12 65 16
31 78 12
3 16 17
24 75 15
65 76 11
68 81 16
1 91 20
58 73 11
77 86 10
42 65 2
61 78 4
80 91 15
19 81 13
10 32 10
54 75 6
12 78 9
72 92 8
46 76 3
5 38 9
65 89 19
49 81 7
68 94 10
7 84 17
26 97 13
42 78 1
0 81 11
19 94 19
60 95 19
13 20 4
32 33 4
16 25 15
35 38 8
34 79 20
53 92 5
37 84 20
56 97 4
9 22 9
28 35 2
5 51 7
46 89 6
49 94 1
90 95 17
7 97 7
20 36 7
39 49 16
23 41 3
83 92 3
41 95 8
13 33 12
32 46 16
16 38 17
35 51 10
34 92 19
37 97 7
9 35 12
8 39 12
27 52 8
11 44 8
30 57 13
71 95 13
29 98 14
20 49 18
4 41 5
23 54 3
38 39 14
15 55 7
59 98 19
18 60 4
8 52 11
27 65 15
11 57 1
30 70 6
1 12 3
4 54 6
45 55 10
64 68 16
3 58 19
22 71 8
38 52 13
57 65 18
15 68 9
18 73 7
33 58 13
52 71 8
10 74 8
1 25 2
45 68 10
3 71 14
22 84 17
40 74 11
33 71 3
52 84 20
10 87 6
51 88 1
7 18 8
26 31 11
67 69 14
70 74 9
28 77 8
47 90 6
0 15 3
19 28 4
5 93 4
63 71 2
82 84 17
21 74 19
40 87 12
81 88 13
14 34 2
74 85 2
93 98 10
32 88 15
35 93 3
7 31 16
26 44 11
67 82 14
70 87 5
9 77 5
28 90 16
0 28 16
21 87 14
62 88 8
20 91 18
23 96 2
14 47 15
74 98 10
