100 2475 1
13 88 5
16 93 7
36 71 6
8 9 2
40 41 16
6 48 4
9 90 6
50 91 16
29 68 8
41 42 10
73 74 15
25 34 5
39 81 11
2 50 18
54 97 12
74 75 3
13 65 15
4 96 20
51 91 11
43 87 1
16 70 11
35 83 1
55 61 20
1 90 18
47 57 3
7 21 20
59 68 16
5 60 10
70 77 5
36 84 4
77 85 12
48 58 19
5 96 13
10 31 4
2 27 10
54 74 9
20 81 13
31 90 7
23 86 17
3 28 9
43 64 19
14 37 9
1 67 20
66 84 17
13 78 6
65 88 3
76 97 9
9 44 10
68 93 12
5 73 1
50 81 19
69 94 6
42 77 8
21 54 5
19 93 19
39 71 12
10 44 8
2 40 9
3 5 6
20 94 5
12 90 17
32 68 10
23 99 8
24 64 2
43 77 6
16 60 11
17 25 12
28 34 18
7 11 8
5 50 11
38 84 1
57 97 3
58 62 1
9 57 3
69 71 15
21 31 16
61 67 12
40 44 20
58 98 18
30 79 6
42 90 5
2 17 17
62 68 17
54 64 20
20 71 20
39 84 9
12 67 10
13 32 19
4 63 10
23 76 1
3 18 4
84 92 12
43 54 5
34 91 5
13 68 4
4 99 6
5 27 15
37 96 15
65 78 4
16 73 8
57 74 5
36 51 15
68 83 4
28 47 20
88 98 14
5 63 18
58 75 9
50 71 13
69 84 1
61 80 9
80 93 7
8 74 16
27 87 4
39 61 20
11 79 8
30 92 13
1 34 18
12 80 5
53 81 9
13 45 16
32 58 6
4 76 19
23 89 19
64 90 7
24 54 8
72 94 1
46 78 13
38 74 5
49 83 1
9 47 20
68 96 16
42 44 5
15 90 8
7 86 10
8 51 12
26 99 19
11 56 8
30 69 16
10 11 9
2 7 2
0 83 18
60 97 5
11 92 7
4 53 8
23 66 6
64 67 4
43 44 15
34 81 9
53 94 14
5 17 19
38 51 1
17 28 9
76 77 17
68 73 20
28 37 19
7 63 10
18 72 6
38 87 3
30 46 4
90 97 10
61 70 16
7 99 6
27 77 6
19 73 9
11 69 1
39 51 6
12 34 4
31 47 16
4 30 13
91 98 16
23 43 8
75 90 5
41 97 9
1 24 9
34 58 6
25 89 13
24 44 20
56 76 20
16 40 1
3 70 13
22 83 19
14 79 7
5 30 7
46 68 13
15 80 12
7 76 5
26 89 8
0 37 9
18 85 14
11 46 17
30 59 7
63 93 14
21 96 12
0 73 1
41 74 9
60 87 4
4 43 20
23 56 17
22 60 1
1 37 5
53 84 2
45 80 1
5 7 6
37 76 10
56 89 18
3 83 20
9 14 9
22 96 6
49 50 8
15 57 15
7 53 4
26 66 1
30 36 19
50 51 19
63 70 3
42 47 16
29 77 11
40 86 9
0 50 12
60 64 1
20 28 20
31 37 17
23 33 8
41 87 3
33 83 7
85 93 13
64 70 5
10 99 14
56 66 4
16 30 5
22 73 17
46 58 3
38 54 5
70 86 1
49 63 2
89 99 8
7 66 4
27 44 13
0 27 9
18 75 2
79 91 7
11 36 9
30 49 10
71 87 5
40 99 16
41 64 15
60 77 7
33 60 1
12 37 18
52 73 19
44 69 6
4 33 11
2 72 10
14 46 14
25 92 16
66 93 15
45 70 20
3 73 18
47 79 10
67 94 20
0 4 3
18 52 6
9 89 8
8 44 1
21 63 12
11 49 18
12 14 5
21 99 11
1 4 19
34 38 11
44 82 16
45 47 5
10 89 8
3 50 5
43 86 15
14 59 12
7 20 2
26 33 9
18 29 11
36 83 7
28 79 20
8 21 14
0 17 19
40 53 16
19 30 18
6 60 18
71 77 5
63 73 15
81 90 4
41 54 13
33 50 14
44 59 20
2 62 16
3 27 19
22 40 2
14 36 13
66 83 7
85 96 6
13 77 13
35 95 12
55 73 2
26 46 16
67 84 3
5 72 16
36 96 1
48 70 17
21 53 7
6 73 15
10 43 12
54 86 16
20 93 15
12 89 15
51 80 10
23 98 16
43 76 13
14 49 18
1 79 14
66 96 10
13 90 20
18 19 9
36 73 6
55 86 16
28 69 18
6 50 10
50 93 16
29 70 11
42 89 4
62 67 14
8 96 5
73 76 7
39 83 14
10 56 12
51 57 8
3 17 16
22 30 8
85 86 9
43 89 16
16 72 15
36 50 2
55 63 16
28 46 6
7 23 11
47 59 15
88 97 4
59 70 18
5 62 10
17 73 6
9 69 16
77 87 5
69 83 13
29 47 1
40 56 11
30 91 9
10 33 4
81 93 4
54 76 15
73 89 3
31 92 4
32 57 6
51 70 10
24 53 4
23 88 20
43 66 13
3 30 19
35 62 15
24 89 2
16 85 8
17 50 8
57 86 4
28 59 15
68 95 17
5 75 8
58 87 5
69 96 3
42 79 20
61 92 5
8 86 10
27 99 2
0 82 3
19 95 3
25 26 8
31 69 8
3 7 11
35 39 13
13 57 16
4 88 18
32 70 20
43 79 3
35 75 12
47 49 12
5 52 7
46 90 17
38 86 16
80 82 8
19 72 18
31 46 3
91 97 6
42 92 17
62 70 12
54 66 9
0 95 9
20 73 18
39 86 17
12 69 19
72 83 20
32 47 12
51 60 10
23 78 15
24 43 10
43 56 19
4 65 11
35 52 9
87 99 18
5 29 12
46 67 16
37 98 8
17 40 10
76 89 2
28 49 18
68 85 11
26 88 7
18 84 15
58 77 10
42 69 1
61 82 13
19 85 1
4 42 7
1 36 18
13 47 6
72 96 14
4 78 14
45 79 5
64 92 10
56 88 6
9 13 6
14 91 11
46 80 13
5 42 2
57 89 4
68 98 13
15 92 9
8 53 2
39 40 6
11 58 8
30 71 15
31 36 12
23 32 1
2 9 14
8 89 1
54 56 9
0 85 4
41 86 10
60 99 8
11 94 3
52 95 18
13 24 8
44 91 6
72 73 19
23 68 4
24 33 8
64 69 1
35 42 9
87 89 2
1 49 10
34 83 4
45 92 8
46 57 5
5 19 14
37 88 9
38 53 7
65 70 12
17 30 5
57 66 17
76 79 15
15 69 7
7 65 2
26 78 13
6 20 15
19 39 12
79 90 16
71 86 18
30 48 20
50 63 17
82 95 6
42 59 17
8 66 7
0 62 4
40 98 12
19 75 15
60 76 18
11 71 4
12 36 7
39 53 1
83 96 9
41 99 2
1 26 3
33 95 20
34 60 17
13 37 1
45 69 19
37 65 2
16 42 8
67 93 11
70 98 17
49 75 7
15 82 9
26 91 18
27 56 5
0 39 9
19 52 11
11 48 13
12 13 19
71 99 8
63 95 15
21 98 4
1 3 18
12 49 12
52 85 16
4 45 11
10 88 5
16 19 12
22 62 8
1 39 10
34 73 6
37 78 10
38 43 14
78 79 8
3 85 14
22 98 1
8 20 18
26 68 5
30 38 1
71 76 16
42 49 14
8 56 8
40 88 5
60 66 14
20 30 8
6 95 13
52 62 13
12 26 2
11 61 9
41 89 13
1 16 2
74 86 5
93 99 9
45 59 18
56 68 2
2 97 15
3 62 8
22 75 16
14 71 15
7 32 17
67 83 16
18 41 3
59 79 19
78 92 6
38 56 10
28 91 1
8 33 15
48 69 2
27 46 10
40 65 16
19 42 1
11 38 5
71 89 7
30 51 4
63 85 19
29 92 17
21 88 1
60 79 2
44 71 7
10 78 11
2 74 4
14 48 10
74 99 14
66 95 16
24 98 13
15 49 2
7 45 8
59 92 17
11 15 6
17 95 11
9 91 12
21 65 13
0 42 10
41 43 7
6 85 18
4 12 18
44 48 16
10 55 6
22 29 6
25 71 19
37 45 6
32 79 4
56 58 19
51 92 15
15 26 16
26 35 11
17 72 12
9 68 10
28 81 10
29 46 13
48 59 4
8 23 7
40 55 5
5 97 11
62 79 7
41 56 6
73 88 13
25 48 5
44 61 20
2 64 8
3 29 14
14 38 3
74 89 3
66 85 8
13 79 12
16 84 20
36 62 6
7 35 17
47 71 11
18 44 11
5 74 11
17 85 2
77 99 3
29 59 16
69 95 14
48 72 7
40 68 3
6 75 20
10 45 12
2 41 19
3 6 7
54 88 17
14 15 16
25 61 12
51 82 7
35 74 1
14 51 17
1 81 3
7 12 8
47 48 11
17 62 17
57 98 20
36 75 8
9 58 5
28 71 7
29 36 1
48 49 12
80 81 15
5 87 3
58 99 6
42 91 10
54 65 12
73 78 12
0 94 18
20 72 4
39 85 12
74 79 2
66 75 4
13 69 20
24 78 18
17 39 16
35 87 5
28 48 20
1 94 11
88 99 8
5 64 6
58 76 16
50 72 11
69 85 17
61 81 13
21 45 8
80 94 19
27 88 6
6 65 8
10 35 12
62 82 10
54 78 10
39 98 19
12 81 8
13 46 5
4 77 18
51 72 2
23 90 1
16 51 11
35 64 13
13 82 18
46 79 16
16 87 20
57 88 5
17 52 11
36 65 11
9 48 10
49 84 7
5 77 15
6 42 16
69 98 1
42 81 15
2 8 11
8 88 12
19 97 18
25 28 11
20 62 3
11 93 18
12 58 17
31 71 13
32 36 20
24 32 10
14 18 10
87 88 20
53 95 17
45 91 16
24 68 11
65 69 8
16 64 10
35 77 4
76 78 1
9 25 5
28 38 20
1 84 16
47 51 4
46 92 7
38 88 20
9 61 16
49 97 19
69 75 18
42 58 4
61 71 20
27 78 20
39 52 8
30 83 12
31 48 14
10 25 3
91 99 20
75 91 8
20 75 10
72 85 12
23 80 16
64 81 16
84 96 20
1 61 12
34 95 11
5 31 6
46 69 3
9 38 11
68 87 10
7 77 20
26 90 7
18 86 7
42 71 15
61 84 2
27 91 10
0 74 9
19 87 19
60 88 7
11 83 9
12 48 2
31 61 11
4 44 1
16 18 20
34 72 7
13 49 7
72 98 13
4 80 13
5 8 18
45 81 7
37 77 14
17 19 3
3 84 5
49 51 10
14 93 20
26 67 20
5 44 9
6 9 4
49 87 9
50 52 6
15 94 15
8 55 11
27 68 7
20 29 13
31 38 1
83 85 15
75 81 11
0 87 10
12 61 6
53 62 19
13 26 9
4 57 12
72 75 16
44 93 13
24 35 13
64 71 17
32 39 1
2 96 12
35 44 17
87 91 2
46 59 16
57 68 5
9 28 20
15 71 10
7 67 14
8 32 14
26 80 9
27 45 12
18 76 12
19 41 16
79 92 8
30 50 15
42 61 1
29 91 5
20 42 4
11 73 18
12 38 20
52 74 2
31 51 19
4 34 6
23 47 16
83 98 2
75 94 20
1 28 14
33 97 6
34 62 14
25 93 19
45 71 20
37 67 10
3 74 9
22 87 8
15 48 14
7 44 6
0 41 2
18 89 11
30 63 18
23 24 12
1 5 7
60 91 19
33 74 4
34 39 4
52 87 7
25 70 8
37 44 20
10 90 15
16 21 13
2 86 4
3 51 15
14 60 19
26 34 10
5 11 13
49 54 19
14 96 1
55 97 15
7 57 1
8 22 6
47 93 10
18 66 11
71 78 16
90 91 15
82 87 3
40 90 12
41 55 18
20 32 14
60 68 1
6 97 5
44 60 14
10 67 5
2 63 11
22 41 1
1 18 10
33 87 5
34 52 2
53 65 3
44 96 14
45 61 12
85 97 15
37 57 1
3 64 19
22 77 1
15 38 14
67 85 16
86 98 9
59 81 19
78 94 19
17 84 13
36 97 8
29 58 13
19 44 17
6 74 1
29 94 13
21 90 11
52 77 19
3 41 19
22 54 12
14 50 1
66 97 20
36 74 5
55 87 2
28 70 18
15 51 11
7 47 15
8 12 10
59 94 6
5 86 9
11 17 7
29 71 10
21 67 2
40 80 14
41 45 11
33 41 8
6 87 2
25 37 20
4 14 12
2 53 17
34 42 14
66 74 4
35 86 8
14 63 10
55 64 2
47 60 8
7 24 3
18 33 20
59 71 9
70 80 8
17 74 9
77 88 12
28 83 5
29 48 1
0 21 20
11 30 3
10 34 1
21 80 12
81 94 10
54 77 13
41 58 10
20 84 3
2 66 3
3 31 10
22 44 4
13 81 8
24 90 2
17 51 20
6 41 8
17 87 10
61 93 18
10 47 9
62 94 12
54 90 4
32 71 14
4 89 10
51 84 18
43 80 11
16 63 3
1 83 15
7 14 18
18 23 2
46 91 19
16 99 2
17 64 15
36 77 20
29 38 4
48 51 11
21 34 2
80 83 13
40 47 20
5 89 16
6 54 8
92 94 14
50 97 10
10 24 4
2 20 17
62 71 3
54 67 1
0 96 9
20 74 3
25 40 8
39 87 20
12 70 1
31 83 5
2 56 14
3 21 1
84 95 3
1 60 6
32 84 16
24 80 10
65 81 12
76 90 3
9 37 15
68 86 1
47 63 10
5 66 15
9 73 14
69 87 7
29 51 8
80 96 13
19 86 19
39 64 19
30 95 7
31 60 18
2 33 1
62 84 13
54 80 2
13 48 12
72 97 4
4 79 20
51 74 5
64 93 8
24 57 7
43 70 7
16 53 20
32 61 18
23 92 13
5 43 20
6 8 5
65 94 10
38 77 19
49 86 1
9 50 13
68 99 19
28 63 7
15 93 2
7 89 8
27 67 1
6 44 18
58 91 8
50 87 12
42 83 1
61 96 10
8 90 16
0 86 19
19 99 18
11 95 14
12 60 20
4 56 3
43 47 16
84 85 9
87 90 8
53 97 5
37 89 14
16 66 4
17 31 11
57 67 1
3 96 5
9 27 1
68 76 14
26 79 3
6 21 13
58 68 3
50 64 4
42 60 4
80 86 9
0 63 1
19 76 11
39 54 20
83 97 8
1 27 11
20 77 10
33 96 13
12 73 12
53 74 8
4 69 5
72 87 13
23 82 16
24 47 2
64 83 9
16 43 4
56 79 20
65 84 20
38 67 5
57 80 6
49 76 10
9 40 1
68 89 2
7 79 17
27 57 18
19 53 4
42 73 20
8 80 10
0 76 11
11 85 2
52 86 5
12 50 1
31 63 12
39 67 16
16 20 13
1 40 11
53 87 20
45 83 8
37 79 1
56 92 2
17 21 1
49 53 9
14 95 5
15 60 20
6 11 18
18 65 12
38 80 19
79 81 6
49 89 3
50 54 4
42 50 20
61 63 10
8 57 15
27 70 16
39 44 20
30 75 5
83 87 4
75 83 20
94 96 8
1 17 4
33 86 5
25 82 6
13 28 9
44 95 4
24 37 3
56 69 12
2 98 17
34 87 15
45 96 12
86 97 19
5 23 11
78 93 20
38 57 8
57 70 9
49 66 6
8 34 6
26 82 2
27 47 7
0 30 14
19 43 1
11 39 4
71 90 19
30 52 5
82 99 16
0 66 7
41 67 1
20 44 9
52 76 10
4 36 9
44 72 16
23 49 2
75 96 1
1 30 11
53 77 13
37 69 19
22 89 11
14 85 13
15 50 17
7 46 13
67 97 20
26 59 3
18 55 1
19 20 1
7 82 3
20 21 2
11 52 2
52 53 8
12 17 18
4 13 17
63 99 7
23 26 6
41 80 14
33 76 4
25 72 3
53 54 5
44 85 15
45 50 13
10 92 16
16 23 14
56 59 17
14 62 3
15 27 10
5 13 4
46 51 1
89 92 20
36 86 8
27 37 16
5 98 15
71 80 13
30 42 12
82 89 12
21 79 7
40 92 14
41 57 11
60 70 8
33 53 9
52 66 2
12 30 18
4 26 15
2 65 18
22 43 1
33 89 10
34 54 9
45 63 2
32 93 5
3 66 17
14 75 1
55 76 20
26 49 6
18 45 17
59 83 2
78 96 1
17 86 2
8 37 4
6 76 4
11 42 12
29 96 8
62 93 11
44 75 13
10 82 10
51 83 5
22 56 6
7 13 4
13 93 18
59 60 11
36 76 5
28 72 12
7 49 7
8 14 18
47 85 4
0 10 13
40 46 2
19 23 3
63 66 13
9 95 12
29 73 1
33 43 20
6 89 16
52 56 12
2 55 10
74 80 16
85 89 12
13 70 9
32 83 12
51 96 15
24 79 1
15 30 4
7 26 14
47 62 19
67 77 2
5 65 1
17 76 18
36 89 3
77 90 20
28 85 4
29 50 14
80 95 7
6 66 14
10 36 17
54 79 15
25 52 9
39 99 10
31 95 15
32 60 7
2 68 7
3 33 14
22 46 6
35 65 7
1 72 1
13 83 11
24 92 7
9 49 7
55 79 19
6 43 5
58 90 1
29 63 17
42 82 13
69 99 7
31 72 14
22 23 3
14 19 13
20 99 8
12 95 10
24 69 1
43 82 11
16 65 16
55 56 1
28 39 3
1 85 20
47 52 4
7 16 15
88 90 18
59 63 1
46 93 12
38 89 7
28 75 15
29 40 14
69 76 7
61 72 14
30 84 3
50 99 7
62 73 15
25 42 10
39 89 4
12 72 7
4 68 16
32 50 18
3 23 11
35 55 13
14 32 20
1 62 7
13 73 14
24 82 17
17 43 4
76 92 20
9 39 5
68 88 7
47 65 1
6 33 17
77 93 8
50 76 18
42 72 8
0 75 13
19 88 3
20 53 13
30 97 6
31 62 10
10 39 9
23 58 10
2 35 16
12 85 3
32 63 1
64 95 20
16 55 18
56 91 5
35 68 9
1 75 3
46 83 5
38 79 12
57 92 10
50 53 4
15 95 5
61 62 20
21 26 6
7 91 18
6 46 15
19 65 10
30 74 2
2 12 15
94 95 7
0 88 7
20 66 19
39 79 7
52 98 14
32 40 18
23 71 9
24 36 8
84 87 17
16 32 9
35 45 14
95 96 18
1 52 16
87 92 13
34 86 15
13 63 19
53 99 4
16 68 11
57 69 9
17 33 5
3 98 5
9 29 1
28 42 20
68 78 19
46 96 20
79 93 19
69 79 9
42 62 16
61 75 5
27 82 12
20 43 14
39 56 7
11 74 18
30 87 10
83 99 8
12 75 9
25 94 9
53 76 20
72 89 8
4 71 18
24 49 6
64 85 14
16 45 20
35 58 15
14 84 5
68 91 16
15 85 7
8 46 16
26 94 14
27 59 7
18 90 6
11 51 12
8 82 16
0 78 9
41 79 18
20 56 14
60 92 4
11 87 18
52 88 2
12 52 14
31 65 13
4 48 9
13 17 3
24 26 2
10 91 16
16 22 2
5 12 11
64 98 12
37 81 3
46 50 16
57 59 11
17 23 20
49 55 14
18 67 9
19 32 18
6 13 12
79 83 2
71 79 19
90 92 19
50 56 11
7 94 16
27 72 3
40 91 19
0 55 5
19 68 13
11 64 8
6 98 1
31 42 8
4 25 8
23 38 18
75 85 17
33 88 5
25 84 3
53 66 15
72 79 9
45 62 17
64 75 5
37 58 14
14 74 5
34 89 6
26 48 18
86 99 15
5 25 18
37 94 3
78 95 7
38 59 8
57 72 12
70 91 16
46 63 13
49 68 15
15 75 13
8 36 6
27 49 9
79 96 3
71 92 7
21 91 16
60 82 9
33 65 13
4 38 19
10 81 7
2 77 12
22 55 20
1 32 20
34 66 17
56 84 17
22 91 8
14 87 16
8 13 19
67 99 3
18 57 7
19 22 13
59 95 18
30 31 11
17 98 12
48 85 16
8 49 9
4 15 18
41 82 17
34 43 12
53 56 1
44 87 16
45 52 17
85 88 5
64 65 13
56 61 2
51 95 1
3 55 15
22 68 5
14 64 19
7 25 19
86 89 6
18 34 12
59 72 2
38 49 12
97 98 16
89 94 12
7 61 19
48 62 8
47 97 12
27 39 14
0 22 3
63 78 2
82 91 3
48 98 9
41 59 18
81 95 10
33 55 16
52 68 3
4 28 16
10 71 2
3 32 6
14 41 7
74 92 7
34 56 12
66 88 20
37 61 12
32 95 3
3 68 19
14 77 3
55 78 15
7 38 3
26 51 8
18 47 13
59 85 6
78 98 17
70 94 1
9 84 20
40 71 8
4 5 1
10 48 2
2 44 3
54 91 4
33 68 1
20 98 5
25 64 12
37 38 9
2 80 14
43 81 13
15 19 15
26 28 2
17 65 2
55 91 10
48 52 16
8 16 14
0 12 5
40 48 6
5 90 13
6 55 3
11 21 16
63 68 17
9 97 19
29 75 5
21 71 3
62 72 20
41 49 8
25 41 12
39 88 9
51 62 19
2 57 7
14 31 11
32 85 13
51 98 15
24 81 8
16 77 16
15 32 19
55 68 15
1 97 8
18 37 16
5 67 5
77 92 20
29 52 17
48 65 4
40 61 11
6 68 20
10 38 18
2 34 3
81 98 9
73 94 10
25 54 8
20 88 18
31 97 8
32 62 18
51 75 15
3 35 5
35 67 17
16 90 12
17 55 16
36 68 17
9 51 6
0 2 9
5 80 6
58 92 11
42 84 15
61 97 4
8 91 4
33 35 9
25 31 7
23 70 16
51 52 6
2 47 1
43 48 12
84 86 3
32 75 4
43 84 3
16 67 5
17 32 17
35 80 8
76 81 11
36 45 17
55 58 8
28 41 13
88 92 2
47 54 10
46 95 7
17 68 20
58 69 2
9 64 11
50 65 5
21 38 16
40 51 1
27 81 20
6 58 4
39 55 8
30 86 13
10 28 7
42 97 12
2 24 7
73 84 4
39 91 3
31 87 1
32 52 10
4 70 17
23 83 13
24 48 17
51 65 5
43 61 4
1 64 7
13 75 1
46 72 2
5 34 8
65 85 4
17 45 3
57 81 16
28 54 2
15 84 8
58 82 14
42 74 17
8 81 2
20 55 17
31 64 19
2 37 2
1 41 6
4 83 20
24 61 8
56 93 15
17 22 6
28 31 10
1 77 13
46 85 17
58 59 1
50 55 17
42 51 4
21 28 2
7 93 16
27 71 5
19 67 15
39 45 5
31 41 12
10 18 12
2 14 9
83 88 18
62 65 8
41 91 5
20 68 4
72 78 13
23 73 14
24 38 19
64 74 15
43 51 20
84 89 16
95 98 18
1 54 20
45 97 8
37 93 4
57 71 4
76 84 2
49 67 4
68 80 12
28 44 5
7 70 19
27 48 13
79 95 8
42 64 5
8 71 18
27 84 16
60 81 18
20 45 2
39 58 17
12 41 14
11 76 14
1 31 17
34 65 12
25 96 15
13 42 15
24 51 13
37 70 8
56 83 6
16 47 2
14 86 3
26 60 7
67 98 1
38 71 9
15 87 13
8 48 6
26 96 9
0 44 20
18 92 18
19 57 1
20 22 19
11 53 2
12 18 4
2 4 1
41 81 1
20 58 7
33 77 8
60 94 2
13 19 13
53 55 20
44 86 9
10 93 4
16 24 2
56 60 10
2 89 16
5 14 19
86 88 17
46 52 8
37 83 14
56 96 10
57 61 17
9 21 17
14 99 1
26 73 4
18 69 16
19 34 19
79 85 10
30 43 3
63 77 8
42 54 2
48 97 11
60 71 5
31 44 8
4 27 16
23 40 3
41 94 7
53 68 4
25 86 19
72 81 20
45 64 17
3 67 20
59 84 8
70 93 13
15 77 9
7 73 19
48 74 9
8 38 8
19 47 8
79 98 4
30 56 7
29 97 8
21 93 2
41 71 3
52 80 14
44 76 11
10 83 2
2 79 4
14 53 9
45 77 14
15 54 9
47 86 1
7 50 19
59 97 6
11 20 6
63 67 5
48 87 11
0 47 18
40 83 3
41 48 19
20 25 8
60 61 5
6 90 17
52 57 11
44 53 3
23 30 7
10 60 4
75 77 20
33 80 9
74 81 6
93 94 15
53 58 17
45 54 10
56 63 16
2 92 9
43 93 2
7 27 11
59 74 13
18 36 14
78 87 12
70 83 20
89 96 10
17 77 13
36 90 1
47 99 10
8 28 11
40 60 13
0 24 9
6 67 3
11 33 14
63 80 7
29 87 8
21 83 8
40 96 3
81 97 18
73 93 18
44 66 15
2 69 3
3 34 14
24 93 13
36 67 11
15 44 11
55 80 2
67 91 12
0 1 20
18 49 10
70 96 5
28 99 18
29 64 14
48 77 9
21 60 16
40 73 3
33 34 16
6 80 12
25 30 4
10 50 18
2 46 15
22 24 14
54 93 15
14 20 15
34 35 2
66 67 7
12 96 18
2 82 9
43 83 14
35 79 11
14 56 10
15 21 12
1 86 11
47 53 6
67 68 19
13 97 18
18 26 17
17 67 18
9 63 11
55 93 3
28 76 7
47 89 5
21 37 15
0 14 15
40 50 19
92 97 20
6 57 20
11 23 11
9 99 9
21 73 13
81 87 5
33 47 6
73 83 5
39 90 17
10 63 16
51 64 16
3 24 15
43 60 3
22 37 13
14 33 10
74 84 20
13 74 10
32 87 3
24 83 5
17 44 7
35 92 7
55 70 12
28 53 20
1 99 11
7 30 2
58 81 8
9 76 1
69 90 3
29 54 17
40 63 9
27 93 4
30 98 20
10 40 9
54 83 5
73 96 15
20 90 1
12 86 16
13 51 1
51 77 6
23 95 7
3 37 15
16 56 9
35 69 14
65 97 15
16 92 14
17 57 2
57 93 19
36 70 8
9 53 16
29 31 13
6 47 15
58 94 19
42 86 9
8 93 6
33 37 17
11 98 4
31 76 19
23 72 3
3 14 1
22 27 7
35 46 17
14 23 3
95 97 13
1 53 7
87 93 8
66 70 10
12 99 5
32 77 20
16 69 17
9 30 13
28 43 9
88 94 9
58 71 14
50 67 4
42 63 18
21 40 2
27 83 19
31 53 17
62 77 8
54 73 16
20 80 20
12 76 9
31 89 14
4 72 9
46 74 16
65 87 3
38 70 15
17 47 7
57 83 10
9 43 10
49 79 5
68 92 20
15 86 16
18 91 6
58 84 12
30 65 15
50 80 13
42 76 14
27 96 4
19 92 9
20 57 13
12 53 15
31 66 8
23 62 2
24 27 11
35 36 13
34 77 7
4 85 18
24 63 2
56 95 5
16 59 1
68 69 12
14 98 17
5 49 6
46 87 9
6 14 3
57 96 16
49 92 15
90 93 6
42 53 4
15 99 12
61 66 7
21 30 2
8 60 3
20 34 16
11 65 16
30 78 10
2 16 4
83 90 10
0 92 13
41 93 15
20 70 13
32 44 15
4 62 20
23 75 7
72 80 18
24 40 2
43 53 8
84 91 6
16 36 18
44 98 18
34 90 14
45 99 9
5 26 9
46 64 6
37 95 19
38 60 12
68 82 9
26 85 4
27 50 15
18 81 4
19 46 7
79 97 12
71 93 12
42 66 18
8 73 4
19 82 16
20 47 13
11 78 1
39 60 6
52 79 3
23 52 8
53 80 4
25 98 5
45 76 18
3 79 3
9 10 8
22 92 3
14 88 3
18 58 18
42 43 4
7 85 11
0 46 14
19 59 6
20 24 11
11 55 12
12 20 7
30 68 11
23 29 8
41 83 11
1 10 16
60 96 6
13 21 13
4 52 10
45 53 5
64 66 19
10 95 11
56 62 6
14 65 17
34 80 3
45 89 3
86 90 14
5 16 2
65 67 19
78 86 12
37 85 12
57 63 8
68 72 4
7 62 3
27 40 20
18 71 2
19 36 12
11 32 13
30 45 9
90 96 2
63 79 5
42 56 18
48 99 1
41 60 4
4 29 18
23 42 3
75 89 1
41 96 7
33 92 14
25 88 9
64 79 10
37 62 15
56 75 13
22 82 1
14 78 3
7 39 10
67 90 6
26 52 14
59 86 18
78 99 13
70 95 16
17 89 16
8 40 1
27 53 19
0 36 11
40 72 17
6 79 17
11 45 15
29 99 14
21 95 4
25 65 14
37 39 11
3 46 19
22 59 3
14 55 19
34 70 11
26 29 4
13 96 15
5 6 19
37 75 10
70 72 3
3 82 3
55 92 11
7 52 6
18 61 3
11 22 7
71 73 16
29 76 17
48 89 18
40 85 9
41 50 5
33 46 2
6 92 20
52 59 2
4 19 8
2 58 17
22 36 8
34 47 19
93 96 8
25 78 13
85 92 14
45 56 2
32 86 16
43 95 8
14 68 16
55 69 4
1 98 9
67 80 17
86 93 5
59 76 20
78 89 5
70 85 7
17 79 2
36 92 19
9 75 3
29 53 18
8 30 7
48 66 18
0 26 3
6 69 11
63 82 18
29 89 2
21 85 2
62 86 5
41 63 15
81 99 12
33 59 5
25 55 14
10 75 3
14 45 8
55 82 6
28 65 2
47 78 6
0 3 18
59 89 6
17 92 4
9 88 2
21 62 16
62 99 13
54 95 12
14 22 2
66 69 7
12 98 6
32 76 20
24 72 8
3 49 1
35 81 11
15 23 3
55 59 16
7 19 11
70 75 13
17 69 9
77 83 17
9 65 17
28 78 9
47 91 20
48 56 18
21 39 11
0 16 5
80 88 17
5 94 6
10 29 7
42 98 1
21 75 8
62 76 4
54 72 14
20 79 9
39 92 6
32 53 6
23 84 11
51 66 15
3 26 16
43 62 10
13 76 12
32 89 3
16 81 6
17 46 1
35 94 10
76 95 1
9 42 5
55 72 6
28 55 19
47 68 20
6 36 1
17 82 1
50 79 14
29 56 18
61 88 15
21 52 3
19 91 11
39 69 5
2 38 16
62 89 16
73 98 3
20 92 14
12 88 13
4 84 10
43 75 18
35 71 18
28 32 6
1 78 2
13 89 16
5 48 1
65 99 8
16 94 7
58 60 20
9 55 10
29 33 20
21 29 13
61 65 12
40 42 1
10 19 12
2 15 3
54 62 19
0 91 14
25 35 17
31 78 13
51 56 4
23 74 4
84 90 2
35 48 18
14 25 14
87 95 14
13 66 2
45 98 4
16 71 16
36 49 13
68 81 10
6 26 19
38 95 11
77 86 8
69 82 2
42 65 6
21 42 11
80 91 6
8 72 19
11 77 5
10 32 20
75 98 5
20 82 11
12 78 10
13 43 7
72 92 20
4 74 4
23 87 7
24 52 18
16 48 13
35 61 6
1 68 7
46 76 16
65 89 10
38 72 19
17 49 13
9 45 8
49 81 3
68 94 19
7 84 10
27 62 1
6 39 9
18 93 12
19 58 10
50 82 9
2 5 12
8 85 17
19 94 14
12 55 18
31 68 1
32 33 12
23 64 11
16 25 20
34 79 5
13 56 17
45 88 1
37 84 12
65 66 5
16 61 6
56 97 10
17 26 11
3 91 14
9 22 12
49 58 16
26 74 1
46 89 2
6 16 18
18 70 15
79 86 6
98 99 20
58 63 12
50 59 8
69 72 14
61 68 1
7 97 16
8 62 9
19 71 11
30 80 7
83 92 20
2 18 15
33 91 4
53 69 9
13 33 13
4 64 17
24 42 9
16 38 11
56 74 20
35 51 5
22 81 17
1 58 12
5 28 19
37 97 14
38 62 10
9 35 20
49 71 5
68 84 13
26 87 2
27 52 10
19 48 8
11 44 19
71 95 4
63 91 1
42 68 17
29 98 7
8 75 14
0 71 8
11 80 17
52 81 4
34 69 4
64 91 18
37 74 16
56 87 16
3 81 2
22 94 5
14 90 19
15 55 3
26 64 10
27 29 10
18 60 15
59 98 17
30 34 14
48 88 16
27 65 2
40 84 16
20 26 10
60 62 7
12 22 8
41 85 11
1 12 5
60 98 15
52 94 11
25 77 14
53 59 6
4 54 17
45 55 13
64 68 19
37 51 10
10 97 14
2 93 9
22 71 17
26 41 3
86 92 5
37 87 20
38 52 8
57 65 10
3 94 19
49 61 3
89 97 9
15 68 12
7 64 8
19 38 17
30 47 3
29 88 20
40 97 20
41 62 19
60 75 15
12 35 17
23 44 1
22 48 2
1 25 12
33 94 2
74 95 12
34 59 6
25 90 18
66 91 12
45 68 11
37 64 3
32 98 9
56 77 7
22 84 4
14 80 4
55 81 3
7 41 8
18 50 16
59 88 1
17 91 19
19 51 13
11 47 9
4 8 11
21 97 4
1 2 2
52 84 20
37 41 8
2 83 11
15 22 1
67 69 17
59 65 18
15 58 20
28 77 14
7 54 2
27 32 14
0 15 13
5 93 3
92 98 20
30 37 7
60 65 20
33 48 9
25 44 10
4 21 4
34 49 14
25 80 20
66 81 14
45 58 6
32 88 8
35 93 14
14 70 18
15 35 12
7 31 1
67 82 9
18 40 11
59 78 14
78 91 18
70 87 6
17 81 5
77 95 20
28 90 9
29 55 1
48 68 16
21 51 17
40 64 9
41 65 13
20 91 15
44 70 16
23 96 14
2 73 6
43 74 11
14 47 8
