100 2475 1
13 88 14
24 97 2
16 93 8
36 71 15
28 67 18
47 80 15
8 9 8
5 83 20
6 48 4
11 14 10
9 90 13
50 91 14
73 74 13
6 84 18
25 34 3
44 47 6
2 50 16
3 15 7
51 91 9
24 74 10
43 87 1
16 70 6
96 99 5
55 61 10
88 95 14
47 57 3
7 21 9
18 30 19
46 98 15
17 71 7
36 84 12
77 85 1
6 61 20
2 27 20
54 74 14
20 81 14
23 86 4
3 28 10
43 64 3
1 67 10
66 84 13
32 91 20
24 87 2
65 88 1
16 83 15
35 96 19
28 57 4
5 73 7
6 38 12
9 80 15
21 54 3
19 93 15
39 71 15
31 67 6
2 40 20
3 5 2
13 55 17
32 68 15
23 99 12
17 25 12
36 38 11
1 80 14
7 11 19
46 88 18
17 61 12
50 58 11
69 71 17
29 35 4
7 96 15
40 44 13
27 74 11
6 51 12
39 48 17
10 21 3
91 95 2
8 97 2
54 64 10
12 67 13
13 32 14
31 80 17
4 63 1
23 76 16
3 18 6
43 54 3
16 37 17
87 97 3
13 68 14
4 99 17
5 27 12
37 96 15
65 78 4
57 74 2
9 34 3
68 83 16
58 75 4
61 80 18
27 87 7
0 70 12
19 83 6
20 48 19
39 61 7
12 44 19
30 92 8
31 57 12
1 34 10
12 80 18
13 45 6
53 81 12
4 76 4
23 89 16
64 90 13
24 54 18
56 86 20
9 11 19
22 93 14
1 70 7
46 78 20
5 40 18
65 91 10
49 83 5
9 47 10
27 64 13
11 56 14
31 34 16
42 80 16
0 83 5
60 97 2
11 92 9
12 57 6
31 70 4
4 53 19
32 35 19
24 31 19
16 27 20
35 40 3
1 47 7
34 81 11
46 55 15
37 86 18
17 28 18
57 64 5
3 93 8
49 60 1
9 24 6
28 37 5
27 41 2
6 18 5
30 46 20
50 61 11
90 97 7
61 70 18
7 99 5
8 64 18
20 38 14
60 74 8
12 34 17
30 82 9
31 47 1
83 94 18
75 90 11
1 24 6
33 93 5
53 71 16
45 67 2
64 80 17
24 44 6
56 76 7
5 30 6
7 76 19
26 89 6
71 97 14
0 73 5
41 74 17
33 70 15
16 17 17
22 60 15
1 37 5
34 71 11
53 84 7
45 80 8
5 7 4
56 89 6
9 14 12
15 57 11
7 53 16
26 66 14
63 70 20
0 50 7
40 86 13
19 63 6
60 64 18
6 93 5
11 59 19
31 37 2
23 33 18
75 80 14
1 14 9
33 83 9
93 97 5
53 61 18
44 92 16
85 93 4
45 57 16
64 70 2
25 79 5
10 99 12
2 95 9
3 60 17
15 34 2
67 81 2
86 94 10
46 58 11
59 77 12
70 86 6
89 99 18
7 66 9
48 67 4
8 31 17
27 44 7
79 91 14
71 87 10
30 49 19
63 83 17
82 96 16
21 86 5
41 64 17
12 37 3
25 56 14
52 73 3
44 69 8
4 33 9
10 76 16
2 72 12
22 50 8
14 46 14
74 97 6
25 92 3
66 93 10
37 66 18
14 82 14
55 83 7
47 79 8
26 56 6
67 94 20
18 52 4
70 99 10
17 93 9
9 89 4
21 63 13
40 76 14
11 49 14
4 10 8
41 77 18
1 4 15
54 96 8
25 69 3
44 82 16
51 90 7
2 85 15
3 50 1
43 86 3
15 24 1
59 67 18
78 80 17
17 70 4
36 83 7
47 92 11
48 57 4
11 26 11
63 73 7
29 80 6
21 76 17
81 90 8
33 50 10
73 86 5
6 96 19
52 63 19
25 46 15
39 93 8
44 59 15
10 66 7
2 62 7
14 36 17
34 51 6
66 83 16
32 90 18
37 56 6
43 99 17
3 63 11
35 95 5
36 60 9
47 69 15
7 33 13
67 84 2
5 72 9
70 89 8
29 57 3
48 70 11
21 53 15
10 43 13
62 90 15
54 86 8
73 99 17
20 93 16
12 89 11
32 67 12
51 80 5
43 76 19
3 40 9
35 72 13
14 49 3
1 79 3
7 10 12
66 96 14
18 19 8
16 95 13
9 56 15
29 34 12
40 43 13
5 85 7
6 50 17
11 16 19
50 93 14
10 20 3
29 70 13
62 67 7
73 76 13
25 36 16
44 49 2
31 79 1
10 56 14
51 57 4
22 30 15
14 26 11
85 86 8
32 80 15
4 98 9
24 76 13
1 92 12
88 97 12
59 70 13
5 62 16
38 96 15
9 69 16
69 83 15
29 47 20
40 56 5
10 33 1
62 80 4
54 76 8
73 89 8
20 83 14
39 96 6
12 79 20
4 75 20
32 57 19
51 70 19
24 53 12
23 88 11
43 66 14
1 69 5
13 80 4
24 89 10
65 90 2
57 86 14
17 50 14
76 99 6
9 46 4
47 72 13
26 98 14
6 40 2
58 87 6
69 96 5
61 92 19
8 86 17
27 99 2
0 82 15
11 91 4
31 69 1
23 65 14
14 16 12
20 96 8
12 92 2
4 88 3
32 70 11
43 79 4
16 62 8
56 98 4
36 40 3
9 23 13
5 52 20
58 64 18
49 95 8
21 33 17
80 82 18
7 98 8
30 81 12
50 96 2
91 97 7
42 92 11
83 93 9
8 99 4
0 95 15
4 65 5
51 60 17
24 43 3
84 94 4
16 39 7
35 52 15
46 67 20
5 29 4
37 98 1
57 76 20
17 40 14
76 89 9
49 72 5
28 49 2
15 79 5
18 84 1
50 73 6
69 86 10
61 82 2
8 76 7
27 89 19
11 81 16
31 59 10
4 78 7
72 96 7
45 79 10
64 92 5
24 56 16
16 52 15
9 13 6
22 95 1
65 93 18
42 46 4
15 92 19
7 88 5
8 53 17
18 97 19
19 62 9
39 40 5
11 58 13
23 32 20
2 9 10
75 79 8
8 89 3
0 85 12
52 95 7
13 24 19
53 60 16
72 73 12
32 37 2
4 55 1
24 33 20
44 91 2
43 46 3
12 59 11
35 42 2
45 92 13
37 88 14
38 53 12
57 66 13
17 30 1
3 95 15
9 26 11
15 69 4
7 65 4
27 43 9
6 20 9
30 48 15
50 63 18
42 59 3
40 98 5
19 75 2
20 40 7
39 53 11
31 49 12
75 92 13
41 99 10
1 26 12
53 73 4
45 69 1
56 78 1
14 81 1
15 46 14
34 96 14
67 93 10
38 66 12
15 82 4
7 78 19
26 91 11
18 87 13
19 52 20
63 95 7
13 14 8
4 45 5
45 46 15
10 88 11
16 19 11
2 84 5
22 62 7
14 58 16
5 9 1
37 78 3
3 85 7
49 52 16
22 98 8
9 16 4
14 94 18
15 59 20
27 33 14
11 25 5
71 76 13
42 49 17
29 79 6
48 92 3
40 88 8
20 30 8
11 61 2
6 95 1
31 39 10
4 22 19
23 35 14
10 65 11
75 82 1
41 89 7
34 50 7
53 63 2
44 94 5
45 59 17
64 72 3
37 55 8
56 68 2
14 71 6
15 36 12
26 45 3
78 92 19
38 56 1
70 88 16
28 91 8
6 72 17
11 38 5
71 89 18
29 92 16
33 62 6
52 75 1
25 58 4
4 35 5
3 39 2
22 52 18
34 63 11
74 99 5
24 98 20
15 49 3
47 81 2
8 10 17
7 45 1
0 6 3
11 15 2
17 95 10
9 91 15
0 42 16
33 39 12
6 85 14
44 48 18
33 75 13
34 40 4
74 76 5
66 72 14
45 49 18
32 79 4
37 45 3
56 58 19
51 92 13
3 52 11
43 88 19
22 65 4
35 84 20
14 61 15
55 62 17
7 22 3
26 35 19
67 73 7
18 31 9
89 91 10
9 68 15
28 81 12
29 46 5
48 59 11
8 23 12
0 19 4
6 62 8
11 28 18
29 82 12
21 78 9
62 79 4
41 56 18
81 92 20
73 88 17
52 65 17
25 48 4
31 91 18
51 69 15
3 29 17
66 85 5
85 98 20
13 79 11
24 88 12
16 84 17
36 62 9
15 39 11
28 58 4
55 75 16
7 35 3
47 71 9
59 82 8
5 74 5
77 99 12
9 81 9
28 94 6
69 95 2
21 55 17
40 68 5
10 45 10
3 6 3
62 92 18
25 61 10
20 95 17
12 91 11
4 87 5
32 69 15
51 82 2
24 65 4
3 42 1
43 78 4
47 48 4
18 21 11
57 98 19
36 75 3
28 71 18
47 84 1
6 52 6
10 22 10
42 91 6
21 68 14
54 65 2
39 85 2
44 51 5
43 55 4
14 28 9
32 82 19
24 78 5
16 74 3
76 88 6
36 52 3
28 48 15
88 99 9
47 61 11
5 64 2
38 98 13
17 75 19
58 76 8
9 71 13
77 89 18
50 72 18
69 85 8
61 81 12
40 58 7
30 93 1
2 31 2
62 82 8
73 91 2
20 85 14
13 46 1
72 95 4
4 77 15
51 72 4
43 68 12
16 51 1
35 64 12
1 71 17
13 82 3
46 79 16
65 92 4
17 52 2
9 48 9
49 84 20
28 61 12
15 91 5
5 77 13
18 96 1
6 42 7
50 85 7
10 12 1
69 98 14
42 81 17
54 55 3
0 84 3
19 97 6
25 28 13
20 62 18
12 58 17
31 71 1
23 67 3
24 32 16
3 9 14
14 18 17
1 48 3
87 88 7
12 94 4
13 59 13
4 90 7
45 91 20
24 68 1
17 29 9
35 77 15
9 25 4
68 74 17
88 89 7
47 51 4
5 54 2
6 19 4
9 61 5
50 62 17
61 71 17
21 35 4
80 84 17
8 65 17
27 78 2
20 39 12
31 48 2
83 95 18
75 91 15
41 98 19
20 75 14
13 36 2
24 45 13
64 81 20
43 58 9
35 54 9
1 61 12
65 82 17
38 65 20
49 74 3
68 87 14
15 81 9
7 77 15
27 55 20
58 79 8
71 98 19
42 71 3
61 84 11
8 78 1
27 91 11
20 52 20
11 83 9
12 48 10
39 65 17
31 61 17
23 57 20
16 18 9
1 38 11
34 72 15
37 77 11
56 90 19
16 54 8
9 15 19
22 97 9
14 93 18
6 9 6
8 55 5
27 68 19
0 51 14
19 64 5
20 29 3
31 38 16
83 85 2
2 11 14
75 81 19
1 15 10
52 97 9
13 26 20
53 62 18
44 93 7
16 31 14
2 96 2
22 74 1
53 98 2
86 95 4
46 59 9
37 90 14
5 21 11
38 55 9
3 97 20
7 67 14
8 32 13
79 92 19
30 50 11
82 97 9
42 61 4
0 64 16
20 42 18
52 74 8
12 38 6
83 98 20
33 97 10
34 62 11
64 84 1
37 67 14
56 80 14
3 74 9
14 83 18
15 48 9
26 57 16
18 53 9
38 68 7
7 80 18
27 58 4
0 41 16
18 89 12
11 50 13
23 24 10
41 78 1
60 91 2
33 74 2
13 16 15
44 83 12
37 44 10
10 90 1
2 86 12
22 64 4
14 60 2
34 75 15
26 34 20
5 11 11
38 45 16
57 58 1
89 90 4
14 96 4
15 61 20
55 97 10
47 93 4
27 35 2
0 18 15
18 66 3
19 31 12
11 27 13
30 40 13
82 87 4
29 81 13
0 54 19
41 55 1
12 28 12
44 60 17
34 52 18
53 65 10
25 83 15
44 96 20
45 61 4
37 57 15
2 99 7
15 38 4
55 74 16
26 47 11
86 98 16
59 81 10
78 94 11
70 90 14
17 84 16
28 93 13
8 35 3
48 71 6
0 31 15
40 67 11
6 74 15
21 90 18
33 64 1
10 80 16
66 97 19
13 91 9
16 96 19
36 74 7
55 87 19
47 83 19
8 12 8
18 56 15
59 94 15
19 21 14
5 86 9
11 17 11
17 97 4
63 64 20
9 93 16
29 71 5
48 84 15
21 67 10
40 80 2
52 54 15
25 37 13
44 50 20
4 14 10
74 78 6
34 42 4
25 73 4
37 47 4
51 94 18
3 54 7
14 63 13
55 64 18
1 93 3
7 24 15
26 37 4
67 75 16
59 71 11
17 74 2
9 70 5
29 48 8
0 21 16
5 99 20
6 64 15
11 30 14
10 34 20
73 90 16
25 50 15
39 97 19
31 93 6
2 66 8
43 67 5
22 44 8
66 87 3
32 94 1
16 86 10
35 99 19
55 77 2
7 37 8
47 73 11
5 76 10
6 41 11
17 87 11
58 88 5
69 97 12
61 93 12
25 27 18
14 17 14
20 97 20
13 58 14
32 71 16
51 84 6
24 67 6
3 44 20
16 63 16
35 76 15
7 14 19
59 61 11
18 23 4
46 91 15
5 53 5
17 64 13
36 77 11
49 96 9
29 38 11
48 51 12
21 34 9
80 83 10
5 89 10
6 54 3
10 24 16
2 20 11
62 71 8
81 84 6
25 40 2
39 87 2
31 83 18
2 56 8
14 30 12
1 60 13
24 80 8
76 90 13
55 67 17
28 50 7
47 63 16
58 78 1
50 74 13
29 51 5
42 70 17
21 47 5
8 77 2
19 86 11
39 64 8
30 95 14
10 37 15
20 87 5
13 48 4
23 92 7
51 74 12
24 57 6
16 53 19
46 81 14
6 8 6
65 94 4
38 77 8
5 43 15
57 90 15
28 63 13
68 99 4
15 93 5
21 24 1
27 67 2
18 98 4
30 72 2
50 87 13
2 10 1
61 96 15
8 90 1
20 64 6
39 77 12
12 60 1
31 73 14
32 38 9
23 69 19
43 47 14
84 85 10
35 43 2
1 50 17
53 97 17
13 61 18
45 93 15
24 70 5
37 89 14
57 67 2
17 31 14
76 80 18
68 76 20
26 79 20
46 94 15
6 21 17
5 56 15
38 90 17
58 68 17
49 99 5
50 64 10
69 77 6
42 60 9
61 73 19
80 86 5
8 67 13
0 63 18
11 72 14
30 85 13
31 50 1
83 97 14
75 93 6
54 70 10
53 74 1
4 69 16
32 51 17
23 82 2
64 83 18
56 79 7
35 56 2
46 71 9
5 33 3
57 80 1
76 93 1
49 76 19
15 83 12
7 79 13
27 57 10
18 88 13
50 77 16
63 96 5
42 73 16
19 89 6
20 54 12
39 67 7
11 85 15
31 63 12
4 46 6
16 20 20
34 74 9
46 48 19
64 96 13
5 10 6
3 86 16
49 53 16
22 99 9
9 17 19
46 84 8
18 65 2
38 80 1
30 39 9
49 89 20
61 63 20
48 93 2
0 53 20
39 44 2
12 27 5
30 75 2
31 40 17
4 23 2
75 83 6
1 17 18
33 86 14
52 99 9
4 59 9
45 60 1
44 95 15
24 37 10
16 33 17
14 72 9
37 92 9
78 93 17
3 99 6
49 66 7
15 73 20
26 82 20
27 47 14
11 39 17
71 90 15
21 89 15
0 66 6
20 44 15
60 80 17
12 40 18
44 72 14
4 36 5
10 79 4
75 96 3
25 95 12
3 76 17
22 89 1
14 85 1
17 96 19
7 82 6
48 83 18
40 79 9
0 43 6
19 56 2
20 21 1
6 86 17
12 17 19
63 99 4
60 93 2
33 76 1
34 41 15
25 72 14
53 54 2
44 85 20
45 50 2
67 74 10
26 36 12
46 51 7
5 13 10
38 47 19
89 92 12
15 63 14
47 95 8
48 60 15
5 98 9
11 29 8
71 80 5
30 42 16
63 76 11
21 79 12
60 70 3
33 53 8
6 99 9
12 30 14
4 26 19
44 62 11
10 69 18
2 65 7
22 43 8
1 20 11
34 54 4
25 85 6
45 63 18
85 99 7
37 59 19
32 93 6
35 98 15
14 75 6
15 40 2
17 86 14
28 95 7
29 60 3
0 33 3
29 96 18
25 62 3
10 82 12
51 83 17
22 56 2
14 52 8
15 17 2
18 22 10
16 98 19
36 76 14
55 89 10
47 85 20
8 14 1
7 49 5
48 50 6
40 46 14
19 23 16
5 88 16
6 53 1
63 66 18
9 95 12
29 73 19
21 69 4
40 82 9
41 47 2
33 43 14
10 59 2
2 55 19
14 29 15
66 76 9
85 89 16
32 83 15
3 56 3
36 53 19
55 66 16
7 26 15
26 39 15
18 35 8
59 73 16
5 65 20
70 82 15
28 85 7
29 50 7
48 63 3
21 46 6
40 59 10
0 23 16
6 66 6
81 96 13
54 79 16
33 56 4
25 52 10
39 99 20
51 73 16
2 68 20
3 33 5
43 69 7
22 46 8
1 72 10
66 89 12
13 83 2
32 96 19
24 92 9
9 49 9
47 75 1
5 78 7
6 43 19
42 82 7
39 76 19
22 23 2
54 92 2
20 99 3
12 95 12
32 73 7
24 69 19
16 65 7
36 43 16
55 56 6
1 85 11
7 16 18
46 93 18
38 89 15
17 66 17
58 67 3
77 80 15
28 75 19
29 40 17
69 76 5
48 53 14
61 72 8
40 49 13
27 79 15
92 96 6
6 56 12
50 99 1
42 95 3
62 73 20
81 86 18
0 98 18
20 76 17
25 42 14
31 85 12
51 63 1
24 46 4
23 81 14
3 23 5
14 32 6
1 62 9
13 73 20
24 82 7
65 83 11
57 79 7
36 56 17
9 39 14
68 88 7
28 52 19
47 65 4
58 80 8
50 76 17
27 92 9
0 75 12
19 88 13
11 84 8
23 58 3
54 82 8
12 85 16
72 99 11
32 63 17
23 94 7
64 95 20
24 59 3
43 72 18
28 29 2
1 75 15
6 10 2
65 96 7
57 92 7
49 88 1
50 53 14
29 30 12
30 74 20
50 89 19
10 16 15
62 63 19
54 59 13
94 95 14
11 97 17
52 98 5
12 62 13
13 27 17
4 58 8
31 75 6
23 71 1
84 87 5
16 32 6
35 45 13
95 96 8
87 92 16
5 22 20
46 60 8
57 69 7
17 33 5
76 82 1
49 65 4
9 29 17
28 42 12
15 72 4
46 96 18
6 23 4
38 92 12
58 70 14
50 66 20
82 98 18
61 75 7
27 82 19
19 78 12
31 52 12
23 48 1
75 95 5
12 75 10
53 76 1
25 94 16
72 89 8
4 71 18
64 85 17
24 49 19
16 45 15
56 81 17
14 84 1
5 35 20
65 86 7
57 82 15
68 91 11
7 81 1
8 46 3
26 94 5
27 59 13
18 90 1
11 51 3
30 64 13
23 25 9
42 75 2
8 82 19
0 78 13
60 92 11
13 17 3
4 48 1
44 84 13
10 91 9
45 85 5
46 50 11
5 12 1
37 81 4
38 46 16
56 94 2
14 97 18
7 58 19
26 71 2
27 36 18
6 13 16
19 32 12
38 82 11
79 83 12
30 41 15
71 79 13
50 56 10
90 92 12
82 88 14
7 94 17
48 95 9
27 72 20
20 33 16
60 69 5
11 64 3
12 29 5
39 46 14
31 42 5
4 25 20
6 98 1
75 85 4
33 88 14
53 66 15
72 79 2
45 62 12
64 75 10
16 35 4
56 71 11
3 65 6
14 74 1
34 89 8
26 48 2
86 99 12
38 59 6
57 72 18
70 91 2
49 68 10
36 98 10
15 75 10
7 71 4
26 84 20
11 41 20
30 54 15
63 88 19
29 95 2
33 65 14
52 78 1
12 42 16
4 38 14
34 66 17
66 98 10
3 78 20
22 91 6
55 88 4
7 48 12
8 13 18
26 61 10
67 99 8
59 95 19
18 57 4
11 18 9
17 98 15
63 65 10
29 72 4
48 85 1
11 54 11
6 88 2
52 55 15
12 19 14
31 32 20
41 82 16
1 9 19
33 78 11
34 43 9
52 91 8
44 87 1
45 52 7
64 65 15
51 95 6
56 61 4
2 90 9
15 29 13
7 25 2
67 76 20
26 38 20
86 89 16
59 72 20
18 34 18
78 85 12
38 49 15
97 98 17
70 81 14
36 88 11
28 84 14
47 97 15
27 39 6
30 44 16
71 82 6
63 78 14
29 85 19
48 98 1
40 94 11
81 95 11
60 72 2
2 67 8
3 32 20
22 45 16
34 56 17
25 87 10
66 88 20
37 61 20
24 91 7
3 68 16
15 42 1
47 74 8
59 85 14
28 97 18
29 62 17
48 75 7
21 58 16
40 71 14
6 78 14
4 5 10
21 94 17
10 84 8
7 15 6
26 28 13
59 62 12
17 65 9
36 78 15
29 39 1
47 87 5
48 52 11
8 16 11
0 12 16
19 25 20
11 21 19
63 68 2
21 71 9
62 72 12
81 85 7
41 49 13
73 81 15
6 91 7
52 58 10
25 41 16
33 45 12
10 61 3
3 22 4
14 31 12
66 78 11
13 72 1
32 85 10
24 81 8
43 94 9
35 90 17
15 32 12
47 64 5
18 37 19
5 67 11
17 78 15
9 74 3
28 87 13
69 88 6
48 65 13
80 97 6
6 68 15
81 98 2
73 94 12
12 84 5
51 75 1
24 58 17
23 93 15
3 35 13
14 44 14
16 90 13
17 55 14
36 68 15
9 51 2
5 80 15
6 45 10
50 88 4
8 91 6
23 70 15
2 47 3
84 86 7
54 94 15
14 21 16
12 97 7
13 62 1
32 75 20
24 71 13
16 67 5
17 32 15
76 81 18
28 41 4
5 57 18
38 91 7
77 82 17
50 65 6
21 38 18
40 51 9
6 58 9
39 55 11
10 28 3
42 97 10
2 24 14
62 75 18
54 71 12
73 84 8
20 78 2
4 70 5
72 88 10
51 65 17
24 48 12
3 25 19
1 64 14
13 75 17
57 81 6
28 54 14
15 84 16
5 70 12
69 91 11
42 74 9
61 87 10
8 81 2
27 94 19
19 90 7
39 68 16
11 86 9
30 99 11
31 64 14
23 60 16
2 37 6
1 41 20
13 52 14
4 83 10
32 65 10
24 61 3
16 57 4
17 22 10
9 18 11
28 31 3
1 77 13
5 47 4
58 59 8
49 90 19
21 28 12
7 93 12
8 58 14
27 71 5
30 76 11
91 92 16
42 87 1
2 14 7
83 88 5
94 97 13
0 90 17
20 68 14
11 99 6
12 64 5
72 78 5
64 74 16
24 38 16
43 51 4
16 34 10
35 47 6
87 94 12
5 24 17
17 35 12
68 80 18
15 74 6
26 83 13
38 94 13
50 68 19
42 64 5
61 77 3
27 84 11
12 41 16
4 37 6
23 50 6
1 31 20
34 65 14
53 78 11
72 91 7
45 74 16
24 51 16
37 70 3
16 47 6
3 77 18
67 98 2
49 80 2
7 83 15
26 96 3
27 61 18
0 44 20
18 92 1
19 57 2
20 22 1
11 53 3
12 18 15
2 4 14
0 80 5
13 19 6
23 63 9
56 60 20
35 37 20
22 67 17
53 91 15
45 87 8
46 52 12
38 48 13
56 96 14
3 90 1
9 21 2
49 57 5
68 70 8
14 99 19
15 64 12
7 60 12
8 25 12
26 73 20
27 38 15
18 69 10
79 85 6
30 43 13
82 90 12
8 61 14
48 97 16
0 57 5
40 93 1
19 70 14
20 35 15
60 71 6
11 66 1
52 67 9
4 27 10
33 90 6
25 86 8
53 68 14
44 99 12
64 77 20
37 60 13
14 76 12
67 88 8
18 46 4
38 61 11
49 70 3
15 77 9
7 73 7
48 74 12
0 34 4
79 98 3
11 43 7
71 94 6
33 67 3
52 80 15
25 63 10
44 76 17
4 40 10
10 83 8
14 53 18
34 68 8
25 99 10
26 27 8
37 73 20
3 80 8
14 89 7
15 54 12
55 90 13
27 28 14
0 11 16
59 97 12
11 20 3
30 33 11
63 67 18
29 74 1
48 87 6
21 70 4
0 47 2
41 48 7
20 25 2
23 30 2
10 60 20
22 34 1
34 45 18
25 76 14
93 94 6
44 89 2
85 90 1
53 58 13
37 50 18
10 96 9
51 97 9
56 63 11
2 92 9
59 74 16
78 87 1
70 83 13
17 77 7
0 24 12
71 84 11
63 80 11
29 87 16
40 96 10
41 61 18
33 57 17
73 93 16
10 73 2
3 34 10
22 47 3
14 43 18
74 94 1
13 84 14
32 97 12
16 89 4
36 67 14
55 80 5
47 76 14
67 91 7
0 1 4
59 87 5
5 79 11
70 96 16
48 77 2
21 60 15
40 73 9
33 34 2
4 7 15
2 46 4
62 97 13
54 93 4
14 20 13
34 35 14
25 66 10
32 74 19
2 82 4
43 83 15
3 47 17
35 79 9
14 56 6
1 86 20
47 53 2
13 97 15
59 64 2
18 26 2
55 93 17
29 41 7
47 89 20
40 50 16
0 14 10
5 92 16
6 57 1
92 97 4
11 23 2
10 27 6
41 51 2
39 90 11
44 56 5
10 63 20
3 24 13
14 33 10
13 74 14
43 96 13
17 44 3
36 57 3
28 53 10
7 30 14
5 69 1
58 81 16
77 94 15
9 76 4
21 50 1
40 63 14
27 93 17
6 70 4
30 98 11
62 87 7
12 86 8
32 64 14
23 95 11
51 77 12
3 37 17
13 87 4
24 96 6
65 97 1
57 93 16
17 57 1
36 70 17
28 66 8
6 47 20
58 94 5
50 90 8
10 17 4
42 86 16
62 64 3
8 93 16
20 67 20
12 63 19
31 76 5
51 54 15
2 49 17
43 50 9
3 14 14
35 46 10
14 23 20
12 99 11
32 77 15
4 95 8
65 74 4
16 69 10
17 34 15
76 83 9
9 30 2
96 98 6
1 89 20
47 56 12
88 94 11
5 59 8
46 97 4
38 93 18
9 66 1
50 67 9
29 44 11
69 80 8
42 63 6
61 76 6
21 40 12
80 89 12
39 57 9
30 88 9
2 26 19
62 77 6
54 73 14
20 80 15
12 76 13
32 54 6
24 50 7
43 63 16
46 74 13
5 36 13
38 70 17
57 83 10
9 43 3
49 79 16
26 95 12
6 37 17
30 65 13
50 80 13
2 3 2
27 96 18
0 79 18
19 92 20
4 49 5
24 27 8
1 43 17
34 77 5
4 85 9
45 86 11
64 99 17
56 95 10
16 59 5
28 33 3
14 98 8
26 72 13
5 49 15
57 96 12
58 61 14
49 92 17
15 99 18
21 30 11
20 34 17
30 78 13
31 43 1
91 94 16
23 39 11
83 90 7
54 63 13
0 92 13
41 93 4
12 66 5
53 67 9
13 31 15
4 62 9
32 44 18
23 75 9
84 91 14
56 72 20
35 49 11
45 99 15
46 64 7
37 95 6
38 60 12
17 37 2
9 33 1
15 76 15
26 85 8
79 97 14
30 55 9
50 70 2
0 69 3
60 83 4
39 60 2
52 79 20
12 43 19
11 78 6
4 39 13
1 33 9
34 67 10
13 44 4
25 98 18
53 80 2
37 72 2
16 49 4
56 85 12
3 79 11
26 62 14
46 77 16
59 96 19
18 58 10
5 39 17
15 89 9
48 86 17
8 50 17
0 46 7
19 59 6
20 24 15
31 33 14
23 29 13
41 83 8
52 92 15
53 57 16
13 21 7
4 52 6
64 66 12
16 26 2
56 62 11
34 80 1
86 90 9
37 85 3
78 86 19
38 50 1
97 99 13
57 63 1
49 59 8
68 72 10
47 98 13
8 27 8
18 71 8
19 36 8
11 32 1
71 83 6
63 79 14
42 56 11
82 92 15
21 82 14
0 59 6
60 73 10
12 33 11
44 65 12
10 72 1
75 89 3
1 23 18
33 92 10
34 57 2
53 70 8
56 75 2
14 78 2
15 43 13
59 86 9
78 99 20
17 89 3
8 40 2
40 72 6
19 49 5
11 45 5
71 96 11
4 6 17
63 92 3
29 99 8
21 95 16
60 86 9
52 82 15
10 85 11
2 81 6
14 55 2
37 75 6
70 72 1
3 82 15
55 92 6
7 52 13
47 88 10
26 65 6
0 13 4
59 99 19
19 26 20
18 61 19
71 73 1
63 69 11
29 76 4
48 89 15
41 50 4
60 63 1
33 46 2
6 92 19
52 59 3
12 23 16
1 13 11
33 82 7
74 83 6
93 96 17
45 56 7
32 86 14
37 52 6
56 65 4
51 99 20
3 59 5
22 72 17
35 91 12
14 68 5
15 33 4
55 69 9
18 38 6
78 89 12
70 85 2
29 53 9
8 30 2
48 66 16
40 62 9
11 35 13
63 82 15
21 85 11
52 72 3
25 55 6
31 98 11
10 75 2
14 45 2
13 86 14
32 99 13
24 95 5
55 82 10
5 81 11
11 12 16
9 88 7
48 79 12
21 62 7
40 75 17
33 36 9
6 82 11
25 32 8
44 45 9
10 52 1
22 26 7
34 37 10
37 42 6
51 89 15
24 72 12
43 85 1
3 49 19
35 81 20
36 46 1
15 23 7
96 97 10
7 19 11
88 93 18
26 32 4
59 66 10
18 28 12
70 75 2
17 69 18
36 82 4
77 83 10
28 78 17
29 43 16
47 91 13
21 39 10
5 94 9
92 99 18
6 59 11
21 75 18
62 76 4
25 45 7
20 79 16
39 92 11
32 53 18
51 66 8
23 84 19
2 61 11
3 26 20
22 39 1
14 35 11
66 82 2
13 76 6
43 98 18
17 46 9
76 95 18
36 59 15
55 72 6
47 68 11
17 82 13
58 83 9
9 78 18
77 96 20
50 79 6
69 92 13
29 56 18
61 88 4
21 52 12
10 42 3
12 88 3
13 53 16
32 66 11
4 84 8
23 97 14
43 75 14
28 32 16
7 9 7
13 89 8
46 86 13
16 94 6
57 95 8
58 60 2
29 33 8
58 96 11
50 92 18
10 19 8
2 15 13
54 62 15
0 91 4
73 75 5
20 69 14
39 82 15
31 78 20
51 56 1
23 74 8
84 90 1
95 99 13
1 55 14
87 95 16
13 66 13
65 76 2
17 36 14
36 49 6
28 45 2
88 96 1
46 99 14
6 26 10
58 73 7
50 69 1
69 82 5
42 65 1
21 42 12
27 85 10
20 46 14
11 77 10
30 90 6
10 32 9
23 51 6
75 98 5
54 75 3
20 82 20
12 78 13
13 43 11
64 88 9
24 52 16
43 65 11
16 48 5
5 38 7
46 76 19
65 89 15
38 72 17
17 49 17
57 85 8
49 81 3
9 45 5
68 94 6
7 84 9
27 62 4
18 93 1
6 39 1
50 82 14
42 78 20
2 5 15
8 85 1
27 98 9
0 81 17
11 90 10
39 72 13
23 64 14
34 79 19
13 56 14
5 15 12
65 66 14
37 84 12
16 61 14
3 91 20
36 39 16
28 35 10
46 89 12
38 85 16
79 86 14
58 63 7
50 59 2
69 72 8
42 55 2
7 97 12
39 49 18
12 32 10
30 80 13
91 96 6
23 41 8
41 95 4
53 69 13
4 64 20
45 65 6
64 78 13
16 38 17
56 74 6
22 81 18
1 58 7
34 92 4
37 97 1
68 84 12
15 78 8
26 87 8
27 52 10
18 83 3
79 99 5
11 44 15
71 95 1
8 75 12
11 80 2
52 81 15
12 45 6
44 77 9
4 41 19
23 54 6
53 82 2
45 78 14
37 74 12
38 39 18
3 81 19
9 12 9
22 94 9
15 55 10
7 51 6
27 29 19
18 60 13
59 98 11
30 34 17
8 52 19
48 88 18
0 48 12
40 84 13
19 61 5
11 57 16
31 35 18
4 18 2
75 78 16
1 12 2
33 81 16
34 46 2
52 94 3
93 95 8
25 77 10
4 54 20
45 55 18
64 68 16
37 51 19
10 97 6
3 58 16
22 71 7
26 41 8
67 79 12
46 56 8
86 92 15
37 87 11
38 52 11
57 65 7
49 61 1
36 91 4
27 42 3
0 25 19
19 38 17
11 34 12
71 85 3
90 98 10
63 81 8
21 84 4
0 61 10
41 62 20
33 58 20
12 35 5
52 71 4
44 67 3
4 31 13
2 70 16
1 25 9
33 94 11
34 59 10
25 90 10
66 91 1
53 72 16
45 68 15
37 64 3
56 77 18
3 71 10
22 84 2
15 45 5
18 50 5
8 42 11
0 38 9
11 47 1
4 8 10
21 97 13
41 75 7
33 71 16
52 84 17
10 87 8
22 61 3
15 22 6
7 18 15
67 69 7
59 65 4
36 81 10
55 94 11
7 54 6
48 55 10
47 90 12
92 98 16
63 71 1
48 91 9
21 74 4
81 88 4
41 52 9
60 65 16
33 48 11
52 61 18
25 44 2
4 21 17
44 57 20
10 64 17
22 38 17
34 49 14
25 80 13
93 98 16
85 94 3
37 54 19
24 84 20
43 97 3
15 35 8
67 82 1
26 44 6
78 91 8
17 81 5
77 95 2
28 90 5
21 51 12
40 64 19
6 71 14
10 41 16
41 65 8
73 97 16
23 96 11
51 78 14
2 73 12
74 98 8
66 94 15
