100 200 1
1 86 1
72 82 7
16 29 1
53 78 2
30 55 15
18 99 10
30 64 4
36 89 13
17 21 1
39 51 15
3 31 9
28 30 15
5 92 2
6 57 4
4 39 18
24 72 8
3 49 5
44 84 12
13 81 4
6 20 18
1 88 15
73 74 19
1 33 10
50 54 10
2 32 14
35 99 5
19 57 13
73 92 12
3 15 17
5 76 4
12 27 19
57 59 13
46 59 15
65 72 14
9 74 4
5 85 20
31 49 3
32 69 19
35 65 17
32 78 1
61 93 19
41 90 9
7 67 3
25 91 13
22 85 16
46 52 14
9 12 3
80 81 15
22 94 12
60 78 3
67 93 7
6 52 13
18 60 8
47 50 4
27 47 7
7 23 19
39 76 4
11 48 13
37 67 12
20 26 15
5 16 9
13 51 16
65 67 10
46 63 18
11 75 20
4 91 10
80 92 7
43 73 20
1 12 19
55 56 14
7 71 16
24 87 8
47 52 6
79 87 6
81 84 2
19 91 8
73 80 6
8 63 17
5 9 13
77 80 16
78 79 8
43 57 7
69 76 16
11 68 12
18 46 11
24 62 11
21 54 8
35 71 7
27 42 9
72 74 8
76 90 4
3 51 3
46 86 11
46 95 6
48 92 20
23 72 5
14 69 13
6 31 7
26 98 13
0 61 17
21 93 12
31 39 9
55 88 13
23 44 16
10 19 6
0 82 17
71 87 5
13 39 11
31 87 7
14 16 18
95 99 17
6 42 11
77 93 19
49 56 20
6 51 11
22 41 13
11 20 9
46 72 14
19 33 20
34 52 16
40 65 15
63 85 17
31 89 6
67 76 7
26 56 10
36 88 6
50 87 7
47 88 10
17 84 11
1 75 1
28 93 2
17 38 5
39 68 18
71 82 18
23 60 7
32 93 17
54 75 3
23 87 7
54 96 10
30 74 1
36 90 19
33 73 19
0 6 6
76 80 4
30 92 8
48 73 6
0 42 8
21 74 8
15 97 16
26 42 2
10 55 11
59 76 9
19 67 9
56 95 13
33 75 13
2 69 5
5 31 9
19 30 10
11 81 16
93 98 7
6 60 9
25 80 6
60 95 6
32 97 5
31 77 15
33 41 15
42 53 2
36 67 14
47 76 6
87 94 8
89 91 16
7 49 18
49 58 1
11 28 12
66 83 14
19 96 7
37 56 7
7 70 7
13 86 7
23 66 3
33 34 11
72 80 17
35 95 19
1 93 6
64 76 16
26 37 13
45 72 12
14 47 18
47 69 10
56 81 13
16 54 13
36 87 16
12 32 3
25 66 8
31 45 10
12 96 9
0 76 19
49 60 15
54 56 14
11 30 3
