100 4950 1
13 88 12
16 93 17
29 32 18
6 48 5
9 90 15
50 91 9
41 42 11
25 34 16
44 47 1
2 50 13
4 96 7
36 48 10
96 99 3
55 61 19
29 45 10
48 58 15
6 61 16
25 47 17
43 64 4
1 67 7
17 48 19
36 61 20
31 67 16
3 5 8
24 64 6
43 77 13
1 80 16
17 61 12
58 62 10
61 67 3
10 21 18
54 64 6
73 77 17
12 67 7
31 80 7
3 18 6
5 27 17
65 78 2
68 83 9
26 86 1
58 75 15
42 67 11
61 80 12
80 93 17
0 70 11
19 83 4
12 80 7
53 81 17
72 94 18
56 86 16
9 11 3
5 40 12
46 78 4
65 91 11
49 83 2
68 96 16
7 86 5
26 99 19
42 80 6
0 83 5
19 96 16
60 97 9
13 22 8
32 35 19
16 27 11
35 40 7
34 81 5
53 94 15
37 86 10
56 99 2
9 24 7
28 37 17
27 41 14
30 46 7
90 97 4
7 99 14
20 38 3
39 51 13
4 30 5
23 43 4
83 94 11
41 97 8
25 89 6
13 35 16
16 40 14
34 94 6
37 99 8
8 41 12
27 54 5
11 46 18
71 97 5
30 59 17
20 51 16
4 43 4
23 56 11
22 60 15
38 41 9
15 57 10
18 62 14
50 51 4
8 54 3
11 59 3
52 60 9
1 14 12
45 57 20
64 70 9
3 60 14
22 73 8
38 54 16
15 70 3
18 75 12
33 60 8
52 73 12
10 76 9
45 70 11
3 73 17
47 79 12
0 4 17
21 63 1
40 76 2
12 14 2
33 73 17
10 89 8
51 90 17
7 20 8
26 33 18
67 71 20
70 76 14
28 79 9
47 92 12
0 17 9
19 30 2
5 95 17
63 73 16
21 76 9
40 89 16
81 90 20
39 93 2
14 36 6
74 87 12
13 77 17
32 90 18
16 82 7
35 95 20
7 33 19
67 84 5
26 46 8
70 89 18
9 79 10
28 92 15
69 93 17
2 39 4
62 90 8
20 93 10
23 98 19
14 49 15
13 90 17
16 95 6
29 34 15
6 50 7
9 92 2
50 93 19
41 44 14
8 96 7
25 36 19
44 49 12
2 52 11
4 98 19
36 50 13
55 63 3
38 96 1
29 47 8
6 63 5
24 53 4
43 66 18
1 69 3
17 50 5
36 63 1
31 69 6
3 7 18
24 66 18
43 79 1
1 82 7
58 64 7
61 69 14
80 82 5
19 72 5
10 23 16
54 66 4
12 69 16
31 82 19
72 83 11
5 29 10
46 67 14
65 80 5
49 72 7
68 85 6
26 88 8
58 77 15
42 69 9
61 82 4
0 72 9
19 85 10
12 82 3
53 83 18
72 96 16
56 88 1
9 13 12
14 91 13
46 80 7
5 42 15
65 93 9
49 85 2
68 98 3
21 23 17
7 88 4
20 27 17
39 40 9
23 32 6
0 85 7
41 86 16
60 99 5
13 24 5
44 91 19
32 37 6
16 29 5
35 42 17
34 83 2
53 96 7
37 88 3
9 26 1
27 43 15
30 48 16
71 86 9
90 99 18
20 40 7
39 53 4
4 32 18
23 45 7
83 96 17
41 99 5
25 91 13
13 37 8
16 42 15
15 46 9
34 96 11
18 51 16
8 43 8
27 56 4
11 48 17
71 99 10
30 61 13
1 3 14
4 45 16
45 46 19
22 62 6
38 43 19
15 59 9
18 64 18
8 56 11
11 61 17
52 62 3
10 65 10
1 16 18
45 59 3
64 72 7
3 62 20
22 75 18
38 56 19
40 65 1
33 62 10
52 75 8
10 78 15
3 75 20
47 81 6
0 6 12
21 65 19
40 78 5
12 16 2
33 75 10
74 76 17
32 79 13
51 92 17
35 84 17
7 22 19
67 73 12
26 35 2
70 78 11
89 91 4
9 68 16
28 81 15
47 94 5
0 19 4
5 97 7
63 75 5
21 78 5
62 79 13
81 92 6
39 95 10
14 38 19
74 89 14
13 79 4
32 92 6
16 84 11
35 97 6
7 35 2
9 81 2
28 94 12
69 95 20
2 41 20
62 92 2
20 95 6
4 87 18
14 51 5
13 92 11
16 97 5
57 98 20
29 36 17
48 49 1
6 52 4
50 95 14
8 98 6
25 38 19
44 51 15
2 54 1
84 93 9
43 55 10
87 98 1
17 39 18
36 52 12
55 65 4
38 98 14
29 49 20
6 65 3
24 55 20
43 68 15
1 71 5
17 52 13
36 65 18
10 12 9
54 55 17
12 58 1
31 71 3
3 9 16
24 68 13
65 69 11
68 74 13
1 84 12
58 66 14
77 79 5
42 58 1
61 71 6
80 84 14
19 74 1
10 25 4
54 68 14
12 71 2
31 84 2
72 85 10
46 69 11
5 31 6
65 82 19
49 74 14
68 87 3
7 77 18
26 90 9
58 79 8
42 71 16
61 84 10
0 74 15
19 87 18
60 88 7
16 18 13
34 72 15
53 85 3
72 98 7
37 77 8
56 90 19
9 15 9
14 93 15
5 44 7
46 82 6
49 87 13
7 90 2
20 29 3
39 42 11
23 34 15
83 85 16
0 87 10
41 88 19
13 26 5
32 39 20
44 93 17
16 31 1
35 44 1
2 96 8
34 85 14
53 98 7
37 90 13
9 28 19
8 32 7
27 45 2
11 37 8
30 50 3
71 88 8
29 91 4
20 42 14
4 34 6
23 47 7
83 98 11
25 93 12
15 48 20
18 53 9
59 91 18
8 45 6
27 58 3
11 50 9
30 63 4
1 5 2
4 47 3
45 48 7
3 51 20
22 64 10
38 45 14
57 58 7
15 61 8
18 66 6
33 51 19
52 64 7
10 67 20
1 18 16
45 61 13
3 64 4
22 77 6
40 67 8
33 64 14
52 77 12
10 80 7
28 70 14
47 83 1
0 8 1
19 21 14
5 86 3
63 64 4
21 67 17
40 80 13
14 27 18
74 78 6
32 81 16
51 94 5
35 86 1
7 24 5
26 37 8
67 75 18
70 80 8
9 70 2
28 83 4
47 96 14
0 21 2
5 99 6
21 80 11
62 81 4
81 94 6
20 84 8
39 97 20
14 40 12
74 91 14
13 81 14
32 94 12
16 86 13
35 99 19
7 37 14
6 41 12
9 83 6
50 84 1
69 97 17
25 27 12
2 43 18
62 94 17
20 97 3
4 89 3
36 41 2
13 94 2
16 99 10
29 38 18
48 51 1
92 94 15
6 54 2
50 97 6
25 40 12
2 56 8
43 57 8
84 95 16
1 60 10
17 41 1
36 54 2
55 67 7
29 51 19
31 60 12
24 57 9
43 70 17
1 73 6
17 54 6
10 14 7
54 57 1
12 60 14
31 73 4
3 11 13
5 20 14
24 70 13
65 71 10
68 76 15
26 79 7
58 68 7
77 81 11
42 60 4
61 73 2
80 86 16
0 63 19
19 76 2
54 70 7
12 73 1
53 74 6
72 87 4
56 79 2
46 71 17
5 33 13
65 84 13
49 76 18
68 89 19
7 79 1
26 92 13
42 73 10
0 76 14
19 89 3
60 90 12
13 15 19
16 20 18
34 74 1
53 87 3
37 79 8
56 92 10
9 17 9
28 30 10
14 95 18
27 34 18
46 84 17
30 39 4
49 89 11
7 92 12
48 93 15
20 31 18
39 44 8
4 23 13
23 36 17
83 87 14
41 90 7
25 82 19
13 28 1
44 95 8
16 33 4
2 98 14
34 87 15
37 92 3
78 93 4
8 34 11
27 47 8
11 39 9
30 52 17
71 90 1
29 93 13
20 44 13
4 36 8
23 49 18
25 95 20
15 50 10
59 93 11
18 55 8
17 96 7
8 47 12
11 52 10
52 53 9
1 7 13
45 50 8
3 53 17
22 66 13
38 47 11
15 63 2
18 68 16
33 53 19
52 66 7
10 69 4
1 20 18
45 63 15
3 66 8
21 56 4
40 69 3
33 66 5
10 82 17
51 83 14
7 13 8
28 72 16
47 85 15
0 10 5
19 23 2
5 88 15
63 66 20
21 69 16
40 82 19
81 83 11
14 29 14
74 80 3
13 70 6
32 83 14
51 96 16
35 88 4
7 26 18
26 39 19
67 77 11
70 82 6
9 72 10
28 85 1
0 23 8
2 32 2
62 83 3
81 96 12
20 86 15
39 99 17
23 91 9
14 42 14
13 83 14
32 96 18
16 88 8
6 43 5
9 85 20
50 86 18
69 99 10
25 29 4
2 45 2
62 96 5
20 99 9
4 91 15
36 43 17
55 56 20
38 89 20
29 40 20
48 53 19
92 96 2
6 56 9
50 99 10
25 42 13
24 46 11
43 59 18
84 97 17
1 62 16
17 43 2
36 56 11
31 62 20
24 59 2
43 72 14
1 75 5
17 56 19
61 62 18
19 65 14
10 16 8
54 59 14
12 62 6
31 75 18
72 76 16
5 22 18
46 60 6
65 73 14
49 65 7
68 78 13
26 81 7
58 70 19
42 62 5
61 75 1
0 65 2
19 78 20
12 75 2
53 76 19
72 89 14
56 81 2
14 84 18
5 35 19
46 73 5
65 86 15
49 78 8
68 91 1
7 81 3
26 94 16
23 25 13
42 75 9
0 78 5
41 79 16
60 92 10
13 17 5
44 84 1
16 22 18
34 76 11
53 89 16
37 81 9
56 94 13
9 19 13
14 97 4
27 36 13
71 79 9
30 41 8
90 92 7
7 94 17
48 95 13
20 33 17
39 46 6
6 98 11
4 25 10
23 38 6
83 89 16
41 92 4
25 84 12
13 30 5
44 97 3
16 35 1
34 89 13
37 94 9
78 95 17
36 98 19
8 36 10
27 49 9
11 41 5
71 92 20
30 54 16
29 95 10
4 38 20
22 55 5
25 97 16
66 98 9
15 52 7
59 95 17
18 57 15
17 98 4
8 49 10
11 54 2
52 55 4
1 9 3
45 52 14
64 65 16
3 55 5
22 68 8
38 49 4
33 55 1
52 68 8
10 71 8
3 68 9
47 74 12
21 58 12
40 71 12
33 68 2
10 84 11
51 85 18
7 15 11
26 28 3
70 71 20
28 74 11
47 87 2
0 12 19
19 25 7
5 90 6
63 68 12
21 71 1
62 72 2
81 85 11
39 88 7
14 31 3
74 82 14
13 72 10
32 85 10
51 98 13
16 77 1
35 90 20
7 28 15
9 74 2
28 87 19
69 88 20
2 34 9
62 85 3
81 98 3
20 88 4
23 93 20
14 44 13
13 85 4
16 90 5
6 45 2
50 88 15
8 91 5
25 31 12
11 96 5
2 47 16
84 86 16
43 48 3
4 93 13
17 32 18
36 45 14
55 58 10
38 91 7
29 42 10
6 58 2
24 48 19
43 61 3
84 99 15
1 64 16
17 45 11
36 58 7
12 51 13
31 64 11
24 61 10
1 77 16
58 59 3
42 51 6
61 64 9
19 67 2
10 18 7
54 61 6
12 64 5
31 77 20
72 78 12
5 24 10
46 62 2
65 75 15
49 67 16
68 80 9
7 70 9
26 83 4
58 72 7
42 64 8
61 77 18
0 67 2
19 80 8
60 81 12
34 65 5
53 78 2
72 91 18
37 70 18
56 83 1
14 86 6
5 37 17
46 75 19
49 80 3
7 83 3
26 96 6
20 22 8
23 27 17
0 80 5
41 81 3
60 94 1
13 19 12
44 86 5
16 24 17
35 37 4
2 89 3
34 78 10
53 91 1
37 83 6
56 96 2
9 21 20
14 99 7
8 25 5
27 38 10
71 81 15
30 43 1
90 94 4
29 84 16
48 97 15
20 35 10
4 27 1
23 40 20
83 91 19
41 94 8
25 86 13
44 99 2
15 41 7
18 46 11
59 84 19
78 97 1
8 38 18
27 51 16
11 43 8
30 56 20
71 94 12
29 97 9
4 40 12
22 57 9
25 99 10
15 54 19
18 59 15
59 97 6
52 57 19
10 60 17
1 11 5
45 54 19
3 57 19
22 70 19
40 60 12
33 57 7
52 70 5
10 73 17
47 76 19
0 1 10
5 79 1
21 60 16
40 73 16
14 20 14
32 74 3
51 87 4
35 79 15
7 17 15
26 30 3
67 68 15
70 73 2
9 63 6
28 76 20
47 89 3
0 14 5
5 92 18
21 73 15
62 74 18
81 87 4
39 90 16
14 33 3
74 84 2
13 74 19
32 87 19
16 79 14
35 92 1
7 30 3
6 34 6
9 76 19
28 89 13
69 90 7
27 93 15
30 98 6
2 36 16
62 87 16
20 90 6
4 82 14
23 95 17
13 87 5
16 92 6
57 93 11
29 31 5
6 47 2
50 90 10
8 93 16
25 33 6
11 98 3
2 49 19
43 50 10
84 88 19
1 53 6
87 93 13
4 95 6
17 34 16
36 47 4
96 98 17
55 60 18
38 93 17
29 44 15
31 53 2
24 50 17
43 63 18
1 66 12
17 47 4
12 53 15
31 66 3
3 4 12
24 63 1
68 69 8
26 72 6
58 61 11
42 53 14
61 66 17
0 56 8
19 69 6
54 63 14
12 66 6
53 67 2
72 80 11
56 72 3
46 64 10
5 26 18
65 77 5
49 69 20
68 82 2
7 72 15
26 85 14
42 66 19
0 69 3
19 82 18
60 83 4
34 67 18
53 80 16
72 93 4
37 72 5
56 85 3
9 10 15
14 88 2
5 39 20
46 77 14
49 82 14
7 85 18
48 86 11
20 24 17
23 29 5
41 83 1
60 96 1
25 75 8
13 21 16
44 88 8
16 26 7
2 91 1
34 80 2
37 85 4
78 86 11
97 99 17
8 27 4
27 40 11
11 32 6
30 45 9
71 83 13
90 96 13
29 86 17
48 99 3
20 37 17
4 29 11
23 42 5
41 96 11
25 88 11
15 43 12
18 48 2
59 86 10
78 99 6
17 89 10
8 40 19
27 53 17
11 45 19
71 96 8
30 58 11
29 99 8
3 46 9
22 59 3
38 40 6
15 56 3
18 61 6
59 99 17
33 46 19
52 59 3
10 62 18
1 13 9
45 56 8
3 59 12
22 72 19
40 62 5
33 59 20
52 72 13
10 75 18
51 76 4
28 65 20
47 78 8
0 3 1
5 81 11
21 62 14
40 75 1
14 22 17
32 76 18
51 89 3
35 81 6
7 19 11
67 70 7
26 32 17
70 75 9
9 65 18
28 78 11
47 91 7
0 16 11
5 94 3
2 25 9
21 75 8
62 76 19
81 89 15
20 79 10
39 92 11
23 84 15
14 35 5
13 76 8
32 89 14
16 81 7
35 94 18
76 95 7
6 36 9
9 78 18
50 79 17
69 92 17
27 95 16
2 38 9
62 89 16
20 92 14
4 84 17
23 97 5
13 89 3
16 94 4
57 95 16
29 33 15
15 98 20
6 49 17
50 92 11
8 95 9
25 35 5
24 39 3
43 52 2
84 90 17
1 55 14
87 95 9
4 97 10
45 98 3
17 36 10
36 49 11
38 95 4
31 55 2
75 98 18
24 52 9
43 65 3
1 68 11
17 49 1
19 58 5
12 55 2
31 68 14
5 15 5
46 53 3
65 66 14
49 58 19
68 71 19
26 74 13
58 63 9
42 55 13
61 68 2
0 58 10
19 71 7
12 68 5
53 69 20
72 82 11
56 74 7
5 28 3
46 66 11
65 79 18
49 71 15
68 84 2
7 74 20
26 87 8
42 68 18
0 71 16
41 72 12
60 85 15
44 77 1
34 69 6
53 82 19
37 74 6
56 87 1
9 12 13
14 90 20
27 29 6
71 72 19
30 34 9
7 87 15
48 88 11
20 26 11
4 18 15
23 31 6
41 85 14
60 98 19
13 23 17
25 77 20
44 90 17
16 28 1
2 93 20
34 82 12
37 87 3
78 88 6
36 91 11
8 29 13
27 42 2
11 34 12
30 47 4
71 85 12
90 98 2
29 88 9
4 31 12
23 44 8
22 48 20
25 90 18
66 91 12
15 45 7
59 88 7
18 50 3
17 91 14
8 42 9
11 47 18
1 2 8
3 48 15
22 61 12
38 42 9
15 58 10
18 63 19
33 48 20
52 61 12
10 64 3
45 58 7
3 61 7
47 67 14
21 51 8
40 64 19
33 61 13
10 77 9
51 78 12
7 8 14
28 67 11
47 80 16
0 5 8
5 83 3
21 64 6
40 77 17
39 81 5
14 24 8
74 75 8
13 65 8
32 78 3
51 91 9
16 70 1
35 83 3
7 21 8
70 77 1
9 67 8
28 80 3
69 81 12
5 96 13
2 27 20
62 78 11
81 91 14
20 81 11
39 94 1
23 86 3
14 37 16
13 78 8
32 91 8
16 83 7
35 96 16
76 97 16
6 38 7
9 80 5
50 81 17
69 94 11
8 84 10
27 97 2
11 89 17
2 40 20
62 91 1
20 94 8
4 86 12
23 99 16
17 25 16
36 38 16
38 84 16
57 97 18
29 35 2
6 51 20
50 94 15
91 95 14
8 97 5
24 41 4
84 92 16
43 54 6
1 57 10
87 97 2
4 99 6
17 38 4
36 51 4
38 97 4
12 44 20
31 57 14
24 54 5
1 70 14
42 44 14
19 60 2
10 11 17
12 57 4
31 70 4
5 17 13
46 55 7
65 68 15
49 60 3
68 73 2
7 63 16
26 76 9
58 65 14
42 57 8
61 70 13
0 60 15
19 73 6
60 74 12
34 58 4
53 71 14
72 84 1
37 63 18
56 76 11
14 79 4
46 68 7
5 30 3
49 73 11
7 76 18
26 89 7
0 73 4
41 74 14
60 87 8
44 79 17
16 17 20
34 71 8
53 84 5
37 76 3
56 89 14
9 14 10
14 92 3
27 31 3
71 74 17
30 36 19
29 77 14
48 90 18
20 28 5
39 41 3
6 93 4
4 20 7
23 33 7
83 84 6
41 87 15
25 79 13
44 92 11
85 93 13
16 30 16
2 95 19
15 34 15
59 77 5
18 39 15
78 90 7
36 93 18
8 31 10
27 44 17
11 36 2
30 49 14
71 87 11
29 90 1
4 33 14
22 50 19
25 92 8
66 93 7
15 47 20
18 52 9
59 90 1
17 93 20
8 44 18
11 49 1
10 53 15
54 96 12
1 4 13
45 47 2
3 50 15
22 63 4
40 53 2
33 50 18
52 63 9
10 66 16
3 63 1
47 69 4
5 72 3
21 53 4
40 66 16
33 63 5
32 67 7
51 80 11
35 72 10
7 10 15
9 56 20
28 69 2
47 82 11
0 7 1
5 85 13
21 66 13
62 67 20
39 83 3
14 26 15
74 77 12
13 67 17
32 80 16
51 93 16
16 72 11
35 85 20
7 23 12
6 27 9
9 69 4
28 82 14
69 83 9
27 86 2
30 91 16
2 29 3
62 80 15
81 93 20
20 83 14
39 96 3
4 75 2
23 88 2
13 80 3
16 85 19
57 86 5
76 99 19
6 40 4
50 83 6
69 96 14
8 86 15
27 99 9
25 26 4
11 91 15
2 42 6
20 96 6
4 88 1
17 27 1
36 40 16
38 86 2
57 99 13
29 37 1
31 46 6
50 96 4
91 97 19
8 99 5
24 43 20
84 94 20
43 56 12
87 99 14
1 59 5
17 40 20
38 99 4
12 46 11
31 59 10
24 56 16
42 46 3
0 49 15
19 62 20
10 13 10
54 56 4
12 59 17
53 60 11
72 73 13
5 19 17
46 57 12
65 70 13
49 62 2
68 75 14
7 65 5
26 78 3
42 59 13
0 62 2
19 75 12
60 76 20
34 60 3
53 73 3
72 86 3
37 65 12
56 78 7
14 81 17
5 32 12
46 70 14
49 75 13
7 78 18
26 91 15
41 76 9
60 89 16
25 68 2
13 14 15
44 81 8
16 19 18
2 84 16
34 73 19
37 78 15
78 79 5
9 16 7
14 94 8
55 95 4
8 20 9
27 33 3
11 25 6
71 76 18
30 38 3
29 79 14
48 92 1
20 30 8
6 95 20
4 22 2
23 35 11
41 89 10
25 81 9
44 94 10
85 95 10
2 97 20
15 36 17
59 79 12
18 41 2
78 92 13
36 95 18
8 33 6
27 46 16
11 38 6
30 51 19
71 89 2
29 92 10
4 35 17
3 39 16
22 52 18
66 95 18
24 98 6
15 49 1
59 92 2
18 54 15
17 95 8
33 39 19
10 55 1
54 98 9
1 6 6
45 49 13
3 52 10
22 65 7
40 55 6
33 52 1
52 65 10
10 68 16
51 69 4
28 58 13
47 71 13
5 74 20
21 55 10
40 68 15
14 15 7
32 69 13
51 82 1
35 74 5
7 12 8
9 58 16
28 71 17
47 84 13
0 9 2
5 87 5
21 68 8
62 69 10
81 82 16
20 72 20
39 85 10
23 77 20
14 28 11
74 79 4
13 69 11
32 82 17
16 74 14
35 87 7
76 88 11
6 29 11
9 71 17
50 72 14
69 85 5
27 88 18
30 93 19
2 31 13
62 82 12
20 85 14
39 98 15
4 77 2
23 90 4
13 82 15
16 87 20
57 88 20
15 91 20
6 42 13
18 96 3
50 85 3
69 98 16
8 88 18
25 28 9
11 93 3
24 32 7
43 45 1
87 88 10
1 48 6
4 90 3
45 91 18
17 29 11
36 42 10
38 88 9
31 48 7
91 99 3
75 91 16
24 45 19
43 58 13
84 96 16
1 61 3
17 42 16
12 48 6
31 61 7
5 8 8
49 51 6
26 67 16
42 48 4
0 51 11
19 64 12
12 61 2
53 62 11
72 75 13
56 67 16
5 21 4
46 59 13
65 72 14
49 64 12
68 77 16
7 67 14
26 80 5
42 61 1
0 64 20
60 78 8
34 62 6
53 75 2
37 67 1
56 80 7
14 83 4
7 80 10
48 81 19
4 11 10
23 24 11
41 78 9
60 91 6
25 70 7
13 16 17
44 83 11
16 21 7
2 86 17
34 75 5
37 80 11
78 81 3
14 96 4
55 97 9
8 22 16
27 35 6
11 27 11
71 78 20
30 40 14
90 91 5
29 81 12
48 94 20
20 32 4
6 97 4
4 24 18
23 37 18
22 41 16
25 83 4
44 96 15
85 97 14
2 99 18
15 38 4
59 81 18
18 43 12
78 94 12
17 84 16
36 97 10
8 35 6
11 40 9
29 94 13
3 41 6
22 54 2
66 97 15
15 51 11
18 56 14
59 94 3
17 97 15
33 41 6
52 54 19
10 57 1
45 51 19
3 54 6
47 60 3
21 44 17
40 57 19
33 54 17
10 70 3
51 71 7
28 60 5
47 73 19
5 76 14
21 57 17
40 70 19
39 74 18
14 17 4
13 58 5
32 71 8
51 84 5
16 63 5
35 76 6
7 14 17
9 60 20
28 73 11
69 74 17
5 89 11
2 20 11
62 71 18
81 84 5
20 74 9
39 87 9
23 79 19
14 30 18
13 71 19
32 84 11
16 76 8
35 89 8
76 90 1
6 31 1
9 73 13
50 74 4
69 87 14
8 77 18
27 90 2
11 82 7
30 95 9
2 33 11
62 84 20
20 87 5
4 79 2
23 92 16
64 93 3
17 18 4
38 77 9
57 90 10
15 93 5
6 44 14
18 98 4
50 87 13
8 90 10
11 95 6
24 34 19
84 85 6
43 47 16
87 90 17
1 50 16
4 92 5
45 93 10
17 31 8
36 44 17
3 96 8
38 90 6
31 50 7
75 93 3
33 96 13
24 47 1
84 98 13
1 63 12
19 53 10
63 96 17
12 50 11
31 63 16
46 48 8
5 10 12
49 53 5
26 69 4
42 50 7
61 63 5
0 53 4
19 66 20
53 64 10
72 77 19
56 69 2
14 72 10
46 61 7
5 23 15
49 66 2
68 79 8
7 69 3
26 82 16
0 66 4
41 67 9
60 80 12
44 72 20
34 64 16
53 77 7
37 69 15
56 82 19
14 85 5
7 82 18
48 83 6
20 21 7
6 86 8
4 13 19
23 26 3
41 80 9
60 93 8
25 72 10
13 18 20
44 85 13
16 23 9
2 88 12
15 27 16
18 32 13
78 83 20
36 86 6
55 99 18
8 24 2
27 37 17
11 29 3
71 80 13
30 42 7
29 83 4
48 96 10
6 99 10
4 26 12
22 43 14
25 85 1
66 86 9
85 99 2
15 40 9
18 45 2
59 83 5
78 96 20
17 86 17
36 99 7
8 37 19
11 42 12
10 46 16
29 96 3
3 43 9
22 56 10
66 99 18
40 46 8
17 99 3
33 43 1
52 56 10
10 59 14
3 56 4
47 62 8
5 65 2
21 46 3
40 59 11
33 56 18
32 60 8
51 73 5
35 65 4
9 49 10
28 62 16
47 75 6
5 78 12
21 59 5
39 76 20
14 19 15
13 60 13
32 73 16
51 86 5
16 65 10
35 78 20
7 16 9
9 62 5
28 75 5
69 76 6
27 79 1
30 84 17
2 22 12
62 73 15
81 86 5
20 76 5
39 89 4
4 68 19
23 81 2
14 32 17
13 73 3
16 78 3
57 79 6
76 92 9
6 33 2
50 76 5
69 89 20
8 79 10
27 92 16
11 84 12
30 97 7
2 35 5
20 89 2
4 81 1
23 94 12
64 95 3
17 20 2
38 79 9
57 92 4
29 30 4
15 95 17
6 46 18
50 89 13
8 92 16
94 95 8
11 97 8
52 98 9
24 36 12
43 49 20
84 87 17
87 92 8
1 52 16
45 95 10
17 33 16
3 98 15
38 92 8
79 93 19
82 98 7
12 39 20
31 52 19
75 95 18
33 98 9
24 49 4
1 65 13
19 55 6
63 98 9
12 52 9
31 65 5
5 12 3
46 50 15
49 55 13
7 58 3
26 71 14
42 52 14
0 55 11
19 68 11
60 69 3
34 53 4
53 66 19
72 79 12
37 58 1
56 71 5
14 74 18
5 25 13
46 63 18
49 68 16
7 71 2
26 84 9
0 68 20
41 69 19
60 82 3
44 74 16
2 77 1
34 66 18
53 79 6
37 71 17
56 84 16
14 87 11
55 88 2
8 13 6
11 18 18
30 31 5
29 72 20
48 85 18
20 23 13
6 88 18
4 15 14
23 28 19
41 82 8
25 74 10
44 87 1
85 88 18
2 90 17
15 29 18
18 34 16
59 72 8
78 85 15
97 98 11
36 88 15
8 26 11
27 39 5
11 31 3
30 44 1
71 82 14
29 85 4
48 98 8
4 28 6
3 32 12
22 45 6
25 87 13
66 88 2
24 91 5
15 42 12
18 47 20
59 85 15
78 98 13
17 88 2
10 48 5
54 91 13
3 45 2
22 58 12
40 48 1
33 45 2
52 58 17
10 61 20
51 62 8
28 51 1
47 64 14
5 67 3
21 48 12
40 61 17
32 62 15
51 75 16
35 67 19
9 51 9
28 64 9
47 77 12
0 2 10
5 80 4
21 61 19
20 65 3
39 78 19
23 70 17
14 21 3
13 62 14
32 75 12
16 67 13
35 80 8
76 81 13
6 22 16
9 64 5
50 65 15
69 78 19
27 81 2
30 86 2
2 24 6
62 75 20
20 78 14
39 91 13
4 70 18
23 83 19
13 75 14
16 80 18
57 81 7
76 94 7
15 84 3
6 35 8
50 78 13
69 91 11
8 81 2
27 94 7
11 86 12
30 99 17
2 37 14
1 41 1
4 83 3
45 84 12
64 97 5
17 22 19
38 81 2
57 94 20
15 97 7
31 41 14
91 92 19
75 84 11
8 94 3
94 97 8
11 99 11
24 38 2
43 51 1
84 89 7
1 54 4
87 94 15
45 97 7
17 35 10
38 94 18
79 95 18
12 41 16
31 54 8
75 97 19
24 51 8
26 60 12
67 98 6
0 44 20
19 57 19
12 54 1
53 55 14
56 60 13
46 52 12
5 14 18
49 57 14
68 70 18
7 60 6
26 73 17
42 54 6
0 57 5
19 70 1
60 71 3
34 55 16
53 68 9
72 81 20
37 60 16
56 73 2
14 76 8
46 65 1
49 70 20
7 73 13
48 74 11
41 71 6
60 84 17
25 63 20
44 76 17
2 79 2
34 68 6
37 73 7
14 89 10
55 90 5
8 15 7
27 28 14
11 20 1
30 33 10
29 74 10
48 87 14
20 25 12
6 90 6
4 17 2
23 30 7
22 34 18
41 84 6
25 76 6
44 89 20
85 90 14
2 92 12
43 93 12
15 31 4
18 36 6
59 74 14
78 87 14
17 77 12
36 90 4
8 28 2
11 33 4
71 84 2
29 87 8
73 93 16
3 34 14
22 47 15
66 90 12
24 93 14
15 44 8
59 87 20
18 49 20
17 90 15
33 34 10
10 50 17
54 93 6
12 96 9
3 47 12
47 53 13
21 37 18
40 50 4
42 96 2
33 47 10
10 63 17
51 64 12
28 53 14
47 66 20
5 69 10
21 50 20
40 63 15
13 51 4
32 64 11
51 77 3
16 56 19
35 69 11
9 53 11
28 66 5
5 82 13
2 13 15
62 64 19
20 67 20
39 80 8
23 72 14
14 23 6
13 64 20
32 77 8
16 69 17
35 82 3
76 83 10
6 24 1
9 66 3
50 67 4
69 80 20
8 70 16
27 83 11
30 88 8
2 26 18
62 77 5
20 80 16
4 72 1
23 85 12
38 70 8
57 83 4
76 96 16
15 86 2
18 91 1
6 37 10
50 80 20
8 83 16
27 96 2
11 88 18
24 27 20
1 43 7
4 85 6
45 86 10
64 99 20
17 24 11
36 37 11
38 83 9
57 96 1
15 99 10
31 43 19
91 94 14
75 86 7
94 99 18
24 40 6
84 91 18
43 53 5
1 56 13
87 96 6
45 99 13
17 37 2
19 46 16
79 97 6
63 89 13
12 43 12
31 56 13
75 99 13
26 62 19
42 43 11
0 46 6
19 59 5
12 56 18
53 57 15
56 62 5
14 65 4
46 54 7
5 16 9
65 67 11
49 59 9
68 72 17
7 62 8
26 75 8
42 56 4
0 59 9
41 60 6
60 73 20
44 65 1
34 57 16
53 70 9
37 62 3
56 75 7
14 78 16
7 75 8
48 76 3
6 79 11
4 6 3
41 73 8
60 86 5
25 65 9
44 78 17
2 81 9
15 20 9
34 70 10
18 25 13
37 75 15
36 79 12
55 92 20
8 17 9
27 30 16
11 22 1
71 73 7
30 35 3
29 76 5
48 89 7
6 92 20
4 19 4
22 36 13
25 78 5
66 79 6
85 92 20
2 94 7
43 95 16
15 33 8
1 98 9
18 38 3
59 76 19
78 89 10
17 79 15
36 92 14
8 30 5
11 35 6
29 89 11
73 95 11
31 98 9
3 36 16
22 49 18
66 92 7
24 95 15
59 89 16
17 92 20
58 93 11
61 98 19
33 36 16
10 52 18
54 95 15
12 98 3
3 49 3
88 93 13
47 55 7
21 39 6
40 52 11
42 98 17
33 49 4
32 53 17
51 66 1
9 42 9
28 55 2
47 68 11
5 71 13
21 52 8
39 69 19
13 53 9
32 66 6
51 79 9
16 58 6
35 71 16
7 9 5
9 55 20
28 68 6
5 84 16
2 15 4
62 66 11
20 69 11
39 82 14
23 74 12
14 25 19
13 66 6
16 71 19
76 85 4
6 26 1
50 69 18
69 82 14
8 72 10
27 85 10
11 77 9
30 90 1
2 28 14
20 82 10
4 74 1
23 87 19
64 88 15
38 72 15
57 85 14
76 98 1
15 88 13
18 93 16
6 39 7
50 82 1
8 85 5
27 98 13
11 90 8
24 29 5
1 45 14
45 88 1
17 26 15
3 91 9
36 39 19
38 85 6
79 86 3
98 99 12
12 32 2
31 45 8
91 96 19
75 88 8
33 91 13
24 42 9
1 58 16
19 48 4
79 99 7
63 91 9
12 45 8
31 58 14
7 51 15
26 64 13
42 45 19
0 48 15
19 61 5
60 62 14
34 46 9
53 59 2
37 51 11
56 64 2
14 67 4
5 18 8
46 56 10
49 61 12
7 64 13
26 77 7
0 61 5
41 62 17
60 75 15
44 67 6
2 70 18
34 59 8
53 72 8
37 64 15
56 77 18
14 80 3
55 81 15
29 65 2
48 78 16
6 81 20
4 8 1
41 75 18
25 67 11
44 80 6
2 83 2
15 22 7
59 65 17
18 27 1
36 81 7
55 94 16
8 19 10
27 32 9
11 24 15
71 75 5
30 37 16
29 78 10
48 91 4
6 94 17
4 21 19
22 38 9
25 80 20
66 81 14
85 94 11
24 84 16
43 97 3
15 35 17
18 40 11
59 78 3
78 91 12
17 81 2
36 94 14
77 95 7
10 41 16
54 84 8
73 97 1
3 38 18
22 51 8
66 94 13
24 97 12
40 41 5
17 94 13
58 95 18
33 38 4
10 54 18
54 97 18
47 57 20
88 95 14
5 60 5
46 98 12
21 41 13
40 54 1
32 55 17
51 68 10
35 60 18
9 44 11
28 57 16
47 70 9
5 73 19
21 54 18
39 71 5
13 55 10
32 68 15
51 81 17
16 60 16
35 73 13
7 11 6
6 15 10
9 57 2
50 58 5
69 71 19
27 74 5
30 79 15
2 17 14
62 68 14
20 71 10
39 84 16
4 63 9
23 76 14
13 68 18
16 73 7
57 74 20
76 87 10
6 28 19
50 71 10
69 84 9
8 74 15
27 87 15
11 79 4
30 92 2
2 30 3
1 34 11
4 76 17
23 89 19
64 90 8
22 93 11
38 74 15
57 87 7
15 90 12
18 95 2
31 34 19
8 87 19
11 92 9
52 93 13
24 31 2
43 44 16
1 47 15
45 90 16
17 28 10
3 93 12
38 87 11
79 88 12
82 93 11
12 34 10
31 47 19
91 98 12
75 90 7
33 93 4
24 44 5
26 53 12
0 37 11
19 50 7
63 93 13
21 96 10
12 47 19
5 7 20
49 50 1
7 53 5
26 66 20
42 47 6
0 50 12
19 63 18
60 64 3
34 48 4
53 61 14
72 74 1
37 53 12
56 66 3
14 69 12
46 58 1
49 63 9
7 66 20
48 67 3
41 64 15
60 77 17
25 56 3
44 69 5
2 72 10
34 61 4
37 66 11
14 82 19
55 83 14
11 13 4
29 67 15
48 80 5
6 83 20
4 10 10
41 77 12
25 69 4
44 82 10
2 85 12
43 86 18
15 24 20
59 67 7
18 29 5
78 80 8
17 70 19
36 83 3
55 96 12
8 21 14
11 26 6
71 77 2
29 80 8
73 86 3
6 96 7
3 27 19
22 40 2
66 83 5
85 96 12
24 86 14
43 99 18
15 37 4
18 42 5
59 80 11
17 83 11
36 96 4
77 97 6
10 43 2
54 86 18
73 99 4
12 89 9
3 40 3
22 53 2
66 96 4
24 99 4
40 43 11
58 97 6
42 89 11
33 40 11
10 56 12
51 57 6
54 99 18
28 46 12
88 97 20
47 59 10
5 62 10
21 43 4
40 56 17
32 57 20
51 70 11
35 62 17
9 46 14
28 59 10
47 72 9
5 75 1
2 6 19
20 60 19
39 73 13
23 65 18
14 16 10
13 57 11
32 70 10
16 62 20
35 75 19
6 17 14
9 59 9
50 60 1
69 73 10
27 76 13
30 81 9
2 19 6
62 70 10
20 73 15
39 86 15
4 65 10
23 78 4
16 75 16
57 76 11
76 89 15
15 79 13
18 84 3
6 30 1
50 73 15
69 86 7
8 76 20
27 89 11
11 81 10
30 94 4
1 36 12
4 78 15
45 79 19
64 92 7
22 95 20
38 76 15
57 89 6
15 92 7
18 97 10
31 36 13
75 79 17
8 89 13
11 94 20
52 95 5
24 33 9
43 46 8
10 98 15
87 89 20
1 49 18
45 92 16
17 30 17
3 95 4
19 39 8
79 90 5
82 95 12
40 98 2
12 36 11
31 49 19
75 92 3
33 95 12
67 93 20
26 55 7
70 98 2
0 39 17
19 52 18
63 95 6
21 98 8
12 49 13
14 58 20
46 47 12
5 9 5
49 52 16
7 55 7
26 68 15
42 49 10
0 52 2
41 53 8
60 66 9
44 58 6
34 50 18
53 63 4
37 55 11
56 68 3
14 71 13
7 68 2
48 69 11
6 72 13
41 66 13
60 79 9
25 58 6
44 71 10
2 74 2
34 63 10
37 68 14
36 72 6
55 85 11
8 10 4
11 15 13
29 69 3
48 82 15
6 85 14
4 12 17
22 29 6
25 71 13
66 72 20
2 87 1
43 88 11
15 26 9
18 31 18
59 69 15
78 82 19
17 72 18
36 85 18
55 98 5
8 23 4
11 28 1
29 82 10
73 88 13
31 91 2
3 29 5
22 42 15
66 85 3
85 98 2
24 88 13
15 39 1
59 82 17
18 44 18
17 85 20
58 86 9
77 99 2
61 91 18
10 45 1
54 88 16
12 91 12
3 42 17
47 48 3
21 32 18
40 45 9
58 99 10
42 91 17
0 94 19
33 42 5
10 58 5
51 59 18
28 48 17
47 61 1
88 99 10
5 64 14
21 45 16
40 58 12
39 62 11
13 46 11
32 59 13
51 72 6
16 51 1
35 64 5
9 48 7
28 61 2
5 77 3
2 8 2
20 62 18
39 75 6
23 67 19
14 18 11
13 59 7
32 72 17
16 64 18
35 77 9
76 78 17
6 19 2
9 61 13
50 62 19
69 75 7
8 65 9
27 78 18
11 70 4
30 83 18
2 21 8
20 75 13
4 67 20
23 80 12
64 81 8
38 65 2
57 78 4
76 91 18
15 81 18
18 86 14
6 32 2
50 75 13
8 78 13
27 91 13
11 83 4
30 96 16
1 38 12
4 80 1
45 81 10
64 94 16
17 19 8
3 84 16
22 97 5
38 78 8
57 91 1
15 94 6
18 99 15
12 25 10
31 38 20
75 81 5
33 84 20
52 97 4
24 35 3
1 51 6
87 91 16
45 94 20
86 95 12
3 97 3
19 41 5
79 92 13
63 84 14
82 97 5
12 38 11
31 51 14
75 94 14
33 97 12
7 44 17
67 95 5
26 57 14
0 41 14
19 54 19
63 97 15
34 39 15
37 44 5
56 57 15
14 60 5
5 11 1
46 49 10
49 54 19
7 57 12
26 70 5
0 54 11
41 55 9
60 68 11
44 60 1
2 63 7
34 52 20
53 65 4
37 57 12
56 70 20
14 73 12
55 74 16
29 58 20
48 71 2
6 74 9
41 68 9
25 60 2
44 73 9
2 76 18
18 20 16
36 74 12
55 87 5
8 12 3
11 17 2
29 71 18
48 84 9
6 87 19
4 14 3
22 31 9
25 73 11
66 74 3
85 87 2
24 77 11
43 90 16
15 28 11
1 93 3
18 33 11
59 71 12
78 84 4
17 74 1
36 87 2
77 88 12
11 30 20
10 34 9
54 77 10
73 90 17
31 93 19
3 31 6
22 44 9
66 87 3
24 90 2
17 87 7
58 88 14
61 93 1
10 47 1
54 90 10
12 93 8
3 44 8
47 50 18
5 53 4
46 91 5
49 96 12
21 34 8
40 47 15
42 93 4
33 44 7
0 96 19
32 48 14
51 61 6
35 53 5
9 37 5
28 50 18
47 63 6
5 66 11
21 47 10
39 64 12
13 48 4
32 61 8
51 74 15
16 53 2
35 66 3
6 8 13
9 50 12
28 63 20
27 67 11
30 72 12
2 10 2
20 64 9
39 77 16
4 56 2
23 69 10
13 61 8
16 66 7
57 67 5
76 80 18
6 21 18
50 64 11
69 77 10
8 67 14
27 80 1
11 72 5
30 85 13
2 23 11
1 27 6
20 77 3
4 69 18
23 82 4
64 83 2
22 86 11
38 67 9
57 80 3
76 93 10
15 83 16
18 88 12
50 77 2
8 80 19
11 85 3
52 86 20
1 40 10
45 83 12
64 96 16
17 21 15
3 86 19
22 99 9
38 80 16
79 81 3
82 86 8
15 96 18
12 27 13
31 40 4
75 83 18
94 96 7
33 86 6
52 99 10
24 37 17
45 96 16
86 97 18
3 99 8
0 30 1
19 43 6
79 94 18
63 86 3
82 99 17
21 89 16
12 40 20
75 96 19
33 99 11
7 46 7
26 59 13
67 97 2
0 43 11
19 56 6
63 99 9
34 41 10
53 54 13
37 46 6
56 59 10
14 62 10
5 13 10
46 51 15
49 56 19
7 59 14
48 60 11
41 57 12
60 70 17
25 49 13
44 62 6
2 65 9
34 54 14
37 59 11
14 75 12
55 76 18
29 60 15
48 73 7
6 76 19
41 70 2
25 62 6
44 75 3
2 78 6
15 17 10
59 60 5
18 22 9
17 63 16
36 76 9
55 89 5
8 14 15
11 19 14
30 32 4
29 73 8
73 79 13
6 89 9
4 16 2
3 20 16
22 33 11
66 76 6
85 89 9
24 79 9
43 92 8
15 30 17
1 95 12
18 35 8
59 73 11
17 76 12
36 89 11
77 90 3
80 95 5
10 36 20
54 79 6
73 92 2
31 95 15
3 33 15
22 46 1
66 89 12
24 92 20
58 90 14
42 82 8
61 95 14
19 98 19
10 49 6
54 92 12
12 95 11
28 39 19
88 90 9
47 52 9
5 55 18
46 93 5
49 98 16
21 36 8
40 49 20
42 95 13
0 98 16
32 50 15
51 63 1
35 55 8
9 39 16
28 52 2
47 65 17
5 68 9
21 49 4
20 53 20
39 66 11
23 58 11
13 50 13
32 63 6
16 55 19
35 68 18
6 10 13
9 52 6
50 53 13
27 69 11
30 74 2
2 12 1
62 63 4
20 66 14
39 79 10
4 58 3
23 71 6
13 63 4
16 68 18
57 69 19
76 82 8
15 72 14
6 23 8
18 77 12
50 66 19
69 79 12
8 69 16
27 82 20
11 74 12
30 87 18
1 29 10
4 71 2
45 72 2
64 85 8
22 88 2
38 69 2
57 82 16
15 85 10
18 90 2
8 82 20
11 87 7
52 88 1
24 26 2
10 91 10
1 42 6
45 85 11
64 98 16
17 23 1
3 88 9
19 32 17
38 82 6
79 83 11
82 88 14
40 91 15
12 29 3
31 42 10
91 93 3
75 85 16
94 98 19
33 88 9
26 48 11
67 86 6
86 99 10
70 91 13
0 32 12
19 45 20
79 96 7
63 88 2
21 91 8
12 42 2
7 48 7
26 61 12
67 99 8
9 94 19
0 45 17
41 46 9
34 43 3
53 56 20
37 48 16
56 61 14
14 64 19
7 61 8
48 62 14
41 59 17
60 72 10
25 51 9
44 64 8
2 67 10
34 56 4
37 61 18
14 77 2
55 78 7
29 62 1
48 75 1
6 78 3
4 5 8
25 64 11
2 80 19
43 81 8
15 19 9
18 24 8
59 62 16
17 65 17
36 78 16
55 91 9
8 16 11
11 21 20
29 75 8
73 81 16
6 91 2
3 22 19
22 35 12
66 78 4
85 91 7
24 81 15
43 94 15
15 32 19
1 97 15
59 75 11
18 37 16
17 78 3
77 92 11
80 97 2
10 38 13
54 81 20
73 94 2
12 84 7
31 97 2
3 35 11
24 94 13
65 95 9
21 25 6
58 92 13
42 84 14
61 97 14
33 35 20
10 51 15
51 52 6
54 94 16
12 97 6
28 41 1
47 54 15
88 92 6
46 95 16
5 57 10
21 38 5
40 51 2
39 55 17
42 97 13
13 39 6
32 52 10
51 65 6
16 44 6
35 57 7
34 98 7
9 41 7
28 54 8
5 70 15
20 55 5
39 68 4
23 60 15
13 52 6
32 65 3
16 57 16
35 70 6
6 12 18
9 54 3
50 55 6
8 58 17
27 71 17
11 63 18
30 76 7
2 14 20
62 65 4
20 68 20
4 60 14
23 73 6
64 74 15
38 58 11
57 71 2
76 84 15
15 74 8
18 79 10
6 25 17
50 68 10
8 71 10
27 84 1
11 76 18
30 89 6
1 31 18
4 73 2
45 74 15
64 87 10
3 77 13
22 90 10
38 71 10
57 84 11
15 87 9
18 92 9
12 18 12
33 77 12
52 90 10
24 28 7
10 93 11
1 44 14
45 87 8
86 88 19
3 90 19
89 93 13
19 34 8
79 85 12
63 77 10
82 90 8
40 93 15
12 31 19
31 44 12
75 87 20
33 90 14
26 50 9
67 88 2
70 93 19
28 96 18
0 34 18
19 47 19
79 98 19
63 90 12
21 93 9
14 53 12
7 50 13
26 63 5
9 96 4
0 47 11
41 48 16
60 61 15
44 53 12
34 45 12
53 58 19
37 50 7
56 63 18
14 66 16
48 64 1
6 67 18
41 61 7
25 53 10
44 66 4
2 69 11
36 67 1
55 80 2
29 64 1
48 77 2
6 80 18
4 7 5
22 24 3
25 66 5
66 67 13
2 82 6
43 83 11
15 21 2
1 86 15
59 64 6
18 26 16
17 67 14
36 80 12
55 93 9
8 18 14
11 23 14
10 27 7
73 83 20
31 86 16
3 24 19
22 37 10
66 80 11
24 83 16
43 96 5
1 99 3
17 80 12
58 81 15
77 94 1
61 86 20
80 99 4
10 40 13
54 83 16
73 96 4
12 86 1
31 99 4
3 37 12
5 46 7
24 96 12
65 97 1
21 27 20
58 94 3
42 86 9
61 99 10
0 89 16
33 37 16
32 41 10
51 54 16
35 46 18
95 97 5
12 99 19
9 30 17
28 43 11
47 56 1
88 94 17
5 59 4
46 97 15
21 40 2
39 57 5
42 99 9
13 41 18
32 54 10
51 67 19
16 46 4
35 59 17
9 43 3
28 56 14
27 60 18
30 65 4
2 3 9
20 57 2
39 70 6
4 49 8
23 62 18
13 54 16
16 59 10
57 60 7
6 14 4
50 57 2
69 70 10
8 60 6
27 73 3
11 65 20
30 78 15
2 16 11
20 70 5
4 62 2
23 75 13
64 76 16
22 79 20
38 60 3
57 73 16
76 86 11
15 76 7
18 81 12
50 70 10
8 73 4
11 78 5
52 79 6
1 33 8
45 76 16
64 89 15
3 79 7
22 92 14
38 73 8
15 89 4
18 94 3
12 20 9
31 33 7
75 76 7
33 79 14
52 92 9
24 30 17
10 95 20
1 46 6
45 89 10
86 90 5
3 92 11
89 95 16
47 98 2
19 36 6
79 87 14
63 79 2
82 92 7
21 82 17
40 95 10
12 33 11
75 89 4
33 92 6
74 93 7
7 39 14
26 52 17
67 90 11
70 95 15
28 98 15
0 36 8
19 49 18
63 92 5
21 95 11
37 39 5
14 55 16
13 96 20
5 6 17
7 52 16
26 65 20
9 98 17
41 50 15
60 63 8
44 55 5
2 58 16
34 47 14
37 52 12
56 65 14
14 68 8
55 69 17
29 53 10
48 66 14
6 69 9
41 63 4
25 55 15
44 68 12
2 71 8
36 69 12
55 82 18
11 12 9
29 66 10
48 79 7
6 82 19
4 9 18
3 13 4
22 26 2
66 69 17
24 72 11
43 85 8
15 23 10
1 88 9
59 66 15
18 28 9
17 69 18
36 82 6
77 83 17
80 88 1
10 29 14
54 72 17
73 85 3
31 88 1
3 26 15
22 39 16
66 82 3
24 85 7
43 98 10
17 82 3
58 83 15
77 96 13
61 88 17
19 91 8
10 42 20
54 85 18
73 98 9
12 88 3
28 32 2
46 86 7
5 48 17
65 99 12
49 91 3
21 29 10
40 42 17
58 96 7
42 88 16
0 91 16
32 43 9
51 56 8
35 48 10
95 99 18
9 32 16
28 45 12
47 58 16
88 96 13
5 61 4
46 99 7
21 42 6
20 46 19
39 59 3
23 51 18
13 43 12
32 56 17
16 48 12
35 61 6
9 45 6
27 62 2
30 67 6
2 5 6
20 59 18
39 72 14
4 51 4
23 64 3
13 56 2
16 61 17
57 62 17
15 65 10
6 16 8
18 70 13
50 59 7
69 72 2
8 62 9
27 75 9
11 67 12
30 80 14
2 18 12
1 22 6
4 64 8
45 65 13
64 78 12
22 81 9
38 62 18
57 75 13
15 78 1
18 83 11
8 75 13
11 80 1
52 81 18
1 35 7
45 78 6
64 91 3
3 81 20
22 94 14
38 75 10
40 84 2
12 22 3
31 35 7
75 78 7
33 81 8
52 94 17
93 95 18
10 97 3
67 79 2
26 41 14
86 92 19
70 84 18
3 94 13
89 97 5
0 25 5
19 38 5
79 89 2
63 81 2
82 94 9
21 84 10
40 97 3
12 35 15
33 94 4
74 95 9
32 98 12
7 41 6
67 92 16
26 54 19
70 97 16
9 87 14
0 38 15
19 51 4
63 94 13
21 97 11
62 98 17
34 36 2
37 41 1
14 57 2
13 98 11
7 54 15
48 55 5
92 98 13
41 52 11
60 65 9
25 44 10
44 57 8
2 60 10
34 49 16
37 54 9
14 70 19
55 71 19
29 55 1
48 68 15
6 71 6
41 65 7
25 57 19
44 70 8
2 73 13
43 74 17
17 58 7
36 71 14
55 84 12
8 9 13
11 14 14
29 68 8
73 74 1
6 84 19
3 15 13
22 28 17
66 71 4
24 74 4
43 87 10
15 25 12
1 90 8
18 30 5
59 68 5
17 71 12
36 84 18
77 85 6
80 90 10
10 31 13
54 74 5
73 87 14
12 77 15
31 90 14
3 28 3
66 84 17
24 87 13
65 88 9
68 93 20
58 85 16
77 98 10
42 77 1
61 90 7
19 93 14
10 44 1
54 87 5
12 90 17
28 34 10
46 88 9
5 50 1
49 93 10
21 31 2
7 96 6
40 44 10
39 48 4
58 98 12
42 90 6
0 93 9
13 32 15
32 45 20
51 58 2
16 37 14
35 50 11
34 91 7
37 96 10
9 34 13
28 47 9
88 98 2
5 63 1
20 48 1
39 61 5
23 53 20
13 45 13
32 58 14
16 50 19
35 63 8
9 47 16
8 51 5
27 64 4
11 56 12
30 69 6
2 7 1
20 61 5
4 53 18
23 66 6
64 67 10
38 51 1
57 64 13
76 77 5
15 67 17
18 72 12
6 18 10
50 61 6
8 64 6
27 77 4
11 69 5
30 82 17
1 24 4
4 66 15
45 67 16
64 80 14
3 70 8
22 83 5
38 64 17
57 77 19
15 80 7
18 85 2
33 70 18
52 83 10
10 86 20
1 37 2
45 80 14
3 83 15
22 96 6
19 27 12
63 70 16
82 83 8
40 86 8
12 24 1
31 37 9
75 80 20
33 83 8
52 96 5
93 97 4
10 99 14
26 43 10
67 81 8
86 94 18
70 86 20
89 99 16
0 27 19
19 40 4
79 91 13
63 83 19
82 96 5
21 86 10
40 99 16
12 37 10
14 46 2
74 97 6
7 43 13
67 94 20
26 56 6
70 99 15
9 89 13
0 40 14
44 46 2
21 99 17
34 38 1
37 43 20
14 59 17
7 56 9
48 57 6
6 60 19
41 54 2
60 67 8
25 46 10
44 59 10
2 62 4
34 51 5
37 56 12
36 60 12
55 73 17
29 57 3
48 70 20
6 73 8
25 59 17
2 75 4
43 76 19
1 79 3
18 19 16
17 60 19
36 73 17
55 86 9
8 11 20
11 16 15
10 20 14
29 70 1
73 76 19
31 79 5
3 17 11
22 30 12
66 73 7
85 86 9
24 76 4
43 89 5
1 92 19
59 70 16
17 73 10
58 74 15
77 87 12
61 79 16
80 92 2
10 33 13
54 76 3
73 89 2
12 79 8
31 92 3
3 30 15
24 89 19
65 90 13
68 95 1
26 98 9
58 87 11
42 79 7
61 92 3
0 82 19
19 95 14
32 34 5
35 39 2
54 89 10
12 92 20
53 93 12
56 98 10
9 23 14
28 36 9
47 49 7
46 90 13
5 52 11
49 95 7
21 33 6
7 98 2
39 50 12
42 92 14
83 93 11
0 95 8
13 34 9
32 47 20
51 60 17
16 39 15
35 52 4
34 93 17
37 98 17
9 36 4
28 49 8
20 50 9
39 63 10
4 42 10
23 55 15
13 47 3
16 52 20
6 7 3
8 53 15
27 66 6
11 58 10
30 71 8
2 9 6
20 63 7
4 55 20
23 68 2
64 69 12
38 53 18
57 66 12
76 79 8
15 69 6
6 20 15
18 74 5
50 63 15
8 66 17
11 71 12
1 26 16
45 69 11
64 82 7
3 72 10
22 85 2
38 66 9
15 82 18
18 87 6
12 13 2
33 72 9
52 85 4
10 88 2
1 39 6
45 82 20
3 85 1
22 98 8
19 29 12
79 80 13
63 72 3
82 85 3
40 88 8
12 26 19
31 39 8
75 82 10
33 85 7
74 86 19
93 99 11
7 32 13
67 83 8
26 45 19
86 96 14
70 88 17
28 91 13
0 29 6
19 42 4
63 85 12
21 88 12
14 48 4
74 99 10
7 45 1
26 58 8
67 96 15
9 91 8
0 42 5
41 43 8
44 48 15
2 51 3
34 40 4
37 45 12
56 58 20
14 61 13
55 62 20
29 46 19
48 59 1
6 62 3
41 56 6
25 48 10
44 61 11
2 64 12
36 62 3
55 75 16
29 59 12
48 72 19
6 75 15
3 6 10
25 61 1
24 65 8
43 78 11
15 16 20
1 81 10
18 21 4
17 62 2
36 75 16
80 81 1
10 22 3
54 65 2
73 78 9
31 81 16
3 19 19
22 32 15
66 75 17
24 78 16
43 91 13
1 94 10
17 75 3
58 76 20
77 89 1
61 81 16
80 94 13
19 84 2
10 35 14
54 78 12
73 91 6
12 81 10
31 94 14
72 95 11
5 41 9
46 79 9
65 92 5
49 84 3
68 97 20
21 22 11
58 89 15
42 81 1
61 94 5
0 84 1
19 97 19
32 36 7
35 41 16
12 94 4
53 95 16
9 25 13
28 38 5
47 51 2
88 89 12
5 54 19
46 92 20
49 97 9
21 35 12
20 39 5
39 52 9
42 94 13
83 95 9
0 97 3
41 98 5
13 36 11
32 49 12
16 41 2
35 54 18
34 95 17
9 38 14
27 55 20
71 98 18
30 60 4
20 52 17
39 65 18
4 44 18
23 57 14
13 49 13
16 54 18
6 9 18
50 52 6
8 55 13
27 68 15
11 60 3
30 73 3
2 11 13
1 15 14
4 57 1
64 71 20
22 74 11
38 55 11
57 68 8
15 71 1
18 76 14
8 68 17
11 73 15
52 74 9
1 28 17
45 71 1
64 84 16
3 74 11
22 87 17
38 68 2
18 89 10
12 15 17
33 74 8
52 87 13
24 25 11
10 90 12
26 34 16
67 72 1
3 87 3
89 90 7
47 93 9
0 18 4
19 31 19
79 82 12
63 74 19
82 87 6
21 77 10
40 90 8
12 28 13
33 87 20
74 88 7
7 34 12
67 85 16
26 47 11
86 98 18
70 90 17
28 93 5
0 31 2
19 44 20
63 87 4
21 90 19
14 50 3
13 91 12
16 96 10
7 47 19
9 93 1
41 45 3
25 37 20
44 50 10
2 53 18
34 42 4
37 47 10
14 63 9
55 64 10
29 48 15
48 61 3
6 64 11
41 58 14
25 50 1
44 63 6
2 66 3
43 67 5
17 51 19
36 64 12
55 77 15
29 61 4
6 77 16
3 8 19
24 67 14
43 80 17
15 18 13
1 83 7
59 61 9
18 23 12
17 64 18
36 77 3
77 78 19
80 83 13
10 24 16
54 67 18
73 80 1
12 70 7
31 83 11
3 21 10
66 77 13
24 80 17
65 81 5
68 86 7
1 96 16
58 78 5
77 91 5
42 70 2
61 83 8
80 96 16
19 86 12
10 37 11
54 80 9
12 83 6
31 96 11
72 97 20
5 43 4
46 81 3
65 94 16
49 86 6
68 99 16
21 24 3
7 89 7
58 91 16
42 83 1
61 96 13
0 86 18
19 99 10
13 25 4
32 38 20
35 43 14
34 84 6
53 97 16
37 89 9
9 27 16
28 40 14
88 91 15
5 56 4
46 94 10
49 99 1
20 41 17
39 54 10
23 46 7
83 97 5
0 99 2
13 38 20
32 51 17
16 43 9
35 56 11
34 97 10
9 40 4
27 57 19
30 62 18
20 54 11
39 67 15
4 46 5
23 59 7
38 44 5
15 60 9
18 65 18
6 11 19
50 54 13
8 57 3
27 70 10
11 62 13
30 75 2
1 17 5
4 59 7
45 60 15
64 73 16
22 76 11
38 57 2
57 70 3
15 73 18
18 78 12
11 75 5
52 76 4
10 79 2
1 30 14
45 73 17
64 86 8
3 76 6
22 89 18
19 20 11
40 79 12
12 17 10
33 76 16
52 89 5
10 92 7
26 36 14
67 74 18
86 87 4
70 79 3
3 89 4
89 92 4
47 95 2
0 20 2
19 33 12
79 84 13
5 98 14
63 76 11
82 89 7
21 79 4
40 92 10
12 30 12
14 39 3
33 89 3
74 90 19
32 93 3
35 98 5
7 36 9
26 49 17
67 87 3
70 92 2
9 82 15
28 95 13
0 33 9
21 92 4
62 93 9
14 52 15
13 93 13
16 98 2
7 49 20
48 50 16
92 93 19
6 53 4
9 95 8
41 47 11
25 39 15
44 52 16
2 55 8
34 44 6
37 49 8
36 53 12
55 66 15
29 50 18
48 63 1
6 66 5
25 52 3
2 68 4
43 69 5
1 72 18
17 53 14
36 66 4
55 79 10
29 63 3
31 72 3
3 10 19
22 23 8
24 69 10
43 82 10
1 85 13
59 63 6
17 66 13
58 67 7
77 80 7
61 72 11
80 85 5
10 26 1
54 69 8
73 82 10
12 72 4
31 85 6
3 23 2
24 82 18
65 83 16
68 88 7
58 80 9
77 93 17
42 72 7
61 85 4
80 98 5
0 75 18
19 88 14
10 39 5
54 82 8
12 85 6
53 86 11
72 99 3
56 91 13
28 29 2
5 45 8
46 83 6
65 96 16
49 88 5
21 26 12
7 91 19
39 43 13
42 85 1
83 86 6
0 88 15
13 27 16
32 40 5
51 53 17
16 32 2
35 45 2
95 96 12
34 86 14
53 99 16
37 91 6
9 29 2
28 42 3
46 96 10
5 58 1
20 43 3
39 56 17
23 48 19
83 99 10
25 94 13
13 40 17
16 45 19
35 58 10
34 99 4
8 46 12
27 59 3
11 51 7
30 64 5
20 56 7
4 48 4
23 61 6
38 46 19
57 59 16
15 62 20
18 67 1
6 13 12
50 56 12
8 59 5
27 72 12
11 64 11
30 77 10
1 19 13
4 61 13
45 62 7
64 75 7
3 65 6
22 78 3
38 59 4
57 72 13
15 75 16
18 80 15
33 65 13
52 78 2
10 81 5
1 32 13
45 75 10
3 78 1
22 91 19
19 22 11
63 65 1
40 81 5
12 19 12
31 32 7
33 78 10
52 91 1
10 94 4
51 95 8
7 25 15
67 76 18
26 38 10
86 89 11
70 81 15
89 94 19
28 84 6
47 97 12
0 22 15
19 35 20
63 78 11
82 91 13
21 81 10
40 94 14
81 95 5
14 41 2
74 92 2
32 95 19
7 38 1
67 89 13
26 51 20
70 94 14
9 84 10
28 97 18
0 35 16
2 44 16
21 94 12
62 95 7
20 98 14
37 38 5
14 54 20
13 95 18
29 39 16
48 52 14
6 55 4
92 95 11
9 97 1
50 98 13
41 49 19
25 41 18
44 54 3
2 57 6
36 55 17
55 68 13
29 52 5
48 65 16
6 68 8
25 54 18
24 58 4
43 71 3
1 74 13
17 55 6
36 68 6
10 15 18
54 58 6
31 74 9
3 12 3
22 25 15
66 68 4
24 71 3
43 84 2
1 87 17
17 68 15
58 69 10
77 82 14
61 74 5
80 87 3
19 77 8
10 28 15
54 71 3
73 84 9
12 74 11
31 87 2
72 88 5
3 25 18
5 34 10
46 72 4
65 85 19
49 77 8
68 90 9
26 93 3
58 82 16
42 74 3
61 87 8
0 77 1
19 90 19
12 87 17
53 88 4
56 93 10
9 18 9
28 31 8
46 85 6
5 47 10
65 98 15
49 90 8
21 28 2
7 93 5
39 45 11
42 87 20
83 88 10
0 90 15
41 91 8
13 29 12
32 42 2
51 55 6
16 34 3
35 47 13
95 98 20
34 88 1
37 93 2
9 31 5
28 44 4
27 48 16
30 53 3
71 91 2
20 45 18
39 58 14
4 37 6
23 50 19
25 96 13
13 42 2
16 47 12
8 48 11
27 61 5
11 53 12
30 66 13
2 4 7
1 8 1
20 58 3
4 50 6
23 63 12
22 67 15
38 48 13
57 61 12
15 64 1
18 69 4
8 61 7
11 66 5
52 67 18
1 21 11
45 64 5
64 77 18
3 67 12
22 80 1
38 61 12
15 77 8
18 82 12
33 67 1
52 80 13
10 83 6
26 27 17
45 77 14
3 80 11
47 86 18
0 11 13
19 24 20
63 67 9
21 70 15
40 83 12
12 21 16
75 77 10
33 80 20
74 81 14
93 94 8
10 96 12
51 97 18
7 27 8
67 78 9
26 40 15
86 91 10
70 83 7
89 96 6
28 86 13
47 99 5
0 24 14
19 37 15
63 80 8
21 83 12
40 96 5
81 97 17
14 43 3
74 94 4
13 84 9
32 97 8
16 89 10
7 40 7
67 91 16
70 96 11
9 86 11
28 99 2
25 30 6
2 46 6
62 97 4
34 35 10
37 40 6
14 56 16
55 57 19
13 97 7
29 41 17
48 54 14
6 57 12
92 97 19
9 99 9
41 51 5
25 43 6
44 56 7
2 59 1
43 60 13
17 44 6
36 57 8
55 70 20
29 54 3
6 70 8
24 60 6
43 73 4
1 76 1
17 57 10
36 70 5
10 17 2
54 60 8
12 63 20
31 76 19
3 14 16
22 27 9
66 70 11
24 73 1
65 74 14
1 89 14
58 71 12
77 84 17
42 63 11
61 76 5
80 89 15
19 79 6
10 30 13
54 73 2
12 76 1
31 89 3
72 90 8
46 74 10
5 36 10
65 87 9
49 79 8
68 92 12
26 95 2
58 84 16
42 76 17
61 89 16
0 79 9
19 92 2
35 36 11
34 77 2
53 90 12
37 82 9
56 95 14
9 20 5
28 33 8
14 98 13
46 87 11
5 49 6
49 92 6
90 93 14
21 30 6
7 95 10
20 34 2
39 47 16
23 39 17
83 90 3
0 92 5
41 93 3
13 31 13
32 44 6
44 98 19
16 36 17
35 49 20
34 90 6
37 95 2
9 33 15
27 50 6
30 55 3
71 93 19
20 47 3
39 60 14
4 39 9
23 52 18
13 44 3
25 98 1
16 49 13
15 53 14
18 58 4
59 96 6
8 50 14
27 63 15
11 55 16
30 68 4
1 10 1
4 52 6
45 53 6
64 66 14
22 69 9
38 50 11
57 63 15
15 66 13
18 71 1
8 63 1
11 68 2
52 69 19
10 72 5
1 23 2
45 66 15
64 79 4
3 69 4
22 82 15
38 63 6
40 72 8
33 69 19
52 82 10
10 85 9
26 29 4
70 72 5
3 82 11
47 88 2
0 13 6
19 26 15
5 91 11
63 69 7
21 72 6
40 85 4
12 23 14
33 82 15
74 83 20
93 96 9
32 86 5
51 99 12
35 91 16
7 29 14
67 80 19
26 42 17
86 93 6
70 85 10
89 98 8
9 75 13
28 88 8
0 26 10
63 82 10
21 85 20
62 86 15
81 99 17
14 45 5
74 96 19
13 86 18
32 99 16
16 91 8
7 42 16
9 88 16
25 32 11
44 45 1
2 48 20
62 99 9
34 37 17
4 94 16
37 42 19
36 46 14
96 97 19
55 59 14
13 99 15
29 43 6
48 56 18
6 59 18
92 99 1
25 45 9
2 61 10
43 62 7
17 46 6
36 59 8
55 72 17
29 56 19
24 62 9
43 75 18
1 78 10
17 59 4
58 60 5
61 65 13
10 19 7
54 62 6
73 75 10
12 65 8
31 78 8
3 16 14
24 75 6
65 76 2
68 81 17
1 91 14
58 73 17
77 86 7
42 65 6
61 78 17
80 91 16
19 81 6
10 32 20
54 75 15
12 78 2
72 92 18
5 38 13
46 76 13
65 89 2
49 81 4
68 94 16
7 84 4
26 97 12
42 78 11
0 81 16
19 94 20
60 95 10
13 20 20
32 33 7
16 25 20
35 38 14
34 79 16
53 92 17
37 84 10
56 97 14
9 22 9
28 35 11
46 89 3
5 51 10
49 94 1
90 95 3
7 97 3
20 36 18
39 49 16
23 41 7
83 92 18
41 95 18
13 33 15
32 46 3
16 38 14
35 51 4
34 92 19
37 97 1
9 35 1
8 39 7
27 52 15
11 44 13
71 95 2
30 57 8
29 98 5
20 49 15
4 41 4
23 54 15
38 39 20
15 55 4
59 98 5
18 60 12
8 52 2
27 65 18
11 57 6
30 70 14
1 12 6
4 54 7
45 55 3
64 68 10
3 58 19
22 71 6
38 52 8
57 65 13
15 68 8
18 73 13
33 58 16
52 71 14
10 74 14
1 25 12
45 68 2
3 71 17
22 84 19
40 74 15
33 71 16
52 84 9
10 87 12
51 88 13
7 18 16
26 31 9
67 69 20
70 74 4
28 77 12
47 90 18
0 15 8
19 28 3
5 93 11
63 71 13
82 84 16
21 74 16
40 87 3
81 88 16
14 34 20
74 85 17
93 98 4
32 88 15
35 93 3
7 31 7
26 44 19
67 82 15
70 87 18
9 77 16
28 90 5
0 28 2
21 87 1
62 88 17
20 91 3
23 96 9
14 47 12
74 98 2
