100 2475 1
13 88 1
16 93 8
36 71 11
29 32 10
8 9 9
40 41 4
5 83 3
58 95 6
6 84 14
39 81 2
44 47 14
74 75 11
32 78 13
24 74 17
43 87 7
36 48 16
15 25 11
1 90 1
47 57 8
18 30 7
17 71 5
28 80 11
29 45 3
81 91 13
25 47 15
39 94 17
12 77 3
31 90 7
43 64 4
66 84 20
13 78 6
24 87 5
65 88 19
36 61 8
9 44 14
76 97 20
68 93 2
58 85 13
77 98 20
9 80 9
69 94 2
21 54 17
61 90 12
27 97 11
39 71 19
3 5 19
62 91 19
32 68 5
23 99 16
24 64 17
43 77 6
16 60 11
36 38 15
46 88 6
6 15 19
38 84 12
17 61 18
49 93 6
50 58 5
69 71 13
29 35 17
61 67 12
6 51 18
58 98 17
30 79 4
50 94 6
91 95 20
62 68 9
8 97 20
54 64 3
0 93 13
73 77 20
39 84 7
13 32 10
31 80 17
32 45 11
23 76 19
24 41 5
3 18 2
16 37 17
87 97 4
34 91 12
13 68 10
65 78 1
57 74 8
9 34 5
68 83 12
26 86 10
69 84 6
42 67 11
61 80 20
27 87 13
0 70 20
20 48 7
11 79 13
12 44 14
30 92 13
31 57 20
2 30 7
1 34 1
12 80 4
53 81 7
4 76 14
23 89 2
24 54 2
35 63 17
22 93 4
1 70 9
38 74 9
57 87 3
49 83 3
68 96 5
15 90 8
7 86 7
8 51 18
18 95 5
11 56 8
31 34 18
10 11 19
8 87 11
19 96 1
60 97 2
11 92 6
52 93 16
32 35 7
4 53 15
64 67 18
43 44 5
16 27 8
1 47 3
34 81 14
46 55 11
5 17 6
38 51 12
57 64 20
9 24 4
28 37 5
27 41 16
6 18 18
38 87 13
79 88 7
90 97 16
82 93 17
61 70 19
0 60 4
20 38 9
12 34 9
91 98 12
75 90 18
1 24 4
33 93 2
34 58 4
72 84 12
45 67 4
37 63 18
3 70 9
14 79 4
26 53 7
5 30 16
37 99 3
57 77 11
49 73 2
7 76 5
8 41 16
26 89 17
18 85 12
19 50 14
11 46 7
41 74 1
20 51 5
52 83 19
4 43 6
23 56 15
16 17 10
5 7 12
38 41 6
3 83 9
49 50 7
22 96 2
9 14 14
14 92 14
7 53 19
71 74 8
63 70 6
29 77 17
48 90 12
20 28 16
60 64 9
11 59 2
12 24 16
39 41 17
31 37 15
4 20 19
6 93 15
23 33 3
75 80 8
1 14 7
34 48 6
44 92 1
45 57 16
10 99 4
56 66 5
14 69 20
26 43 1
86 94 9
18 39 20
78 90 13
70 86 9
89 99 20
49 63 3
36 93 16
7 66 2
8 31 20
27 44 15
19 40 13
79 91 7
71 87 7
21 86 15
41 64 17
52 73 12
10 76 16
34 61 15
66 93 3
14 82 8
47 79 20
7 43 19
67 94 19
26 56 6
59 90 10
17 93 14
29 67 8
21 63 6
0 40 7
40 76 16
11 49 20
4 10 6
44 46 10
54 96 17
1 4 19
25 69 16
44 82 15
10 89 7
51 90 15
2 85 12
26 33 1
59 67 3
78 80 1
70 76 9
36 83 11
28 79 9
48 57 11
6 60 17
11 26 17
71 77 6
63 73 13
29 80 6
21 76 3
40 89 5
60 67 15
73 86 12
44 59 2
39 93 1
10 66 18
3 27 12
22 40 14
74 87 6
13 77 8
37 56 11
24 86 17
43 99 14
16 82 20
35 95 20
55 73 5
7 33 7
26 46 19
59 80 10
70 89 9
36 96 11
28 92 8
29 57 3
48 70 3
21 53 1
10 43 14
2 39 4
62 90 18
33 63 4
12 89 11
32 67 6
51 80 13
3 40 4
22 53 6
35 72 12
7 10 20
18 19 13
16 95 7
9 56 12
55 86 7
28 69 10
47 82 19
8 11 9
0 7 3
5 85 13
6 50 20
9 92 6
50 93 19
29 70 6
21 66 7
62 67 1
41 44 18
33 40 20
73 76 5
25 36 19
31 79 15
10 56 19
51 57 10
2 52 14
22 30 14
74 77 6
85 86 12
4 98 12
51 93 18
16 72 4
36 50 16
55 63 18
7 23 7
6 27 3
17 73 12
77 87 15
69 83 20
21 43 12
61 79 1
27 86 17
30 91 15
10 33 12
2 29 9
73 89 11
20 83 1
4 75 19
23 88 17
24 53 5
43 66 15
35 62 5
65 90 18
36 63 19
9 46 16
28 59 8
6 40 18
50 83 15
42 79 3
8 86 18
27 99 3
0 82 14
19 95 13
20 60 13
39 73 17
11 91 11
32 34 8
23 65 4
2 42 15
3 7 13
12 92 12
13 57 18
53 93 5
16 62 6
35 75 6
28 36 17
46 90 15
6 17 3
57 99 6
49 95 5
9 59 2
69 73 4
21 33 20
80 82 9
27 76 9
19 72 4
39 50 2
30 81 11
50 96 5
42 92 19
2 19 18
0 95 14
20 73 3
39 86 13
12 69 11
72 83 9
51 60 15
24 43 1
23 78 12
84 94 9
35 52 5
1 59 7
34 93 9
37 98 8
16 75 15
76 89 3
9 36 18
28 49 15
6 30 12
38 99 16
50 73 12
69 86 6
61 82 15
27 89 1
0 72 5
20 50 19
11 81 16
30 94 17
31 59 11
13 47 18
72 96 10
24 56 1
64 92 18
56 88 12
9 13 15
22 95 5
46 80 3
6 7 6
65 93 2
5 42 2
57 89 13
49 85 1
68 98 9
8 53 14
27 66 1
0 49 20
18 97 11
19 62 8
20 27 5
11 58 11
39 40 4
31 36 7
10 13 9
23 32 20
2 9 5
75 79 12
20 63 1
11 94 10
52 95 6
53 60 15
44 91 2
72 73 3
24 33 5
10 98 15
16 29 10
35 42 8
1 49 18
53 96 4
45 92 20
65 70 14
37 88 14
3 95 9
49 62 1
76 79 8
68 75 7
9 26 7
15 69 6
26 78 16
6 20 13
71 86 18
30 48 1
50 63 15
0 62 7
40 98 17
60 76 18
11 71 12
12 36 13
41 99 8
33 95 12
53 73 15
13 37 2
64 82 8
37 65 10
16 42 5
3 72 18
14 81 17
34 96 10
26 55 9
46 70 10
18 51 17
38 66 20
70 98 13
49 75 16
8 43 1
26 91 5
27 56 13
11 48 18
71 99 14
21 98 3
12 49 16
25 68 18
52 85 6
44 81 19
45 46 13
4 45 18
16 19 8
2 84 6
1 39 1
34 73 20
45 82 7
46 47 15
37 78 20
78 79 4
3 85 19
15 59 9
55 95 9
7 55 10
8 20 6
27 33 8
19 29 13
79 80 7
11 25 8
71 76 19
42 49 11
8 56 9
0 52 7
41 53 1
40 88 18
52 62 9
44 58 9
23 35 3
10 65 3
75 82 9
33 85 5
74 86 15
34 50 17
53 63 13
44 94 2
64 72 2
37 55 8
15 36 18
67 83 11
26 45 7
59 79 19
28 91 5
8 33 19
27 46 5
40 65 6
6 72 5
71 89 9
29 92 18
21 88 16
41 66 4
33 62 10
52 75 14
4 35 18
2 74 11
22 52 2
14 48 13
34 63 11
74 99 16
66 95 5
37 68 17
24 98 14
36 72 10
15 49 9
7 45 13
8 10 11
47 81 7
26 58 19
0 6 11
59 92 11
11 15 4
9 91 6
48 82 19
21 65 6
40 78 5
41 43 6
6 85 2
10 55 4
2 51 4
22 29 12
1 6 14
34 40 11
74 76 19
25 71 9
66 72 16
32 79 4
51 92 17
43 88 15
22 65 1
35 84 14
70 78 5
89 91 14
17 72 16
9 68 12
28 81 9
29 46 12
47 94 17
8 23 2
5 97 10
11 28 4
41 56 15
52 65 2
25 48 20
44 61 7
31 91 2
51 69 19
2 64 20
3 29 3
14 38 9
74 89 4
32 92 12
24 88 16
16 84 11
36 62 16
55 75 1
28 58 15
15 39 14
17 85 2
58 86 4
77 99 12
28 94 10
29 59 8
48 72 19
61 91 12
21 55 12
40 68 2
2 41 8
20 95 4
32 69 10
51 82 5
24 65 10
43 78 7
15 16 6
7 12 1
13 92 16
17 62 12
36 75 8
28 71 1
29 36 4
21 32 2
80 81 2
0 9 6
6 52 18
58 99 1
50 95 14
21 68 14
62 69 4
8 98 9
81 82 15
39 85 16
51 59 19
2 54 2
43 55 15
22 32 6
32 82 16
24 78 1
43 91 2
16 74 3
35 87 19
36 52 15
1 94 13
47 61 19
88 99 6
5 64 10
6 29 17
38 98 3
17 75 6
77 89 18
9 71 5
50 72 3
29 49 20
69 85 20
61 81 13
40 58 2
80 94 17
27 88 7
19 84 16
39 62 2
30 93 16
10 35 3
54 78 7
20 85 6
13 46 20
31 94 12
72 95 19
32 59 20
51 72 15
24 55 19
35 64 17
1 71 11
13 82 8
5 41 16
46 79 13
65 92 16
57 88 7
36 65 3
68 97 18
21 22 10
10 12 3
69 98 13
42 81 7
2 8 12
61 94 16
11 93 12
23 67 6
24 32 3
43 45 6
35 41 9
87 88 12
12 94 14
53 95 2
13 59 11
45 91 10
24 68 20
16 64 16
76 78 1
9 25 14
28 38 7
1 84 7
68 74 2
46 92 18
6 19 7
49 97 8
9 61 9
50 62 17
42 58 12
21 35 14
80 84 16
8 65 11
30 83 10
91 99 8
42 94 16
83 95 13
75 91 15
54 68 12
0 97 17
41 98 15
20 75 3
12 71 8
13 36 10
32 49 4
4 67 7
24 45 4
84 96 10
16 41 16
43 58 10
1 61 20
34 95 15
46 69 12
65 82 12
17 42 11
57 78 6
49 74 14
26 90 20
30 60 9
0 74 10
60 88 16
20 52 15
11 83 3
30 96 18
16 18 14
34 72 10
53 85 11
64 94 14
56 90 5
17 19 1
3 84 8
49 51 2
46 82 10
6 9 8
50 52 4
42 48 11
15 94 7
7 90 8
19 64 17
39 42 20
12 25 7
30 73 15
31 38 11
2 11 6
41 88 17
1 15 16
52 97 6
53 62 1
44 93 9
2 96 5
35 44 10
1 51 3
46 59 1
86 95 11
65 72 20
3 97 14
49 64 6
9 28 6
68 77 4
7 67 20
8 32 15
79 92 7
63 84 18
42 61 9
29 91 2
20 42 4
12 38 18
23 47 4
1 28 17
33 97 6
25 93 18
53 75 13
64 84 12
37 67 19
22 87 5
14 83 10
15 48 7
26 57 1
67 95 10
59 91 4
7 80 15
48 81 4
8 45 20
27 58 9
0 41 11
18 89 12
11 50 17
12 15 20
30 63 10
4 11 8
63 97 9
23 24 19
60 91 7
25 70 3
44 83 17
45 48 13
24 25 7
10 90 15
56 57 5
26 34 5
67 72 8
46 49 6
5 11 2
37 80 5
38 45 1
3 87 6
89 90 6
55 97 4
15 61 12
7 57 11
27 35 4
19 31 2
11 27 11
63 74 13
82 87 2
29 81 3
48 94 16
40 90 12
41 55 17
20 32 3
60 68 3
6 97 14
12 28 12
52 64 4
44 60 13
2 63 16
22 41 13
33 87 18
34 52 10
74 88 1
53 65 18
25 83 12
44 96 12
85 97 13
37 57 17
56 70 6
2 99 20
22 77 10
14 73 17
15 38 1
86 98 5
59 81 17
17 84 19
36 97 7
28 93 6
40 67 14
0 31 15
19 44 7
11 40 1
63 87 9
29 94 11
21 90 14
3 41 2
18 20 10
16 96 13
15 51 20
28 70 5
55 87 18
18 56 15
5 86 7
11 17 7
29 71 10
41 45 1
33 41 20
6 87 7
25 37 6
44 50 17
10 57 14
2 53 20
14 27 13
25 73 12
45 51 9
32 81 12
37 47 6
51 94 19
24 77 15
43 90 14
35 86 7
1 93 3
7 24 16
47 60 7
59 71 14
70 80 11
36 87 9
9 70 11
28 83 14
47 96 20
21 44 6
0 21 8
5 99 14
11 30 14
21 80 12
62 81 16
81 94 6
73 90 2
33 54 9
25 50 1
44 63 2
39 97 4
31 93 18
2 66 12
22 44 3
14 40 11
13 81 1
32 94 20
16 86 12
17 51 19
28 60 3
5 76 19
17 87 7
29 61 19
61 93 19
6 77 12
25 27 1
4 89 19
51 84 9
16 63 18
15 18 9
1 83 9
7 14 5
59 61 20
18 23 16
46 91 8
5 53 12
17 64 16
36 77 20
49 96 12
29 38 18
48 51 18
80 83 17
5 89 13
92 94 3
50 97 3
42 93 11
2 20 19
54 67 19
33 44 9
73 80 8
31 83 2
32 48 18
43 57 13
3 21 19
35 53 8
65 81 2
17 41 2
35 89 1
76 90 16
36 54 14
9 37 4
68 86 2
47 63 4
5 66 17
58 78 16
77 91 10
50 74 3
69 87 4
29 51 20
8 77 20
27 90 16
30 95 16
10 37 1
62 84 14
20 87 15
12 83 18
72 97 11
32 61 17
64 93 3
24 57 2
43 70 19
16 53 12
17 18 5
35 66 17
5 43 15
6 8 7
57 90 12
9 50 19
28 63 3
68 99 18
7 89 4
27 67 8
58 91 18
50 87 6
42 83 17
2 10 18
61 96 19
0 86 20
20 64 15
32 38 17
24 34 14
3 11 8
43 47 4
34 84 2
53 97 7
24 70 6
37 89 11
17 31 6
57 67 17
9 27 18
68 76 14
46 94 3
58 68 5
77 81 7
42 60 4
61 73 1
27 80 12
11 72 19
39 54 1
30 85 9
83 97 10
75 93 6
0 99 3
1 27 10
33 96 13
12 73 6
53 74 19
4 69 19
23 82 16
84 98 11
56 79 17
35 56 5
22 86 20
1 63 17
5 33 2
38 67 2
57 80 10
76 93 6
9 40 5
7 79 3
26 92 3
27 57 16
18 88 10
30 62 16
50 77 19
42 73 11
19 89 19
20 54 6
39 67 4
13 15 17
23 59 18
16 20 9
34 74 5
53 87 4
45 83 11
37 79 18
17 21 7
49 53 20
22 99 20
9 17 9
15 60 14
27 34 11
18 65 18
6 11 17
38 80 7
79 81 17
49 89 15
50 54 3
42 50 16
7 92 9
48 93 9
20 31 17
39 44 4
12 27 2
4 23 2
23 36 6
83 87 1
75 83 17
94 96 8
41 90 15
33 86 1
52 99 12
25 82 12
44 95 11
45 60 3
56 69 17
22 76 9
86 97 11
57 70 2
49 66 15
8 34 12
18 78 6
19 43 3
79 94 3
11 39 5
71 90 4
30 52 12
29 93 7
41 67 4
20 44 7
60 80 2
11 75 8
52 76 15
23 49 9
75 96 5
25 95 11
45 73 18
3 76 2
22 89 11
14 85 9
67 97 13
26 59 4
19 20 4
7 82 12
8 47 13
40 79 7
0 43 2
19 56 15
20 21 4
11 52 6
12 17 16
52 53 16
4 13 3
41 80 12
1 7 10
60 93 4
33 76 17
52 89 15
53 54 2
44 85 19
37 46 8
10 92 2
16 23 9
2 88 13
67 74 8
86 87 13
5 13 9
46 51 1
38 47 10
70 79 15
3 89 19
89 92 2
8 24 14
27 37 15
0 20 15
19 33 4
5 98 15
82 89 14
21 79 2
41 57 7
52 66 15
25 49 11
12 30 9
10 69 5
74 90 18
66 86 11
35 98 7
14 75 11
55 76 7
7 36 19
26 49 4
67 87 20
17 86 2
36 99 16
28 95 9
48 73 5
21 56 13
11 42 2
6 76 3
21 92 11
41 70 1
10 82 7
3 43 15
18 22 13
59 60 2
55 89 18
7 49 11
47 85 17
0 10 19
40 46 2
11 19 4
30 32 11
17 99 10
63 66 8
41 47 11
81 83 19
73 79 15
52 56 9
4 16 16
14 29 3
74 80 16
13 70 6
37 49 17
51 96 6
24 79 20
3 56 15
43 92 8
36 53 11
15 30 12
55 66 17
26 39 12
67 77 12
59 73 16
18 35 5
5 65 1
70 82 17
17 76 7
9 72 11
28 85 8
21 46 16
40 59 3
0 23 17
80 95 14
10 36 17
2 32 1
62 83 11
73 92 3
25 52 9
31 95 8
43 69 8
22 46 17
32 96 6
24 92 6
16 88 1
55 79 14
58 90 18
9 85 12
29 63 8
42 82 3
69 99 4
19 98 15
31 72 16
3 10 8
54 92 13
12 95 4
4 91 13
43 82 14
16 65 8
36 43 13
28 39 13
47 52 18
59 63 7
46 93 10
38 89 6
17 66 5
58 67 15
28 75 14
69 76 20
29 40 19
48 53 7
21 36 11
80 85 3
40 49 18
50 99 18
62 73 3
81 86 18
54 69 10
0 98 9
73 82 2
25 42 8
39 89 16
4 68 19
23 81 17
51 63 15
24 46 5
43 59 8
3 23 12
1 62 6
13 73 9
24 82 19
65 83 13
57 79 6
9 39 18
28 52 11
68 88 10
5 68 11
77 93 14
50 76 9
61 85 10
8 79 14
19 88 2
20 53 6
2 35 11
54 82 20
12 85 2
53 86 9
4 81 8
32 63 18
43 72 13
6 10 9
49 88 18
29 30 9
61 62 2
7 91 5
27 69 8
19 65 16
39 43 3
10 16 9
42 85 6
83 86 7
8 92 9
54 59 13
11 97 14
52 98 9
13 27 1
12 62 7
72 76 17
4 58 16
23 71 1
32 40 18
43 49 1
84 87 16
87 92 19
34 86 6
53 99 19
45 95 5
46 60 5
37 91 5
65 73 8
16 68 17
57 69 11
76 82 11
28 42 9
15 72 1
46 96 1
6 23 16
5 58 10
79 93 5
58 70 8
82 98 19
11 74 15
12 39 20
31 52 9
23 48 1
25 94 7
4 71 9
64 85 11
56 81 6
1 65 19
34 99 20
5 35 3
68 91 3
15 85 10
7 81 10
8 46 14
11 51 19
23 25 8
8 82 4
0 78 2
41 79 19
20 56 1
60 92 10
12 52 11
24 26 1
10 91 17
16 22 13
34 76 20
46 50 14
5 12 7
37 81 18
38 46 15
64 98 5
17 23 2
3 88 7
9 19 13
15 62 2
27 36 15
38 82 1
7 94 2
8 59 2
40 91 9
0 55 16
11 64 2
12 29 2
31 42 16
91 93 19
23 38 16
83 89 7
94 98 15
41 92 3
53 66 1
64 75 12
37 58 18
56 71 8
3 65 10
22 78 15
14 74 12
5 25 2
37 94 3
38 59 9
57 72 10
49 68 14
36 98 11
15 75 19
8 36 7
27 49 5
18 80 13
79 96 12
11 41 12
71 92 11
30 54 5
21 91 12
60 82 18
12 42 17
44 74 4
22 55 18
34 66 12
45 75 3
56 84 15
3 78 11
14 87 10
8 13 8
26 61 14
19 22 13
63 65 10
41 46 12
6 88 10
52 55 18
12 19 2
31 32 19
4 15 20
23 28 12
41 82 14
1 9 11
34 43 4
52 91 14
25 74 1
44 87 10
45 52 20
64 65 8
37 48 10
51 95 5
3 55 19
22 68 8
14 64 8
15 29 3
26 38 13
86 89 16
18 34 18
97 98 1
89 94 4
28 84 8
7 61 4
48 62 15
27 39 4
0 22 1
19 35 10
11 31 13
63 78 3
29 85 3
40 94 14
81 95 16
60 72 1
33 55 16
52 68 15
44 64 16
4 28 8
3 32 5
22 45 10
14 41 18
34 56 16
32 95 2
37 61 16
3 68 11
55 78 17
15 42 13
47 74 13
18 47 5
17 88 20
28 97 19
29 62 17
21 58 3
0 35 8
4 5 6
10 48 19
2 44 13
62 95 16
54 91 8
33 68 20
20 98 11
37 38 14
51 85 11
2 80 9
14 54 6
7 15 10
26 28 9
13 95 6
55 91 12
28 74 12
47 87 17
40 48 10
19 25 2
5 90 5
9 97 10
50 98 5
62 72 12
81 85 15
33 45 18
25 41 2
44 54 17
51 62 16
2 57 3
3 22 15
22 35 16
14 31 12
74 82 3
66 78 4
32 85 2
51 98 20
43 94 16
35 90 10
55 68 17
28 51 11
1 97 14
7 28 12
47 64 4
18 37 19
5 67 6
9 74 14
77 92 4
28 87 16
69 88 5
10 38 20
62 85 2
81 98 13
54 81 6
73 94 10
20 88 9
12 84 20
31 97 16
32 62 2
23 93 17
24 58 10
51 75 18
43 71 6
1 74 11
24 94 7
16 90 14
17 55 19
9 51 11
58 92 3
10 15 7
8 91 17
54 58 17
39 78 15
11 96 12
10 51 12
3 12 9
84 86 5
54 94 17
66 68 13
43 84 7
16 67 9
17 32 13
35 80 10
76 81 6
28 41 6
88 92 14
17 68 5
58 69 17
50 65 11
69 78 1
29 42 6
39 55 13
30 86 9
42 97 19
2 24 1
62 75 15
73 84 7
39 91 4
31 87 14
32 52 14
51 65 6
84 99 6
43 61 11
35 57 17
1 64 17
5 34 18
46 72 3
65 85 9
16 80 12
57 81 14
17 45 6
36 58 12
68 90 19
15 84 1
6 35 20
50 78 12
42 74 8
27 94 10
19 90 17
11 86 9
39 68 9
30 99 14
31 64 3
23 60 7
1 41 17
53 88 16
32 65 20
45 84 8
64 97 12
56 93 6
35 70 2
1 77 8
5 47 18
46 85 2
65 98 3
58 59 5
9 54 6
42 51 16
15 97 15
61 64 8
21 28 7
8 58 15
27 71 5
31 41 16
8 94 13
0 90 11
41 91 6
20 68 17
11 99 4
12 64 4
13 29 6
31 77 10
84 89 8
43 51 13
35 47 4
95 98 2
34 88 18
45 97 4
46 62 17
38 58 6
17 35 14
57 71 18
76 84 9
9 31 10
49 67 16
15 74 7
7 70 15
18 79 13
38 94 5
79 95 19
58 72 4
30 53 4
42 64 5
61 77 20
27 84 5
0 67 15
19 80 10
20 45 7
60 81 15
11 76 16
12 41 11
31 54 4
75 97 8
1 31 18
34 65 11
25 96 17
53 78 7
13 42 8
45 74 15
24 51 4
64 87 18
56 83 8
16 47 17
3 77 10
46 75 3
38 71 10
57 84 16
8 48 10
26 96 6
27 61 19
0 44 11
18 92 6
20 22 12
11 53 18
12 18 20
30 66 19
23 27 16
2 4 3
1 8 19
12 54 17
4 50 8
56 60 8
2 89 18
22 67 10
34 78 1
45 87 5
5 14 6
37 83 3
56 96 6
89 93 14
9 21 17
68 70 17
14 99 8
15 64 19
7 60 2
26 73 1
18 69 8
19 34 8
79 85 17
30 43 19
71 81 14
63 77 19
42 54 9
29 84 7
19 70 14
60 71 5
20 35 7
11 66 9
12 31 16
31 44 10
33 90 5
34 55 11
53 68 14
44 99 5
45 64 16
72 81 16
22 80 14
46 65 13
18 46 11
59 84 5
49 70 4
28 96 4
7 73 1
48 74 4
8 38 15
27 51 9
0 34 11
19 47 5
63 90 10
29 97 13
21 93 19
41 71 9
60 84 12
25 63 10
44 76 13
4 40 7
14 53 19
34 68 10
26 27 1
37 73 4
15 54 11
55 90 12
47 86 12
26 63 16
0 11 13
59 97 7
19 24 1
18 59 4
11 20 18
9 96 3
29 74 2
48 87 1
21 70 2
0 47 6
41 48 17
60 61 8
52 57 3
4 17 6
44 53 3
23 30 16
10 60 14
22 34 20
41 84 17
1 11 20
34 45 12
25 76 2
53 58 16
44 89 17
85 90 14
37 50 7
10 96 11
56 63 6
43 93 19
3 57 14
22 70 11
14 66 16
59 74 6
18 36 19
89 96 14
17 77 4
36 90 5
28 86 14
47 99 17
8 28 19
48 64 20
11 33 15
6 67 15
63 80 18
29 87 6
40 96 7
81 97 18
33 57 15
52 70 16
44 66 4
2 69 14
22 47 19
74 94 13
66 90 2
32 97 14
36 67 17
67 91 10
0 1 9
5 79 4
70 96 9
9 86 9
29 64 11
6 80 6
2 46 20
54 93 16
34 35 8
25 66 4
32 74 18
51 87 17
2 82 2
35 79 18
14 56 4
15 21 15
55 57 4
7 17 20
26 30 15
13 97 2
18 26 16
70 73 16
17 67 2
9 63 2
55 93 11
29 41 2
21 37 3
92 97 11
10 27 3
62 74 14
73 83 14
10 63 7
2 59 19
22 37 18
74 84 17
32 87 7
43 96 5
35 92 16
55 70 8
28 53 10
1 99 3
7 30 5
47 66 12
6 34 5
17 80 17
58 81 20
9 76 2
69 90 2
21 50 3
40 63 14
27 93 18
30 98 6
62 87 9
20 90 20
12 86 12
13 51 13
32 64 11
51 77 11
3 37 14
1 76 7
13 87 18
5 46 7
24 96 6
16 92 9
17 57 14
36 70 10
9 53 1
29 31 5
21 27 14
6 47 4
50 90 13
2 13 10
62 64 12
8 93 15
54 60 13
0 89 19
25 33 7
20 67 1
39 80 5
12 63 5
31 76 6
32 41 19
51 54 19
23 72 17
35 46 11
14 23 18
1 53 18
12 99 18
4 95 19
17 34 13
76 83 11
55 60 2
28 43 1
1 89 10
47 56 5
96 98 9
46 97 17
5 59 16
38 93 15
9 66 9
77 84 14
69 80 8
42 63 7
21 40 15
8 70 6
27 83 10
19 79 13
39 57 20
31 53 5
10 30 1
62 77 2
54 73 11
12 76 7
31 89 9
32 54 13
72 90 6
23 85 20
4 72 8
16 46 7
1 66 12
46 74 7
38 70 18
17 47 15
57 83 20
76 96 14
9 43 1
49 79 20
15 86 2
26 95 7
27 60 1
18 91 16
58 84 12
30 65 1
42 76 17
2 3 3
8 83 7
39 70 13
31 66 11
4 49 18
24 27 10
35 36 8
34 77 8
13 54 10
4 85 2
45 86 20
24 63 4
17 24 2
57 60 14
9 20 14
68 69 18
14 98 3
26 72 8
90 93 20
50 57 15
69 70 5
15 99 17
21 30 5
61 66 7
8 60 5
27 73 9
20 34 1
11 65 1
23 39 8
2 16 20
75 86 9
94 99 2
53 67 11
72 80 10
4 62 12
84 91 13
56 72 9
22 79 5
1 56 5
87 96 8
34 90 12
5 26 8
37 95 15
57 73 17
76 86 17
68 82 4
15 76 8
18 81 11
19 46 14
79 97 15
71 93 19
8 73 9
60 83 7
39 60 1
12 43 19
31 56 17
75 99 20
1 33 7
53 80 12
13 44 10
45 76 8
64 89 14
37 72 3
16 49 15
9 10 2
59 96 17
38 73 4
49 82 10
42 43 2
7 85 15
19 59 10
12 20 2
31 33 18
41 83 1
25 75 1
44 88 6
4 52 12
56 62 7
16 26 5
2 91 12
1 46 7
14 65 12
5 16 13
37 85 20
65 67 20
57 63 11
3 92 2
89 95 8
47 98 13
8 27 4
26 75 15
27 40 10
18 71 3
79 87 16
30 45 17
90 96 16
82 92 7
8 63 12
40 95 20
60 73 19
20 37 12
11 68 10
4 29 11
44 65 16
75 89 2
1 23 3
34 57 8
45 66 7
37 62 12
3 69 6
22 82 15
15 43 8
7 39 17
67 90 15
26 52 2
59 86 13
18 48 10
70 95 2
17 89 16
7 75 17
48 76 10
27 53 9
6 79 13
30 58 4
71 96 9
4 6 5
33 69 16
25 65 18
44 78 19
37 39 9
3 46 16
15 20 6
38 40 3
3 82 12
55 92 8
15 56 4
27 30 14
0 13 1
19 26 17
11 22 7
71 73 3
9 98 7
21 72 8
40 85 2
60 63 3
12 23 20
44 55 13
2 58 20
1 13 2
34 47 8
74 83 12
93 96 18
66 79 5
85 92 6
51 99 5
56 65 6
2 94 3
35 91 16
15 33 7
67 80 10
26 42 16
86 93 9
18 38 1
59 76 1
78 89 3
70 85 20
89 98 8
17 79 4
28 88 6
48 66 1
8 30 4
0 26 17
40 62 6
11 35 4
29 89 17
62 86 15
41 63 9
81 99 9
73 95 14
33 59 16
25 55 17
44 68 17
31 98 18
10 75 12
2 71 7
22 49 9
14 45 8
74 96 12
66 92 7
13 86 3
32 99 9
36 69 3
55 82 2
28 65 16
47 78 11
0 3 20
11 12 3
17 92 8
58 93 19
48 79 5
21 62 6
40 75 14
33 36 11
6 82 12
25 32 8
44 45 1
4 9 17
2 48 5
3 13 6
62 99 16
22 26 9
14 22 20
34 37 9
4 94 15
51 89 19
43 85 1
35 81 6
88 93 5
47 55 3
26 32 16
18 28 15
59 66 5
17 69 11
36 82 18
29 43 20
47 91 11
21 39 4
80 88 12
6 59 18
92 99 13
42 98 7
62 76 8
54 72 11
73 85 9
31 88 3
23 84 3
3 26 19
22 39 8
14 35 2
66 82 9
13 76 13
32 89 14
43 98 18
16 81 11
17 46 5
9 42 8
47 68 12
6 36 5
9 78 16
29 56 2
61 88 15
10 42 11
62 89 11
54 85 3
12 88 15
13 53 3
4 84 12
51 79 14
35 71 19
28 32 5
1 78 2
5 48 18
65 99 9
16 94 11
57 95 11
17 59 12
49 91 19
9 55 13
28 68 10
29 33 18
15 98 4
61 65 15
50 92 20
10 19 1
2 15 14
54 62 12
73 75 18
20 69 12
31 78 16
23 74 16
51 56 9
43 52 15
14 25 10
1 55 2
13 66 17
4 97 14
45 98 19
17 36 1
36 49 2
9 32 8
76 85 16
68 81 16
1 91 8
47 58 6
28 45 13
5 61 20
6 26 5
38 95 6
58 73 11
77 86 7
50 69 6
80 91 14
20 46 17
30 90 17
10 32 11
23 51 9
13 43 10
32 56 4
72 92 4
24 52 18
43 65 16
16 48 1
35 61 11
65 89 14
38 72 16
57 85 2
17 49 17
76 98 5
49 81 8
9 45 9
15 88 17
26 97 15
6 39 4
30 67 2
42 78 10
0 81 7
19 94 20
12 55 8
13 20 1
32 33 8
16 25 12
1 45 11
34 79 2
13 56 2
46 53 11
5 15 8
65 66 17
57 62 3
17 26 19
9 22 6
28 35 5
46 89 18
18 70 7
6 16 1
38 85 11
79 86 11
49 94 9
7 97 20
8 62 7
27 75 13
11 67 12
12 32 19
30 80 20
91 96 9
23 41 14
2 18 3
83 92 9
75 88 3
12 68 16
53 69 15
13 33 5
72 82 15
4 64 3
64 78 9
24 42 2
35 51 10
22 81 8
1 58 17
46 66 7
37 97 6
38 62 20
68 84 13
26 87 3
18 83 10
19 48 19
11 44 9
30 57 9
63 91 16
29 98 2
8 75 11
20 49 3
60 85 13
11 80 16
52 81 12
31 58 2
23 54 16
1 35 18
34 69 4
45 78 18
64 91 20
38 39 9
56 87 17
15 55 6
7 51 19
27 29 1
38 75 2
71 72 20
30 34 18
42 45 1
7 87 2
8 52 14
27 65 3
40 84 19
30 70 12
31 35 2
34 46 12
52 94 1
93 95 5
53 59 2
25 77 5
10 97 20
16 28 15
2 93 18
3 58 1
22 71 19
14 67 13
34 82 10
26 41 5
86 92 2
5 18 17
46 56 5
38 52 19
78 88 8
49 61 15
89 97 10
36 91 2
15 68 19
7 64 3
8 29 14
26 77 20
27 42 12
0 25 15
79 89 14
11 34 6
30 47 14
90 98 18
63 81 16
40 97 16
41 62 16
33 58 3
12 35 16
4 31 20
45 68 1
37 64 20
56 77 11
14 80 17
15 45 7
67 92 20
26 54 2
59 88 12
9 87 9
8 42 9
19 51 5
6 81 8
4 8 2
63 94 7
62 98 13
41 75 13
33 71 1
34 36 14
52 84 8
44 80 4
37 41 17
10 87 10
51 88 17
3 48 3
22 61 4
14 57 12
15 22 1
67 69 12
13 98 19
55 94 9
15 58 16
28 77 14
7 54 19
48 55 12
8 19 11
27 32 4
0 15 2
18 63 4
19 28 5
71 75 18
63 71 9
82 84 5
40 87 4
41 52 6
33 48 7
25 44 16
4 21 10
44 57 20
22 38 18
14 34 7
34 49 8
25 80 1
85 94 18
32 88 6
24 84 11
3 61 19
43 97 18
14 70 7
7 31 3
18 40 14
59 78 6
78 91 4
70 87 12
17 81 18
9 77 15
77 95 7
48 68 13
0 28 7
6 71 5
21 87 8
62 88 18
41 65 19
25 57 20
20 91 17
10 77 16
2 73 13
22 51 1
14 47 10
74 98 18
7 8 12
