2844
5242
5863
7967
9592
9842
14047
17019
18390
19275
20430
21633
23161
23499
26788
27810
29561
30013
30160
31347
32222
33060
33514
33778
34278
34462
34530
35209
35446
35751
36440
37018
37719
38203
38856
39131
39985
40809
41121
41300
41403
45170
45454
46462
46556
47087
47311
49971
51615
51727
52338
52457
52463
55204
55358
55543
56438
56630
58126
58142
58747
59732
59949
60992
64058
66408
67143
69027
70251
71209
73253
73344
74424
75068
75656
76004
76684
77429
78110
82783
83890
84285
84391
86511
87335
87946
88400
88459
88747
89410
89828
90259
92085
95300
95391
95784
97833
97919
98677
99845
