1627
1712
2436
2505
2826
3633
4342
5909
7508
7581
10432
14305
14326
14371
15331
16185
16327
16902
17204
22810
24112
26642
26693
26872
27971
30566
31620
31627
32354
33505
34182
34498
35613
36265
37893
38743
41661
42375
45334
45861
47199
47999
49223
50143
50896
52013
52873
52998
53302
56794
58971
60071
60931
61511
62309
64038
65721
67079
67136
67702
67913
69203
69849
70250
73296
73844
74745
74861
75038
75129
75307
75346
75797
76397
76425
77216
77643
78627
79722
79912
80198
82831
83778
84064
86443
86895
87816
88262
89541
91020
91345
92613
93142
93344
94053
94940
96639
96811
99149
99283
