260
273
893
1908
2043
5485
9755
12194
13314
13764
14641
14847
15279
18486
20389
21779
25156
26236
26746
28087
28138
28423
28728
30060
30184
30977
31200
32278
32865
33770
34331
34509
35662
37970
39422
41408
42315
43205
44505
45218
47098
47692
52037
52687
53830
54941
55455
55908
56178
57109
57634
57703
58463
58466
58681
59719
60127
61414
62451
62489
62563
64448
64520
65181
67000
67098
67105
67862
68865
69168
69219
71253
71625
75322
76214
79510
80991
81093
81715
82477
84231
86433
86792
89184
89339
89499
90154
91075
91949
92534
93201
93947
94199
94272
95283
96568
97598
97612
98510
99583
