1000 2000 0
83 412 16
340 971 10
476 752 -8
674 996 10
95 157 -3
662 762 -9
206 253 12
456 513 -7
157 891 14
61 774 -1
470 942 6
375 970 -16
457 594 14
255 496 13
378 975 15
668 814 -9
231 925 13
404 475 -17
294 981 11
214 872 -19
804 823 -12
61 221 -19
181 286 16
820 947 -12
565 657 20
18 933 20
433 623 11
26 119 -5
460 497 -12
369 867 12
663 856 15
124 956 -17
358 894 -5
500 569 -13
23 495 3
306 438 -4
733 920 -18
15 411 18
92 860 -2
1 476 10
222 295 17
162 430 -1
627 875 18
327 497 16
780 888 -13
30 390 4
256 473 -3
616 636 9
196 953 -9
485 827 4
413 542 -15
379 400 5
185 269 17
698 791 -14
0 489 10
749 756 8
224 642 -3
450 954 -15
468 859 12
196 400 6
388 750 -15
474 902 -9
823 827 2
740 792 -14
764 857 -10
441 990 16
632 966 -20
326 402 -4
109 553 -19
196 292 -5
157 184 -12
296 379 12
311 916 5
579 996 4
180 204 -1
249 941 16
440 917 -12
289 339 -1
187 328 -14
32 454 5
72 261 2
282 974 6
571 848 1
485 516 -5
86 919 -2
788 962 -4
19 371 -17
340 951 15
173 923 -17
19 636 1
140 517 -6
869 892 -15
51 817 12
346 622 -8
567 590 5
13 827 -8
12 453 13
80 93 -11
430 966 -13
76 846 14
187 979 18
188 535 13
555 737 11
599 923 17
234 273 -7
38 218 -1
7 868 -5
381 700 -5
420 957 -9
388 596 -2
66 545 -11
260 410 -1
478 489 -12
448 875 20
49 83 -6
328 550 16
464 856 19
873 875 10
108 663 -18
125 981 -5
448 502 20
253 492 -17
8 990 -19
49 613 -19
96 694 -3
236 439 17
314 767 -3
435 648 -6
79 870 17
249 378 19
642 718 -10
552 824 10
367 370 -18
471 836 1
818 980 5
389 803 13
382 678 -5
661 996 -3
576 629 20
326 634 -8
493 631 -12
499 525 8
121 988 -13
120 614 -2
180 665 -13
273 627 -15
239 485 19
6 283 -9
58 559 6
180 256 11
2 923 -3
484 932 2
68 459 -9
273 748 -5
668 869 8
238 647 -4
373 426 -10
103 602 16
324 915 20
628 652 -5
191 651 -2
178 452 -17
136 635 9
211 400 18
248 776 -19
207 515 -13
369 922 4
325 507 3
498 578 3
177 343 -20
316 687 11
837 947 18
15 201 12
274 312 10
534 766 10
464 967 7
247 444 -3
50 424 -7
264 496 -6
168 559 10
111 928 -16
321 923 -2
481 875 -12
333 748 -16
561 755 -20
742 916 16
375 485 -9
247 565 12
36 790 -16
108 895 -11
84 687 -1
197 707 4
793 854 -9
172 241 19
131 389 13
169 501 3
82 204 20
661 963 6
260 619 20
15 34 20
109 343 6
107 562 10
596 690 -1
707 935 -13
859 920 14
178 442 13
490 708 19
448 940 -3
663 865 1
455 836 -2
489 749 -15
496 608 -2
399 675 3
435 628 16
419 769 -6
145 386 -11
759 874 -20
236 275 10
380 554 -5
150 766 3
271 647 -14
422 816 16
582 768 -8
756 841 -11
113 555 -11
548 775 -3
453 803 2
92 123 1
421 936 7
48 345 1
232 920 -6
199 743 15
387 714 -19
494 511 16
586 923 8
152 402 3
267 914 -12
87 538 10
160 522 -13
106 551 18
221 767 -12
113 447 -8
466 714 -16
433 537 -9
123 640 -19
106 142 -10
223 956 -8
493 588 1
15 698 11
2 579 -12
196 481 -13
142 510 16
322 706 -1
722 905 -11
135 205 -1
50 921 13
699 921 5
251 273 1
53 666 -1
286 639 16
312 777 18
338 915 3
30 533 7
773 992 -9
310 587 -8
397 592 -18
24 230 4
178 288 -2
697 853 -20
20 116 15
392 662 -18
404 716 -9
12 786 -17
316 523 -10
188 603 13
40 439 19
104 869 7
21 197 -9
706 974 18
340 996 11
121 549 -11
513 924 7
164 919 -7
57 793 3
75 927 -10
114 918 5
51 224 -7
178 265 -18
944 967 -7
222 451 -12
307 675 9
701 980 -7
922 948 -3
147 277 -18
485 718 12
375 815 3
735 978 -6
124 824 3
146 205 19
552 627 2
477 862 -18
276 320 -17
485 839 -10
318 811 -2
338 640 13
331 515 -16
196 556 -11
255 642 12
542 964 -1
615 768 17
203 860 -8
713 931 -1
126 231 -4
339 375 -13
438 583 18
326 787 -12
51 731 2
119 457 14
15 665 13
531 667 -15
491 859 11
706 784 16
150 566 -20
771 913 15
350 362 -2
161 346 -12
207 691 -7
72 646 10
78 168 3
26 795 13
391 399 -16
187 749 -13
909 999 5
493 941 -11
294 466 8
25 278 -15
652 934 -3
442 975 15
561 666 13
452 759 9
87 783 19
156 208 3
899 926 -14
185 271 -4
285 358 -11
551 594 11
648 935 -4
480 979 -16
290 473 -19
821 863 -2
647 747 10
171 638 -6
113 404 19
252 711 -4
550 670 3
515 941 4
50 878 5
565 649 -1
136 801 1
548 974 -6
13 587 17
29 37 16
522 693 -6
301 316 1
424 795 -5
32 191 19
570 620 9
168 725 -10
297 467 7
416 418 -16
93 551 12
140 483 -11
761 830 2
360 486 -7
151 263 -1
579 710 -12
659 819 17
92 708 -3
11 634 2
480 704 -8
347 818 7
22 118 2
152 493 -17
254 361 -8
64 609 13
457 949 -5
336 659 6
709 941 -14
219 668 13
92 335 -6
351 824 20
39 292 -14
458 541 -19
931 990 -16
451 502 -7
355 565 20
14 235 -9
294 963 13
322 653 -8
152 879 -7
106 583 13
291 894 19
787 981 -1
426 710 3
74 142 -20
64 357 -7
236 549 -7
242 400 10
173 529 -19
90 351 -14
20 701 -2
474 871 2
92 577 -19
54 56 7
672 743 -19
692 950 -18
231 475 4
12 962 6
14 477 6
279 897 -4
653 729 -12
292 607 -19
289 861 15
411 707 -3
189 365 -18
26 487 1
888 897 -15
458 904 -1
61 710 -7
308 587 -14
12 674 13
480 779 -3
672 720 -2
438 553 11
151 194 17
181 631 10
104 793 -19
115 802 -11
533 561 19
155 615 -16
296 325 -5
421 585 7
480 671 9
138 562 19
718 728 7
357 420 16
6 900 20
917 937 11
367 650 -13
280 731 -13
118 583 3
279 537 7
90 750 11
394 487 11
404 797 7
351 791 -2
113 999 -17
350 417 -15
62 279 16
204 857 -13
89 641 20
617 946 -9
207 782 -17
97 910 -10
387 749 1
782 833 -5
96 951 11
833 915 -8
72 328 -5
114 819 14
106 815 11
256 494 15
280 888 -18
375 860 17
4 804 5
249 900 9
151 328 7
297 797 -9
47 765 12
482 613 -2
515 610 7
585 971 20
566 692 19
649 955 13
271 286 -8
581 857 -1
394 585 -16
181 212 2
419 529 -4
215 879 6
696 923 14
116 348 19
119 273 -8
175 928 5
811 909 -3
253 847 16
172 773 -12
352 969 13
511 733 -15
832 968 5
264 367 14
107 649 16
526 898 -17
89 631 5
820 850 6
210 512 -16
975 989 19
668 838 -6
216 448 -14
107 541 13
437 946 -9
364 547 7
825 942 -20
67 446 -8
571 882 -19
384 647 3
127 347 4
615 659 16
602 726 -4
138 771 -15
332 865 19
103 813 -17
613 735 -10
58 253 -18
393 997 -7
440 663 13
519 956 11
456 936 16
166 725 8
746 891 -3
550 836 19
10 297 13
0 549 12
555 771 20
419 761 8
186 559 20
397 859 9
820 925 3
370 725 -7
490 641 18
218 447 -11
141 529 1
153 354 15
214 333 -7
244 621 7
310 566 -2
52 945 9
348 678 -10
539 920 6
171 673 4
183 876 17
98 423 -5
33 968 -4
469 595 17
189 806 9
793 921 -3
2 571 7
396 876 16
401 991 -14
112 708 20
88 122 1
34 380 -17
444 952 15
50 733 2
637 938 11
618 696 17
484 616 -8
571 584 -7
263 468 13
122 492 -5
786 917 11
391 918 5
656 929 8
650 769 10
193 264 14
423 577 18
333 949 16
38 98 -3
221 628 -18
78 808 -20
99 373 12
826 967 -12
546 833 -17
177 521 -15
285 383 7
316 865 -2
34 658 13
36 173 5
488 828 19
711 985 2
535 796 5
649 781 -6
420 958 1
484 979 -3
97 304 7
716 956 4
482 789 19
81 445 6
127 412 5
82 261 5
222 829 20
11 237 -8
846 922 -5
60 916 -18
92 985 -19
749 760 3
425 785 13
165 825 -16
385 828 14
403 882 -12
116 560 12
415 856 12
601 983 -15
361 885 -10
87 353 -4
4 584 2
182 999 15
278 478 2
484 812 -13
743 923 -17
232 856 5
44 656 10
93 432 -19
499 562 -5
216 768 2
278 334 2
373 980 15
220 509 20
241 303 8
439 962 12
552 982 -3
120 916 18
215 659 -16
130 966 -4
165 658 12
553 803 -11
117 767 -13
512 622 20
483 824 -18
283 570 17
483 595 -10
195 457 18
729 736 -2
0 218 -6
853 951 -1
149 835 9
373 957 4
699 749 2
294 929 6
106 729 -19
86 900 -3
216 866 14
403 872 8
350 717 4
386 639 7
714 770 7
818 827 3
318 361 -10
69 294 -6
309 541 -5
969 996 11
406 882 -20
41 232 -18
478 758 8
786 874 9
600 604 18
293 941 -19
214 797 -2
341 874 7
25 754 5
188 552 12
558 988 20
178 587 17
123 651 -4
203 531 -8
120 762 -5
409 636 -9
220 849 -10
290 419 -19
551 985 5
39 428 12
586 826 20
33 205 1
700 848 -3
306 363 -14
218 250 15
503 648 -16
66 647 9
270 971 -3
679 990 17
327 422 18
48 104 -5
393 633 -15
726 842 -8
236 420 -6
843 869 -3
3 892 10
84 557 5
750 906 8
536 946 6
670 797 20
28 247 -7
106 575 -1
347 558 -8
727 779 15
230 647 -17
32 811 -17
660 725 1
238 736 -14
395 979 17
99 428 18
314 316 18
144 170 2
671 739 -6
467 860 -6
304 982 -17
173 233 -11
913 946 20
324 631 -19
242 598 8
28 260 -12
268 470 12
458 896 20
235 967 -20
148 819 -20
617 660 18
299 350 18
629 750 11
428 580 15
374 380 -11
210 766 -14
220 322 -2
713 749 -11
11 148 4
375 839 20
441 784 1
0 404 3
814 917 19
253 355 8
611 966 -20
115 650 4
98 301 1
276 753 12
226 752 18
458 500 20
344 478 11
809 923 -17
23 917 -19
506 885 1
314 980 19
751 838 -18
39 781 4
56 312 5
192 996 20
408 620 -9
676 700 -11
160 369 -20
767 818 -17
9 731 -15
462 856 6
403 541 18
408 476 -11
342 796 11
234 705 -17
437 539 9
253 718 5
336 981 -19
517 913 -12
424 456 -18
334 828 -14
221 542 -14
306 729 -17
695 919 19
412 976 11
437 660 14
167 427 19
567 626 -2
637 950 -12
424 577 -18
630 682 -13
30 766 -2
62 81 -3
190 675 13
526 710 -2
462 954 5
470 549 -10
252 506 -16
305 369 -7
281 649 -5
443 568 19
145 645 14
11 272 6
449 763 -13
323 507 -13
494 505 16
236 884 -6
412 701 20
239 364 3
439 575 4
797 957 6
305 611 15
278 477 -6
456 892 -7
171 796 -11
159 413 10
478 767 12
90 542 16
325 445 14
157 223 6
169 426 16
42 93 17
620 887 -3
191 710 -15
833 851 3
245 601 -19
493 523 2
825 996 15
538 674 13
122 350 -15
352 663 2
671 974 11
184 972 -1
380 767 4
32 578 5
519 925 -14
40 927 -7
298 813 -19
117 658 -3
7 786 20
300 630 8
235 384 17
774 778 -19
100 196 -14
482 935 -15
124 144 1
20 352 -5
110 654 -7
23 357 16
258 489 -15
410 766 -6
508 929 -8
534 838 -4
486 761 -9
77 742 16
239 246 -4
391 609 8
68 858 -2
370 851 -13
21 783 14
383 641 -1
462 934 8
106 741 14
165 827 -6
132 650 19
558 758 4
124 386 6
162 678 -17
730 870 -16
682 793 -11
759 933 -5
691 878 7
501 903 -4
387 881 -1
725 876 16
28 570 5
622 900 -1
171 210 -14
314 747 -11
109 235 18
492 790 -12
183 858 -19
50 594 -20
513 849 9
643 699 4
100 451 -9
579 943 19
306 519 13
124 399 -16
167 855 7
420 806 19
492 502 -13
184 386 15
227 347 -3
1 449 2
510 592 -4
352 872 -12
130 945 -12
401 505 -15
679 858 -13
705 767 -17
322 886 -1
49 462 2
583 661 -2
682 783 -18
186 616 13
5 275 6
94 878 -6
175 723 -3
738 800 -7
289 299 2
320 552 5
92 136 3
41 728 7
390 467 6
662 846 -20
72 486 9
130 958 -1
201 344 -7
396 403 3
472 578 8
925 932 -4
159 841 1
152 716 -10
70 763 1
324 908 5
145 677 -19
265 593 1
660 714 9
426 547 13
351 782 -6
331 538 -6
77 542 4
71 90 10
143 258 6
153 388 -14
247 581 -1
25 468 -8
292 323 19
69 165 -3
24 917 6
749 827 -10
849 914 -4
348 483 20
96 268 7
533 794 12
150 913 20
351 903 -2
659 790 5
322 876 -8
383 706 18
163 294 -8
37 972 20
8 420 -11
286 773 -16
3 750 -10
686 743 -8
552 663 -2
97 119 -7
729 970 -3
442 648 2
253 632 -3
61 282 13
85 639 -2
406 874 4
86 604 -19
135 231 3
75 711 -20
200 217 15
82 341 -2
400 916 1
177 758 19
61 812 -20
126 941 -10
249 603 -10
411 436 -8
406 995 16
185 847 15
260 383 -13
0 164 9
184 510 -5
149 781 1
13 103 9
455 973 18
202 527 9
100 516 1
787 808 17
371 601 13
739 768 -2
120 610 18
18 562 -1
574 929 -10
665 818 8
210 503 -6
342 808 19
269 409 -16
174 586 14
662 898 20
254 466 9
64 714 -20
81 129 16
573 591 -18
56 301 16
4 785 18
217 929 4
814 919 11
319 531 -6
557 997 -20
405 491 2
429 668 -16
259 931 7
227 978 -20
174 972 -12
598 625 -15
80 370 -9
431 893 -19
413 436 7
146 617 14
457 887 17
845 883 16
131 457 1
183 504 14
415 661 13
264 986 5
430 906 -20
417 936 12
99 132 -10
128 195 2
171 651 18
110 146 2
106 521 -3
144 813 -7
479 803 3
192 481 12
323 784 2
584 676 13
270 400 -18
68 939 18
179 218 -3
144 260 -18
246 802 3
172 587 -12
247 538 -4
279 570 9
224 634 -4
299 548 14
684 884 8
157 235 14
227 788 12
312 603 15
235 648 -9
181 942 -14
186 648 8
94 910 -9
319 354 -8
28 327 -15
320 764 7
339 597 -1
491 731 -18
141 618 1
34 937 15
393 955 3
88 90 15
247 263 20
379 382 -10
194 745 -17
92 734 17
434 763 1
288 380 -14
137 885 7
467 760 -13
28 978 9
428 948 -6
268 815 -14
368 530 5
507 688 12
346 362 -20
88 741 6
172 963 -14
729 917 4
516 773 4
235 494 18
544 871 -17
704 829 7
487 831 -8
789 824 -6
338 888 -10
239 500 10
116 924 11
107 201 -6
38 367 -20
351 827 2
759 801 -6
166 781 -3
556 558 -20
507 845 1
666 838 16
129 899 -3
426 448 20
578 725 20
36 442 2
97 272 -14
44 117 16
656 910 11
13 724 -6
10 798 -18
152 473 6
531 915 -18
317 577 -20
15 95 -11
92 315 -7
177 273 -7
367 928 17
407 735 11
490 998 -4
678 969 -1
105 519 10
5 166 10
513 573 -19
26 863 11
45 504 20
377 977 13
597 608 11
87 357 16
75 648 18
294 835 -14
729 763 16
407 712 13
558 881 12
599 882 -17
426 582 16
378 505 -14
791 823 -4
575 790 -4
97 900 18
9 824 -6
401 530 14
135 639 -16
542 914 6
97 792 5
773 932 -16
114 701 7
753 953 19
188 278 -5
646 827 -3
91 345 18
112 139 20
617 949 2
107 698 -19
456 586 14
359 770 19
274 317 18
130 947 -1
642 713 -7
11 581 13
614 651 -3
22 739 14
280 891 -16
162 526 -13
353 731 11
111 789 -4
99 671 17
277 857 18
51 514 3
590 908 -2
78 913 -12
196 231 -3
708 900 -19
186 595 -8
26 48 18
772 921 -2
95 593 1
336 619 19
135 220 -14
774 881 9
492 903 -1
786 855 15
867 929 9
465 540 4
247 583 -12
781 862 8
324 537 1
352 864 -6
279 651 6
191 538 -18
599 741 -6
933 995 -17
257 861 -3
224 535 -16
35 519 6
148 725 -15
770 888 19
330 702 -12
551 966 13
385 488 12
407 921 7
302 904 -17
548 816 12
385 609 11
496 891 4
851 939 -9
427 791 -1
679 863 16
134 920 7
189 590 16
118 795 -12
18 299 -19
133 286 17
45 173 11
11 31 7
389 886 8
157 908 -4
471 955 -9
335 914 -15
196 872 1
34 56 7
408 611 -12
151 311 2
796 872 12
520 788 14
466 817 20
599 852 -17
25 208 12
490 945 -13
772 780 15
61 539 -17
108 471 -1
255 490 16
755 956 -3
168 256 -5
543 548 7
324 769 8
680 782 -17
291 592 -15
58 390 14
89 457 1
24 248 5
121 446 11
276 469 9
375 591 -12
163 937 5
398 574 7
429 827 13
624 886 -15
189 400 -10
568 842 2
194 515 -18
533 884 -7
307 392 -4
51 615 9
44 427 -3
236 777 14
516 831 -13
751 963 -6
126 645 -14
93 468 4
416 600 -7
118 906 -19
489 819 16
489 590 15
67 452 1
294 494 9
400 741 -13
540 635 11
2 731 2
375 833 6
13 108 17
108 834 -14
652 818 2
157 201 -3
261 438 1
181 329 -12
384 774 -3
35 620 8
898 995 -12
347 892 -11
493 946 -5
163 662 -8
71 170 1
454 954 20
235 650 4
275 723 -16
65 913 1
245 700 8
1 748 7
288 778 -5
0 640 20
675 958 -2
218 862 6
56 800 -12
99 353 -9
208 934 -18
224 384 -2
376 747 7
444 536 17
321 960 2
385 975 2
203 855 -11
250 787 8
224 240 -19
52 542 -20
213 496 4
23 744 12
954 988 18
11 361 16
353 390 -2
356 953 -20
329 936 1
449 852 -16
61 627 -17
548 714 12
352 510 -20
104 445 14
512 648 14
187 708 1
574 888 -9
119 573 10
754 855 13
248 983 3
131 547 -1
6 58 2
16 188 8
380 650 -18
190 898 -1
465 837 -16
224 482 -17
491 746 14
23 83 8
147 527 -16
532 863 3
76 732 -2
286 987 -16
715 984 -4
249 431 15
3 784 -15
146 275 -15
26 93 -9
1 594 -8
547 884 -1
122 740 5
230 539 5
848 997 2
121 223 -12
666 840 2
92 196 20
27 624 -9
263 343 4
314 388 2
187 433 1
394 646 -12
725 782 -7
597 862 9
19 476 -7
93 425 6
391 613 -11
316 848 -15
288 637 20
99 441 -13
954 955 -8
273 477 -19
433 466 20
798 973 -7
395 848 15
294 945 -15
624 820 -13
203 269 -14
267 699 15
675 902 11
100 936 7
103 187 18
325 645 14
259 736 15
291 768 12
122 959 6
104 304 3
43 437 -9
271 301 3
415 803 7
179 563 -6
342 361 -13
231 902 -20
738 935 -7
97 493 -10
371 504 -17
759 878 -18
356 753 -1
129 482 -19
92 680 20
373 842 15
17 686 6
825 859 11
93 644 -11
36 784 13
453 578 -17
671 886 -19
356 645 9
407 956 11
150 397 -15
520 833 13
221 457 7
104 775 13
45 460 17
45 231 18
46 196 12
738 912 11
255 944 15
692 945 8
11 992 -9
475 718 -19
581 885 5
104 402 -8
523 614 6
569 730 5
486 732 15
88 808 13
80 538 -12
375 492 4
77 798 -16
176 957 12
84 694 19
259 546 11
201 986 -17
519 621 15
310 627 -11
331 421 8
457 646 -15
150 495 8
142 262 -3
459 872 3
48 218 -2
67 991 2
347 816 -6
307 859 -2
91 301 -17
53 863 -2
729 817 2
207 512 6
11 308 11
240 280 4
176 790 6
237 391 -2
669 951 9
309 645 12
239 809 2
307 980 12
348 981 -7
795 883 20
473 603 -18
83 454 8
338 415 -19
79 569 17
198 520 8
486 807 7
250 567 13
276 854 -14
206 789 17
682 718 14
214 384 12
285 444 -14
705 738 -14
248 871 12
229 629 -15
183 662 6
94 849 13
392 512 15
70 757 11
420 610 -13
378 464 4
448 937 4
262 518 -15
455 833 14
758 870 19
331 653 4
271 379 -7
407 648 3
468 515 -9
687 931 -1
298 741 -9
32 362 16
53 156 -11
481 862 2
355 723 8
108 208 17
70 590 9
303 941 10
375 966 -14
149 245 1
117 936 16
238 588 -13
282 774 7
447 698 2
756 779 -12
332 631 -1
39 872 1
60 666 -9
602 757 2
716 742 -19
518 614 6
37 161 7
409 707 -1
463 827 -20
489 965 17
818 875 -8
45 659 -4
389 469 -17
479 771 -17
619 665 -18
188 973 -16
190 259 -12
61 374 -17
22 266 -18
95 107 18
566 775 -12
666 862 -5
591 868 -13
744 781 2
55 973 -10
210 618 15
428 697 -7
25 923 3
302 477 8
389 482 -10
23 733 -17
579 871 -11
180 308 11
336 555 5
173 677 1
238 843 19
221 345 -13
278 879 -13
63 662 -17
404 726 13
659 836 13
415 884 7
507 967 1
108 175 -20
734 866 -9
550 785 2
609 871 -20
153 591 -19
442 465 6
65 627 3
30 520 -7
540 591 4
9 583 9
15 626 18
288 492 2
862 907 -18
287 676 15
320 444 -12
314 809 18
362 706 4
507 944 16
11 628 -12
204 943 10
654 734 11
53 136 -8
583 939 17
589 870 8
426 992 -11
282 453 -10
889 902 19
219 433 -6
217 589 -2
208 769 -16
89 174 13
711 715 -20
229 334 -4
37 923 14
274 570 18
849 950 7
715 721 12
167 364 2
773 848 4
416 919 15
316 981 -4
382 926 2
696 973 -3
383 513 6
489 909 -5
882 983 -2
505 624 8
82 112 5
234 246 19
59 165 13
261 757 6
556 562 -18
569 644 15
395 873 6
522 834 -7
154 932 -13
498 705 12
121 346 2
211 648 -3
38 348 -3
725 869 12
94 737 3
350 434 -13
475 694 -10
914 921 1
243 716 15
353 359 17
102 597 12
105 114 2
520 881 -10
408 560 2
66 302 -1
285 718 13
81 839 5
89 514 -17
2 137 -15
287 535 17
39 433 -7
406 635 7
839 868 20
106 868 -12
95 450 -13
11 716 -10
216 331 19
198 313 14
698 865 -3
275 682 16
195 573 -17
54 534 4
59 649 17
172 669 3
578 948 2
118 289 -17
410 726 -19
44 111 18
73 812 2
4 978 -18
15 462 -12
401 763 3
155 213 -9
198 434 11
665 723 -6
67 774 8
108 397 13
83 224 6
93 646 -4
202 324 -16
507 780 15
761 925 -11
192 625 -7
16 399 14
178 232 16
91 313 20
376 562 4
145 958 -18
153 404 -1
119 411 -12
504 747 -3
186 321 19
156 558 -13
631 708 -8
384 422 -11
174 612 -18
140 470 7
49 697 -13
182 323 -5
452 821 -16
358 814 3
15 560 19
597 687 15
59 783 18
555 690 -19
228 295 8
102 973 16
418 950 -11
164 539 4
586 677 -2
721 987 7
374 385 12
578 938 -4
96 526 5
583 644 13
862 962 -18
1 288 1
24 537 13
592 729 -8
186 190 -7
161 771 -4
429 851 3
113 322 10
840 916 6
38 148 18
294 891 9
683 852 19
869 979 -2
495 652 1
327 430 14
32 253 5
493 993 20
239 582 -19
134 911 2
880 993 -19
56 317 -1
190 546 20
637 857 -13
152 928 13
99 135 -12
687 979 17
59 593 -11
367 709 16
654 802 -5
203 866 -17
223 844 11
464 907 -17
64 442 -19
369 669 10
184 215 -11
157 261 -14
273 966 -8
340 727 15
147 561 6
345 842 -6
245 904 16
18 447 -4
670 867 -7
169 356 -20
201 425 -8
88 139 17
58 754 -11
297 807 -10
210 473 -15
436 556 18
467 809 17
547 689 -4
544 763 6
69 390 4
603 669 19
192 726 -4
495 498 -3
82 854 9
491 793 -12
192 991 18
142 990 -8
127 861 8
138 382 5
198 247 16
11 12 13
80 520 3
117 179 14
134 348 18
520 792 -10
152 545 -8
46 384 -19
23 251 -17
817 935 -15
138 238 -14
134 613 19
32 894 3
12 507 -1
91 800 9
347 497 -15
137 358 17
854 938 -13
76 756 -13
544 861 1
911 920 7
375 451 4
357 662 19
122 908 9
857 948 -20
730 764 -14
621 857 3
484 888 16
154 833 14
428 807 -8
464 501 18
314 556 7
265 929 19
359 564 -18
518 737 18
248 876 -11
264 704 19
55 710 -12
112 198 -12
209 396 16
641 807 1
194 496 9
847 912 1
270 900 3
393 562 -17
11 231 8
209 890 -13
591 955 7
130 368 7
414 621 3
413 805 -1
508 548 -13
68 621 7
443 684 9
154 581 11
153 207 -8
397 424 -5
72 367 -11
569 944 -16
632 820 -4
424 791 -2
218 951 -18
7 359 14
815 941 -8
92 583 -19
141 359 -18
245 825 5
234 258 -18
41 537 -1
82 160 15
113 642 18
466 680 -9
692 992 -11
385 426 2
211 310 -8
704 966 10
442 817 16
34 763 6
227 892 -15
230 409 18
521 881 1
371 793 -9
101 932 -20
14 784 -16
558 619 19
223 549 20
66 831 8
277 340 -1
332 721 13
498 982 14
420 690 -17
391 892 -15
485 527 2
584 649 -4
231 494 3
88 482 -20
172 704 13
729 743 7
488 537 -7
99 347 18
740 901 -5
691 896 7
818 857 5
205 450 17
512 750 11
66 929 10
32 33 12
547 744 -17
647 831 5
61 850 17
444 880 -14
733 754 -5
399 500 -16
617 808 -20
344 384 -3
61 441 -9
208 905 3
230 664 -8
108 638 -3
524 616 11
240 857 3
132 766 10
522 692 3
353 734 1
155 261 5
267 402 13
158 495 -15
281 336 -6
709 783 -6
221 471 2
261 507 -6
84 731 -17
380 464 13
717 903 10
96 705 12
362 675 -19
650 962 2
16 38 -9
622 751 4
299 884 -2
341 472 19
531 898 -1
210 397 19
90 252 20
469 657 -10
4 823 -2
346 852 -16
95 187 6
58 714 2
721 878 -7
764 956 4
536 603 11
65 838 -14
123 779 -3
228 981 -5
339 403 -18
200 919 -13
328 659 -3
154 394 -13
348 488 -17
273 494 8
580 731 -10
211 519 8
53 82 20
238 393 -14
484 534 -3
575 652 18
74 370 9
635 703 -2
198 436 12
786 835 17
691 863 -12
459 477 -15
114 851 6
731 756 -5
605 680 2
88 570 -18
274 660 18
729 831 17
75 78 -18
521 573 -13
488 625 -19
96 924 -12
266 432 -12
503 933 19
299 874 -17
134 249 -14
311 848 -14
452 558 20
42 431 5
42 925 4
232 411 -11
157 646 -16
619 820 -7
599 613 -7
236 561 7
114 455 11
142 374 -4
10 892 18
173 361 -15
303 736 -4
391 440 19
322 606 -5
11 564 4
504 991 7
426 663 -1
699 821 -6
392 441 -17
862 964 -20
80 254 -1
497 579 -7
428 708 -15
58 946 1
251 932 -19
425 968 -19
68 810 -16
185 312 1
510 554 -19
649 712 14
428 564 -20
366 918 -14
358 914 -8
400 502 -14
238 589 5
54 539 -19
403 656 6
140 691 -16
67 478 18
413 706 -4
173 724 4
220 427 10
1 123 3
88 128 11
346 423 10
154 976 19
402 812 -15
482 841 -5
31 905 6
24 637 -6
174 316 13
205 914 -13
276 449 -17
721 979 20
823 847 -4
163 917 -20
181 211 2
291 608 2
271 370 2
549 723 3
86 733 -19
19 643 9
285 942 -3
151 713 16
184 747 -15
533 635 -15
140 969 16
634 803 -9
264 595 -14
40 738 8
61 532 -5
336 471 4
247 808 9
387 702 -11
364 798 -12
296 929 -6
563 635 8
475 751 -19
22 280 17
349 446 -6
789 947 6
767 779 -12
