1000 2000 0
196 698 -3
215 302 19
186 653 8
125 265 8
665 767 -19
489 727 -16
469 483 -2
442 466 4
0 270 -13
247 376 -10
325 475 13
469 977 -15
652 690 1
342 793 -1
222 956 -15
334 380 9
159 299 11
493 553 -7
557 717 6
310 431 -12
509 906 -1
137 216 13
86 808 -2
423 838 1
440 927 -4
181 587 14
198 985 1
795 975 -13
179 334 -9
436 813 9
482 929 16
535 792 -3
545 985 2
238 834 19
117 544 19
667 947 -19
41 405 -19
266 752 -13
27 241 -5
232 610 -7
559 596 -5
549 582 6
574 904 17
487 607 -7
309 341 13
326 510 13
385 559 -9
126 219 -11
526 684 -12
724 928 -20
124 295 8
278 353 4
163 223 -12
240 735 -16
223 682 -4
330 894 -17
212 264 16
76 254 8
206 858 11
335 743 5
575 841 3
298 941 19
268 424 -18
247 487 16
20 853 -12
150 325 -9
789 806 -11
185 511 -17
658 731 -8
253 911 19
697 808 20
471 761 -1
65 222 4
136 511 12
231 254 -15
86 690 14
43 728 -15
42 620 -19
32 310 3
824 884 -4
876 931 -19
260 662 -1
246 764 -10
593 728 -7
398 403 -3
550 766 -6
288 617 15
554 916 -13
422 846 -12
359 906 -4
244 430 7
96 452 6
836 979 16
113 621 8
495 686 20
400 714 -18
176 597 15
704 945 -1
157 318 8
562 861 -11
376 887 10
791 949 10
140 759 -3
110 242 5
256 561 14
745 838 9
441 463 8
49 613 10
2 272 -2
52 767 10
730 831 11
575 808 10
138 956 4
43 947 11
115 823 8
558 755 18
20 591 -6
328 707 1
297 985 2
415 940 8
381 569 4
154 527 13
498 974 14
371 641 1
640 649 -13
478 587 -15
150 413 -2
61 564 10
991 992 -20
206 573 -8
366 940 -1
355 373 6
305 552 -8
167 322 -13
273 748 11
434 702 1
474 738 10
573 860 9
307 332 -8
835 866 -16
47 930 -15
465 689 18
539 575 -5
12 155 17
40 891 18
361 717 3
279 764 -7
558 853 -12
927 985 -6
759 992 17
28 544 -4
616 943 6
562 972 -5
13 421 12
265 456 -16
504 738 10
473 521 6
16 691 2
779 942 12
93 120 2
324 398 -13
524 572 4
870 980 1
265 986 9
580 998 12
213 567 8
4 573 -6
347 567 19
525 653 20
517 569 -1
155 482 -13
120 231 -19
232 292 -7
129 730 15
481 852 -18
84 844 -2
695 732 -17
188 227 15
386 471 16
322 981 10
699 702 18
457 760 2
34 205 -4
24 649 -13
584 837 9
196 612 3
920 935 18
19 799 -7
411 420 -19
608 785 -3
567 933 7
90 859 -7
508 618 3
55 901 -7
271 791 1
619 714 -16
456 836 -6
147 575 10
782 857 -7
60 198 -16
215 746 17
211 367 -8
7 717 20
15 541 18
304 415 -12
233 800 -19
50 944 -3
384 789 12
129 828 7
425 561 18
276 847 -6
454 884 7
186 953 9
591 593 13
267 649 -20
514 755 18
202 668 -20
35 491 -4
637 825 -17
0 390 8
207 374 5
259 650 -14
434 502 -15
339 493 -17
160 787 1
281 668 -17
134 506 -13
228 662 -10
407 664 -9
385 725 20
133 281 1
525 656 2
378 457 -9
324 486 7
745 808 9
542 565 -6
331 790 11
21 341 -20
264 885 19
129 697 -13
158 166 -13
605 626 -15
698 970 2
332 467 3
189 418 -12
638 659 -2
409 458 4
158 696 7
694 819 -14
327 388 9
492 721 5
395 788 13
96 232 19
24 243 -12
2 75 -11
322 431 -1
183 236 -17
253 560 20
287 473 -15
410 543 -6
17 60 11
96 353 -8
543 664 6
273 803 2
668 924 -18
261 420 17
267 351 2
460 666 -1
57 770 -18
655 725 -17
130 611 -16
201 900 -6
289 747 -19
322 552 16
257 306 -19
701 728 17
439 728 10
390 686 20
551 640 18
27 783 8
631 898 -20
389 727 -10
92 620 -18
22 933 13
874 884 11
324 597 16
503 977 12
296 764 16
638 793 19
2 317 9
247 908 -11
443 554 -4
372 530 16
625 710 -9
805 906 -9
576 674 -20
78 806 7
306 813 -20
21 43 3
197 906 -2
106 230 -5
165 316 -13
484 856 4
8 747 -6
7 144 -10
312 865 -7
119 470 -16
746 977 -3
92 453 -3
41 142 7
430 857 10
35 965 -6
351 713 10
53 116 1
553 582 15
396 864 -17
464 590 14
515 964 6
671 803 -6
152 912 -13
255 367 14
608 634 7
34 368 1
781 791 6
459 511 10
51 865 12
98 797 17
88 195 5
332 555 18
396 985 -8
392 606 -13
148 883 12
622 919 11
118 482 1
182 912 16
50 204 18
25 556 -20
215 271 14
554 640 5
154 935 -19
169 569 14
682 825 12
65 368 -12
525 698 -14
131 313 -10
107 859 -20
0 733 -6
427 949 -1
340 652 -18
360 630 11
571 850 -1
517 879 -11
623 860 1
326 610 -18
422 992 -7
491 597 -16
824 886 -4
730 879 10
571 706 17
194 984 -7
503 836 14
348 633 13
856 960 -15
192 916 -1
322 388 -7
746 944 10
666 835 18
872 940 -14
625 654 11
53 986 -7
143 385 -10
165 669 -14
440 608 13
539 587 5
105 395 18
418 626 -2
6 910 -2
227 500 14
209 223 -4
740 905 -12
323 882 -4
631 855 -12
836 958 12
535 738 -1
10 916 11
375 520 -11
14 886 8
423 676 -14
549 672 -14
824 840 5
669 737 -13
15 887 10
655 659 8
286 563 5
361 477 -7
618 893 4
164 457 -11
446 521 18
44 477 20
544 943 -20
104 528 -14
681 689 -20
149 679 -16
871 929 2
95 299 5
601 696 8
43 926 -11
567 932 -4
578 941 -4
87 969 16
212 475 2
396 821 -6
778 886 -7
134 672 11
423 509 8
224 300 -20
987 996 14
729 966 -18
269 981 13
524 862 2
159 212 15
256 782 17
216 337 -2
214 556 1
454 654 -8
307 455 17
368 471 6
344 751 -9
196 215 17
463 479 5
73 818 -2
414 968 15
95 842 -17
81 269 -17
361 552 -11
44 467 5
19 968 -2
148 853 9
289 563 -3
736 874 -9
350 924 -8
598 909 9
8 815 -1
296 724 -16
84 545 -20
336 760 12
22 978 17
218 624 -7
432 733 16
11 182 -7
722 917 20
589 653 -12
697 744 11
124 882 -3
732 881 -1
406 451 -17
128 852 -12
623 794 6
494 909 -14
347 896 19
89 860 19
152 162 6
975 989 3
8 154 18
412 503 -4
38 936 -15
257 714 5
463 819 16
561 976 -17
723 895 -2
466 824 17
515 600 -10
43 870 3
546 853 -16
46 158 20
109 443 -14
19 778 -1
352 838 -1
454 706 14
161 224 15
419 748 6
4 277 -1
82 605 11
45 49 15
442 768 -4
116 338 -8
51 92 7
43 88 -13
81 874 -4
421 830 -6
34 570 -11
749 924 12
232 634 -11
34 161 -3
357 665 -2
204 572 12
75 278 19
237 605 9
332 348 2
537 717 8
571 630 12
388 774 -18
295 317 4
566 780 7
438 860 18
724 988 19
252 504 -1
205 509 -3
382 470 -20
145 643 -11
19 238 -8
18 44 -7
725 809 6
284 429 9
270 494 -20
272 949 18
301 518 4
416 993 15
533 724 -1
249 736 -17
229 349 6
247 812 14
253 706 -5
131 600 -11
366 732 17
463 930 6
4 87 19
703 762 -14
580 957 -3
91 649 10
315 802 16
293 634 -12
225 765 5
594 711 10
647 723 18
438 729 -12
485 661 5
430 725 7
106 893 -1
689 985 15
300 615 10
62 69 6
514 724 10
607 915 -10
392 618 5
592 643 15
213 912 -2
106 520 14
7 663 -2
363 447 4
253 575 5
272 674 7
34 128 8
417 912 15
516 805 -15
173 960 -13
798 869 -20
51 180 -14
334 914 -12
146 714 -18
210 433 9
359 678 -3
328 345 -16
460 501 7
242 916 18
120 661 8
461 725 14
520 631 14
405 830 -19
344 963 -11
99 229 -14
319 906 -4
211 964 -19
430 859 -8
560 709 6
417 660 -19
239 653 -11
206 705 15
595 666 7
256 562 10
770 783 -5
199 293 15
42 346 20
587 963 -16
874 876 17
673 706 15
76 487 15
203 299 -20
189 364 9
184 960 -20
46 730 -15
565 880 -18
116 825 6
179 207 -12
49 506 -15
269 509 -12
530 550 4
527 773 16
301 318 18
325 675 -9
96 852 8
639 722 -14
86 164 1
218 283 4
24 189 -13
349 394 7
303 772 16
469 804 -5
163 240 11
649 771 -19
20 569 -6
60 376 -16
161 279 6
244 722 7
236 718 -3
25 126 -11
78 137 18
696 824 10
199 921 -17
65 841 12
620 685 11
98 380 -9
438 565 18
711 952 -17
77 177 13
575 799 -6
38 860 -1
285 880 -16
695 864 18
800 917 11
585 849 -10
220 607 11
691 866 -2
308 985 17
186 205 -17
156 442 16
82 264 -16
916 984 17
401 804 -10
4 201 -10
140 848 -16
179 547 18
82 385 15
81 569 18
620 963 20
841 931 9
59 258 18
164 423 12
148 744 18
470 615 10
263 667 1
75 467 -6
144 975 1
480 781 10
565 739 -9
379 734 -1
86 252 -8
135 782 16
58 419 -10
600 702 12
471 588 -10
203 508 -8
37 67 -20
360 491 -13
71 474 19
592 734 16
364 461 20
264 523 -9
45 830 -14
647 935 -16
319 575 12
346 678 18
680 703 -3
229 767 16
248 371 -10
231 876 6
219 493 17
415 813 -5
14 469 15
883 918 -8
16 250 -19
110 177 15
247 448 -17
125 422 -7
201 826 -17
244 787 -9
459 712 10
95 844 4
919 962 17
81 500 -12
27 529 -1
74 232 10
156 530 -4
83 317 -18
31 944 -2
77 157 -11
493 746 2
484 926 20
625 865 -9
651 774 -15
458 608 -14
31 126 18
697 890 -17
870 961 12
47 479 11
296 317 -6
38 925 -1
347 777 -16
49 934 -13
918 974 15
233 791 -8
367 462 4
205 400 7
228 941 -10
693 748 19
2 714 -16
710 837 -15
690 742 -12
526 756 11
376 668 15
496 733 20
75 182 5
70 741 7
577 657 -9
255 643 -5
458 477 -9
96 390 7
38 156 3
400 737 -16
36 869 20
633 859 -12
51 732 1
74 752 1
215 691 -16
420 980 3
427 610 -15
165 461 -14
92 248 -20
6 208 4
388 655 13
346 658 15
299 317 -10
575 746 7
565 961 -12
46 631 16
45 666 -10
73 764 2
802 910 14
267 486 11
48 856 -11
380 512 2
578 756 -4
638 807 19
47 482 -7
411 499 -11
360 942 -1
57 761 8
39 218 -14
206 740 -1
467 781 8
512 932 -1
899 963 12
449 992 -10
495 879 -9
15 391 19
85 715 10
10 950 -19
514 749 8
158 556 -5
318 694 -13
476 722 -18
265 947 2
103 131 -9
481 571 -12
238 850 -19
746 991 3
405 698 -7
364 660 -15
732 827 -9
503 595 -8
360 775 -2
213 613 -12
432 571 10
137 245 2
501 936 -4
11 514 2
166 308 15
28 832 -5
414 904 9
126 729 -8
486 892 -14
385 431 -7
399 515 -7
198 870 -16
113 274 7
725 801 3
294 843 -11
494 868 6
176 973 -16
351 596 5
444 787 -17
429 515 -15
373 763 6
53 264 -15
413 656 16
194 468 11
541 841 18
694 934 6
578 988 11
193 243 -10
96 347 -13
154 553 -10
787 874 -20
263 316 14
154 409 -18
488 663 14
681 978 -13
91 618 6
370 936 20
425 643 -18
318 517 -6
411 708 17
361 887 -14
212 764 -13
259 467 -3
377 602 2
275 820 -9
916 996 12
496 559 8
101 109 -4
69 980 -13
564 959 -8
724 911 1
442 933 -15
10 256 -18
795 971 -5
38 849 -3
213 472 -2
471 996 -12
237 829 20
255 963 -15
134 673 -15
883 940 14
361 864 4
428 625 17
50 859 -20
291 656 -2
155 881 14
111 545 -14
385 519 -18
296 856 -2
958 975 4
342 743 16
46 830 20
101 351 19
76 178 -10
345 748 8
555 707 11
102 990 -14
231 237 -5
113 627 -9
435 641 -11
440 985 11
542 624 -20
118 705 4
199 779 8
145 988 3
278 843 -18
360 467 -11
117 746 -19
25 105 -3
4 576 -20
198 441 3
72 185 -13
178 203 -2
569 991 -16
542 745 -19
42 724 2
256 796 -6
378 493 20
263 692 -2
198 971 -13
11 736 -17
363 370 -19
307 469 -16
547 716 18
337 906 -4
303 764 8
872 921 6
356 739 -2
54 554 10
341 876 -3
150 262 -14
11 592 -7
563 925 5
529 932 20
416 497 2
341 732 15
775 844 18
370 386 10
379 880 -14
789 864 9
164 546 -1
170 477 -5
281 573 11
109 238 19
274 305 -9
227 867 -17
296 558 -4
13 764 5
544 659 6
242 852 -15
135 231 -10
374 513 1
528 571 5
252 636 3
489 994 6
736 865 20
524 686 -4
470 486 -18
139 466 -15
408 511 -11
225 655 9
380 449 -1
813 825 10
214 645 19
474 721 4
285 705 -19
231 734 19
413 482 -16
168 794 -5
261 842 -13
729 947 -6
133 284 8
671 862 -5
17 109 20
52 969 18
222 477 10
367 752 -4
94 328 7
275 489 4
5 628 17
111 646 -14
594 614 13
91 588 2
904 956 8
315 561 -2
73 619 18
674 988 7
202 275 3
814 919 -18
331 505 3
134 751 -8
36 99 8
709 722 -17
43 632 -14
623 798 -6
450 498 3
362 385 10
122 287 14
232 275 -14
343 637 -6
423 480 -6
582 882 -2
241 360 -18
634 700 -13
447 465 4
465 891 -18
672 812 4
223 311 1
504 855 -18
560 756 -3
583 739 11
561 571 16
607 687 16
131 349 9
678 747 -11
183 396 -14
15 403 19
609 733 -10
453 894 8
173 202 -4
243 526 -8
506 756 -19
187 222 8
533 630 -8
212 544 -1
526 591 -12
580 827 -16
233 603 -14
81 734 -11
343 362 -19
781 853 7
92 600 -15
189 941 -15
158 545 -10
62 757 4
163 660 11
252 472 -3
517 892 17
555 775 -18
78 701 15
341 437 15
462 547 -8
541 611 10
109 954 15
640 733 12
152 241 17
242 580 11
126 777 -20
734 862 6
399 792 -1
384 749 15
240 884 -11
283 437 -19
828 905 -18
347 867 -12
587 699 3
21 962 7
247 371 -6
525 724 6
317 695 -20
32 217 -1
329 669 -18
535 774 8
473 713 -13
264 868 19
649 795 -17
861 943 -19
189 810 6
673 743 12
82 684 -16
637 677 -18
499 972 13
268 285 -1
539 636 17
652 698 11
91 136 -19
120 279 -7
149 980 -7
37 281 -1
913 967 15
329 538 -1
11 866 -12
215 287 -9
250 919 -3
107 345 5
707 898 1
152 496 -20
353 486 -15
436 929 3
167 661 20
159 886 4
209 249 -8
534 683 -20
113 132 -8
41 930 7
431 670 9
188 949 9
417 543 -10
261 524 13
357 986 -20
406 762 17
453 730 13
611 758 4
415 703 -19
539 626 14
465 560 6
253 906 19
369 443 -17
371 898 16
56 477 13
69 596 9
608 990 -19
5 840 19
514 574 5
6 167 7
52 134 -15
267 962 -18
68 487 10
182 329 13
396 438 -10
828 849 -2
208 912 16
112 270 -19
42 965 5
827 926 -11
610 928 -1
109 646 4
308 855 -14
211 248 -1
448 749 2
843 870 19
290 312 12
118 694 -4
30 581 19
182 715 1
0 595 20
199 804 -9
526 790 -20
106 841 -6
375 886 -8
218 673 13
60 236 3
639 703 12
444 756 14
492 504 5
130 417 -19
888 998 -6
152 584 11
352 609 2
423 669 3
498 583 5
87 720 -2
26 853 7
351 421 2
83 341 -2
13 920 -17
789 912 18
452 961 19
662 691 -12
787 951 8
172 269 -3
32 295 -6
285 475 8
49 464 -19
209 831 -15
98 240 14
213 981 19
328 931 8
61 438 14
125 868 2
242 370 2
191 404 -11
117 375 -3
360 999 18
542 747 -4
75 723 1
379 460 -13
20 936 -13
60 743 14
722 979 -5
88 433 7
321 784 -13
255 281 -13
117 725 11
632 676 -12
630 981 6
248 650 13
307 736 -18
56 71 12
404 934 -7
520 700 3
680 838 5
28 274 17
33 618 -12
103 188 -18
54 412 6
302 397 8
203 391 -7
66 651 -19
354 709 -13
226 789 11
430 784 -16
158 999 -12
72 959 -8
293 778 17
661 716 9
515 747 -4
129 568 12
279 772 -20
377 669 -12
55 618 -1
429 716 9
383 420 -14
501 970 -18
440 725 18
196 859 16
679 827 6
203 489 11
22 477 -5
80 647 -1
762 861 -11
82 873 8
459 680 4
926 969 12
449 666 -12
703 811 -6
99 782 7
863 949 12
426 539 10
83 694 -13
337 839 15
406 444 -6
589 911 17
8 520 -15
723 911 18
81 95 4
240 268 -3
392 402 19
656 857 5
810 915 -4
329 462 -7
102 828 17
125 174 7
23 126 -14
59 723 10
388 404 -6
800 986 12
420 585 18
556 891 -3
587 878 9
538 842 1
364 540 -3
971 989 -11
629 731 -12
326 959 12
396 529 18
429 526 3
201 290 14
106 281 17
36 860 2
577 805 7
192 326 -11
371 557 20
505 786 -6
376 672 -1
450 621 6
411 513 1
795 884 -17
408 624 14
345 913 1
69 520 1
402 809 20
216 310 14
575 737 -18
467 795 2
587 711 -9
423 868 -12
770 832 15
7 401 1
395 397 1
65 671 9
634 679 -4
151 674 15
138 741 7
399 925 16
826 849 -9
350 740 -6
27 644 -20
132 697 7
174 434 8
106 379 14
30 649 -20
217 512 15
16 342 -6
91 256 -1
253 843 12
529 747 8
835 939 14
241 954 -17
465 582 -16
98 151 15
68 388 17
38 631 2
405 833 -12
14 682 11
363 836 6
275 723 -9
369 501 -1
575 835 -10
8 379 -13
112 845 -2
29 847 14
323 799 6
267 984 1
360 946 -9
15 503 -3
253 820 13
468 745 8
599 819 -5
754 842 18
746 838 13
40 712 -13
717 811 -17
571 577 -9
167 264 -5
550 819 16
238 324 -20
21 146 17
352 654 -14
666 850 10
86 275 8
377 747 16
113 903 -3
47 463 2
506 977 18
244 977 11
261 392 -7
270 886 3
731 952 -15
46 95 -6
140 776 -5
11 891 -4
47 548 -1
181 548 6
775 878 19
117 649 -9
176 735 19
314 928 -4
33 686 -9
60 523 6
71 798 -20
30 760 15
277 637 10
165 661 15
301 442 18
345 628 1
70 280 -17
308 746 -9
295 663 20
138 865 3
553 927 6
540 579 -12
491 723 -16
89 414 -6
717 886 -15
350 455 14
603 635 4
66 696 11
32 703 7
287 664 -12
184 279 -17
159 780 15
113 484 9
2 796 6
471 866 -9
225 316 14
121 344 -16
533 697 -13
470 906 7
336 677 12
150 672 4
327 713 -5
259 844 5
250 875 17
758 936 -13
131 694 8
238 677 2
87 853 -12
42 64 10
480 555 -13
339 579 -13
96 858 5
156 723 11
491 942 17
370 832 12
200 241 18
45 892 -7
942 994 8
360 638 -8
379 737 11
354 564 10
593 846 -17
531 871 20
468 931 -12
367 619 -16
42 859 13
361 459 -5
76 735 -17
378 399 -5
439 644 5
169 783 16
138 158 -15
132 752 -5
19 466 8
552 929 9
132 343 2
291 516 -9
20 22 -12
598 816 -18
208 747 3
230 506 -1
227 351 2
540 811 3
179 311 -1
515 903 -13
596 599 -16
387 983 -14
362 432 16
259 834 -16
60 359 15
354 577 15
453 928 13
222 766 -14
373 410 -4
752 852 14
101 476 17
429 607 -12
336 379 -7
14 328 -16
212 758 -14
545 638 -20
13 814 -3
516 611 4
45 846 -14
33 463 -19
425 578 20
61 561 19
10 744 6
185 367 17
317 752 -19
172 922 -15
50 179 -4
299 883 17
165 654 11
396 407 -7
285 948 -14
347 551 5
459 463 1
166 210 -19
362 530 6
467 961 -7
512 883 -18
186 453 8
886 944 -20
225 381 15
456 722 -6
65 837 16
586 688 -18
505 700 1
4 943 3
99 686 16
493 991 3
786 978 5
196 884 15
34 68 -5
335 782 11
209 414 -10
202 289 -7
622 848 20
196 331 3
215 344 -8
32 637 -3
672 705 18
502 931 5
270 545 10
635 823 20
365 553 4
11 141 -15
222 504 15
308 693 -1
225 780 -13
58 523 12
531 972 11
398 442 18
143 481 12
23 910 -13
467 807 16
700 929 19
786 932 15
217 403 -11
232 266 -19
181 858 -2
121 435 12
119 654 -15
422 512 12
23 766 19
310 859 -14
254 290 -17
33 816 -20
649 819 2
132 709 8
195 240 16
246 322 -9
458 879 -20
118 136 11
394 714 9
547 664 19
369 886 13
428 972 6
603 824 -10
575 762 10
461 740 -2
42 119 6
161 219 -10
733 939 -3
123 601 5
501 818 2
393 727 -3
30 638 -9
280 441 20
557 978 -14
348 575 -17
419 864 -7
226 735 -6
23 635 -20
0 14 -12
57 368 9
579 593 20
67 827 3
242 679 -12
268 731 1
46 804 18
186 927 1
0 508 -7
437 509 16
341 572 1
288 417 -16
661 891 17
150 452 11
564 586 -3
195 603 13
112 605 -18
580 710 -13
179 366 -3
68 907 -12
289 646 -4
187 635 6
74 578 -16
92 483 2
739 968 -14
263 859 -17
98 791 8
260 295 -4
206 324 17
31 243 12
117 661 -5
337 664 18
462 695 17
109 922 20
477 823 -9
384 632 19
634 923 16
211 969 -4
255 338 -14
17 695 -5
434 754 -1
51 836 20
208 936 -4
191 438 -1
214 979 -16
315 653 13
167 904 2
139 656 -11
196 818 17
83 761 -15
497 895 12
444 803 -8
605 757 14
644 828 3
35 46 11
317 964 -3
640 714 -20
780 874 10
29 826 -10
565 885 -8
131 693 20
252 574 5
371 382 -8
438 966 15
845 975 11
217 589 3
52 256 -12
272 296 20
618 933 7
272 525 17
143 294 -17
61 341 6
748 899 -4
375 537 -18
445 861 -20
391 890 -14
820 887 -15
42 593 -8
51 67 7
102 234 11
198 696 -16
143 909 2
20 201 -12
171 599 -2
169 818 18
638 888 -7
371 395 20
77 326 -2
208 517 -6
568 680 -2
442 949 -5
180 949 -7
196 399 -6
276 657 -16
103 320 17
226 836 9
212 901 -6
6 387 18
18 212 4
13 54 11
311 385 -4
149 323 18
508 899 14
520 724 7
397 510 -6
22 367 9
129 350 17
19 478 -13
673 822 -14
417 753 -19
143 513 6
436 766 3
457 560 -1
456 744 6
324 970 -8
365 971 -10
25 265 13
720 790 11
236 677 1
344 539 14
84 320 -14
27 603 19
168 542 -6
134 437 2
309 438 15
145 595 -7
405 671 -12
584 902 15
699 852 -19
791 935 11
174 249 11
130 408 12
47 553 20
402 601 -8
204 393 10
334 588 13
146 388 14
160 551 -13
290 401 -15
187 425 -5
500 885 14
806 848 9
738 793 5
613 798 14
270 953 12
135 908 -14
237 776 11
645 750 17
11 729 8
400 690 -16
592 860 -9
560 648 -4
75 341 -9
120 492 -17
18 444 4
320 437 19
733 984 6
88 954 -19
230 629 -9
248 677 -18
97 99 2
621 779 -19
413 750 1
111 528 6
271 666 -6
11 706 -3
509 574 -11
662 816 -7
352 590 12
251 544 3
334 987 2
44 739 -17
118 688 4
283 761 -12
145 153 -2
763 840 -1
292 846 -20
3 743 16
64 573 10
205 549 3
834 900 -3
632 765 3
630 841 -14
481 861 -16
0 445 1
186 455 -9
279 354 9
238 502 13
484 643 15
351 379 1
83 299 16
588 880 2
159 703 -6
352 603 -20
220 304 -2
205 441 4
168 931 -20
265 455 -7
18 169 -13
41 73 -17
490 802 -19
113 852 19
104 129 8
5 644 17
243 552 -1
176 648 14
160 783 -14
344 375 17
648 866 13
288 560 12
352 953 -5
353 689 -17
86 345 -6
56 582 -2
154 745 7
44 464 -9
192 219 13
311 319 10
476 652 19
132 842 20
292 980 4
146 597 9
681 941 13
639 795 -15
178 549 5
659 773 4
565 580 8
51 99 -8
223 965 6
632 755 10
112 231 -19
48 704 2
451 600 -18
784 889 1
21 458 -20
842 979 -6
69 763 12
430 742 6
129 176 -8
16 644 10
90 593 -7
62 760 13
267 900 7
101 422 14
802 915 14
763 807 -16
419 997 -5
603 705 10
423 594 2
591 736 10
21 471 5
852 893 14
490 769 16
41 714 -11
24 890 1
486 655 6
79 188 -6
592 673 5
611 915 -6
151 930 1
816 975 8
312 884 1
25 562 14
856 868 11
647 874 -16
249 864 14
235 929 -11
805 902 8
67 564 7
88 358 -12
611 807 5
612 772 -4
38 802 10
45 661 -20
149 489 -19
81 583 10
50 632 13
477 848 -9
764 878 19
428 663 4
116 168 -16
540 904 17
220 405 3
365 872 -16
519 701 -20
14 565 -6
555 889 16
177 937 19
211 850 -2
190 647 8
359 950 -7
254 668 -2
137 757 20
286 471 -19
112 584 -17
119 443 -5
143 571 17
349 905 1
29 177 -2
440 794 -9
99 501 -3
224 761 -7
239 395 1
76 746 -18
287 966 12
261 419 -20
40 271 13
860 864 17
403 997 -17
637 935 8
178 241 -6
126 868 -13
696 841 -19
387 909 -12
513 756 4
340 419 -1
225 618 1
287 413 9
525 730 -6
541 558 7
0 91 -11
72 259 -7
556 983 -5
39 82 6
268 808 -9
195 595 20
177 806 15
234 294 -17
766 941 -5
704 966 -19
104 184 -1
68 490 8
591 680 2
125 881 -4
38 733 -13
658 706 -3
857 915 -2
22 379 -3
215 810 -13
600 621 4
472 701 -8
592 617 -20
856 992 3
265 896 -19
231 265 -12
125 858 19
162 251 -6
237 690 6
530 943 4
70 284 -17
35 326 1
629 921 1
783 979 1
172 825 10
821 862 -20
479 982 18
364 766 -15
249 556 -10
74 524 -3
205 715 18
139 504 -19
514 567 -10
61 850 -16
366 552 -5
664 920 10
274 814 -8
421 604 11
106 363 -6
14 100 -17
281 480 -16
36 124 16
280 750 15
146 521 -1
290 943 -4
538 901 -11
110 603 -12
683 910 -17
93 779 20
363 411 -13
18 456 -14
540 681 -2
393 519 10
358 561 3
518 550 10
350 557 5
384 470 13
528 563 4
75 883 -17
306 370 14
242 880 4
20 687 2
145 718 1
72 468 -18
269 604 19
51 265 16
54 307 -17
406 987 -17
159 738 18
216 863 -18
722 851 -1
59 507 -13
76 968 -18
19 205 9
632 777 -18
245 517 15
364 468 16
4 162 8
608 685 16
114 707 9
454 892 -1
362 400 9
443 474 -6
143 770 3
747 885 5
335 940 -14
54 549 5
17 896 -6
633 899 -18
77 681 -12
586 787 4
89 506 -9
363 486 -8
251 690 13
211 617 -8
147 861 20
115 500 -11
280 753 16
186 709 9
512 730 -20
509 841 8
214 807 8
455 870 15
78 883 -1
138 934 15
681 953 5
277 683 -7
159 319 -14
64 310 -12
363 872 13
120 736 -18
187 417 -17
82 709 3
514 897 9
532 945 14
241 244 8
17 765 -2
500 733 4
23 659 -1
285 579 17
659 906 -3
100 799 -20
81 520 12
186 951 -19
153 625 -15
650 677 -11
163 675 -8
230 356 8
22 61 6
614 876 -12
36 899 -17
378 599 10
117 335 -6
15 287 11
253 604 18
44 610 4
393 764 -5
69 932 4
266 543 -2
290 900 -8
401 853 6
440 695 8
335 413 6
408 483 4
610 963 9
390 694 18
630 941 17
391 430 -10
47 620 8
910 995 17
443 477 -10
213 509 -14
295 987 10
70 460 5
34 952 -20
423 498 -3
54 372 19
486 703 11
291 464 -17
918 971 -15
259 926 -16
106 418 8
363 983 15
78 176 -7
648 966 10
109 429 5
923 942 4
73 97 -7
98 419 -8
151 919 -12
299 854 19
565 824 -2
511 853 -9
111 474 11
