1000 2000 0
479 641 19
67 962 2
238 435 1
107 769 -15
55 313 19
486 945 15
12 617 -12
185 688 10
68 548 -18
428 940 -19
400 878 14
641 675 -15
56 430 14
54 506 -14
407 773 -2
623 626 -18
475 499 -19
319 660 -6
474 683 2
12 509 -17
534 734 -2
2 724 13
269 659 -16
736 948 -11
470 569 13
581 931 -18
590 979 11
69 490 16
577 631 -2
431 842 14
262 921 -14
230 709 7
150 600 6
32 199 -15
510 992 -20
136 665 -7
648 956 -17
321 976 15
44 698 -19
454 682 -12
60 297 -15
7 142 -15
72 271 -20
517 658 -14
100 455 -18
800 946 1
713 798 -6
402 936 -17
283 576 14
110 239 9
544 876 4
563 975 -3
23 207 6
208 518 -4
529 753 -8
447 800 1
533 723 -9
111 585 -12
498 994 13
151 392 13
245 585 11
243 475 17
652 680 -12
755 772 -20
620 727 -2
631 742 16
515 710 4
373 855 9
788 805 -16
478 908 -3
401 545 10
525 840 -17
222 802 -1
46 88 8
5 724 -8
197 256 13
112 972 12
810 865 7
795 965 13
56 662 -6
556 985 -13
87 735 -2
490 594 2
132 886 -15
419 979 4
212 915 18
854 907 -13
267 293 -3
812 910 8
242 794 17
348 546 -14
112 684 -17
384 734 13
638 879 8
81 696 12
650 853 1
653 858 -6
480 558 1
278 343 16
56 230 -19
614 643 20
530 909 -3
281 842 -13
280 654 -14
686 927 -19
374 432 -9
160 817 -15
37 109 6
119 965 -9
737 749 12
649 865 10
520 980 2
486 987 -14
198 291 -15
83 490 -18
530 801 -20
397 537 -7
383 602 9
80 335 19
182 877 -9
44 269 -8
446 578 -18
225 430 -9
398 501 7
40 793 -20
409 776 -14
70 901 13
219 764 14
30 599 -10
607 760 -20
592 897 12
793 887 3
164 599 -4
163 491 9
45 764 -3
80 456 -20
331 712 -12
284 866 15
539 598 -5
459 489 -14
181 773 18
335 831 7
165 536 -4
599 877 -17
543 982 9
351 403 -16
641 730 -5
42 587 15
151 228 18
86 922 -20
3 70 1
225 708 6
41 627 -13
139 604 -18
505 847 -4
725 850 -2
168 667 16
348 634 -9
113 359 1
165 369 -16
49 603 -7
249 777 -5
798 956 -15
197 321 -9
454 508 -8
1 37 19
311 608 4
751 880 -17
268 875 12
165 899 -10
474 980 -18
26 475 1
252 787 1
328 517 -20
114 179 8
898 935 -18
636 898 -19
11 697 -8
34 192 -6
118 414 -19
665 812 -13
62 519 -16
331 823 5
493 742 6
280 369 -8
599 723 -10
390 729 -8
585 825 1
531 625 4
74 758 3
17 224 5
42 397 -2
176 397 11
136 998 16
53 326 -5
338 575 9
543 864 18
57 970 1
299 732 -14
2 854 3
279 345 3
461 910 4
770 991 -1
78 620 16
5 141 12
239 573 4
571 903 15
37 295 -6
517 932 15
310 453 16
124 857 13
225 760 5
740 860 11
766 998 -5
76 551 20
764 925 1
650 823 -9
428 710 19
400 648 19
2 867 9
277 577 12
151 172 9
701 990 -15
881 957 -8
124 749 -20
157 746 -15
242 741 4
458 594 -6
150 478 -5
682 747 -5
139 319 7
532 659 4
725 974 10
56 550 13
206 229 -6
591 894 3
208 684 13
848 901 10
190 815 -19
759 972 -1
146 974 -11
589 906 9
297 389 -20
84 919 -9
645 986 -12
539 676 -5
852 907 20
752 969 -2
51 247 11
189 297 6
428 579 3
352 849 11
371 948 -19
861 875 -10
386 582 -7
298 469 -4
355 860 7
684 770 -9
663 976 1
352 934 -13
400 602 -4
512 843 17
217 746 7
284 836 -14
236 350 20
456 682 4
344 477 -6
337 438 3
519 594 17
248 854 -13
219 302 -1
378 820 -3
486 682 -18
745 762 16
675 963 -16
82 943 3
207 449 -2
562 942 9
790 949 8
40 308 -11
407 510 4
400 471 14
198 336 -8
350 470 20
121 418 4
320 627 19
94 135 -13
169 723 -10
349 690 -15
76 266 1
109 300 -5
36 50 -19
936 981 -18
224 775 11
508 683 -10
389 848 3
483 626 15
135 437 6
129 134 20
730 768 -20
129 664 -3
323 529 9
182 490 7
148 268 -10
727 964 20
241 841 -18
95 378 -17
589 621 15
114 211 -3
121 781 -18
328 994 11
756 883 13
675 809 4
544 963 -15
68 625 3
281 769 -19
363 579 2
429 524 3
65 885 -16
500 813 -6
399 910 7
337 935 -5
16 471 -3
219 305 -20
2 536 11
256 452 -4
936 971 1
61 887 16
62 852 -10
179 205 -8
31 190 -11
201 638 -5
245 973 -6
244 599 9
464 868 -10
479 502 5
84 467 -18
670 936 -2
785 923 -14
173 804 -15
249 305 11
177 774 -4
62 973 4
337 912 4
402 748 -10
744 777 -8
494 831 12
588 795 -20
28 49 1
248 281 -9
278 718 4
15 753 5
330 765 8
33 923 6
459 622 -5
191 313 -18
216 635 -8
601 971 10
20 580 3
374 663 16
112 663 15
666 691 14
111 289 20
143 650 -13
197 212 -15
288 367 4
532 956 15
155 252 -18
273 616 -10
541 696 -8
91 725 5
380 599 -1
83 492 2
451 659 12
168 450 -8
661 877 2
23 706 18
4 464 -16
659 953 -13
811 821 -7
172 914 -5
147 512 11
166 382 -18
310 884 2
32 302 14
257 649 -14
736 992 8
86 358 -11
76 573 -7
289 308 2
171 847 -19
512 731 -14
324 531 7
285 868 11
309 408 1
65 456 16
474 475 10
4 297 20
141 860 -7
116 358 -10
513 848 2
512 852 -10
592 732 11
846 877 -7
51 377 19
738 786 2
340 776 20
225 795 -15
732 891 -5
445 569 -19
427 929 -18
435 604 9
219 900 13
553 925 8
99 426 -16
379 480 11
584 849 16
505 705 -8
667 883 7
239 585 -17
674 742 17
151 472 -17
406 582 -2
416 892 16
310 465 -19
3 85 -14
476 534 -5
205 565 18
351 539 -18
206 938 16
249 491 11
646 801 13
205 421 -16
671 894 -20
180 922 8
370 637 18
263 282 -8
173 617 -12
392 432 15
72 979 -3
771 837 8
190 971 10
666 900 6
65 302 15
429 844 -1
110 947 -10
25 202 -20
314 713 -6
582 793 1
214 775 7
408 497 -13
318 869 19
505 695 -12
36 216 19
633 880 -2
22 955 13
390 973 -7
337 967 -11
503 770 15
134 495 5
152 921 17
555 817 -4
104 881 -5
97 756 5
614 723 7
395 944 -13
239 925 2
876 988 16
71 969 19
113 557 11
83 943 4
174 981 -8
51 236 8
241 742 -8
301 793 19
49 163 20
809 934 -2
186 955 13
24 893 -18
849 890 -12
236 663 -4
144 171 14
31 114 -7
109 973 18
478 690 -13
439 619 18
598 755 -16
644 722 5
147 819 9
39 877 4
79 721 -1
459 942 -10
119 348 -2
235 968 15
150 601 13
463 832 -7
193 971 14
336 462 16
162 575 -18
800 862 9
86 207 2
7 817 7
105 306 -7
308 894 18
31 91 12
302 734 -19
50 141 -1
191 983 -6
285 681 12
64 533 14
691 811 15
41 815 19
203 319 -18
482 557 -14
432 965 2
101 945 -20
171 552 -13
877 943 -16
555 928 17
631 658 8
79 819 -18
534 725 -10
286 474 5
39 108 20
844 887 9
31 778 1
64 775 2
1 81 -12
175 908 7
376 898 15
77 485 2
30 898 3
151 550 12
760 780 -9
73 716 18
568 695 19
627 781 -14
326 524 -7
758 855 -2
238 331 3
94 546 8
327 897 -1
63 824 -20
313 590 15
209 389 -10
160 347 3
2 813 5
68 758 14
64 379 -16
277 523 -5
110 266 -1
108 193 -16
73 464 14
204 804 16
189 904 4
459 765 -18
508 541 -13
712 716 16
315 900 -12
349 633 19
489 793 -7
201 506 -11
68 241 12
508 662 -8
807 809 2
5 41 19
173 937 15
95 380 -3
42 225 18
476 566 -14
305 864 -17
573 907 1
120 144 -20
150 810 11
239 244 -17
432 559 -6
237 549 20
422 860 7
869 942 -10
274 467 7
636 703 1
87 232 -3
370 849 16
594 822 2
174 385 -3
559 721 18
81 831 -3
509 900 11
336 563 -12
115 186 15
135 164 10
779 989 -18
222 806 -7
56 365 -14
257 275 -10
655 959 20
446 965 -12
210 688 -11
385 540 -14
149 449 6
99 857 5
234 264 14
619 892 -5
705 932 -20
820 882 14
625 823 -5
210 544 -11
160 723 -5
236 453 19
44 777 11
98 897 -15
243 986 -5
136 780 6
8 860 -20
596 881 -7
823 929 -11
426 964 -3
118 582 16
613 790 -1
209 886 -11
938 995 7
71 98 12
477 520 -10
205 852 18
468 588 14
359 501 -4
665 836 4
491 949 3
171 450 10
743 792 1
102 350 -16
81 556 -8
30 999 7
52 758 19
159 741 -12
110 619 7
464 559 1
366 810 -10
373 440 -5
250 486 15
570 576 17
111 965 -1
715 814 12
453 585 16
25 224 -7
366 437 9
117 227 -2
289 333 15
17 405 -11
367 783 -11
98 887 -10
526 776 15
537 785 -7
423 534 -12
217 286 7
703 817 10
237 264 -15
441 817 -2
319 562 -8
135 890 -4
246 614 -13
700 933 16
497 870 -20
658 787 -5
439 520 9
524 707 9
454 908 7
79 851 -15
327 687 -9
264 667 -3
678 801 -16
154 652 5
4 564 -6
179 416 -4
55 758 15
697 936 -11
213 823 20
229 273 5
184 616 12
315 461 3
607 718 14
270 575 -4
597 790 12
770 861 -2
243 966 2
200 336 -7
197 590 -6
190 322 2
68 296 -9
675 745 1
174 463 -3
394 466 2
347 391 16
123 497 -6
570 808 -4
309 773 8
557 609 -7
797 856 12
291 755 14
48 997 13
436 993 -9
12 28 10
259 808 14
687 840 13
833 894 -17
18 187 11
968 975 -19
233 526 13
24 123 3
46 785 19
695 965 12
734 893 -1
232 646 -4
625 757 -17
963 981 -16
769 887 6
0 525 -20
782 969 10
252 889 14
114 281 -18
298 627 2
131 370 -16
651 751 -19
226 873 8
419 773 -13
183 911 -2
25 999 11
54 617 -14
370 508 -16
335 370 -14
194 547 -12
466 826 -14
222 874 -3
527 576 1
489 995 4
149 481 -5
455 853 20
363 590 17
453 663 7
110 409 19
119 903 -11
188 594 9
114 150 -17
438 885 13
385 464 13
684 797 16
284 418 20
181 734 -4
102 441 -18
352 961 -1
1 358 -3
316 370 -17
400 629 20
687 951 -10
203 838 -13
418 912 -2
343 769 -4
637 950 13
154 344 -1
310 591 -5
115 352 -12
562 812 16
211 734 -12
431 966 -10
28 878 -3
549 958 -8
341 700 -6
788 831 15
371 579 -3
763 923 -11
63 957 -8
666 761 14
355 985 -13
381 857 -16
355 576 -5
634 665 20
319 918 -8
402 507 8
77 896 -10
345 647 9
382 714 12
716 968 5
514 870 -11
11 658 -6
480 728 20
227 511 -19
340 568 -13
310 954 20
217 763 -8
256 983 -1
566 651 7
209 908 3
464 640 -18
349 802 11
73 80 6
610 959 12
323 749 18
634 907 -11
609 734 -16
555 763 1
254 506 -6
33 129 15
256 466 -9
388 622 -5
735 995 18
333 686 1
727 991 -10
345 660 -6
183 338 -3
635 993 7
42 70 4
273 411 -2
206 995 -1
456 761 19
830 859 13
85 705 15
600 891 -7
353 376 14
663 947 -9
715 728 2
354 606 17
423 965 4
489 916 -15
389 600 -1
28 557 -12
187 730 1
268 538 19
374 556 -14
186 505 -3
217 609 -7
22 662 -4
531 805 14
202 449 4
178 766 -1
527 654 -3
49 472 -3
64 106 -9
310 512 20
678 679 -12
702 893 12
279 561 -16
62 712 8
415 979 -10
454 907 3
93 290 -9
532 597 14
485 751 14
219 515 -18
691 999 16
184 265 5
60 787 1
984 992 9
319 718 -7
539 987 -5
315 604 -11
26 501 -11
647 934 10
835 905 4
69 728 18
424 776 5
60 908 -2
283 657 18
196 360 20
437 486 -17
181 380 -8
699 751 19
171 452 5
102 352 -3
436 606 20
569 870 1
734 974 15
407 579 2
289 852 17
748 994 -3
306 761 14
570 578 -13
308 578 -1
248 298 5
378 902 -16
11 471 -13
42 953 20
91 729 -19
188 253 9
879 924 9
522 952 -20
453 672 -12
304 958 -17
270 816 -10
87 731 19
248 648 -16
143 366 -14
749 850 11
40 390 -3
976 978 7
12 557 -12
201 344 11
126 313 13
78 502 -2
164 425 -6
917 928 -10
265 593 8
462 878 13
86 627 -6
74 244 6
23 687 -5
812 847 9
213 704 -4
398 749 -7
465 659 2
14 723 -14
130 297 -10
92 908 4
569 716 -10
129 301 5
24 773 -3
493 843 11
845 916 5
6 495 -14
245 777 11
188 243 -14
659 911 12
78 371 12
252 636 3
212 600 -18
324 512 8
458 741 4
295 714 18
61 547 15
328 811 -3
161 634 10
132 607 10
727 902 3
464 528 14
477 610 12
190 288 8
443 505 15
140 696 -13
575 624 13
288 302 1
237 894 16
148 965 19
345 427 14
416 487 -1
435 500 -19
302 614 6
759 975 -6
237 521 16
570 810 -19
824 955 -2
384 540 17
185 739 -4
134 136 1
760 827 16
527 588 3
240 266 -12
24 907 -5
619 707 2
347 779 -20
377 801 -20
107 123 -11
340 999 -11
302 627 -2
249 472 -2
71 960 -9
259 931 -19
446 757 -2
221 904 -16
333 587 -4
613 870 -16
50 793 -2
150 880 3
10 82 -9
796 991 6
174 599 -19
232 769 -10
263 793 -18
937 966 -11
127 603 7
556 637 4
500 705 3
525 878 8
322 964 17
229 736 4
10 432 -12
745 801 -18
262 504 -20
107 401 5
537 888 17
369 895 -6
4 245 5
49 396 8
562 801 -18
687 832 20
22 936 17
445 661 6
257 839 6
412 484 15
449 631 19
14 968 -8
612 923 2
420 573 -16
112 228 -5
104 453 -6
511 691 11
54 632 -1
345 924 -8
124 696 6
160 878 18
579 602 9
237 344 6
168 473 18
184 863 -19
123 587 -6
316 902 16
591 612 -9
396 602 20
206 621 15
157 994 -3
291 845 4
104 610 -8
226 456 -12
544 616 -19
435 938 -4
188 838 15
323 388 -16
235 275 -4
221 377 -17
431 824 10
859 893 1
223 795 19
70 324 -6
123 708 6
120 819 -10
169 595 6
701 950 -14
293 481 16
433 641 -4
27 102 1
17 174 -19
83 119 4
573 800 -8
431 716 14
38 498 -16
31 373 3
57 511 13
93 168 9
209 236 -17
308 358 2
360 548 4
234 409 12
18 110 3
355 964 7
659 701 14
174 952 20
157 454 10
19 749 -3
15 370 4
215 395 -14
332 980 -16
174 543 1
364 783 -17
176 998 -18
497 904 -4
308 888 -8
477 580 -11
607 775 -10
55 936 -15
304 774 -10
83 626 -15
415 461 6
861 956 -14
62 868 2
249 923 -3
529 748 19
809 882 -18
303 930 -19
418 917 10
339 587 -14
312 341 5
795 983 -19
354 752 -20
260 559 14
62 989 19
551 888 -17
12 314 -6
149 728 5
124 146 -18
360 502 -14
277 733 -7
897 972 20
415 703 6
554 898 4
240 442 -18
425 753 5
236 588 -19
468 831 -8
599 905 -10
316 702 10
370 444 -5
674 935 -12
184 519 15
80 870 6
108 789 16
307 998 10
262 618 -12
542 901 7
134 963 8
663 818 -11
442 670 -14
297 352 15
636 684 1
392 998 -8
214 317 -10
266 593 -1
679 762 10
138 444 -9
21 533 -5
328 833 20
461 539 -17
114 315 12
814 928 -13
399 749 -19
24 543 3
362 947 -11
169 552 -2
355 679 -17
763 882 8
520 975 -6
436 487 8
74 400 -2
439 907 -15
384 971 15
272 501 1
141 984 10
418 475 11
96 424 -9
682 893 -7
137 950 -12
438 798 -8
791 836 -17
211 261 -11
755 999 13
202 441 13
635 854 -6
467 861 6
345 606 5
192 513 -6
178 349 18
656 913 3
382 493 13
27 36 -4
72 187 -1
121 345 15
269 997 -1
588 634 7
34 197 17
179 286 18
152 332 -6
706 855 -9
717 864 -19
354 961 -3
373 974 -9
303 995 -6
453 674 1
420 497 -16
22 716 6
296 727 -6
370 676 16
344 358 8
768 951 -17
77 917 20
566 816 3
173 247 20
277 713 20
330 725 -13
38 553 -14
150 794 19
449 532 -3
280 760 -17
14 195 7
332 770 -18
40 104 17
518 668 -20
95 305 -6
42 150 12
308 449 -8
473 745 -1
278 835 -13
578 947 -12
606 637 -5
417 850 15
0 827 -7
134 269 -9
584 963 6
364 465 -14
109 361 11
226 766 -18
26 326 11
397 993 1
352 576 8
11 283 11
427 755 13
339 413 -10
56 61 1
55 245 1
60 589 -16
321 630 -19
426 683 -11
365 816 9
424 722 -3
97 98 8
623 702 1
252 795 6
22 827 -20
109 832 -12
14 823 12
170 433 5
7 326 18
422 425 -8
512 956 -10
290 763 17
381 652 -10
194 417 3
293 539 15
16 905 20
275 491 -2
254 288 -11
692 779 17
41 589 18
190 303 -13
265 971 -13
59 723 8
655 897 19
21 202 -4
239 424 18
311 678 -11
101 719 -16
469 477 -18
702 865 -11
537 877 12
378 475 17
502 919 13
48 340 -14
359 727 18
143 986 -19
35 895 -20
173 191 -7
550 852 20
379 970 -5
516 530 -17
223 951 20
587 590 -12
351 728 -9
485 579 13
264 494 18
315 805 -10
256 490 -10
744 802 6
181 725 -9
457 480 -12
440 656 -7
330 970 -9
790 954 15
13 854 -3
315 661 6
520 801 -7
632 862 15
360 403 13
160 903 16
417 565 1
143 325 -3
72 939 12
395 397 -7
78 690 -19
44 584 -2
15 32 12
140 292 11
97 330 10
290 465 -4
489 711 10
231 415 8
127 294 16
210 737 18
24 467 18
207 997 -2
55 454 3
301 632 -1
276 315 10
264 978 -14
780 980 -6
336 854 -8
565 677 15
468 601 20
332 969 8
83 939 -2
413 814 10
137 501 17
277 395 -16
427 977 20
332 596 -20
469 830 -3
604 646 3
783 877 12
837 997 -1
192 967 -2
696 994 15
468 578 17
11 482 -16
727 838 -20
700 884 18
418 906 18
280 298 15
370 829 -15
104 975 -16
469 542 2
513 765 18
427 725 9
57 863 4
455 644 -9
32 461 1
154 832 19
195 833 8
300 886 -13
146 828 10
248 430 6
140 488 -8
547 763 -5
534 564 18
893 991 -2
896 916 10
546 803 -20
491 867 -13
302 442 -11
489 534 4
512 926 8
325 691 2
393 417 -16
332 550 13
223 643 -18
268 565 10
374 403 -4
570 723 13
184 279 19
615 874 -14
245 703 -19
338 602 5
392 722 17
279 287 9
75 637 5
591 702 3
877 916 -15
769 825 -6
882 994 -16
61 64 1
631 860 6
537 667 -18
45 879 10
606 803 11
503 710 -19
3 244 -14
91 622 17
184 292 1
135 399 19
246 761 8
27 457 -9
755 867 1
522 665 17
744 857 -20
394 924 -7
239 721 -5
46 592 18
553 917 -10
525 706 -20
411 833 -5
23 50 -7
319 866 -15
913 936 15
222 524 18
41 369 16
29 660 -16
245 513 -14
185 233 10
63 244 15
535 877 -16
33 630 18
313 913 -1
408 427 -14
479 716 -5
638 889 -6
288 447 -17
123 788 19
623 845 4
50 166 -10
695 870 13
205 714 8
186 355 5
199 374 5
372 482 2
566 576 9
225 283 -8
363 662 -18
556 648 4
3 993 12
287 523 12
388 426 4
675 748 5
51 395 11
390 615 -15
81 683 -4
361 966 -10
543 714 -12
722 945 -17
11 704 8
381 386 4
621 633 -6
450 931 -4
378 497 -15
670 934 -16
455 866 -10
470 500 8
78 879 -2
78 650 -1
189 746 9
579 901 -20
892 983 -13
187 822 12
382 881 7
108 349 -10
275 526 -19
14 76 -2
40 214 -12
37 325 -3
219 859 12
424 770 11
819 891 -13
518 634 6
670 911 13
464 663 -1
248 773 1
244 394 11
100 157 6
400 498 14
223 865 -13
451 500 -12
152 841 11
81 372 -19
494 541 6
660 839 -16
585 845 10
224 308 -16
385 899 18
478 718 17
416 743 14
289 522 -11
68 145 12
327 405 8
9 361 20
172 647 -13
602 646 -16
544 784 19
402 700 -8
474 725 9
688 834 18
466 721 10
45 548 -16
327 526 14
350 775 -16
175 514 -9
409 452 12
589 648 -16
587 867 13
647 918 8
672 682 -15
831 855 -19
718 798 -7
300 810 -8
396 518 3
230 980 -11
691 960 7
236 645 -20
826 861 -2
645 849 3
38 257 -19
25 992 -14
103 386 1
404 988 12
97 571 1
579 760 -18
162 737 2
345 938 17
98 572 -10
6 80 6
156 513 20
620 913 8
807 968 -2
533 765 -2
476 905 8
362 883 -9
404 471 6
377 517 8
466 711 -5
342 910 -15
507 977 -8
305 879 12
225 770 18
208 272 -2
848 898 -8
120 159 18
484 850 10
47 583 -10
501 939 -14
506 868 -13
139 437 6
334 533 -14
340 427 -13
462 718 17
213 508 -8
546 946 5
864 963 -18
556 618 3
815 841 3
748 788 -2
479 663 -5
24 348 16
316 785 9
717 800 10
595 694 7
433 632 12
330 805 -16
357 493 6
335 883 1
634 887 -1
210 968 13
373 766 -20
611 903 15
55 685 -8
311 382 -7
86 938 9
62 352 -9
422 515 -8
695 902 -2
123 856 19
68 920 -17
514 598 -5
373 622 9
445 727 16
125 902 -15
562 674 -2
287 555 4
102 918 17
467 522 19
460 483 19
214 979 -14
629 700 -12
657 767 12
85 721 -12
513 610 -11
231 515 -5
26 900 18
206 867 1
147 552 -6
294 571 -9
896 905 17
405 933 19
287 303 -12
137 215 5
589 870 4
313 706 -18
272 525 -2
13 859 15
367 942 14
602 845 -2
191 945 -10
287 424 15
136 929 13
377 726 8
621 943 8
659 826 -14
524 781 20
457 462 -2
160 584 13
242 394 16
68 766 -5
424 550 1
630 884 17
704 833 -19
623 759 6
113 136 -13
101 799 -15
54 953 -1
299 375 -12
137 313 20
190 468 -18
1 452 -4
183 200 -7
709 804 10
262 609 5
244 295 -12
39 600 18
227 736 -18
507 790 18
614 773 -20
439 692 -20
357 473 11
777 916 -11
17 145 -5
182 212 -13
680 983 5
292 758 18
222 922 -1
190 481 -8
236 448 -8
34 728 -5
542 640 -8
40 393 -14
268 400 15
579 707 12
102 633 18
459 462 -1
19 864 7
215 510 -19
374 912 19
88 326 -16
779 997 18
524 627 -7
242 649 -10
54 678 -6
261 482 -2
432 629 -8
403 831 -11
504 505 4
603 627 19
461 543 10
773 815 -13
448 838 -12
480 907 -18
295 861 1
2 379 18
98 352 2
871 913 10
509 826 -2
156 293 -1
190 700 17
470 754 12
126 944 -6
16 26 -20
95 319 6
92 430 -15
534 775 11
552 643 -6
103 588 -6
466 985 -11
50 927 14
727 797 4
129 991 -9
75 871 -12
465 531 -20
100 555 4
33 465 -12
352 590 -18
174 998 4
68 193 -11
414 458 10
149 941 9
404 902 9
37 471 8
625 870 17
237 645 5
105 346 -10
89 481 3
318 490 -5
292 352 6
42 406 -4
437 590 -19
536 712 -8
127 364 5
208 438 4
266 708 -2
727 774 -18
672 838 -9
158 208 -5
68 543 18
258 295 10
645 969 -20
190 425 6
116 247 -7
322 581 -11
212 858 -16
414 929 -4
601 935 -14
262 831 18
45 308 -3
161 748 -10
5 909 14
306 986 -7
488 734 2
874 949 7
825 913 19
168 643 15
61 517 19
14 585 -2
175 539 -9
747 850 -18
92 132 -17
81 760 -14
750 855 15
309 624 -19
188 514 -8
42 805 -16
673 900 20
471 802 16
263 773 -18
205 274 16
269 667 10
350 512 -6
182 290 12
735 997 -20
386 843 11
90 472 19
384 690 -11
36 501 -3
736 812 -17
715 789 -20
9 75 20
71 953 -16
236 791 18
565 701 -12
244 615 -14
3 36 -3
92 639 20
553 997 -8
231 946 -13
201 811 7
375 847 7
363 464 -14
827 864 12
633 733 13
371 584 -10
166 938 -12
48 308 -15
261 452 -11
318 434 -14
576 729 14
169 225 18
10 955 -12
87 272 3
108 969 4
425 825 -16
173 195 -12
629 820 -5
689 871 -6
114 145 -5
438 880 8
27 900 -4
409 673 -4
309 506 -6
269 549 -16
315 894 1
86 842 -2
96 218 -1
387 690 13
47 176 -1
182 895 -17
127 730 -18
590 869 10
403 634 6
482 518 -20
398 784 -5
223 703 -11
405 680 -9
450 602 13
284 390 3
181 706 20
624 638 -1
40 438 8
309 483 -20
290 878 8
3 556 20
240 877 3
628 873 -14
103 908 -3
35 853 10
143 944 -19
373 503 -8
89 415 1
64 916 8
661 906 -3
192 284 18
270 383 14
644 673 3
147 541 -14
746 986 5
320 469 14
571 725 12
120 789 5
543 892 14
261 648 18
30 486 3
51 429 15
170 237 -3
158 937 -8
232 886 -10
39 491 17
230 962 -7
232 477 -18
216 798 15
16 444 2
300 877 -1
297 463 -19
404 705 -9
171 503 20
1 729 16
722 871 11
404 970 5
490 893 -20
373 457 18
374 947 -11
608 885 18
48 517 17
147 410 -1
847 987 -17
341 361 -16
867 965 12
76 615 5
195 981 -13
659 707 -12
381 842 14
173 813 11
481 929 15
57 867 9
18 381 7
89 670 -7
584 878 14
304 744 -2
208 398 -17
655 858 9
45 520 18
161 286 13
127 144 4
193 238 -17
706 760 11
225 307 -20
176 945 -20
342 748 15
615 757 5
650 864 14
171 866 15
183 840 1
21 549 5
510 826 16
260 794 -16
239 362 7
7 879 -18
204 490 2
14 509 16
444 471 -8
106 363 -2
269 326 6
60 481 6
473 650 -19
628 673 9
345 501 5
284 491 2
443 893 -16
169 653 -14
85 690 -19
75 88 9
487 670 -18
99 445 8
200 497 -14
891 939 6
206 836 -6
119 279 -9
539 573 6
318 525 -10
225 297 6
296 586 -15
53 599 -9
80 961 -5
551 812 9
186 225 -7
288 847 20
25 882 2
94 487 17
293 696 -1
474 857 4
702 901 -6
514 701 -19
539 874 -9
655 789 -15
387 480 -7
640 660 7
144 344 -18
582 655 2
821 937 17
695 861 -1
505 966 -18
32 288 -7
89 264 18
375 627 20
206 669 -6
666 690 16
40 902 -12
470 864 16
536 809 4
515 786 -6
562 718 20
473 869 -4
319 811 -8
539 851 2
281 290 10
540 550 5
227 993 17
624 958 1
776 943 5
836 957 11
643 828 19
86 645 13
496 629 -9
576 738 1
789 882 11
133 168 -15
108 749 -8
292 341 -4
132 468 -19
88 956 12
590 937 20
266 288 -15
145 178 -11
629 865 -4
917 923 17
380 575 -18
531 744 -17
278 298 8
323 449 -2
836 934 11
808 872 13
243 685 18
498 795 5
503 910 -9
703 935 -15
75 320 -2
641 731 18
471 814 -2
356 747 20
717 991 14
230 644 14
556 894 -5
115 248 -1
61 277 3
74 216 -15
52 722 14
199 741 -2
132 422 10
450 997 -6
263 762 -16
472 527 -14
18 845 10
447 699 10
238 854 -15
178 574 7
885 961 8
245 484 -9
371 560 6
277 287 -8
77 936 2
554 681 -4
330 973 -5
239 934 10
116 226 5
136 204 -18
49 810 -9
191 485 -19
666 778 3
444 814 -11
468 650 -3
152 822 -11
158 573 1
357 782 7
570 926 15
885 938 -12
106 562 10
210 619 -7
211 584 -16
136 819 -20
120 582 15
982 992 -13
306 592 16
237 758 7
220 260 18
344 704 -1
325 462 -1
449 757 16
132 821 11
660 977 -11
581 833 -6
753 759 10
172 893 16
414 512 -20
218 600 5
