100 4950 0
13 88 9
16 93 3
29 32 -9
6 48 17
9 90 4
50 91 2
41 42 3
25 34 -1
44 47 12
2 50 -8
4 96 17
36 48 -9
96 99 17
55 61 -15
29 45 2
48 58 16
6 61 3
25 47 3
43 64 -14
1 67 -14
17 48 9
36 61 7
31 67 -13
3 5 2
24 64 1
43 77 -7
1 80 -20
17 61 -3
58 62 8
61 67 -6
10 21 -7
54 64 9
73 77 -16
12 67 -2
31 80 -19
3 18 7
5 27 11
65 78 -5
68 83 2
26 86 18
58 75 -13
42 67 -11
61 80 -7
80 93 -7
0 70 10
19 83 12
12 80 -16
53 81 -13
72 94 -19
56 86 -6
9 11 -3
5 40 9
46 78 13
65 91 13
49 83 15
68 96 15
7 86 -18
26 99 -12
42 80 -1
0 83 15
19 96 7
60 97 -5
13 22 6
32 35 -6
16 27 -18
35 40 -12
34 81 -6
53 94 15
37 86 -17
56 99 -6
9 24 -12
28 37 11
27 41 13
30 46 14
90 97 20
7 99 19
20 38 15
39 51 -1
4 30 -9
23 43 20
83 94 -10
41 97 7
25 89 14
13 35 6
16 40 8
34 94 -15
37 99 7
8 41 -3
27 54 -19
11 46 -11
71 97 -13
30 59 20
20 51 -13
4 43 17
23 56 -19
22 60 -18
38 41 -14
15 57 15
18 62 -17
50 51 16
8 54 16
11 59 -13
52 60 -18
1 14 2
45 57 18
64 70 -19
3 60 -3
22 73 -6
38 54 -3
15 70 -20
18 75 -18
33 60 8
52 73 10
10 76 11
45 70 5
3 73 2
47 79 -14
0 4 -4
21 63 5
40 76 10
12 14 10
33 73 18
10 89 -4
51 90 7
7 20 -16
26 33 -8
67 71 7
70 76 4
28 79 8
47 92 6
0 17 14
19 30 20
5 95 -17
63 73 -20
21 76 1
40 89 12
81 90 3
39 93 13
14 36 -12
74 87 19
13 77 19
32 90 18
16 82 9
35 95 -8
7 33 14
67 84 -20
26 46 -1
70 89 5
9 79 6
28 92 15
69 93 10
2 39 -5
62 90 8
20 93 -1
23 98 -9
14 49 19
13 90 -5
16 95 -8
29 34 17
6 50 5
9 92 15
50 93 -16
41 44 -19
8 96 -13
25 36 11
44 49 -7
2 52 12
4 98 -12
36 50 -6
55 63 7
38 96 20
29 47 -20
6 63 19
24 53 16
43 66 -10
1 69 -9
17 50 14
36 63 17
31 69 13
3 7 3
24 66 -17
43 79 19
1 82 -19
58 64 5
61 69 -19
80 82 -19
19 72 15
10 23 14
54 66 20
12 69 12
31 82 13
72 83 9
5 29 -17
46 67 -19
65 80 -10
49 72 9
68 85 -10
26 88 5
58 77 14
42 69 14
61 82 -12
0 72 6
19 85 4
12 82 15
53 83 -5
72 96 11
56 88 -11
9 13 1
14 91 -4
46 80 -13
5 42 13
65 93 -7
49 85 -4
68 98 -10
21 23 -8
7 88 -10
20 27 -10
39 40 2
23 32 7
0 85 15
41 86 15
60 99 -12
13 24 -14
44 91 -20
32 37 3
16 29 7
35 42 -14
34 83 -11
53 96 -15
37 88 -12
9 26 -15
27 43 8
30 48 -19
71 86 7
90 99 10
20 40 13
39 53 20
4 32 7
23 45 -17
83 96 19
41 99 9
25 91 -16
13 37 2
16 42 4
15 46 9
34 96 -19
18 51 -13
8 43 -3
27 56 -8
11 48 19
30 61 20
71 99 4
1 3 11
4 45 -20
45 46 -7
22 62 -7
38 43 -11
15 59 -9
18 64 -13
8 56 -8
11 61 -1
52 62 15
10 65 -18
1 16 -9
45 59 8
64 72 19
3 62 10
22 75 16
38 56 19
40 65 9
33 62 -12
52 75 12
10 78 5
3 75 3
47 81 -19
0 6 17
21 65 19
40 78 8
12 16 -12
33 75 20
74 76 15
32 79 6
51 92 5
35 84 12
7 22 -3
67 73 16
26 35 17
70 78 -20
89 91 -2
9 68 3
28 81 16
47 94 4
0 19 -3
5 97 19
63 75 -1
21 78 -11
62 79 -13
81 92 -17
39 95 -16
14 38 4
74 89 1
13 79 1
32 92 8
16 84 -13
35 97 14
7 35 -1
9 81 17
28 94 3
69 95 13
2 41 -5
62 92 -4
20 95 15
4 87 3
14 51 20
13 92 -2
16 97 -5
57 98 -3
29 36 -8
48 49 2
6 52 7
50 95 19
8 98 -8
25 38 19
44 51 -10
2 54 -9
43 55 11
84 93 15
87 98 -4
17 39 16
36 52 -15
55 65 -3
38 98 18
29 49 -7
6 65 8
24 55 -7
43 68 1
1 71 -6
17 52 -14
36 65 2
10 12 17
54 55 -16
12 58 -1
31 71 18
3 9 20
24 68 -15
65 69 8
68 74 -17
1 84 15
58 66 2
77 79 5
42 58 13
61 71 10
80 84 15
19 74 -8
10 25 15
54 68 -7
12 71 -1
31 84 -11
72 85 -8
46 69 2
5 31 15
65 82 -1
49 74 4
68 87 17
7 77 -11
26 90 -9
58 79 13
42 71 -11
61 84 -10
0 74 -14
19 87 -18
60 88 -20
16 18 19
34 72 9
53 85 5
72 98 -17
37 77 -5
56 90 -7
9 15 -3
14 93 2
46 82 15
5 44 -15
49 87 -2
7 90 3
20 29 20
39 42 4
23 34 -19
83 85 -1
0 87 11
41 88 8
13 26 11
44 93 13
32 39 14
16 31 18
35 44 7
2 96 -19
34 85 -15
53 98 -13
37 90 -6
9 28 10
8 32 -7
27 45 17
11 37 17
71 88 -17
30 50 -1
29 91 -5
20 42 6
4 34 -18
23 47 -17
83 98 -14
25 93 -2
15 48 -20
18 53 13
59 91 10
8 45 13
27 58 -15
11 50 -3
30 63 11
1 5 3
4 47 14
45 48 -10
3 51 -12
22 64 -13
38 45 -8
57 58 13
15 61 -18
18 66 -12
33 51 -20
52 64 7
10 67 11
1 18 15
45 61 12
3 64 6
22 77 -2
40 67 14
33 64 2
52 77 6
10 80 -12
28 70 -18
47 83 -15
0 8 -10
19 21 -1
5 86 1
63 64 -2
21 67 17
40 80 9
14 27 8
74 78 7
32 81 -9
51 94 1
35 86 10
7 24 -18
26 37 -7
67 75 2
70 80 19
9 70 -20
28 83 6
47 96 6
0 21 12
5 99 18
21 80 20
62 81 -4
81 94 -3
20 84 -1
39 97 8
14 40 -1
74 91 -20
13 81 -11
32 94 12
16 86 14
35 99 12
7 37 -12
6 41 -10
9 83 12
50 84 1
69 97 -9
25 27 4
2 43 -16
62 94 -1
20 97 -5
4 89 15
36 41 -10
13 94 4
16 99 -4
29 38 17
48 51 -2
6 54 16
92 94 -16
50 97 16
25 40 -1
2 56 -4
84 95 1
43 57 8
1 60 -2
17 41 12
36 54 -16
55 67 1
29 51 -16
31 60 16
24 57 -7
43 70 5
1 73 -3
17 54 15
10 14 -1
54 57 -15
12 60 -3
31 73 4
3 11 -14
5 20 -17
24 70 7
65 71 17
68 76 13
26 79 5
58 68 -11
77 81 -9
42 60 -9
61 73 14
80 86 11
0 63 2
19 76 -7
54 70 20
12 73 7
53 74 -11
72 87 1
56 79 -10
46 71 -15
5 33 -10
65 84 -6
49 76 -1
68 89 -5
7 79 -12
26 92 9
42 73 1
0 76 -7
19 89 -15
60 90 9
13 15 4
16 20 4
34 74 20
53 87 15
37 79 18
56 92 -7
9 17 -5
28 30 -20
14 95 2
27 34 -19
46 84 -12
30 39 16
49 89 -20
7 92 -19
48 93 -16
20 31 -13
39 44 -13
4 23 -18
23 36 20
83 87 12
41 90 -18
13 28 -13
25 82 -10
44 95 20
16 33 1
2 98 12
34 87 17
37 92 14
78 93 -14
8 34 9
27 47 2
11 39 9
71 90 4
30 52 -19
29 93 13
20 44 9
4 36 2
23 49 5
25 95 -11
15 50 4
18 55 -13
59 93 5
17 96 19
8 47 13
11 52 -9
52 53 -9
1 7 13
45 50 -13
3 53 -12
22 66 -20
38 47 7
15 63 7
18 68 -7
33 53 13
52 66 -20
10 69 -10
1 20 -5
45 63 2
3 66 1
21 56 -10
40 69 1
33 66 -19
10 82 7
51 83 3
7 13 19
28 72 10
47 85 -16
0 10 11
19 23 6
5 88 -20
63 66 -6
21 69 17
40 82 1
81 83 -8
14 29 7
74 80 -4
13 70 20
32 83 -11
51 96 2
35 88 3
7 26 16
26 39 13
67 77 2
70 82 19
9 72 -3
28 85 -12
0 23 -13
2 32 10
62 83 14
81 96 -13
20 86 5
39 99 6
23 91 7
14 42 6
13 83 11
32 96 15
16 88 14
6 43 -8
9 85 -7
50 86 -6
69 99 -3
25 29 -15
2 45 -6
62 96 -3
20 99 4
4 91 10
36 43 -2
55 56 -3
38 89 -5
29 40 -19
48 53 -19
92 96 -19
6 56 9
50 99 -12
25 42 14
24 46 20
43 59 3
84 97 -19
1 62 -18
17 43 -12
36 56 -13
31 62 18
24 59 4
43 72 -1
1 75 14
17 56 10
61 62 15
19 65 11
10 16 -11
54 59 20
12 62 16
31 75 -14
72 76 -19
5 22 12
46 60 14
65 73 18
49 65 -3
68 78 19
26 81 9
58 70 -3
42 62 12
61 75 7
0 65 18
19 78 9
12 75 5
53 76 -17
72 89 10
56 81 2
14 84 1
46 73 -5
5 35 -3
65 86 6
49 78 -20
68 91 14
7 81 -3
26 94 -10
23 25 -11
42 75 -8
0 78 -19
41 79 -5
60 92 20
13 17 11
44 84 -6
16 22 16
34 76 -4
53 89 11
37 81 19
56 94 1
9 19 -19
14 97 -16
27 36 19
71 79 -6
30 41 18
90 92 -8
7 94 -7
48 95 -8
20 33 -2
39 46 -18
6 98 9
4 25 -20
23 38 8
83 89 4
41 92 17
13 30 20
25 84 7
44 97 16
16 35 -15
34 89 -17
37 94 7
78 95 -15
36 98 -3
8 36 -4
27 49 -18
11 41 -6
30 54 -4
71 92 18
29 95 -6
4 38 11
22 55 16
25 97 -9
66 98 19
15 52 -18
18 57 -19
59 95 -2
17 98 2
8 49 16
11 54 16
52 55 -20
1 9 -3
45 52 5
64 65 17
3 55 -2
22 68 5
38 49 -8
33 55 11
52 68 -10
10 71 -13
3 68 14
47 74 -6
21 58 -12
40 71 -19
33 68 7
10 84 10
51 85 -19
7 15 20
26 28 -18
70 71 13
28 74 11
47 87 -16
0 12 -16
19 25 10
5 90 1
63 68 17
21 71 -2
62 72 -2
81 85 -11
39 88 4
14 31 -6
74 82 18
13 72 14
32 85 3
51 98 -19
16 77 7
35 90 -8
7 28 2
9 74 1
28 87 3
69 88 16
2 34 -17
62 85 3
81 98 13
20 88 18
23 93 8
14 44 -13
13 85 6
16 90 6
6 45 19
50 88 -11
8 91 12
25 31 -13
11 96 -4
2 47 -13
43 48 -20
84 86 20
4 93 -1
17 32 3
36 45 -11
55 58 15
38 91 -2
29 42 -8
6 58 -20
24 48 -16
84 99 -8
43 61 -8
1 64 -12
17 45 -15
36 58 -10
12 51 -19
31 64 11
24 61 1
1 77 -15
58 59 17
42 51 13
61 64 16
19 67 -15
10 18 3
54 61 11
12 64 -9
31 77 -18
72 78 -17
46 62 16
5 24 -6
65 75 -13
49 67 15
68 80 13
7 70 -8
26 83 -2
58 72 -12
42 64 -2
61 77 6
0 67 -6
19 80 2
60 81 -2
34 65 -19
53 78 4
72 91 -5
37 70 -14
56 83 -5
14 86 -16
5 37 15
46 75 -4
49 80 -19
7 83 15
26 96 -1
20 22 -5
23 27 -3
0 80 13
41 81 14
60 94 16
13 19 11
44 86 -10
16 24 4
2 89 11
35 37 10
34 78 15
53 91 -2
37 83 -16
56 96 20
9 21 -4
14 99 -5
8 25 -13
27 38 -5
71 81 4
30 43 -17
90 94 -12
29 84 -3
48 97 -4
20 35 -9
4 27 -17
23 40 11
83 91 2
41 94 4
25 86 1
44 99 17
15 41 -18
18 46 -3
59 84 -3
78 97 -19
8 38 -8
27 51 -7
11 43 4
30 56 3
71 94 20
29 97 9
4 40 1
22 57 13
25 99 -15
15 54 -7
18 59 -9
59 97 13
52 57 2
10 60 -12
1 11 9
45 54 17
3 57 17
22 70 9
40 60 -10
33 57 1
52 70 -14
10 73 -12
47 76 -10
0 1 17
5 79 5
21 60 -12
40 73 -11
14 20 -12
32 74 17
51 87 11
35 79 20
7 17 1
26 30 9
67 68 -10
70 73 -17
9 63 -15
28 76 18
47 89 10
0 14 17
5 92 -9
21 73 6
62 74 1
81 87 -5
39 90 6
14 33 -7
74 84 -12
13 74 -2
32 87 -4
16 79 13
35 92 16
7 30 3
6 34 -1
9 76 19
28 89 -12
69 90 -3
27 93 -6
30 98 -5
2 36 6
62 87 -2
20 90 -9
4 82 2
23 95 -16
13 87 -1
16 92 15
57 93 -2
29 31 -4
6 47 15
50 90 9
8 93 -3
25 33 -7
11 98 19
2 49 10
84 88 -15
43 50 15
87 93 -4
1 53 10
4 95 -8
17 34 17
36 47 -9
96 98 -18
55 60 5
38 93 2
29 44 19
31 53 19
24 50 12
43 63 -20
1 66 14
17 47 9
12 53 -18
31 66 14
3 4 3
24 63 -8
68 69 14
26 72 -12
58 61 17
42 53 -9
61 66 -5
0 56 4
19 69 -11
54 63 3
12 66 15
53 67 19
72 80 -2
56 72 18
46 64 -17
5 26 -14
65 77 -15
49 69 -13
68 82 19
7 72 12
26 85 14
42 66 -2
0 69 -1
19 82 -9
60 83 -15
34 67 -20
53 80 -5
72 93 -1
37 72 4
56 85 -16
9 10 2
14 88 18
5 39 8
46 77 -11
49 82 -15
7 85 -20
48 86 -13
20 24 5
23 29 -15
41 83 13
60 96 -14
13 21 -7
25 75 20
44 88 5
16 26 15
2 91 -17
34 80 17
37 85 -14
78 86 -20
97 99 3
8 27 7
27 40 -15
11 32 9
30 45 -10
71 83 15
90 96 -19
29 86 5
48 99 20
20 37 8
4 29 3
23 42 -14
41 96 8
25 88 -18
15 43 15
18 48 4
59 86 -3
78 99 13
17 89 10
8 40 11
27 53 19
11 45 -20
30 58 13
71 96 -1
29 99 20
3 46 -1
22 59 -7
38 40 9
15 56 -8
18 61 20
59 99 -5
33 46 -8
52 59 -19
10 62 13
1 13 10
45 56 -11
3 59 -13
22 72 11
40 62 -20
33 59 -2
52 72 13
10 75 8
51 76 2
28 65 20
47 78 -4
0 3 -2
5 81 -5
21 62 -19
40 75 -16
14 22 8
32 76 12
51 89 13
35 81 11
7 19 -4
67 70 6
26 32 -12
70 75 14
9 65 2
28 78 8
47 91 -4
0 16 -8
5 94 5
2 25 -10
21 75 -9
62 76 5
81 89 6
20 79 8
39 92 13
23 84 1
14 35 -13
13 76 -3
32 89 16
16 81 18
35 94 -15
76 95 6
6 36 -8
9 78 16
50 79 -2
69 92 9
27 95 -8
2 38 -18
62 89 -3
20 92 13
4 84 -15
23 97 -18
13 89 -10
16 94 20
57 95 8
29 33 9
15 98 18
6 49 11
50 92 -7
8 95 4
25 35 8
24 39 -16
43 52 -6
84 90 19
1 55 -10
87 95 4
4 97 9
45 98 -14
17 36 19
36 49 -19
38 95 3
31 55 -1
75 98 -6
24 52 15
43 65 19
1 68 -13
17 49 -7
19 58 -9
12 55 1
31 68 5
46 53 3
5 15 16
65 66 -7
49 58 3
68 71 8
26 74 5
58 63 8
42 55 12
61 68 -9
0 58 6
19 71 17
12 68 1
53 69 -13
72 82 4
56 74 -2
5 28 -13
46 66 -16
65 79 19
49 71 13
68 84 2
7 74 4
26 87 -15
42 68 -20
0 71 3
41 72 -4
60 85 13
44 77 -7
34 69 -19
53 82 4
37 74 20
56 87 2
9 12 -16
14 90 -12
27 29 1
71 72 8
30 34 2
7 87 -16
48 88 17
20 26 -11
4 18 -10
23 31 12
41 85 -16
60 98 -4
25 77 16
13 23 -20
44 90 18
16 28 -9
2 93 -13
34 82 18
37 87 2
78 88 16
36 91 12
8 29 1
27 42 -3
11 34 19
30 47 14
71 85 -16
90 98 -8
29 88 16
4 31 -5
23 44 11
22 48 -11
25 90 18
66 91 16
15 45 -15
18 50 1
59 88 -19
17 91 -6
8 42 -1
11 47 3
1 2 5
3 48 15
22 61 -19
38 42 -19
15 58 -3
18 63 -1
33 48 -12
52 61 16
10 64 -9
45 58 -20
3 61 3
47 67 -14
21 51 15
40 64 -11
33 61 17
10 77 -18
51 78 12
7 8 6
28 67 18
47 80 -7
0 5 11
5 83 -17
21 64 -18
40 77 -7
39 81 -7
14 24 -3
74 75 4
13 65 20
32 78 -5
51 91 14
16 70 -4
35 83 -12
7 21 1
70 77 -16
9 67 3
28 80 13
69 81 7
5 96 13
2 27 11
62 78 16
81 91 -5
20 81 19
39 94 19
23 86 18
14 37 20
13 78 2
32 91 10
16 83 -15
35 96 3
76 97 -11
6 38 -18
9 80 9
50 81 4
69 94 -11
8 84 -14
27 97 -2
11 89 -5
2 40 7
62 91 -8
20 94 19
4 86 18
23 99 20
17 25 -2
36 38 16
38 84 -19
57 97 3
29 35 -11
6 51 -9
50 94 -7
91 95 14
8 97 -12
24 41 2
43 54 5
84 92 -1
87 97 6
1 57 12
4 99 6
17 38 -14
36 51 6
38 97 -12
12 44 14
31 57 20
24 54 -6
1 70 -8
42 44 18
19 60 -20
10 11 -18
12 57 -6
31 70 3
46 55 -19
5 17 20
65 68 11
49 60 -1
68 73 -20
7 63 20
26 76 18
58 65 1
42 57 12
61 70 16
0 60 17
19 73 -10
60 74 16
34 58 3
53 71 15
72 84 19
37 63 18
56 76 3
14 79 1
46 68 -5
5 30 9
49 73 -10
7 76 14
26 89 -18
0 73 -16
41 74 3
60 87 13
44 79 -19
16 17 -16
34 71 -17
53 84 3
37 76 5
56 89 17
9 14 -3
14 92 -11
27 31 -15
71 74 -2
30 36 -13
29 77 11
48 90 7
20 28 4
6 93 -5
39 41 -11
4 20 17
23 33 -8
83 84 -5
41 87 -4
25 79 20
44 92 -1
85 93 6
16 30 -6
2 95 -11
15 34 4
18 39 -2
59 77 -9
78 90 -14
36 93 12
8 31 7
27 44 -12
11 36 17
30 49 14
71 87 5
29 90 10
4 33 -7
22 50 -3
25 92 -7
66 93 6
15 47 18
18 52 9
59 90 -14
17 93 3
8 44 -7
11 49 -16
10 53 -6
54 96 15
1 4 10
45 47 6
3 50 -15
22 63 -8
40 53 11
33 50 -5
52 63 19
10 66 15
3 63 -14
47 69 -3
5 72 -14
21 53 19
40 66 -11
33 63 -1
32 67 -12
51 80 13
35 72 3
7 10 2
9 56 11
28 69 -18
47 82 5
0 7 -18
5 85 -7
21 66 -16
62 67 -10
39 83 -19
14 26 19
74 77 6
13 67 14
32 80 -13
51 93 5
16 72 -2
35 85 8
7 23 20
6 27 -1
9 69 8
28 82 -20
69 83 -13
27 86 -7
30 91 6
2 29 3
62 80 2
81 93 14
20 83 -1
39 96 5
4 75 -6
23 88 -10
13 80 3
16 85 -3
57 86 17
76 99 13
6 40 -10
50 83 13
69 96 -15
8 86 -6
27 99 11
25 26 -19
11 91 12
2 42 2
20 96 -16
4 88 -20
17 27 3
36 40 17
38 86 -4
57 99 20
29 37 -1
31 46 -12
50 96 -17
91 97 20
8 99 2
24 43 -5
84 94 -17
43 56 4
87 99 -18
1 59 5
17 40 -2
38 99 -18
12 46 -17
31 59 15
24 56 -2
42 46 -12
0 49 -3
19 62 2
10 13 -2
54 56 3
12 59 15
53 60 -17
72 73 -12
46 57 5
5 19 5
65 70 3
49 62 14
68 75 2
7 65 -15
26 78 6
42 59 -16
0 62 -1
19 75 4
60 76 -2
34 60 -16
53 73 -11
72 86 -17
37 65 14
56 78 2
14 81 4
46 70 17
5 32 13
49 75 -2
7 78 -10
26 91 -6
41 76 6
60 89 18
13 14 -14
25 68 17
44 81 -9
16 19 -20
2 84 -2
34 73 2
37 78 9
78 79 3
9 16 -5
14 94 15
55 95 -18
8 20 -8
27 33 -13
11 25 -1
71 76 -20
30 38 -16
29 79 8
48 92 -9
20 30 -3
6 95 17
4 22 -5
23 35 4
41 89 8
25 81 4
44 94 8
85 95 -11
2 97 16
15 36 14
59 79 11
18 41 -19
78 92 20
36 95 -6
8 33 6
27 46 9
11 38 10
30 51 -3
71 89 -20
29 92 -4
4 35 -7
3 39 17
22 52 -1
66 95 20
24 98 -18
15 49 -1
18 54 -17
59 92 -14
17 95 -16
33 39 4
10 55 19
1 6 -12
54 98 -4
45 49 -4
3 52 -9
22 65 19
40 55 -8
33 52 13
52 65 -17
10 68 19
51 69 11
28 58 -15
47 71 3
5 74 7
21 55 5
40 68 -20
14 15 10
32 69 -13
51 82 18
35 74 8
7 12 -4
9 58 17
28 71 20
47 84 7
0 9 -11
5 87 8
21 68 6
62 69 4
81 82 12
20 72 12
39 85 -12
23 77 -8
14 28 18
74 79 19
13 69 7
32 82 9
16 74 19
35 87 -7
76 88 -17
6 29 20
9 71 16
50 72 12
69 85 2
27 88 -10
30 93 -19
2 31 17
62 82 12
20 85 -17
39 98 -12
4 77 -5
23 90 -9
13 82 18
16 87 -7
57 88 8
15 91 6
6 42 13
18 96 -18
50 85 14
69 98 16
8 88 11
25 28 -12
11 93 -9
24 32 -16
43 45 -11
1 48 -8
87 88 -10
4 90 -1
45 91 7
17 29 2
36 42 10
38 88 7
31 48 20
91 99 -12
75 91 -20
24 45 14
84 96 10
43 58 19
1 61 -9
17 42 -20
12 48 -18
31 61 15
5 8 16
49 51 -2
26 67 -4
42 48 9
0 51 14
19 64 -5
12 61 -6
53 62 -8
72 75 1
56 67 -16
5 21 12
46 59 2
65 72 4
49 64 -14
68 77 12
7 67 17
26 80 6
42 61 4
0 64 14
60 78 13
34 62 7
53 75 1
37 67 13
56 80 7
14 83 14
7 80 15
48 81 -14
4 11 -9
23 24 12
41 78 2
60 91 8
13 16 -17
25 70 7
44 83 1
16 21 -8
2 86 13
34 75 -9
37 80 -1
78 81 -7
14 96 14
55 97 -6
8 22 3
27 35 8
11 27 6
30 40 -11
71 78 -2
90 91 10
29 81 7
48 94 -10
20 32 -9
6 97 17
4 24 6
23 37 13
22 41 -16
25 83 -13
44 96 16
85 97 6
2 99 -13
15 38 -14
18 43 20
59 81 -1
78 94 -15
17 84 4
36 97 9
8 35 -16
11 40 -20
29 94 19
3 41 12
22 54 4
66 97 -15
15 51 13
59 94 7
18 56 -4
17 97 -1
33 41 -15
52 54 3
10 57 -16
45 51 -1
3 54 3
47 60 3
21 44 2
40 57 20
33 54 -6
10 70 -5
51 71 -18
28 60 12
47 73 14
5 76 3
21 57 -2
40 70 -2
39 74 5
14 17 16
13 58 6
32 71 7
51 84 -20
16 63 -9
35 76 -4
7 14 -17
9 60 -10
28 73 -5
69 74 -10
5 89 -1
2 20 -4
62 71 -14
81 84 -17
20 74 -18
39 87 -8
23 79 -7
14 30 5
13 71 -10
32 84 12
16 76 18
35 89 -19
76 90 -1
6 31 -4
9 73 -8
50 74 15
69 87 19
8 77 -7
27 90 7
11 82 20
30 95 -11
2 33 3
62 84 -4
20 87 7
4 79 -5
23 92 10
64 93 -10
17 18 10
38 77 7
57 90 -18
15 93 -17
6 44 -11
18 98 11
50 87 -15
8 90 15
11 95 12
24 34 -13
43 47 -20
84 85 -2
1 50 -13
87 90 -17
4 92 -13
45 93 -15
17 31 -17
36 44 -13
3 96 12
38 90 5
31 50 -3
75 93 -14
33 96 20
24 47 -6
84 98 7
1 63 11
19 53 -8
63 96 11
12 50 3
31 63 17
5 10 -19
46 48 1
49 53 -9
26 69 3
42 50 4
61 63 -1
0 53 -19
19 66 -17
53 64 13
72 77 -13
56 69 -20
14 72 5
5 23 12
46 61 18
49 66 -16
68 79 12
7 69 -19
26 82 -16
0 66 -11
41 67 18
60 80 16
44 72 -15
34 64 -7
53 77 14
37 69 -7
56 82 2
14 85 12
7 82 -16
48 83 -10
20 21 -15
6 86 -13
4 13 7
23 26 17
41 80 -8
60 93 -18
13 18 3
25 72 16
44 85 -18
16 23 2
2 88 -18
15 27 11
18 32 14
78 83 -7
36 86 -2
55 99 -13
8 24 19
27 37 1
11 29 -17
71 80 -4
30 42 2
29 83 3
48 96 9
6 99 -7
4 26 11
22 43 12
25 85 -7
66 86 19
85 99 18
15 40 -14
18 45 4
59 83 -19
78 96 20
17 86 -14
36 99 2
8 37 -9
11 42 9
10 46 -20
29 96 -17
3 43 -13
22 56 -20
66 99 1
40 46 -10
17 99 3
33 43 16
52 56 15
10 59 7
3 56 -12
47 62 -18
5 65 -14
21 46 17
40 59 -13
33 56 -12
32 60 -2
51 73 20
35 65 -15
9 49 -15
28 62 -20
47 75 -9
5 78 -14
21 59 16
39 76 20
14 19 -9
13 60 3
32 73 -1
51 86 -18
16 65 -3
35 78 1
7 16 5
9 62 -10
28 75 2
69 76 -8
27 79 4
30 84 -9
2 22 -14
62 73 -9
81 86 -8
20 76 15
39 89 -10
4 68 13
23 81 -2
14 32 13
13 73 -12
16 78 10
57 79 -7
76 92 -1
6 33 -13
50 76 -10
69 89 16
8 79 12
27 92 5
11 84 20
30 97 -17
2 35 3
20 89 -19
4 81 -13
23 94 -14
64 95 7
17 20 20
38 79 17
57 92 5
29 30 -15
15 95 11
6 46 5
50 89 20
8 92 -14
94 95 18
11 97 9
52 98 -3
24 36 -13
43 49 -9
84 87 -3
87 92 -15
1 52 -7
45 95 14
17 33 -11
3 98 -3
38 92 -15
79 93 6
82 98 2
12 39 7
31 52 12
75 95 -11
33 98 -16
24 49 -10
1 65 10
19 55 5
63 98 15
12 52 11
31 65 -10
5 12 -4
46 50 9
49 55 3
7 58 1
26 71 16
42 52 -12
0 55 -16
19 68 -12
60 69 12
34 53 15
53 66 12
72 79 15
37 58 -11
56 71 -20
14 74 -3
5 25 -1
46 63 -11
49 68 -4
7 71 -14
26 84 13
0 68 4
41 69 -15
60 82 10
44 74 -4
2 77 4
34 66 17
53 79 -5
37 71 8
56 84 -10
14 87 4
55 88 -17
8 13 -17
11 18 -11
30 31 -17
29 72 -12
48 85 3
20 23 -16
6 88 4
4 15 -2
23 28 13
41 82 9
25 74 8
44 87 7
85 88 -15
2 90 -5
15 29 17
59 72 8
18 34 12
78 85 13
97 98 -1
36 88 13
8 26 -12
27 39 -12
11 31 20
71 82 -6
30 44 17
29 85 -19
48 98 -13
4 28 17
3 32 -5
22 45 8
25 87 -12
66 88 -17
24 91 10
15 42 19
18 47 13
59 85 11
78 98 2
17 88 -5
10 48 4
54 91 9
3 45 -5
22 58 -16
40 48 -8
33 45 20
52 58 9
10 61 12
51 62 -14
28 51 -7
47 64 -12
5 67 6
21 48 -20
40 61 -2
32 62 -4
51 75 5
35 67 2
9 51 18
28 64 8
47 77 -10
0 2 10
5 80 -13
21 61 11
20 65 4
39 78 -8
23 70 -18
14 21 17
13 62 -20
32 75 3
16 67 -12
35 80 -15
76 81 -17
6 22 -20
9 64 20
50 65 3
69 78 6
27 81 -6
30 86 6
2 24 9
62 75 9
20 78 -13
39 91 -5
4 70 4
23 83 6
13 75 2
16 80 -4
57 81 -10
76 94 -2
15 84 -5
6 35 -20
50 78 -5
69 91 -3
8 81 -3
27 94 -12
11 86 -15
30 99 13
2 37 -16
1 41 -2
4 83 13
45 84 14
64 97 -18
17 22 18
38 81 12
57 94 -16
15 97 5
31 41 -17
91 92 15
75 84 -10
8 94 -2
94 97 -13
11 99 -2
24 38 -19
43 51 -14
84 89 -12
87 94 15
1 54 7
45 97 -14
17 35 -12
38 94 13
79 95 15
12 41 -19
31 54 3
75 97 8
24 51 -8
26 60 -3
67 98 16
0 44 -8
19 57 -8
12 54 -6
53 55 4
56 60 -14
46 52 5
5 14 -8
49 57 9
68 70 7
7 60 -10
26 73 10
42 54 15
0 57 -4
19 70 14
60 71 20
34 55 -13
53 68 14
72 81 4
37 60 -13
56 73 -15
14 76 9
46 65 -11
49 70 -1
7 73 -20
48 74 9
41 71 -4
60 84 -3
25 63 13
44 76 20
2 79 -16
34 68 2
37 73 18
14 89 20
55 90 7
8 15 19
27 28 13
11 20 1
30 33 -2
29 74 -8
48 87 14
20 25 10
6 90 -11
4 17 14
23 30 16
22 34 11
41 84 15
25 76 -20
44 89 8
85 90 7
2 92 19
43 93 -4
15 31 9
18 36 -8
59 74 19
78 87 -17
17 77 -13
36 90 -13
8 28 4
11 33 7
71 84 -3
29 87 -20
73 93 -1
3 34 -10
22 47 -17
66 90 -18
24 93 -19
15 44 13
59 87 -9
18 49 19
17 90 9
33 34 16
10 50 -17
54 93 -15
12 96 -10
3 47 -14
47 53 -6
21 37 1
40 50 9
42 96 -3
33 47 19
10 63 6
51 64 3
28 53 -7
47 66 -10
5 69 -18
21 50 8
40 63 -5
13 51 -15
32 64 8
51 77 -8
16 56 -17
35 69 16
9 53 -7
28 66 1
5 82 12
2 13 20
62 64 -16
20 67 17
39 80 -4
23 72 -9
14 23 10
13 64 -12
32 77 3
16 69 2
35 82 7
76 83 -10
6 24 -19
9 66 -1
50 67 10
69 80 -12
8 70 10
27 83 -17
30 88 14
2 26 -13
62 77 14
20 80 -14
4 72 -15
23 85 -12
38 70 -19
57 83 5
76 96 1
15 86 4
18 91 -19
6 37 -14
50 80 -17
8 83 20
27 96 -6
11 88 2
24 27 -19
1 43 12
4 85 -3
45 86 -11
64 99 2
17 24 -9
36 37 14
38 83 -6
57 96 -12
15 99 18
31 43 7
91 94 -2
75 86 -2
94 99 7
24 40 3
84 91 5
43 53 5
87 96 -12
1 56 12
45 99 14
17 37 20
19 46 16
79 97 -17
63 89 12
12 43 6
31 56 14
75 99 6
26 62 9
42 43 -17
0 46 10
19 59 -12
12 56 10
53 57 -14
56 62 14
14 65 15
46 54 -11
5 16 8
65 67 3
49 59 8
68 72 17
7 62 19
26 75 9
42 56 11
0 59 13
41 60 4
60 73 15
44 65 8
34 57 6
53 70 3
37 62 -15
56 75 3
14 78 -9
7 75 8
48 76 15
6 79 11
4 6 6
41 73 -13
60 86 -17
25 65 -20
44 78 5
2 81 20
15 20 6
34 70 7
18 25 -6
37 75 -15
36 79 -6
55 92 -5
8 17 15
27 30 -10
11 22 -3
71 73 -1
30 35 11
29 76 18
48 89 5
6 92 20
4 19 2
22 36 5
25 78 -10
66 79 -11
85 92 -8
2 94 -10
43 95 -19
15 33 -18
1 98 -11
59 76 4
18 38 19
78 89 -6
17 79 17
36 92 8
8 30 19
11 35 -6
29 89 -20
73 95 9
31 98 19
3 36 -9
22 49 -20
66 92 13
24 95 -16
59 89 -14
17 92 15
58 93 12
61 98 -9
33 36 10
10 52 -18
54 95 1
12 98 14
3 49 3
47 55 -3
88 93 2
21 39 20
40 52 14
42 98 -15
33 49 16
32 53 11
51 66 14
9 42 -18
28 55 -20
47 68 -9
5 71 18
21 52 8
39 69 8
13 53 9
32 66 -6
51 79 7
16 58 -17
35 71 -20
7 9 6
9 55 17
28 68 -7
5 84 -8
2 15 18
62 66 -11
20 69 -12
39 82 18
23 74 5
14 25 -1
13 66 10
16 71 15
76 85 -2
6 26 -16
50 69 17
69 82 20
8 72 -2
27 85 -16
11 77 18
30 90 13
2 28 12
20 82 -13
4 74 -3
23 87 -11
64 88 -10
38 72 -4
57 85 17
76 98 15
15 88 10
18 93 -9
6 39 8
50 82 -17
8 85 5
27 98 2
11 90 8
24 29 -18
1 45 -16
45 88 7
17 26 16
36 39 -8
3 91 -15
38 85 12
79 86 -3
98 99 7
12 32 -16
31 45 10
91 96 1
75 88 6
33 91 15
24 42 -16
1 58 -8
19 48 8
79 99 -3
63 91 18
12 45 19
31 58 18
7 51 -13
26 64 -20
42 45 -16
0 48 2
19 61 14
60 62 -9
34 46 13
53 59 20
37 51 -11
56 64 2
14 67 10
5 18 -16
46 56 3
49 61 8
7 64 1
26 77 -8
0 61 -18
41 62 17
60 75 17
44 67 -16
2 70 -14
34 59 5
53 72 20
37 64 11
56 77 -5
14 80 -18
55 81 -6
29 65 -5
48 78 12
6 81 -6
4 8 -18
41 75 17
25 67 -8
44 80 1
2 83 6
15 22 12
18 27 -4
59 65 11
36 81 -9
55 94 -14
8 19 14
27 32 -16
11 24 2
71 75 10
30 37 -12
29 78 -6
48 91 -7
6 94 -5
4 21 -6
22 38 -8
25 80 17
66 81 -14
85 94 18
24 84 2
43 97 5
15 35 -17
59 78 -3
18 40 20
78 91 -11
17 81 -1
36 94 6
77 95 -4
10 41 8
54 84 -3
73 97 -7
3 38 -9
22 51 -14
66 94 9
24 97 -8
40 41 -2
17 94 -14
58 95 5
33 38 -8
10 54 4
54 97 7
47 57 18
88 95 11
46 98 5
5 60 -3
21 41 -5
40 54 17
32 55 -16
51 68 10
35 60 13
9 44 -20
28 57 -4
47 70 10
5 73 2
21 54 -6
39 71 -13
13 55 -10
32 68 1
51 81 10
16 60 3
35 73 -14
7 11 -3
6 15 6
9 57 4
50 58 11
69 71 -3
27 74 -7
30 79 -17
2 17 -10
62 68 15
20 71 -12
39 84 16
4 63 17
23 76 10
13 68 8
16 73 19
57 74 15
76 87 -12
6 28 -6
50 71 20
69 84 16
8 74 16
27 87 -20
11 79 -1
30 92 -16
2 30 -13
1 34 -8
4 76 19
23 89 8
64 90 -8
22 93 -16
38 74 20
57 87 -5
15 90 -6
18 95 17
31 34 1
8 87 -9
11 92 14
52 93 12
24 31 13
43 44 3
1 47 14
45 90 -13
17 28 5
3 93 -19
38 87 5
79 88 20
82 93 7
12 34 -10
31 47 20
91 98 2
75 90 -1
33 93 14
24 44 -2
26 53 -7
0 37 -17
19 50 5
63 93 -2
21 96 -16
12 47 -20
5 7 -4
49 50 -14
7 53 10
26 66 1
42 47 8
0 50 19
19 63 -5
60 64 7
34 48 14
53 61 8
72 74 2
37 53 16
56 66 6
14 69 7
46 58 -16
49 63 -10
7 66 12
48 67 1
41 64 20
60 77 -20
25 56 -12
44 69 -4
2 72 20
34 61 -14
37 66 12
14 82 19
55 83 8
11 13 16
29 67 -6
48 80 -6
6 83 -2
4 10 -3
41 77 19
25 69 -14
44 82 -19
2 85 -9
43 86 13
15 24 -11
59 67 15
18 29 -7
78 80 -16
17 70 -11
36 83 9
55 96 -7
8 21 19
11 26 -5
71 77 -15
29 80 -19
73 86 7
6 96 12
3 27 15
22 40 5
66 83 -6
85 96 10
24 86 15
43 99 18
15 37 1
18 42 14
59 80 1
17 83 18
36 96 -8
77 97 -11
10 43 6
54 86 -2
73 99 -12
12 89 -16
3 40 19
22 53 7
66 96 16
24 99 -4
40 43 6
58 97 -18
42 89 1
33 40 -5
10 56 -18
51 57 -6
54 99 11
28 46 -5
47 59 -16
88 97 5
5 62 16
21 43 -17
40 56 10
32 57 -18
51 70 16
35 62 -20
9 46 12
28 59 8
47 72 13
5 75 -18
2 6 -1
20 60 8
39 73 -9
23 65 14
14 16 -6
13 57 -2
32 70 -12
16 62 17
35 75 1
6 17 -10
9 59 -16
50 60 13
69 73 -2
27 76 4
30 81 -8
2 19 15
62 70 -13
20 73 10
39 86 5
4 65 4
23 78 -11
16 75 -16
57 76 -18
76 89 15
15 79 -14
6 30 7
18 84 -16
50 73 -15
69 86 -19
8 76 -2
27 89 12
11 81 -2
30 94 3
1 36 -11
4 78 20
45 79 -3
64 92 8
22 95 -10
38 76 7
57 89 4
15 92 11
18 97 -5
31 36 15
75 79 -2
8 89 -15
11 94 -15
52 95 12
24 33 4
10 98 -10
43 46 -8
1 49 15
87 89 19
45 92 -5
17 30 11
3 95 20
19 39 -20
79 90 -12
82 95 -20
40 98 3
12 36 5
31 49 10
75 92 -11
33 95 10
67 93 -16
26 55 -5
70 98 5
0 39 6
19 52 16
63 95 5
21 98 -20
12 49 13
14 58 8
46 47 -3
5 9 -3
49 52 3
7 55 13
26 68 -5
42 49 -18
0 52 -16
41 53 1
60 66 -19
44 58 13
34 50 3
53 63 19
37 55 -20
56 68 -11
14 71 12
7 68 7
48 69 -20
6 72 10
41 66 11
60 79 20
25 58 -3
44 71 -14
2 74 -17
34 63 -20
37 68 -16
36 72 -1
55 85 6
8 10 -4
11 15 14
29 69 10
48 82 -19
6 85 2
4 12 20
22 29 19
25 71 16
66 72 -7
2 87 12
43 88 -10
15 26 3
59 69 -16
18 31 14
78 82 17
17 72 -14
36 85 2
55 98 10
8 23 20
11 28 -15
29 82 -7
73 88 3
31 91 -17
3 29 -12
22 42 -3
66 85 -20
85 98 4
24 88 -15
15 39 -12
59 82 3
18 44 6
17 85 9
58 86 -5
77 99 9
61 91 11
10 45 12
54 88 15
12 91 -3
3 42 19
47 48 12
21 32 -10
40 45 11
58 99 9
42 91 9
0 94 -8
33 42 1
10 58 -9
51 59 15
28 48 18
47 61 -2
88 99 -20
5 64 -13
21 45 -6
40 58 4
39 62 14
13 46 -10
32 59 -19
51 72 3
16 51 -16
35 64 20
9 48 -11
28 61 -13
5 77 3
2 8 9
20 62 -14
39 75 -19
23 67 -12
14 18 9
13 59 -7
32 72 2
16 64 12
35 77 -1
76 78 -3
6 19 14
9 61 -11
50 62 -9
69 75 13
8 65 -7
27 78 -19
11 70 13
30 83 -3
2 21 6
20 75 -4
4 67 -2
23 80 -3
64 81 2
38 65 -13
57 78 -2
76 91 -15
15 81 -17
6 32 -6
18 86 20
50 75 -14
8 78 5
27 91 -15
11 83 -12
30 96 -4
1 38 -4
4 80 3
45 81 14
64 94 14
17 19 10
3 84 13
22 97 18
38 78 -14
57 91 18
15 94 -7
18 99 2
12 25 -12
31 38 2
75 81 11
33 84 -16
52 97 1
24 35 -16
87 91 -20
1 51 -16
45 94 9
86 95 14
3 97 14
19 41 -19
79 92 18
63 84 10
82 97 4
12 38 10
31 51 8
75 94 4
33 97 12
7 44 17
67 95 -11
26 57 -14
0 41 -1
19 54 19
63 97 -12
34 39 -7
37 44 11
56 57 1
14 60 17
5 11 8
46 49 8
49 54 -17
7 57 -12
26 70 -12
0 54 -18
41 55 15
60 68 20
44 60 18
2 63 13
34 52 -19
53 65 16
37 57 20
56 70 -6
14 73 -7
55 74 -19
29 58 16
48 71 17
6 74 -1
41 68 7
25 60 12
44 73 2
2 76 2
18 20 -11
36 74 -14
55 87 14
8 12 -11
11 17 -9
29 71 -13
48 84 -14
6 87 10
4 14 -16
22 31 -1
25 73 -6
66 74 -18
85 87 -6
24 77 -13
43 90 19
15 28 -16
1 93 11
59 71 -14
18 33 4
78 84 11
17 74 6
36 87 -17
77 88 -20
11 30 -16
10 34 1
54 77 -6
73 90 1
31 93 18
3 31 14
22 44 14
66 87 15
24 90 14
17 87 -3
58 88 11
61 93 -8
10 47 18
54 90 4
12 93 2
3 44 -17
47 50 -17
46 91 -14
5 53 17
49 96 3
21 34 17
40 47 -16
42 93 -10
0 96 -4
33 44 9
32 48 10
51 61 2
35 53 -7
9 37 -13
28 50 12
47 63 -2
5 66 -4
21 47 12
39 64 -9
13 48 13
32 61 -4
51 74 -1
16 53 -14
35 66 10
6 8 18
9 50 17
28 63 -14
27 67 -20
30 72 11
2 10 9
20 64 1
39 77 -18
4 56 7
23 69 -15
13 61 18
16 66 -3
57 67 -10
76 80 18
6 21 -20
50 64 -18
69 77 4
8 67 -9
27 80 -18
11 72 -1
30 85 -11
2 23 -4
1 27 -1
20 77 8
4 69 -12
23 82 2
64 83 3
22 86 -3
38 67 2
57 80 12
76 93 -7
15 83 7
18 88 -16
50 77 -6
8 80 -16
11 85 -13
52 86 15
1 40 -4
45 83 15
64 96 -14
17 21 -15
3 86 -15
22 99 -17
38 80 -13
79 81 6
82 86 16
15 96 15
12 27 -15
31 40 -5
75 83 6
94 96 -7
33 86 -3
52 99 -16
24 37 -20
45 96 6
86 97 -19
3 99 1
0 30 19
19 43 -4
79 94 -16
63 86 19
82 99 -14
21 89 13
12 40 16
75 96 -18
33 99 16
7 46 -3
26 59 -17
67 97 -14
0 43 10
19 56 1
63 99 -16
34 41 -7
53 54 11
37 46 17
56 59 -6
14 62 20
46 51 10
5 13 11
49 56 -12
7 59 3
48 60 3
41 57 8
60 70 3
25 49 3
44 62 8
2 65 14
34 54 1
37 59 2
14 75 8
55 76 17
29 60 2
48 73 19
6 76 -8
41 70 9
25 62 -19
44 75 -15
2 78 -10
15 17 -13
59 60 15
18 22 -7
17 63 15
36 76 -12
55 89 11
8 14 5
11 19 13
30 32 -4
29 73 6
73 79 9
6 89 5
4 16 6
3 20 3
22 33 6
66 76 10
85 89 -20
24 79 -15
43 92 -8
15 30 -5
1 95 -2
18 35 -19
59 73 20
17 76 -20
36 89 20
77 90 12
80 95 3
10 36 10
54 79 -6
73 92 13
31 95 5
3 33 -17
22 46 -5
66 89 -4
24 92 13
58 90 5
42 82 -5
61 95 -2
19 98 -16
10 49 3
54 92 12
12 95 -14
28 39 -1
47 52 -10
88 90 1
46 93 -3
5 55 11
49 98 8
21 36 -19
40 49 -2
42 95 -1
0 98 4
32 50 -18
51 63 17
35 55 19
9 39 -15
28 52 -14
47 65 -20
5 68 5
21 49 7
20 53 17
39 66 13
23 58 -9
13 50 -4
32 63 14
16 55 -3
35 68 -19
6 10 -18
9 52 10
50 53 5
27 69 -18
30 74 9
2 12 10
62 63 -17
20 66 -14
39 79 -6
4 58 -12
23 71 19
13 63 6
16 68 4
57 69 -5
76 82 -17
15 72 8
6 23 12
18 77 -16
50 66 18
69 79 6
8 69 11
27 82 9
11 74 11
30 87 -4
1 29 -18
4 71 -11
45 72 16
64 85 12
22 88 16
38 69 -13
57 82 -15
15 85 -15
18 90 7
8 82 -19
11 87 -6
52 88 -2
24 26 20
10 91 -9
1 42 -19
45 85 -18
64 98 -7
17 23 1
3 88 8
19 32 -7
38 82 -14
79 83 13
82 88 -11
40 91 -19
12 29 -15
31 42 3
91 93 10
75 85 13
94 98 -4
33 88 -16
26 48 11
67 86 -13
86 99 3
70 91 13
0 32 13
19 45 -20
79 96 -16
63 88 -15
21 91 -17
12 42 -3
7 48 7
26 61 18
67 99 3
9 94 -5
0 45 -19
41 46 -16
34 43 -18
53 56 -20
37 48 -14
56 61 16
14 64 5
7 61 13
48 62 15
41 59 19
60 72 -3
25 51 10
44 64 15
2 67 14
34 56 -2
37 61 9
14 77 12
55 78 -5
29 62 12
48 75 -20
6 78 -15
4 5 -7
25 64 4
2 80 -4
43 81 17
15 19 12
59 62 -15
18 24 -7
17 65 -10
36 78 -17
55 91 9
8 16 -20
11 21 -18
29 75 16
73 81 17
6 91 15
3 22 -15
22 35 -13
66 78 16
85 91 1
24 81 -15
43 94 -11
15 32 6
1 97 10
18 37 -16
59 75 10
17 78 -9
77 92 13
80 97 -19
10 38 6
54 81 5
73 94 15
12 84 -7
31 97 -12
3 35 -13
24 94 12
65 95 -10
21 25 -13
58 92 -15
42 84 11
61 97 9
33 35 11
10 51 -19
51 52 18
54 94 1
12 97 -2
28 41 -20
88 92 3
47 54 -18
5 57 -15
46 95 1
21 38 6
40 51 11
39 55 14
42 97 1
13 39 -13
32 52 7
51 65 4
16 44 13
35 57 20
34 98 -11
9 41 13
28 54 20
5 70 -15
20 55 -6
39 68 -3
23 60 15
13 52 -4
32 65 17
16 57 -19
35 70 -4
6 12 -6
9 54 13
50 55 -1
8 58 -15
27 71 6
11 63 -10
30 76 15
2 14 18
62 65 12
20 68 9
4 60 19
23 73 -13
64 74 -9
38 58 -12
57 71 5
76 84 -15
15 74 8
18 79 -8
6 25 18
50 68 -5
8 71 -3
27 84 -13
11 76 10
30 89 9
1 31 -3
4 73 15
45 74 -20
64 87 -10
3 77 -17
22 90 3
38 71 -18
57 84 5
15 87 19
18 92 5
12 18 14
33 77 3
52 90 -6
24 28 12
10 93 17
1 44 -16
45 87 -17
86 88 -9
3 90 6
89 93 11
19 34 -12
79 85 -12
63 77 14
82 90 -1
40 93 14
12 31 2
31 44 18
75 87 -5
33 90 12
67 88 8
26 50 -9
70 93 -10
28 96 -13
0 34 17
19 47 2
79 98 16
63 90 3
21 93 6
14 53 17
7 50 -7
26 63 19
9 96 -11
0 47 -7
41 48 11
60 61 -17
44 53 4
34 45 10
53 58 -11
37 50 14
56 63 19
14 66 10
48 64 -20
6 67 -14
41 61 12
25 53 -1
44 66 19
2 69 8
36 67 -20
55 80 15
29 64 17
48 77 -13
6 80 8
4 7 -10
22 24 -15
25 66 3
66 67 -17
2 82 -18
43 83 1
15 21 2
1 86 -12
18 26 12
59 64 2
17 67 -6
36 80 7
55 93 -13
8 18 2
11 23 18
10 27 20
73 83 -6
31 86 20
3 24 -15
22 37 8
66 80 -11
24 83 3
43 96 -12
1 99 -11
17 80 19
58 81 -8
77 94 9
61 86 -18
80 99 -19
10 40 -7
54 83 1
73 96 20
12 86 10
31 99 13
3 37 -15
5 46 6
24 96 -4
65 97 17
21 27 -14
58 94 -11
42 86 -18
61 99 -15
0 89 5
33 37 -10
32 41 -17
51 54 -7
35 46 -3
95 97 -10
12 99 11
9 30 10
28 43 -3
88 94 13
47 56 -2
46 97 -9
5 59 5
21 40 -11
39 57 14
42 99 15
13 41 20
32 54 16
51 67 -12
16 46 -5
35 59 5
9 43 -6
28 56 -17
27 60 -17
30 65 3
2 3 20
20 57 13
39 70 -17
4 49 -15
23 62 -6
13 54 3
16 59 13
57 60 -9
6 14 19
50 57 18
69 70 -3
8 60 8
27 73 -15
11 65 -3
30 78 -12
2 16 -11
20 70 13
4 62 8
23 75 -14
64 76 11
22 79 15
38 60 -9
57 73 19
76 86 18
15 76 6
18 81 7
50 70 -9
8 73 -9
11 78 -18
52 79 5
1 33 14
45 76 12
64 89 2
3 79 11
22 92 13
38 73 -4
15 89 -10
18 94 -4
12 20 13
31 33 -10
75 76 6
33 79 18
52 92 -15
24 30 -18
10 95 -20
1 46 -18
45 89 5
86 90 -12
3 92 -7
89 95 -13
47 98 -9
19 36 12
79 87 1
63 79 -19
82 92 -8
21 82 17
40 95 11
12 33 4
75 89 19
33 92 -4
74 93 -13
7 39 8
26 52 18
67 90 -6
70 95 -20
28 98 -15
0 36 17
19 49 8
63 92 -5
21 95 -1
37 39 -2
14 55 -19
13 96 -8
5 6 2
7 52 10
26 65 -9
9 98 -18
41 50 3
60 63 -18
44 55 -6
2 58 -16
34 47 5
37 52 -8
56 65 -13
14 68 -14
55 69 13
29 53 -16
48 66 7
6 69 9
41 63 -8
25 55 -17
44 68 18
2 71 -16
36 69 12
55 82 3
11 12 20
29 66 13
48 79 8
6 82 -6
4 9 4
3 13 -4
22 26 20
66 69 6
24 72 3
43 85 6
15 23 13
1 88 -7
18 28 -8
59 66 20
17 69 -15
36 82 -16
77 83 -6
80 88 1
10 29 -12
54 72 1
73 85 -8
31 88 -13
3 26 17
22 39 -11
66 82 19
24 85 8
43 98 -4
17 82 -1
58 83 7
77 96 -13
61 88 15
19 91 -4
10 42 7
54 85 -4
73 98 -19
12 88 19
28 32 6
5 48 -17
46 86 -12
65 99 -8
49 91 -13
21 29 15
40 42 19
58 96 14
42 88 -13
0 91 -16
32 43 -7
51 56 -15
35 48 15
95 99 8
9 32 -13
28 45 -1
88 96 5
47 58 1
5 61 20
46 99 -20
21 42 17
20 46 -15
39 59 16
23 51 9
13 43 1
32 56 -4
16 48 7
35 61 2
9 45 -10
27 62 -3
30 67 11
2 5 -1
20 59 -1
39 72 -16
4 51 1
23 64 -8
13 56 2
16 61 4
57 62 20
15 65 -18
18 70 6
6 16 -4
50 59 5
69 72 5
8 62 10
27 75 11
11 67 17
30 80 -8
2 18 8
1 22 -4
4 64 -10
45 65 18
64 78 3
22 81 -16
38 62 -1
57 75 -7
15 78 15
18 83 5
8 75 -2
11 80 -6
52 81 7
1 35 -5
45 78 -16
64 91 -5
3 81 -1
22 94 13
38 75 19
40 84 -13
12 22 7
31 35 -6
75 78 3
33 81 -4
52 94 1
93 95 -4
10 97 -9
67 79 -18
26 41 12
86 92 -13
70 84 19
3 94 18
89 97 -17
0 25 -13
19 38 10
79 89 7
63 81 2
82 94 -3
21 84 -17
40 97 7
12 35 -13
33 94 5
74 95 -5
32 98 -20
7 41 9
26 54 -3
67 92 4
70 97 -8
9 87 17
0 38 9
19 51 -6
63 94 17
21 97 3
62 98 -13
34 36 6
37 41 -2
14 57 15
13 98 18
7 54 -15
48 55 6
92 98 -10
41 52 20
60 65 -12
25 44 -16
44 57 1
2 60 -9
34 49 -16
37 54 8
14 70 17
55 71 5
29 55 7
48 68 -7
6 71 1
41 65 12
25 57 14
44 70 9
2 73 11
43 74 -16
17 58 -5
36 71 12
55 84 -12
8 9 2
11 14 20
29 68 -12
73 74 -9
6 84 -17
3 15 5
22 28 -20
66 71 -7
24 74 -14
43 87 10
15 25 10
1 90 16
59 68 -1
18 30 17
17 71 -20
36 84 5
77 85 -4
80 90 -8
10 31 13
54 74 -13
73 87 14
12 77 7
31 90 -4
3 28 -10
66 84 3
24 87 -16
65 88 -17
68 93 -3
58 85 -17
77 98 19
42 77 -12
61 90 5
19 93 -6
10 44 16
54 87 16
12 90 -2
28 34 5
46 88 -4
5 50 11
49 93 9
21 31 4
40 44 -20
7 96 1
39 48 14
58 98 -16
42 90 9
0 93 -9
13 32 17
32 45 -3
51 58 10
16 37 20
35 50 -5
34 91 -10
37 96 -11
9 34 6
28 47 10
88 98 9
5 63 -16
20 48 8
39 61 -9
23 53 -17
13 45 7
32 58 5
16 50 8
35 63 -10
9 47 -19
8 51 -19
27 64 -1
11 56 -4
30 69 6
2 7 -15
20 61 -3
4 53 7
23 66 -1
64 67 -1
38 51 3
57 64 11
76 77 10
15 67 -12
6 18 -3
18 72 -12
50 61 2
8 64 10
27 77 -1
11 69 -20
30 82 9
1 24 15
4 66 10
45 67 19
64 80 -10
3 70 8
22 83 -17
38 64 -7
57 77 3
15 80 -12
18 85 18
33 70 17
52 83 -5
10 86 -14
1 37 -5
45 80 4
3 83 18
22 96 11
19 27 -11
63 70 19
82 83 12
40 86 13
12 24 16
31 37 17
75 80 10
33 83 8
52 96 5
93 97 12
10 99 -12
67 81 -15
26 43 -15
86 94 8
70 86 4
89 99 1
0 27 -12
19 40 12
79 91 15
63 83 3
82 96 -6
21 86 18
40 99 16
12 37 -9
14 46 -15
74 97 18
7 43 -17
26 56 8
67 94 -10
70 99 17
9 89 -13
0 40 6
44 46 -14
21 99 14
34 38 -7
37 43 5
14 59 9
7 56 -11
48 57 18
6 60 16
41 54 -15
60 67 -13
25 46 -2
44 59 -17
2 62 18
34 51 -20
37 56 2
36 60 -1
55 73 18
29 57 3
48 70 19
6 73 -17
25 59 -2
2 75 5
43 76 -15
1 79 15
18 19 -6
17 60 -13
36 73 12
55 86 -7
8 11 10
11 16 17
10 20 15
29 70 14
73 76 -13
31 79 17
3 17 3
22 30 13
66 73 1
85 86 -4
24 76 -18
43 89 1
1 92 -9
59 70 -5
17 73 11
58 74 -18
77 87 7
61 79 16
80 92 -10
10 33 10
54 76 -12
73 89 -9
12 79 -9
31 92 -11
3 30 2
24 89 8
65 90 -4
68 95 -5
26 98 -11
58 87 2
42 79 8
61 92 15
0 82 -17
19 95 17
32 34 -8
35 39 12
54 89 -19
12 92 4
53 93 20
56 98 14
9 23 -19
28 36 14
47 49 20
46 90 6
5 52 9
49 95 -9
21 33 16
7 98 -17
39 50 13
42 92 -7
83 93 -11
0 95 3
13 34 4
32 47 -5
51 60 13
16 39 -16
35 52 13
34 93 -18
37 98 -11
9 36 5
28 49 20
20 50 -17
39 63 -3
4 42 -6
23 55 -4
13 47 -16
16 52 -8
6 7 7
8 53 5
27 66 -16
11 58 7
30 71 14
2 9 17
20 63 2
4 55 3
23 68 2
64 69 -11
38 53 16
57 66 7
76 79 1
15 69 -10
18 74 19
6 20 1
50 63 -9
8 66 -7
11 71 3
1 26 2
45 69 5
64 82 -1
3 72 8
22 85 -15
38 66 16
15 82 15
18 87 8
12 13 -7
33 72 -9
52 85 1
10 88 -17
1 39 -15
45 82 1
3 85 -20
22 98 18
19 29 14
79 80 -1
63 72 15
82 85 -2
40 88 18
12 26 9
31 39 16
75 82 11
33 85 16
74 86 -12
93 99 -7
7 32 19
26 45 13
67 83 -9
86 96 -13
70 88 -4
28 91 -7
0 29 12
19 42 -18
63 85 -11
21 88 1
14 48 -12
74 99 -1
7 45 5
26 58 -18
67 96 -7
9 91 20
0 42 -16
41 43 2
44 48 -19
2 51 -18
34 40 -14
37 45 18
56 58 6
14 61 12
55 62 -1
29 46 5
48 59 2
6 62 -9
41 56 -2
25 48 -6
44 61 -4
2 64 4
36 62 20
55 75 -16
29 59 7
48 72 8
6 75 8
3 6 1
25 61 -2
24 65 14
43 78 16
15 16 -3
1 81 -11
18 21 -9
17 62 -1
36 75 -2
80 81 13
10 22 -14
54 65 13
73 78 -10
31 81 3
3 19 -2
22 32 17
66 75 -9
24 78 5
43 91 19
1 94 11
17 75 -6
58 76 16
77 89 19
61 81 12
80 94 -19
19 84 -16
10 35 -18
54 78 5
73 91 1
12 81 -11
31 94 10
72 95 19
46 79 -19
5 41 -1
65 92 10
49 84 -17
68 97 15
21 22 -3
58 89 3
42 81 -18
61 94 -8
0 84 9
19 97 -9
32 36 3
35 41 -12
12 94 15
53 95 -2
9 25 8
28 38 19
47 51 -15
88 89 -6
5 54 3
46 92 9
49 97 20
21 35 -9
20 39 5
39 52 10
42 94 -15
83 95 18
0 97 12
41 98 -12
13 36 -14
32 49 -7
16 41 -19
35 54 10
34 95 -1
9 38 -11
27 55 -14
30 60 6
71 98 2
20 52 3
39 65 -19
4 44 -10
23 57 -18
13 49 2
16 54 -10
6 9 -2
50 52 -8
8 55 -2
27 68 19
11 60 2
30 73 20
2 11 -10
1 15 11
4 57 -11
64 71 13
22 74 2
38 55 14
57 68 1
15 71 -17
18 76 7
8 68 -2
11 73 5
52 74 -3
1 28 -7
45 71 -11
64 84 -12
3 74 -12
22 87 8
38 68 18
18 89 13
12 15 -9
33 74 5
52 87 -9
24 25 3
10 90 8
26 34 9
67 72 5
3 87 -12
89 90 5
47 93 4
0 18 -4
19 31 -12
79 82 -12
63 74 -5
82 87 1
21 77 -11
40 90 -17
12 28 -20
33 87 8
74 88 16
7 34 -16
67 85 -12
26 47 -13
86 98 -11
70 90 3
28 93 2
0 31 16
19 44 5
63 87 6
21 90 -1
14 50 -4
13 91 -8
16 96 7
7 47 -9
9 93 2
41 45 -11
25 37 -13
44 50 5
2 53 1
34 42 10
37 47 4
14 63 -8
55 64 -3
29 48 6
48 61 17
6 64 1
41 58 17
25 50 14
44 63 -8
2 66 -3
43 67 7
17 51 -3
36 64 -6
55 77 -10
29 61 -15
6 77 15
3 8 -16
24 67 -19
43 80 -14
15 18 -3
1 83 -10
59 61 -18
18 23 -6
17 64 -3
36 77 4
77 78 9
80 83 3
10 24 12
54 67 20
73 80 -8
12 70 -20
31 83 -13
3 21 18
66 77 4
24 80 20
65 81 -14
68 86 10
1 96 6
58 78 15
77 91 -17
42 70 4
61 83 18
80 96 -11
19 86 -6
10 37 -5
54 80 6
12 83 1
31 96 11
72 97 3
5 43 -7
46 81 -17
65 94 -18
49 86 -17
68 99 -2
21 24 7
7 89 9
58 91 8
42 83 20
61 96 10
0 86 -2
19 99 20
13 25 -13
32 38 18
35 43 18
34 84 -10
53 97 -16
37 89 -2
9 27 10
28 40 16
88 91 -18
46 94 18
5 56 7
49 99 15
20 41 -3
39 54 13
23 46 12
83 97 -15
0 99 -8
13 38 2
32 51 -5
16 43 16
35 56 13
34 97 10
9 40 -4
27 57 -8
30 62 2
20 54 1
39 67 -15
4 46 12
23 59 3
38 44 -2
15 60 -7
18 65 3
6 11 17
50 54 17
8 57 -1
27 70 -14
11 62 -9
30 75 9
1 17 19
4 59 -6
45 60 -11
64 73 -4
22 76 -17
38 57 12
57 70 18
15 73 -13
18 78 5
11 75 -9
52 76 17
10 79 4
1 30 12
45 73 -10
64 86 -5
3 76 -19
22 89 -12
19 20 -15
40 79 1
12 17 1
33 76 7
52 89 -17
10 92 -6
26 36 19
67 74 -10
86 87 -2
70 79 11
3 89 1
89 92 -16
47 95 2
0 20 -11
19 33 -6
5 98 5
79 84 12
63 76 -7
82 89 19
21 79 9
40 92 -9
12 30 -8
14 39 -10
33 89 17
74 90 19
32 93 11
35 98 -7
7 36 13
67 87 -12
26 49 -7
70 92 -4
9 82 1
28 95 -19
0 33 -6
21 92 -12
62 93 -16
14 52 -18
13 93 -9
16 98 -13
7 49 -4
48 50 -18
6 53 -2
92 93 -17
9 95 -20
41 47 19
25 39 -6
44 52 -13
2 55 -14
34 44 11
37 49 9
36 53 -18
55 66 11
29 50 -14
48 63 10
6 66 20
25 52 -7
2 68 12
43 69 -8
1 72 11
17 53 -20
36 66 6
55 79 -1
29 63 17
31 72 12
3 10 -4
22 23 8
24 69 2
43 82 -8
1 85 -11
59 63 2
17 66 14
58 67 15
77 80 16
61 72 6
80 85 -2
10 26 -16
54 69 13
73 82 13
12 72 -16
31 85 8
3 23 8
24 82 14
65 83 2
68 88 14
58 80 10
77 93 -7
42 72 -9
61 85 10
80 98 -20
0 75 9
19 88 -14
10 39 -11
54 82 -7
12 85 10
53 86 4
72 99 15
56 91 5
28 29 -13
5 45 8
46 83 -5
65 96 17
49 88 -1
21 26 -2
7 91 -8
39 43 -1
42 85 -17
83 86 19
0 88 13
13 27 -1
32 40 16
51 53 2
16 32 -11
35 45 -1
95 96 -5
34 86 -2
53 99 19
37 91 -17
9 29 -18
28 42 -13
46 96 -9
5 58 -19
20 43 6
39 56 19
23 48 11
83 99 11
25 94 -20
13 40 6
16 45 12
35 58 -11
34 99 9
8 46 -7
27 59 5
11 51 -4
30 64 -6
20 56 13
4 48 -20
23 61 15
38 46 8
57 59 1
15 62 -6
6 13 20
18 67 -10
50 56 -17
8 59 3
27 72 -9
11 64 -2
30 77 20
1 19 6
4 61 10
45 62 -7
64 75 18
3 65 2
22 78 -13
38 59 3
57 72 -8
15 75 2
18 80 9
33 65 17
52 78 5
10 81 6
1 32 -6
45 75 6
3 78 -4
22 91 -7
19 22 -14
63 65 -11
40 81 -7
12 19 13
31 32 -8
33 78 19
52 91 7
10 94 3
51 95 19
7 25 -11
26 38 -1
67 76 11
86 89 -6
70 81 -14
89 94 14
28 84 14
47 97 -9
0 22 -6
19 35 -18
63 78 -19
82 91 -2
21 81 17
40 94 -18
81 95 11
14 41 15
74 92 9
32 95 -15
7 38 17
67 89 15
26 51 -19
70 94 -14
9 84 -10
28 97 9
0 35 11
2 44 -2
21 94 15
62 95 17
20 98 7
37 38 -1
14 54 11
13 95 6
29 39 20
48 52 9
6 55 -16
92 95 6
9 97 11
50 98 -11
41 49 6
25 41 20
44 54 14
2 57 -20
36 55 18
55 68 1
29 52 6
48 65 -4
6 68 -19
25 54 -20
24 58 2
43 71 2
1 74 5
17 55 9
36 68 -3
10 15 12
54 58 -18
31 74 11
3 12 15
22 25 -16
66 68 1
24 71 -3
43 84 7
1 87 -14
17 68 15
58 69 6
77 82 7
61 74 16
80 87 -9
19 77 -4
10 28 19
54 71 -12
73 84 3
12 74 19
31 87 5
72 88 -9
3 25 -8
5 34 19
46 72 13
65 85 -14
49 77 -2
68 90 -19
26 93 9
58 82 19
42 74 11
61 87 2
0 77 9
19 90 -10
12 87 -17
53 88 4
56 93 -14
9 18 -16
28 31 -3
5 47 -10
46 85 18
65 98 19
49 90 -12
21 28 1
7 93 -5
39 45 17
42 87 -10
83 88 -16
0 90 7
41 91 13
13 29 -18
32 42 -16
51 55 17
16 34 -17
35 47 8
95 98 12
34 88 -11
37 93 8
9 31 -10
28 44 18
27 48 12
30 53 -20
71 91 7
20 45 -4
39 58 -15
4 37 -10
23 50 -15
25 96 6
13 42 -17
16 47 -10
8 48 13
27 61 -19
11 53 10
30 66 -19
2 4 -19
1 8 10
20 58 17
4 50 -10
23 63 20
22 67 18
38 48 1
57 61 5
15 64 12
18 69 9
8 61 -20
11 66 -4
52 67 -17
1 21 19
45 64 -8
64 77 -4
3 67 12
22 80 -20
38 61 -8
15 77 5
18 82 -4
33 67 8
52 80 -17
10 83 -17
26 27 -12
45 77 10
3 80 10
47 86 -14
0 11 13
19 24 -18
63 67 -19
21 70 -4
40 83 7
12 21 -9
75 77 5
33 80 20
74 81 -6
93 94 -13
10 96 3
51 97 7
7 27 -2
67 78 11
26 40 -18
86 91 -9
70 83 7
89 96 -9
28 86 -10
47 99 -9
0 24 -8
19 37 -20
63 80 -2
21 83 10
40 96 -3
81 97 -9
14 43 -19
74 94 3
13 84 -18
32 97 -15
16 89 11
7 40 -7
67 91 3
70 96 -14
9 86 6
28 99 -3
25 30 -3
2 46 -11
62 97 -9
34 35 16
37 40 12
14 56 13
55 57 5
13 97 -6
29 41 1
48 54 -14
6 57 -6
92 97 7
9 99 -18
41 51 16
25 43 -19
44 56 7
2 59 -4
43 60 -14
17 44 -19
36 57 19
55 70 -14
29 54 -1
6 70 3
24 60 -7
43 73 -6
1 76 -16
17 57 9
36 70 -4
10 17 19
54 60 -11
12 63 13
31 76 -6
3 14 -4
22 27 -6
66 70 -15
24 73 -5
65 74 14
1 89 -10
58 71 -13
77 84 -14
42 63 -10
61 76 -15
80 89 -8
19 79 11
10 30 5
54 73 19
12 76 2
31 89 7
72 90 -14
46 74 7
5 36 1
65 87 4
49 79 20
68 92 3
26 95 5
58 84 2
42 76 4
61 89 -16
0 79 -2
19 92 9
35 36 -9
34 77 5
53 90 2
37 82 -2
56 95 -20
9 20 -13
28 33 3
14 98 16
46 87 20
5 49 -8
49 92 -14
90 93 -20
21 30 -3
7 95 -6
20 34 7
39 47 -1
23 39 -1
83 90 -19
0 92 14
41 93 12
13 31 -6
32 44 15
44 98 -3
16 36 3
35 49 15
34 90 10
37 95 15
9 33 -7
27 50 13
30 55 -17
71 93 10
20 47 13
39 60 -6
4 39 -7
23 52 7
25 98 13
13 44 7
16 49 17
15 53 -8
59 96 -10
18 58 -19
8 50 12
27 63 13
11 55 9
30 68 -10
1 10 -6
4 52 -1
45 53 7
64 66 3
22 69 7
38 50 -17
57 63 6
15 66 -8
18 71 5
8 63 12
11 68 -15
52 69 -15
10 72 -9
1 23 -7
45 66 -20
64 79 -8
3 69 1
22 82 13
38 63 20
40 72 -13
33 69 13
52 82 10
10 85 8
26 29 -6
70 72 20
3 82 -19
47 88 3
0 13 4
19 26 -7
5 91 14
63 69 -19
21 72 -19
40 85 13
12 23 -17
33 82 -6
74 83 10
93 96 20
32 86 -14
51 99 20
35 91 5
7 29 -10
67 80 -8
26 42 -11
86 93 8
70 85 -7
89 98 7
9 75 -2
28 88 1
0 26 -15
63 82 7
21 85 16
62 86 8
81 99 1
14 45 20
74 96 12
13 86 -4
32 99 -19
16 91 3
7 42 -14
9 88 3
25 32 16
44 45 -6
2 48 2
62 99 -16
34 37 4
37 42 1
4 94 -15
36 46 12
96 97 16
55 59 -5
13 99 9
29 43 -19
48 56 -19
6 59 5
92 99 19
25 45 19
2 61 -8
43 62 -16
17 46 -13
36 59 20
55 72 11
29 56 -10
24 62 9
43 75 -12
1 78 -11
17 59 9
58 60 14
61 65 -12
10 19 14
54 62 5
73 75 20
12 65 16
31 78 -3
3 16 -3
24 75 -19
65 76 15
68 81 15
1 91 -10
58 73 4
77 86 9
42 65 -8
61 78 1
80 91 -5
19 81 -11
10 32 -9
54 75 1
12 78 -12
72 92 -15
46 76 7
5 38 -9
65 89 -2
49 81 3
68 94 -7
7 84 -19
26 97 -12
42 78 -20
0 81 -12
19 94 19
60 95 2
13 20 3
32 33 19
16 25 -10
35 38 -14
34 79 20
53 92 5
37 84 -20
56 97 10
9 22 -3
28 35 18
46 89 14
5 51 -1
49 94 -5
90 95 18
7 97 19
20 36 15
39 49 18
23 41 -5
83 92 -5
41 95 -7
13 33 -9
32 46 9
16 38 -7
35 51 -14
34 92 -17
37 97 -10
9 35 -2
8 39 6
27 52 15
11 44 3
71 95 -3
30 57 -7
29 98 4
20 49 -15
4 41 -5
23 54 15
38 39 2
15 55 -15
18 60 4
59 98 -14
8 52 11
27 65 -15
11 57 4
30 70 -19
1 12 17
4 54 -9
45 55 10
64 68 14
3 58 -18
22 71 -5
38 52 -5
57 65 15
15 68 4
18 73 -13
33 58 -18
52 71 -12
10 74 -12
1 25 -19
45 68 -1
3 71 -8
22 84 -6
40 74 8
33 71 -2
52 84 -11
10 87 18
51 88 -15
7 18 15
26 31 12
67 69 9
70 74 14
28 77 5
47 90 -1
0 15 9
19 28 -16
5 93 -3
63 71 12
82 84 -9
21 74 -12
40 87 11
81 88 -9
14 34 -15
74 85 4
93 98 -13
32 88 -20
35 93 -8
7 31 13
26 44 11
67 82 20
70 87 -14
9 77 -16
28 90 -2
0 28 16
21 87 12
62 88 17
20 91 -20
23 96 20
14 47 7
74 98 -9
