100 4950 0
13 88 5
16 93 10
29 32 1
6 48 3
9 90 -4
50 91 19
41 42 -16
25 34 13
44 47 13
2 50 6
4 96 -13
36 48 13
96 99 -6
55 61 -5
29 45 -11
48 58 -14
6 61 -18
25 47 -11
43 64 17
1 67 20
17 48 20
36 61 4
31 67 -5
3 5 -1
24 64 -3
43 77 -11
1 80 -13
17 61 10
58 62 17
61 67 18
10 21 11
54 64 13
73 77 -18
12 67 -15
31 80 14
3 18 12
5 27 14
65 78 -18
68 83 17
26 86 13
58 75 -3
42 67 -4
61 80 2
80 93 -8
0 70 6
19 83 3
12 80 7
53 81 -17
72 94 -9
56 86 -17
9 11 5
5 40 12
46 78 5
65 91 -4
49 83 19
68 96 19
7 86 14
26 99 18
42 80 -9
0 83 17
19 96 -9
60 97 -15
13 22 -11
32 35 -2
16 27 -14
35 40 -16
34 81 -12
53 94 3
37 86 11
56 99 7
9 24 -16
28 37 -7
27 41 6
30 46 3
90 97 -1
7 99 -20
20 38 -8
39 51 -11
4 30 -12
23 43 5
83 94 -8
41 97 -8
13 35 16
25 89 -10
16 40 -19
34 94 -6
37 99 -14
8 41 4
27 54 -14
11 46 13
71 97 1
30 59 -4
20 51 -9
4 43 12
23 56 -9
22 60 -14
38 41 -14
15 57 9
18 62 -10
50 51 -16
8 54 4
11 59 -13
52 60 -8
1 14 1
45 57 17
64 70 18
3 60 -15
22 73 20
38 54 19
15 70 15
18 75 11
33 60 -9
52 73 11
10 76 -3
45 70 13
3 73 9
47 79 20
0 4 -20
21 63 4
40 76 -5
12 14 20
33 73 -9
10 89 13
51 90 -17
7 20 6
26 33 -6
67 71 15
70 76 1
28 79 10
47 92 -7
0 17 -6
19 30 -19
5 95 11
63 73 9
21 76 11
40 89 -14
81 90 -20
39 93 -12
14 36 5
74 87 12
13 77 -16
32 90 20
16 82 11
35 95 19
7 33 3
26 46 6
67 84 -3
70 89 -12
9 79 7
28 92 -17
69 93 -15
2 39 -16
62 90 -16
20 93 9
23 98 13
14 49 8
13 90 -20
16 95 2
29 34 12
6 50 14
9 92 -13
50 93 7
8 96 13
41 44 -2
25 36 -2
44 49 6
2 52 -17
4 98 -20
36 50 -12
55 63 -13
38 96 9
29 47 8
6 63 -19
24 53 2
43 66 -3
1 69 -1
17 50 -1
36 63 4
31 69 -11
3 7 -2
24 66 19
43 79 1
1 82 -2
58 64 7
61 69 15
80 82 16
19 72 8
10 23 -7
54 66 18
12 69 -1
31 82 -9
72 83 10
5 29 6
46 67 4
65 80 10
49 72 -19
68 85 11
26 88 17
58 77 16
42 69 1
61 82 -17
0 72 20
19 85 -12
12 82 2
53 83 -1
72 96 -20
56 88 -18
9 13 -11
14 91 20
46 80 -4
5 42 8
65 93 10
49 85 -19
68 98 1
21 23 11
7 88 -11
20 27 4
39 40 10
23 32 19
0 85 11
41 86 18
60 99 8
13 24 1
32 37 8
44 91 -7
16 29 -9
35 42 -13
34 83 -17
53 96 -14
37 88 -1
9 26 -8
27 43 15
71 86 -18
30 48 19
90 99 11
20 40 -2
39 53 -6
4 32 -19
23 45 9
83 96 19
41 99 3
25 91 9
13 37 18
16 42 -1
15 46 4
34 96 -5
18 51 -20
8 43 19
27 56 -2
11 48 -5
71 99 -10
30 61 -18
1 3 16
4 45 -4
45 46 19
22 62 -16
38 43 19
15 59 8
18 64 -1
8 56 -8
11 61 -17
52 62 -18
10 65 -18
1 16 -4
45 59 -3
64 72 17
3 62 -16
22 75 20
38 56 -10
40 65 11
33 62 2
52 75 -12
10 78 10
3 75 -2
47 81 5
0 6 -13
21 65 8
40 78 -19
12 16 20
33 75 13
74 76 -2
32 79 -15
51 92 16
35 84 12
7 22 -13
26 35 -4
67 73 6
70 78 -4
89 91 2
9 68 -20
28 81 10
47 94 10
0 19 16
5 97 -6
63 75 5
21 78 -13
62 79 -3
81 92 -15
39 95 9
14 38 18
74 89 9
13 79 12
32 92 14
16 84 -17
35 97 4
7 35 -6
9 81 2
28 94 9
69 95 8
2 41 17
62 92 11
20 95 -17
4 87 -14
14 51 16
13 92 -19
16 97 12
57 98 4
29 36 3
48 49 4
6 52 19
50 95 -16
8 98 4
25 38 3
44 51 -3
2 54 20
43 55 17
84 93 -10
87 98 14
17 39 -4
36 52 11
55 65 17
38 98 -15
29 49 5
6 65 -8
24 55 10
43 68 17
1 71 9
17 52 8
36 65 -2
10 12 -5
54 55 1
12 58 -10
31 71 -10
3 9 2
24 68 9
65 69 5
68 74 18
1 84 5
58 66 9
77 79 -1
42 58 6
61 71 2
80 84 -7
19 74 -4
10 25 20
54 68 -8
12 71 1
31 84 -8
72 85 3
5 31 5
46 69 10
65 82 13
49 74 18
68 87 -13
7 77 2
26 90 19
58 79 3
42 71 -2
61 84 -8
0 74 -19
19 87 9
60 88 20
16 18 -19
34 72 14
53 85 -18
72 98 15
37 77 -1
56 90 -14
9 15 -19
14 93 -19
46 82 1
5 44 10
49 87 11
7 90 4
20 29 2
39 42 15
23 34 10
83 85 -16
0 87 10
41 88 10
13 26 -6
44 93 -10
32 39 7
16 31 18
2 96 10
35 44 -4
34 85 -12
53 98 12
37 90 -2
9 28 -6
8 32 -18
27 45 19
11 37 -20
30 50 17
71 88 19
29 91 -12
20 42 14
4 34 -18
23 47 -17
83 98 10
25 93 -15
15 48 -16
18 53 9
59 91 20
8 45 6
27 58 -9
11 50 5
30 63 5
1 5 -12
4 47 -13
45 48 2
3 51 12
22 64 12
38 45 16
57 58 4
15 61 -7
18 66 2
33 51 -6
52 64 4
10 67 -6
1 18 -17
45 61 8
3 64 7
22 77 4
40 67 -12
33 64 9
52 77 11
10 80 -9
28 70 12
47 83 15
0 8 -12
19 21 10
5 86 -4
63 64 -1
21 67 18
40 80 -12
14 27 4
74 78 -16
32 81 20
51 94 -10
35 86 1
7 24 20
67 75 3
26 37 -4
70 80 4
9 70 -14
28 83 6
47 96 -1
0 21 -13
5 99 20
21 80 6
62 81 10
81 94 -7
20 84 -10
39 97 16
14 40 20
74 91 -11
13 81 -6
32 94 -13
16 86 16
35 99 18
7 37 -18
6 41 -4
9 83 -9
50 84 -17
69 97 -10
25 27 5
2 43 -4
62 94 4
20 97 -18
4 89 4
36 41 18
13 94 20
16 99 -12
29 38 11
48 51 -19
6 54 12
92 94 16
50 97 -13
25 40 16
2 56 -3
84 95 17
43 57 7
1 60 -20
17 41 -1
36 54 -15
55 67 -20
29 51 -15
31 60 9
24 57 -1
43 70 20
1 73 16
17 54 2
10 14 -3
54 57 -8
12 60 20
31 73 13
3 11 -8
5 20 19
24 70 10
65 71 11
68 76 16
26 79 -8
58 68 8
77 81 19
42 60 12
61 73 10
80 86 18
0 63 10
19 76 -16
54 70 20
12 73 -13
53 74 -11
72 87 -7
56 79 -3
46 71 -14
5 33 -8
65 84 -6
49 76 -15
68 89 -3
7 79 -14
26 92 -8
42 73 -11
0 76 17
19 89 20
60 90 -3
13 15 8
16 20 19
34 74 -7
53 87 17
37 79 2
56 92 -6
9 17 -5
28 30 -17
14 95 1
27 34 -20
46 84 5
30 39 4
49 89 -17
7 92 15
48 93 -4
20 31 18
39 44 7
4 23 9
23 36 4
83 87 -2
41 90 -14
25 82 8
13 28 -11
44 95 -7
16 33 15
2 98 -1
34 87 -12
37 92 -16
78 93 14
8 34 -8
27 47 14
11 39 10
71 90 -15
30 52 -3
29 93 -4
20 44 -10
4 36 14
23 49 2
25 95 12
15 50 -15
18 55 15
59 93 12
17 96 -13
8 47 5
11 52 11
52 53 -4
1 7 -15
45 50 15
3 53 20
22 66 17
38 47 -18
15 63 16
18 68 2
33 53 3
52 66 -10
10 69 -12
1 20 -7
45 63 5
3 66 -2
21 56 14
40 69 1
33 66 9
10 82 12
51 83 -1
7 13 -10
28 72 -16
47 85 17
0 10 -15
19 23 17
5 88 -4
63 66 10
21 69 -12
40 82 1
81 83 -4
14 29 16
74 80 -13
13 70 -9
32 83 -5
51 96 5
35 88 8
7 26 18
26 39 -5
67 77 -2
70 82 1
9 72 -9
28 85 2
0 23 -20
2 32 -18
62 83 -10
81 96 9
20 86 -7
39 99 -4
23 91 -20
14 42 9
13 83 5
32 96 -11
16 88 11
6 43 -2
9 85 1
50 86 6
69 99 -19
25 29 -4
2 45 11
62 96 -6
20 99 -19
4 91 -1
36 43 6
55 56 -14
38 89 -9
29 40 -3
48 53 4
6 56 -18
92 96 16
50 99 15
25 42 13
24 46 -11
84 97 -2
43 59 -6
1 62 6
17 43 -9
36 56 20
31 62 -17
24 59 5
43 72 17
1 75 18
17 56 -11
61 62 -7
19 65 -13
10 16 -13
54 59 4
12 62 9
31 75 2
72 76 14
5 22 -8
46 60 -8
65 73 4
49 65 -18
68 78 20
26 81 -5
58 70 -14
42 62 -7
61 75 -2
0 65 -2
19 78 11
12 75 -1
53 76 1
72 89 -2
56 81 4
14 84 3
5 35 11
46 73 -18
65 86 -12
49 78 14
68 91 -6
7 81 -1
26 94 16
23 25 -5
42 75 19
0 78 -14
41 79 -12
60 92 -3
13 17 -2
44 84 10
16 22 18
34 76 -9
53 89 12
37 81 -14
56 94 7
9 19 -18
14 97 -4
27 36 -3
71 79 -13
30 41 -17
90 92 15
7 94 10
48 95 8
20 33 -20
39 46 -1
6 98 10
4 25 19
23 38 17
83 89 4
41 92 -18
13 30 15
25 84 -1
44 97 1
16 35 -6
34 89 -2
37 94 11
78 95 -18
36 98 -5
8 36 -16
27 49 5
11 41 8
30 54 19
71 92 -8
29 95 18
4 38 -20
22 55 -6
25 97 -7
66 98 -17
15 52 9
18 57 12
59 95 6
17 98 -11
8 49 10
11 54 10
52 55 4
1 9 -14
45 52 14
64 65 11
3 55 16
22 68 -1
38 49 -19
33 55 2
52 68 -11
10 71 -11
3 68 -18
47 74 7
21 58 2
40 71 10
33 68 -15
10 84 -19
51 85 11
7 15 7
26 28 5
70 71 -1
28 74 10
47 87 -8
0 12 -12
19 25 18
5 90 -4
63 68 16
21 71 -10
62 72 -16
81 85 17
39 88 -18
14 31 -19
74 82 7
13 72 1
32 85 -15
51 98 16
16 77 9
35 90 -9
7 28 -1
9 74 -6
28 87 -8
69 88 12
2 34 -13
62 85 20
81 98 14
20 88 5
23 93 10
14 44 6
13 85 -19
16 90 16
6 45 3
50 88 -20
8 91 -7
25 31 6
11 96 -9
2 47 12
43 48 -3
84 86 11
4 93 -16
17 32 -13
36 45 -18
55 58 -5
38 91 19
29 42 10
6 58 15
24 48 -15
43 61 2
84 99 -6
1 64 11
17 45 -18
36 58 2
12 51 4
31 64 -20
24 61 10
1 77 -3
58 59 6
42 51 9
61 64 7
19 67 16
10 18 17
54 61 1
12 64 9
31 77 17
72 78 -1
46 62 -1
5 24 -3
65 75 -1
49 67 6
68 80 6
7 70 19
26 83 17
58 72 9
42 64 -10
61 77 17
0 67 -13
19 80 -10
60 81 12
34 65 10
53 78 20
72 91 -13
37 70 16
56 83 -4
14 86 -16
5 37 12
46 75 -20
49 80 6
7 83 3
26 96 2
20 22 -13
23 27 12
0 80 -13
41 81 -20
60 94 -6
13 19 -8
44 86 17
16 24 12
2 89 18
35 37 14
34 78 -8
53 91 6
37 83 -1
56 96 16
9 21 5
14 99 7
8 25 2
27 38 17
71 81 15
30 43 16
90 94 -15
29 84 -15
48 97 13
20 35 -19
4 27 -11
23 40 -19
83 91 -20
41 94 7
25 86 -1
44 99 17
15 41 8
59 84 11
18 46 16
78 97 -9
8 38 -18
27 51 -20
11 43 -3
30 56 6
71 94 13
29 97 10
4 40 16
22 57 -15
25 99 3
15 54 19
18 59 14
59 97 1
52 57 11
10 60 2
1 11 20
45 54 -14
3 57 17
22 70 2
40 60 19
33 57 -5
52 70 1
10 73 13
47 76 15
0 1 1
5 79 20
21 60 19
40 73 14
14 20 17
32 74 4
51 87 1
35 79 7
7 17 11
26 30 6
67 68 -15
70 73 15
9 63 6
28 76 19
47 89 9
0 14 13
5 92 -4
21 73 -3
62 74 -14
81 87 -17
39 90 19
14 33 -19
74 84 -5
13 74 -19
32 87 -14
16 79 -18
35 92 8
7 30 -1
6 34 -5
9 76 -8
28 89 -5
69 90 15
27 93 -5
30 98 -17
2 36 -3
62 87 12
20 90 16
4 82 2
23 95 -2
13 87 4
16 92 -7
57 93 -12
29 31 9
6 47 -13
50 90 20
8 93 1
25 33 14
11 98 -5
2 49 -7
84 88 -3
43 50 7
1 53 -9
87 93 -11
4 95 -12
17 34 10
36 47 16
96 98 17
55 60 -16
38 93 -13
29 44 -17
31 53 -1
24 50 -12
43 63 -18
1 66 -14
17 47 8
12 53 -18
31 66 8
3 4 -18
24 63 -11
68 69 -1
26 72 1
58 61 -14
42 53 3
61 66 15
0 56 -16
19 69 14
54 63 -7
12 66 -17
53 67 1
72 80 -19
56 72 -9
46 64 -15
5 26 -12
65 77 -15
49 69 4
68 82 8
7 72 -8
26 85 -11
42 66 -3
0 69 20
19 82 1
60 83 18
34 67 8
53 80 -13
72 93 15
37 72 -20
56 85 -9
9 10 20
14 88 -13
46 77 5
5 39 -17
49 82 -6
7 85 19
48 86 -17
20 24 7
23 29 3
41 83 -16
60 96 18
25 75 9
13 21 -1
44 88 10
16 26 -13
2 91 9
34 80 17
37 85 -1
78 86 2
97 99 -13
8 27 -16
27 40 -10
11 32 3
71 83 -15
30 45 -13
90 96 16
29 86 -7
48 99 -17
20 37 -18
4 29 -2
23 42 -5
41 96 -4
25 88 4
15 43 2
18 48 18
59 86 18
78 99 3
17 89 18
8 40 5
27 53 -9
11 45 -19
30 58 -20
71 96 19
29 99 10
3 46 -13
22 59 14
38 40 18
15 56 1
18 61 -20
59 99 13
33 46 -10
52 59 2
10 62 -20
1 13 13
45 56 -8
3 59 7
22 72 -7
40 62 -1
33 59 2
52 72 17
10 75 -8
51 76 9
28 65 19
47 78 -20
0 3 19
5 81 -11
21 62 4
40 75 -2
14 22 15
32 76 13
51 89 -17
35 81 11
7 19 2
67 70 -16
26 32 -4
70 75 12
9 65 -16
28 78 -19
47 91 19
0 16 13
5 94 -4
2 25 3
21 75 20
62 76 -3
81 89 -1
20 79 5
39 92 -20
23 84 -1
14 35 -10
13 76 -7
32 89 9
16 81 14
35 94 18
76 95 -12
6 36 -13
9 78 -13
50 79 15
69 92 -14
27 95 -13
2 38 -12
62 89 6
20 92 -15
4 84 7
23 97 -1
13 89 -12
16 94 16
57 95 10
29 33 -13
15 98 -14
6 49 -19
50 92 4
8 95 -16
25 35 -7
24 39 13
43 52 -12
84 90 11
87 95 10
1 55 -6
4 97 -10
45 98 -13
17 36 19
36 49 9
38 95 1
31 55 -14
75 98 -20
24 52 13
43 65 -4
1 68 -2
17 49 -4
19 58 5
12 55 -15
31 68 -6
5 15 -18
46 53 -20
65 66 16
49 58 16
68 71 -13
26 74 14
58 63 -7
42 55 17
61 68 3
0 58 -18
19 71 -3
12 68 17
53 69 3
72 82 1
56 74 -20
5 28 4
46 66 -4
65 79 1
49 71 10
68 84 -5
7 74 10
26 87 -18
42 68 13
0 71 8
41 72 16
60 85 1
44 77 -7
34 69 -15
53 82 13
37 74 -10
56 87 4
9 12 -9
14 90 20
27 29 -18
30 34 4
71 72 3
7 87 -12
48 88 14
20 26 -1
4 18 8
23 31 19
41 85 7
60 98 9
13 23 -10
25 77 3
44 90 1
16 28 -18
2 93 6
34 82 -12
37 87 20
78 88 -4
36 91 -4
8 29 -2
27 42 1
11 34 5
30 47 -3
71 85 -1
90 98 12
29 88 -15
4 31 4
23 44 -20
22 48 -5
25 90 -13
66 91 2
15 45 9
18 50 -15
59 88 19
17 91 10
8 42 -14
11 47 2
1 2 -6
3 48 5
22 61 19
38 42 -11
15 58 -6
18 63 11
33 48 8
52 61 -13
10 64 2
45 58 -6
3 61 15
47 67 -11
21 51 -1
40 64 11
33 61 13
10 77 -6
51 78 4
7 8 -16
28 67 6
47 80 -5
0 5 8
5 83 -20
21 64 20
40 77 -14
39 81 15
14 24 -8
74 75 15
13 65 -16
32 78 -18
51 91 15
16 70 -17
35 83 -14
7 21 14
70 77 -20
9 67 10
28 80 -7
69 81 6
5 96 -5
2 27 -2
62 78 17
81 91 6
20 81 12
39 94 9
23 86 -10
14 37 10
13 78 4
32 91 20
16 83 -12
35 96 -5
76 97 -19
6 38 -19
9 80 7
50 81 -17
69 94 -13
8 84 -10
27 97 7
11 89 13
2 40 -2
62 91 -5
20 94 1
4 86 -15
23 99 -20
17 25 -14
36 38 -11
38 84 9
57 97 -10
29 35 14
6 51 -13
50 94 20
91 95 9
8 97 11
24 41 13
43 54 -5
84 92 8
87 97 -14
1 57 -1
4 99 -8
17 38 9
36 51 5
38 97 -14
12 44 -2
31 57 10
24 54 3
1 70 -9
42 44 14
19 60 -18
10 11 -3
12 57 16
31 70 5
46 55 11
5 17 17
65 68 -20
49 60 8
68 73 19
7 63 3
26 76 5
58 65 20
42 57 2
61 70 -2
0 60 9
19 73 -10
60 74 12
34 58 20
53 71 14
72 84 -11
37 63 16
56 76 -9
14 79 11
46 68 9
5 30 20
49 73 -16
7 76 -1
26 89 -13
0 73 -10
41 74 9
60 87 2
44 79 8
16 17 14
34 71 7
53 84 6
37 76 -16
56 89 7
9 14 -5
14 92 6
27 31 4
30 36 13
71 74 20
29 77 -12
48 90 -20
20 28 -10
39 41 -3
6 93 7
4 20 6
23 33 9
83 84 2
41 87 19
25 79 -12
44 92 18
85 93 13
16 30 -13
2 95 10
15 34 -1
59 77 -3
18 39 -7
78 90 -6
36 93 -5
8 31 17
27 44 5
11 36 15
71 87 7
30 49 14
29 90 -18
4 33 -20
22 50 -12
25 92 17
66 93 -7
15 47 -15
18 52 8
59 90 11
17 93 3
8 44 -11
11 49 16
10 53 2
1 4 3
54 96 -2
45 47 -19
3 50 -16
22 63 20
40 53 -17
33 50 20
52 63 -3
10 66 1
3 63 -9
47 69 17
5 72 -8
21 53 18
40 66 2
33 63 13
32 67 1
51 80 -20
35 72 17
7 10 -18
9 56 -8
28 69 3
47 82 -6
0 7 1
5 85 17
21 66 12
62 67 17
39 83 -6
14 26 -18
74 77 17
13 67 -1
32 80 12
51 93 18
16 72 -19
35 85 10
7 23 -20
6 27 14
9 69 -14
28 82 15
69 83 13
27 86 4
30 91 2
2 29 -20
62 80 15
81 93 5
20 83 -16
39 96 -16
4 75 -18
23 88 18
13 80 -13
16 85 -18
57 86 1
76 99 8
6 40 1
50 83 12
69 96 -5
8 86 -12
27 99 -2
25 26 9
11 91 -5
2 42 -2
20 96 7
4 88 2
17 27 -2
36 40 6
38 86 20
57 99 -13
29 37 17
31 46 -16
50 96 19
91 97 -1
8 99 -17
24 43 18
43 56 2
84 94 -13
1 59 17
87 99 19
17 40 -4
38 99 -1
12 46 1
31 59 12
24 56 20
42 46 11
0 49 7
19 62 -16
10 13 -9
54 56 2
12 59 14
53 60 -6
72 73 13
5 19 -9
46 57 2
65 70 -12
49 62 -16
68 75 -18
7 65 -5
26 78 6
42 59 -7
0 62 5
19 75 -18
60 76 12
34 60 20
53 73 10
72 86 -9
37 65 15
56 78 14
14 81 11
5 32 9
46 70 -20
49 75 16
7 78 16
26 91 -5
41 76 -5
60 89 -6
25 68 13
13 14 -6
44 81 -18
16 19 -6
2 84 -9
34 73 -2
37 78 7
78 79 20
9 16 16
14 94 17
55 95 12
8 20 -5
27 33 5
11 25 -19
71 76 13
30 38 -8
29 79 17
48 92 20
20 30 -16
6 95 -17
4 22 -16
23 35 16
41 89 14
25 81 -19
44 94 -15
85 95 -20
2 97 12
15 36 -1
59 79 2
18 41 -1
78 92 -2
36 95 -5
8 33 20
27 46 -15
11 38 -1
30 51 15
71 89 -18
29 92 -9
4 35 11
3 39 -11
22 52 -20
66 95 -4
24 98 -10
15 49 3
59 92 7
18 54 -16
17 95 12
33 39 -10
10 55 -12
54 98 -17
1 6 10
45 49 15
3 52 -19
22 65 15
40 55 2
33 52 -1
52 65 12
10 68 -4
51 69 -10
28 58 -18
47 71 8
5 74 -12
21 55 7
40 68 9
14 15 -11
32 69 -15
51 82 16
35 74 -9
7 12 19
9 58 -19
28 71 -20
47 84 -4
0 9 -2
5 87 15
21 68 8
62 69 -2
81 82 -19
20 72 -3
39 85 -13
23 77 -5
14 28 6
74 79 17
13 69 1
32 82 -20
16 74 14
35 87 -1
76 88 8
6 29 6
9 71 -13
50 72 16
69 85 -12
27 88 -14
30 93 7
2 31 -14
62 82 -20
20 85 -7
39 98 11
4 77 4
23 90 15
13 82 -13
16 87 3
57 88 -16
15 91 6
6 42 -17
18 96 4
50 85 14
69 98 -14
8 88 12
25 28 15
11 93 14
24 32 11
43 45 -18
87 88 -15
1 48 -20
4 90 2
45 91 -7
17 29 20
36 42 -19
38 88 -2
31 48 4
91 99 -4
75 91 7
24 45 1
43 58 6
84 96 -15
1 61 2
17 42 -4
12 48 -16
31 61 -15
5 8 9
49 51 -20
26 67 -2
42 48 -7
0 51 -3
19 64 -18
12 61 2
53 62 -8
72 75 14
56 67 16
5 21 -20
46 59 3
65 72 -5
49 64 17
68 77 -18
7 67 -20
26 80 5
42 61 10
0 64 -7
60 78 19
34 62 -10
53 75 14
37 67 16
56 80 -12
14 83 20
7 80 -18
48 81 -13
4 11 -18
23 24 2
41 78 11
60 91 -10
25 70 -15
13 16 -8
44 83 -19
16 21 -14
2 86 4
34 75 18
37 80 7
78 81 3
14 96 -12
55 97 11
8 22 -12
27 35 -8
11 27 17
71 78 13
30 40 12
90 91 9
29 81 19
48 94 12
20 32 1
6 97 16
4 24 -18
23 37 11
22 41 18
25 83 -9
44 96 14
85 97 -20
2 99 -4
15 38 -10
59 81 5
18 43 -6
78 94 -2
17 84 10
36 97 16
8 35 11
11 40 -13
29 94 -15
3 41 -14
22 54 3
66 97 -9
15 51 -11
18 56 -16
59 94 8
17 97 -6
33 41 18
52 54 -12
10 57 -16
45 51 19
3 54 12
47 60 10
21 44 -11
40 57 7
33 54 1
10 70 9
51 71 -15
28 60 -12
47 73 17
5 76 4
21 57 5
40 70 -10
39 74 16
14 17 -8
13 58 18
32 71 -18
51 84 15
16 63 14
35 76 -18
7 14 12
9 60 -18
28 73 -20
69 74 19
5 89 4
2 20 -6
62 71 3
81 84 10
20 74 -11
39 87 -16
23 79 18
14 30 -6
13 71 11
32 84 10
16 76 7
35 89 -5
76 90 -1
6 31 -17
9 73 3
50 74 8
69 87 17
8 77 19
27 90 -11
11 82 13
30 95 -15
2 33 -20
62 84 -4
20 87 -13
4 79 -12
23 92 18
64 93 -20
17 18 -14
38 77 -13
57 90 11
15 93 18
6 44 16
18 98 -7
50 87 17
8 90 5
11 95 -12
24 34 -16
84 85 12
43 47 11
87 90 3
1 50 -17
4 92 4
45 93 13
17 31 15
3 96 3
36 44 -17
38 90 17
31 50 -19
75 93 16
33 96 20
24 47 16
84 98 12
1 63 1
19 53 17
63 96 7
12 50 4
31 63 -4
46 48 -16
5 10 2
49 53 13
26 69 7
42 50 -7
61 63 9
0 53 -18
19 66 -11
53 64 -12
72 77 -13
56 69 19
14 72 -11
46 61 15
5 23 -18
49 66 -3
68 79 -5
7 69 -17
26 82 18
0 66 19
41 67 20
60 80 -12
44 72 15
34 64 10
53 77 17
37 69 19
56 82 -20
14 85 -16
7 82 9
48 83 -13
20 21 12
6 86 -18
4 13 -10
23 26 14
41 80 -9
60 93 -16
13 18 20
25 72 13
44 85 1
16 23 20
2 88 -19
15 27 1
18 32 -15
78 83 -1
36 86 8
55 99 16
8 24 -11
27 37 8
11 29 -5
71 80 19
30 42 -9
29 83 -8
48 96 -18
6 99 13
4 26 -12
22 43 -4
25 85 9
66 86 3
85 99 -1
15 40 -12
18 45 11
59 83 -18
78 96 16
17 86 -3
36 99 -11
8 37 -10
11 42 -16
10 46 -1
29 96 -1
3 43 -13
22 56 -8
66 99 10
40 46 -3
17 99 1
33 43 -18
52 56 -8
10 59 3
3 56 -16
47 62 18
5 65 18
21 46 20
40 59 11
33 56 3
32 60 15
51 73 -3
35 65 -5
9 49 14
28 62 -6
47 75 20
5 78 -1
21 59 -15
39 76 -16
14 19 -19
13 60 3
32 73 -17
51 86 -3
16 65 -12
35 78 -11
7 16 19
9 62 -10
28 75 -12
69 76 6
27 79 7
30 84 -16
2 22 9
62 73 3
81 86 -12
20 76 12
39 89 15
4 68 4
23 81 8
14 32 3
13 73 -11
16 78 5
57 79 6
76 92 -2
6 33 -20
50 76 17
69 89 13
8 79 -20
27 92 16
11 84 -8
30 97 -18
2 35 17
20 89 4
4 81 -18
23 94 -5
64 95 -7
17 20 -3
38 79 -16
57 92 -2
29 30 -17
15 95 -17
6 46 -17
50 89 10
8 92 20
94 95 -1
11 97 -7
52 98 18
24 36 3
43 49 -18
84 87 7
1 52 -2
87 92 14
45 95 -17
17 33 15
3 98 -10
38 92 15
79 93 -10
82 98 5
12 39 -4
31 52 -4
75 95 15
33 98 1
24 49 18
1 65 -7
19 55 13
63 98 -18
12 52 -8
31 65 -6
5 12 -13
46 50 8
49 55 -17
7 58 -7
26 71 -2
42 52 20
0 55 -11
19 68 -20
60 69 -17
34 53 -1
53 66 -3
72 79 -4
37 58 15
56 71 18
14 74 16
5 25 -19
46 63 17
49 68 7
7 71 15
26 84 -20
0 68 -12
41 69 12
60 82 13
44 74 6
2 77 -20
34 66 2
53 79 19
37 71 -1
56 84 20
14 87 9
55 88 -1
8 13 -13
11 18 -7
30 31 11
29 72 -8
48 85 18
20 23 15
6 88 -12
4 15 -7
23 28 5
41 82 -1
25 74 2
44 87 -15
85 88 8
2 90 -7
15 29 -1
18 34 8
59 72 18
78 85 -7
97 98 19
36 88 -6
8 26 -4
27 39 -20
11 31 -1
30 44 10
71 82 1
29 85 -19
48 98 -16
4 28 -2
3 32 -14
22 45 -16
25 87 6
66 88 9
24 91 -19
15 42 -2
18 47 9
59 85 16
78 98 19
17 88 -1
10 48 6
54 91 2
3 45 4
22 58 -2
40 48 17
33 45 7
52 58 11
10 61 3
51 62 -1
28 51 -11
47 64 -18
5 67 15
21 48 16
40 61 17
32 62 -17
51 75 10
35 67 -17
9 51 -20
28 64 -8
47 77 14
0 2 -14
5 80 19
21 61 -15
20 65 -17
39 78 -14
23 70 -6
14 21 -15
13 62 18
32 75 -12
16 67 13
35 80 10
76 81 -9
6 22 -14
9 64 -18
50 65 17
69 78 -6
27 81 -3
30 86 8
2 24 17
62 75 -4
20 78 -6
39 91 -2
4 70 -18
23 83 -19
13 75 -3
16 80 17
57 81 17
76 94 17
15 84 -13
6 35 -7
50 78 -11
69 91 3
8 81 1
27 94 20
11 86 -13
30 99 -11
2 37 17
1 41 -14
4 83 16
45 84 -10
64 97 -14
17 22 16
38 81 -6
57 94 14
15 97 1
31 41 9
91 92 17
75 84 -16
8 94 -8
94 97 -4
11 99 8
24 38 -17
43 51 -3
84 89 3
87 94 18
1 54 3
45 97 20
17 35 1
38 94 -10
79 95 18
12 41 -14
31 54 -13
75 97 10
24 51 17
26 60 -16
67 98 19
0 44 -18
19 57 -14
12 54 1
53 55 -11
56 60 4
46 52 -10
5 14 -20
49 57 6
68 70 -3
7 60 8
26 73 -9
42 54 -1
0 57 19
19 70 -18
60 71 -20
34 55 3
53 68 18
72 81 -16
37 60 12
56 73 4
14 76 -13
46 65 16
49 70 -19
7 73 12
48 74 -7
41 71 10
60 84 10
25 63 -4
44 76 -13
2 79 -16
34 68 8
37 73 -18
14 89 -1
55 90 -3
8 15 14
27 28 -11
11 20 -17
30 33 6
29 74 14
48 87 18
20 25 -5
6 90 18
4 17 -14
23 30 14
22 34 1
41 84 -2
25 76 20
44 89 -19
85 90 -5
2 92 -12
43 93 -10
15 31 -17
18 36 -13
59 74 -5
78 87 -1
17 77 15
36 90 11
8 28 -2
11 33 3
71 84 -19
29 87 -6
73 93 6
3 34 11
22 47 7
66 90 16
24 93 16
15 44 -1
59 87 -20
18 49 -2
17 90 6
33 34 -9
10 50 3
54 93 4
12 96 19
3 47 11
47 53 14
21 37 6
40 50 2
42 96 15
33 47 -3
10 63 19
51 64 -3
28 53 -17
47 66 -17
5 69 -11
21 50 -18
40 63 -2
13 51 -8
32 64 19
51 77 1
16 56 6
35 69 5
9 53 -18
28 66 -13
5 82 3
2 13 15
62 64 1
20 67 -3
39 80 6
23 72 9
14 23 -2
13 64 6
32 77 15
16 69 3
35 82 14
76 83 -17
6 24 1
9 66 16
50 67 -15
69 80 -12
8 70 16
27 83 1
30 88 20
2 26 -1
62 77 8
20 80 12
4 72 20
23 85 3
38 70 16
57 83 19
76 96 18
15 86 5
6 37 5
18 91 15
50 80 2
8 83 14
27 96 20
11 88 8
24 27 2
1 43 12
4 85 9
45 86 -14
64 99 -16
17 24 10
36 37 -17
38 83 -2
57 96 16
15 99 -17
31 43 -6
91 94 -13
75 86 14
94 99 2
24 40 7
43 53 -4
84 91 -11
1 56 -12
87 96 13
45 99 -16
17 37 12
19 46 10
79 97 -17
63 89 -4
12 43 5
31 56 -17
75 99 -14
26 62 -5
42 43 11
0 46 -19
19 59 -4
12 56 -13
53 57 4
56 62 14
14 65 17
5 16 8
46 54 -5
65 67 15
49 59 2
68 72 -6
7 62 11
26 75 19
42 56 -13
0 59 -13
41 60 -14
60 73 -16
44 65 -18
34 57 2
53 70 -14
37 62 -10
56 75 1
14 78 -20
7 75 -9
48 76 3
6 79 13
4 6 7
41 73 17
60 86 14
25 65 16
44 78 -19
2 81 10
15 20 -7
34 70 -2
18 25 8
37 75 -17
36 79 -13
55 92 -16
8 17 19
27 30 -13
11 22 12
71 73 -1
30 35 6
29 76 -3
48 89 -8
6 92 -16
4 19 -18
22 36 2
25 78 -18
66 79 -8
85 92 -14
2 94 -15
43 95 -7
15 33 15
1 98 -7
18 38 16
59 76 -12
78 89 8
17 79 -1
36 92 16
8 30 3
11 35 -1
29 89 -18
73 95 -13
31 98 -8
3 36 19
22 49 -11
66 92 -12
24 95 10
59 89 -1
17 92 9
58 93 -13
61 98 10
33 36 9
10 52 -16
54 95 -20
12 98 3
3 49 -6
88 93 -11
47 55 1
21 39 1
40 52 1
42 98 11
33 49 20
32 53 -3
51 66 5
9 42 11
28 55 14
47 68 9
5 71 -16
21 52 18
39 69 -9
13 53 -5
32 66 6
51 79 10
16 58 15
35 71 -7
7 9 -11
9 55 -12
28 68 19
5 84 -15
2 15 -7
62 66 -20
20 69 10
39 82 20
23 74 -14
14 25 -14
13 66 17
16 71 8
76 85 -17
6 26 -12
50 69 14
69 82 12
8 72 8
27 85 -9
11 77 -16
30 90 18
2 28 -10
20 82 4
4 74 18
23 87 -6
64 88 -1
38 72 10
57 85 -14
76 98 -20
15 88 9
6 39 -6
18 93 16
50 82 18
8 85 11
27 98 17
11 90 -19
24 29 12
1 45 -18
45 88 13
17 26 9
3 91 -12
36 39 8
38 85 6
79 86 11
98 99 5
12 32 18
31 45 11
91 96 5
75 88 4
33 91 8
24 42 -20
1 58 4
19 48 -2
79 99 -9
63 91 3
12 45 -17
31 58 -6
7 51 -18
26 64 -18
42 45 17
0 48 20
19 61 -18
60 62 -14
34 46 -12
53 59 -9
37 51 -1
56 64 -13
14 67 8
5 18 -5
46 56 15
49 61 4
7 64 -15
26 77 19
0 61 13
41 62 11
60 75 3
44 67 14
2 70 -5
34 59 7
53 72 20
37 64 3
56 77 -13
14 80 17
55 81 20
29 65 16
48 78 4
6 81 9
4 8 -19
41 75 19
25 67 -20
44 80 -9
2 83 10
15 22 2
18 27 -20
59 65 -15
36 81 20
55 94 12
8 19 -9
27 32 18
11 24 -3
30 37 2
71 75 -18
29 78 17
48 91 -8
6 94 16
4 21 16
22 38 -5
25 80 -13
66 81 12
85 94 6
24 84 -15
43 97 -12
15 35 1
18 40 -4
59 78 16
78 91 -13
17 81 13
36 94 -2
77 95 -4
10 41 7
54 84 20
73 97 -20
3 38 11
22 51 -18
66 94 -1
24 97 -15
40 41 15
17 94 1
58 95 -3
33 38 17
10 54 19
54 97 -9
47 57 11
88 95 10
5 60 17
46 98 8
21 41 -7
40 54 19
32 55 -14
51 68 19
35 60 19
9 44 -19
28 57 -2
47 70 10
5 73 -13
21 54 -10
39 71 -4
13 55 -18
32 68 -8
51 81 -4
16 60 -14
35 73 -2
7 11 13
6 15 16
9 57 3
50 58 17
69 71 15
27 74 18
30 79 5
2 17 8
62 68 -8
20 71 -10
39 84 17
4 63 -18
23 76 2
13 68 17
16 73 -10
57 74 2
76 87 10
6 28 -19
50 71 16
69 84 15
8 74 -9
27 87 15
11 79 -16
30 92 -3
2 30 12
1 34 -6
4 76 13
23 89 19
64 90 -11
22 93 -11
38 74 -18
57 87 17
15 90 20
18 95 3
31 34 10
8 87 -13
11 92 -17
52 93 19
24 31 10
43 44 20
1 47 17
45 90 19
17 28 -17
3 93 20
38 87 12
79 88 5
82 93 18
12 34 17
31 47 15
91 98 -17
75 90 3
33 93 2
24 44 17
26 53 3
0 37 -5
19 50 20
63 93 8
21 96 -16
12 47 -1
5 7 17
49 50 13
7 53 9
26 66 -17
42 47 17
0 50 -3
19 63 -17
60 64 -17
34 48 15
53 61 10
72 74 6
37 53 14
56 66 -3
14 69 19
46 58 -8
49 63 -13
7 66 -13
48 67 13
41 64 6
60 77 -6
25 56 -9
44 69 19
2 72 -19
34 61 -4
37 66 -13
14 82 5
55 83 -5
11 13 19
29 67 19
48 80 -7
6 83 -15
4 10 -8
41 77 -7
25 69 5
44 82 -2
2 85 7
43 86 11
15 24 13
18 29 -5
59 67 -16
78 80 5
17 70 -3
36 83 9
55 96 13
8 21 11
11 26 12
71 77 -18
29 80 9
73 86 -14
6 96 12
3 27 -12
22 40 -14
66 83 -12
85 96 12
24 86 -13
43 99 -6
15 37 -8
59 80 16
18 42 -3
17 83 -3
36 96 15
77 97 6
10 43 1
54 86 -2
73 99 20
12 89 3
3 40 5
22 53 13
66 96 -12
24 99 -8
40 43 -19
58 97 4
42 89 -5
33 40 -10
10 56 -1
51 57 4
54 99 4
28 46 -1
47 59 -6
88 97 -8
5 62 -10
21 43 13
40 56 -9
32 57 10
51 70 17
35 62 -4
9 46 17
28 59 -7
47 72 -19
5 75 20
2 6 -17
20 60 -13
39 73 13
23 65 6
14 16 -14
13 57 15
32 70 3
16 62 -11
35 75 -15
6 17 20
9 59 13
50 60 1
69 73 -8
27 76 9
30 81 8
2 19 7
62 70 12
20 73 -17
39 86 -19
4 65 17
23 78 -10
16 75 5
57 76 -5
76 89 15
15 79 -1
6 30 20
18 84 15
50 73 13
69 86 16
8 76 -4
27 89 11
11 81 -11
30 94 13
1 36 13
4 78 -19
45 79 -13
64 92 -20
22 95 -18
38 76 -10
57 89 -4
15 92 -20
18 97 -1
31 36 -11
75 79 13
8 89 -7
11 94 17
52 95 18
24 33 -3
10 98 15
43 46 9
1 49 -3
87 89 8
45 92 20
17 30 -14
3 95 16
19 39 -17
79 90 11
82 95 16
40 98 20
12 36 -14
31 49 19
75 92 -19
33 95 -16
67 93 13
26 55 -8
70 98 17
0 39 -5
19 52 -7
63 95 -18
21 98 5
12 49 -5
14 58 11
46 47 4
5 9 20
49 52 8
7 55 -4
26 68 9
42 49 4
0 52 -12
41 53 -13
60 66 18
44 58 -1
34 50 -8
53 63 10
37 55 8
56 68 17
14 71 17
7 68 -3
48 69 -16
6 72 -5
41 66 -20
60 79 -17
25 58 -16
44 71 -11
2 74 18
34 63 14
37 68 -12
36 72 -8
55 85 12
8 10 19
11 15 3
29 69 -4
48 82 -13
6 85 -2
4 12 -4
22 29 -2
25 71 10
66 72 -20
2 87 17
43 88 -2
15 26 3
18 31 -18
59 69 7
78 82 4
17 72 -5
36 85 -11
55 98 20
8 23 -18
11 28 -8
29 82 -10
73 88 -14
31 91 1
3 29 -18
22 42 -5
66 85 -8
85 98 -6
24 88 -14
15 39 9
18 44 -3
59 82 19
17 85 -18
58 86 11
77 99 -16
61 91 7
10 45 14
54 88 -18
12 91 -17
3 42 -1
47 48 9
21 32 -3
40 45 -1
58 99 -8
42 91 -4
33 42 20
0 94 19
10 58 -2
51 59 16
28 48 4
47 61 -20
88 99 11
5 64 18
21 45 -20
40 58 10
39 62 -1
13 46 -20
32 59 9
51 72 9
16 51 9
35 64 -12
9 48 5
28 61 -9
5 77 18
2 8 14
20 62 10
39 75 -9
23 67 -16
14 18 -15
13 59 -1
32 72 20
16 64 -8
35 77 17
76 78 -19
6 19 -7
9 61 8
50 62 -17
69 75 -8
8 65 2
27 78 16
11 70 -18
30 83 19
2 21 1
20 75 14
4 67 3
23 80 -14
64 81 -20
38 65 -12
57 78 1
76 91 -10
15 81 -2
6 32 8
18 86 18
50 75 7
8 78 7
27 91 -5
11 83 -15
30 96 -19
1 38 -19
4 80 19
45 81 2
64 94 -8
17 19 17
3 84 -20
22 97 5
38 78 -17
57 91 -3
15 94 20
18 99 -17
12 25 1
31 38 -19
75 81 -20
33 84 -15
52 97 -5
24 35 -3
1 51 -13
87 91 6
45 94 -3
86 95 -11
3 97 1
19 41 -16
79 92 -3
63 84 15
82 97 -10
12 38 -7
31 51 6
75 94 -17
33 97 16
7 44 12
67 95 -9
26 57 -17
0 41 18
19 54 -2
63 97 -18
34 39 3
37 44 -11
56 57 -16
14 60 7
46 49 2
5 11 -11
49 54 16
7 57 12
26 70 12
0 54 3
41 55 8
60 68 -19
44 60 17
2 63 3
34 52 -6
53 65 18
37 57 2
56 70 3
14 73 -19
55 74 -10
29 58 -14
48 71 4
6 74 10
41 68 -20
25 60 -3
44 73 -20
2 76 -12
18 20 8
36 74 12
55 87 -19
8 12 -5
11 17 12
29 71 15
48 84 6
6 87 12
4 14 -1
22 31 -3
25 73 13
66 74 -9
85 87 13
24 77 -2
43 90 -8
15 28 2
1 93 11
18 33 -18
59 71 10
78 84 -7
17 74 17
36 87 -12
77 88 -15
11 30 -18
10 34 -9
54 77 15
73 90 5
31 93 5
3 31 10
22 44 14
66 87 9
24 90 4
17 87 -7
58 88 -20
61 93 -14
10 47 -19
54 90 -16
12 93 -5
3 44 -5
47 50 -20
46 91 4
5 53 7
49 96 -10
21 34 15
40 47 13
42 93 -15
33 44 -13
0 96 -20
32 48 3
51 61 -15
35 53 5
9 37 -14
28 50 17
47 63 7
5 66 13
21 47 -13
39 64 7
13 48 11
32 61 -9
51 74 -17
16 53 17
35 66 16
6 8 20
9 50 7
28 63 3
27 67 -15
30 72 -4
2 10 12
20 64 10
39 77 9
4 56 -10
23 69 -17
13 61 -4
16 66 -15
57 67 5
76 80 11
6 21 8
50 64 -8
69 77 4
8 67 5
27 80 13
11 72 5
30 85 18
2 23 -2
1 27 2
20 77 -17
4 69 -8
23 82 -2
64 83 3
22 86 -18
38 67 3
57 80 9
76 93 -12
15 83 -1
18 88 -12
50 77 -13
8 80 -9
11 85 18
52 86 15
1 40 -17
45 83 15
64 96 -13
17 21 -9
3 86 -19
22 99 -3
38 80 5
79 81 6
82 86 -4
15 96 -12
12 27 -2
31 40 5
75 83 -17
94 96 19
33 86 9
52 99 1
24 37 -19
45 96 -16
86 97 16
3 99 2
0 30 -2
19 43 -19
79 94 5
63 86 -7
82 99 11
21 89 10
12 40 17
75 96 -1
33 99 -10
7 46 -20
67 97 -2
26 59 -18
0 43 -20
19 56 -1
63 99 -9
34 41 -9
53 54 20
37 46 -13
56 59 -20
14 62 2
46 51 -14
5 13 10
49 56 -17
7 59 11
48 60 12
41 57 4
60 70 -8
25 49 12
44 62 -18
2 65 9
34 54 17
37 59 19
14 75 1
55 76 -11
29 60 19
48 73 -7
6 76 19
41 70 20
25 62 8
44 75 -9
2 78 -14
15 17 -14
18 22 12
59 60 -2
17 63 9
36 76 -10
55 89 -13
8 14 -6
11 19 -11
30 32 -8
29 73 -17
73 79 1
6 89 12
4 16 13
3 20 19
22 33 2
66 76 -9
85 89 19
24 79 -12
43 92 20
15 30 2
1 95 18
59 73 18
18 35 -18
17 76 -7
36 89 2
77 90 -13
80 95 -5
10 36 14
54 79 -19
73 92 -15
31 95 15
3 33 -17
22 46 11
66 89 -4
24 92 -11
58 90 1
42 82 -3
61 95 -1
19 98 5
10 49 13
54 92 -6
12 95 19
28 39 4
47 52 -9
88 90 18
46 93 6
5 55 -10
49 98 -11
21 36 14
40 49 13
42 95 -6
0 98 -13
32 50 -15
51 63 -19
35 55 13
9 39 14
28 52 17
47 65 -14
5 68 20
21 49 7
20 53 -15
39 66 6
23 58 9
13 50 5
32 63 -11
16 55 -3
35 68 16
6 10 11
9 52 -1
50 53 -4
27 69 -13
30 74 6
2 12 13
62 63 8
20 66 11
39 79 -20
4 58 4
23 71 14
13 63 13
16 68 -19
57 69 13
76 82 -18
15 72 15
18 77 -5
6 23 6
50 66 -4
69 79 10
8 69 -6
27 82 18
11 74 2
30 87 -11
1 29 -12
4 71 8
45 72 -10
64 85 14
22 88 -11
38 69 -20
57 82 -18
15 85 7
18 90 -11
8 82 -20
11 87 -12
52 88 11
24 26 -10
10 91 16
1 42 10
45 85 -19
64 98 16
17 23 -6
3 88 11
19 32 -17
38 82 11
79 83 -2
82 88 -6
40 91 3
12 29 9
31 42 6
91 93 -11
75 85 4
94 98 18
33 88 -17
26 48 1
67 86 -2
86 99 -19
70 91 -1
0 32 8
19 45 14
79 96 11
63 88 -19
21 91 5
12 42 4
7 48 -1
67 99 -13
26 61 13
9 94 -13
0 45 18
41 46 -15
34 43 -7
53 56 -11
37 48 -9
56 61 -7
14 64 -5
7 61 7
48 62 10
41 59 -14
60 72 -12
25 51 8
44 64 8
2 67 -8
34 56 -19
37 61 -11
14 77 11
55 78 -14
29 62 -3
48 75 18
6 78 9
4 5 12
25 64 -18
2 80 1
43 81 -3
15 19 -2
18 24 4
59 62 -20
17 65 3
36 78 -13
55 91 -10
8 16 -1
11 21 18
29 75 -18
73 81 -14
6 91 -16
3 22 -7
22 35 7
66 78 14
85 91 -7
24 81 -9
43 94 -1
15 32 -6
1 97 20
59 75 14
18 37 3
17 78 11
77 92 12
80 97 7
10 38 -12
54 81 17
73 94 -16
12 84 -6
31 97 -15
3 35 -2
24 94 2
65 95 19
21 25 -4
58 92 -20
42 84 -11
61 97 -12
33 35 -7
10 51 -2
51 52 9
54 94 1
12 97 2
28 41 3
88 92 -1
47 54 -5
46 95 9
5 57 -2
21 38 -13
40 51 7
39 55 -20
42 97 18
13 39 15
32 52 19
51 65 7
16 44 -2
35 57 8
34 98 -19
9 41 6
28 54 -10
5 70 -1
20 55 6
39 68 -12
23 60 3
13 52 17
32 65 -20
16 57 -13
35 70 -5
6 12 -19
9 54 9
50 55 2
8 58 -19
27 71 16
11 63 2
30 76 6
2 14 15
62 65 12
20 68 14
4 60 -7
23 73 6
64 74 2
38 58 8
57 71 19
76 84 -1
15 74 -8
6 25 -9
18 79 18
50 68 14
8 71 7
27 84 3
11 76 1
30 89 9
1 31 -16
4 73 -10
45 74 12
64 87 -5
3 77 -18
22 90 20
38 71 -11
57 84 -16
15 87 -9
18 92 16
12 18 17
33 77 -3
52 90 13
24 28 5
10 93 -12
1 44 -1
45 87 -17
86 88 -5
3 90 6
89 93 8
19 34 12
79 85 -6
63 77 -14
82 90 -8
40 93 15
12 31 6
31 44 14
75 87 18
33 90 -11
26 50 -4
67 88 -14
70 93 -6
28 96 -10
0 34 -20
19 47 18
79 98 20
63 90 2
21 93 9
14 53 9
7 50 4
26 63 -14
9 96 -12
0 47 -20
41 48 -15
60 61 10
44 53 -9
34 45 -6
53 58 6
37 50 7
56 63 -8
14 66 -3
48 64 8
6 67 17
41 61 7
25 53 -1
44 66 16
2 69 -14
36 67 8
55 80 2
29 64 14
48 77 -1
6 80 -17
4 7 4
22 24 3
25 66 -12
66 67 -14
2 82 12
43 83 17
15 21 19
1 86 7
59 64 -19
18 26 -2
17 67 11
36 80 -6
55 93 -15
8 18 -12
11 23 -15
10 27 18
73 83 -7
31 86 18
3 24 -9
22 37 8
66 80 -20
24 83 6
43 96 15
1 99 18
17 80 15
58 81 -5
77 94 3
61 86 11
80 99 8
10 40 -19
54 83 1
73 96 -6
12 86 -16
31 99 10
3 37 11
5 46 13
24 96 14
65 97 1
21 27 -20
58 94 2
42 86 13
61 99 12
33 37 1
0 89 11
32 41 -12
51 54 -2
35 46 -20
95 97 -15
12 99 16
9 30 -14
28 43 8
47 56 -3
88 94 7
5 59 3
46 97 11
21 40 -13
39 57 10
42 99 13
13 41 -13
32 54 16
51 67 -10
16 46 3
35 59 -3
9 43 -19
28 56 -7
27 60 -18
30 65 4
2 3 -10
20 57 -12
39 70 18
4 49 6
23 62 2
13 54 4
16 59 -12
57 60 -4
6 14 -18
50 57 3
69 70 -18
8 60 -10
27 73 10
11 65 -11
30 78 -7
2 16 -6
20 70 -13
4 62 2
23 75 19
64 76 -10
22 79 15
38 60 13
57 73 12
76 86 -17
15 76 17
18 81 8
50 70 4
8 73 -17
11 78 -10
52 79 -5
1 33 -1
45 76 1
64 89 10
3 79 -19
22 92 2
38 73 19
15 89 -17
18 94 -7
12 20 -13
31 33 -18
75 76 17
33 79 8
52 92 2
24 30 8
10 95 -19
1 46 11
45 89 -2
86 90 -4
3 92 -20
89 95 18
47 98 -3
19 36 12
79 87 13
63 79 14
82 92 10
21 82 -17
40 95 1
12 33 -20
75 89 -6
33 92 2
74 93 1
7 39 11
67 90 1
26 52 17
70 95 11
28 98 4
0 36 -6
19 49 -15
63 92 7
21 95 -1
37 39 17
14 55 -4
13 96 -19
5 6 -11
7 52 19
26 65 3
9 98 -16
41 50 2
60 63 7
44 55 7
2 58 -7
34 47 19
37 52 14
56 65 -17
14 68 -3
55 69 8
29 53 18
48 66 -18
6 69 -5
41 63 7
25 55 17
44 68 8
2 71 5
36 69 -3
55 82 13
11 12 -14
29 66 2
48 79 -18
6 82 -2
4 9 14
3 13 1
22 26 7
66 69 -7
24 72 14
43 85 -4
15 23 -14
1 88 20
59 66 12
18 28 -3
17 69 13
36 82 20
77 83 -10
80 88 -4
10 29 10
54 72 -8
73 85 7
31 88 -5
3 26 -13
22 39 -9
66 82 -15
24 85 15
43 98 4
17 82 4
58 83 -19
77 96 12
61 88 -8
19 91 18
10 42 4
54 85 14
73 98 1
12 88 -4
28 32 5
46 86 3
5 48 -13
65 99 -12
49 91 -1
21 29 10
40 42 4
58 96 -14
42 88 -9
0 91 17
32 43 2
51 56 10
35 48 -17
95 99 -7
9 32 20
28 45 11
47 58 13
88 96 8
5 61 -10
46 99 -19
21 42 -10
20 46 -15
39 59 18
23 51 2
13 43 16
32 56 -7
16 48 -6
35 61 -4
9 45 -6
27 62 3
30 67 8
2 5 -18
20 59 15
39 72 10
4 51 -11
23 64 -12
13 56 12
16 61 11
57 62 -10
15 65 -20
6 16 16
18 70 -10
50 59 -9
69 72 -3
8 62 -4
27 75 -8
11 67 10
30 80 -4
2 18 -1
1 22 -2
4 64 2
45 65 -17
64 78 -13
22 81 -3
38 62 -8
57 75 17
15 78 -1
18 83 19
8 75 3
11 80 7
52 81 -11
1 35 -3
45 78 14
64 91 9
3 81 -3
22 94 -1
38 75 1
40 84 -16
12 22 19
31 35 -19
75 78 12
33 81 3
52 94 -4
93 95 9
10 97 12
67 79 -15
26 41 -3
86 92 -17
70 84 -4
3 94 2
89 97 -11
0 25 -10
19 38 2
79 89 -7
63 81 3
82 94 9
21 84 -11
40 97 -19
12 35 4
33 94 19
74 95 5
32 98 17
7 41 3
26 54 -1
67 92 -18
70 97 -18
9 87 -9
0 38 6
19 51 -19
63 94 12
21 97 -7
62 98 -1
34 36 1
37 41 17
14 57 -3
13 98 14
7 54 -9
48 55 -3
92 98 4
41 52 13
60 65 1
25 44 -16
44 57 -5
2 60 -11
34 49 -2
37 54 -15
14 70 -11
55 71 9
29 55 20
48 68 -5
6 71 -16
41 65 -4
25 57 -4
44 70 12
2 73 -20
43 74 -19
17 58 -2
36 71 10
55 84 -7
8 9 13
11 14 11
29 68 -4
73 74 1
6 84 -6
3 15 15
22 28 20
66 71 -2
24 74 -16
43 87 19
15 25 -3
1 90 -17
59 68 12
18 30 16
17 71 6
36 84 -6
77 85 -12
80 90 4
10 31 -9
54 74 -20
73 87 -2
12 77 -1
31 90 2
3 28 14
66 84 16
24 87 15
65 88 9
68 93 -2
58 85 -18
77 98 15
42 77 5
61 90 2
19 93 -15
10 44 17
54 87 3
12 90 -1
28 34 14
5 50 -7
46 88 3
49 93 13
21 31 -3
40 44 -5
7 96 -18
39 48 19
58 98 -12
42 90 15
0 93 -4
13 32 -11
32 45 4
51 58 12
16 37 8
35 50 14
34 91 2
37 96 12
9 34 3
28 47 6
88 98 -12
5 63 -18
20 48 -8
39 61 18
23 53 3
13 45 -12
32 58 -6
16 50 -15
35 63 -15
9 47 7
8 51 -3
27 64 12
11 56 -7
30 69 -14
2 7 7
20 61 -19
4 53 -9
23 66 11
64 67 7
38 51 -4
57 64 8
76 77 17
15 67 -1
18 72 -1
6 18 3
50 61 19
8 64 3
27 77 -10
11 69 -13
30 82 4
1 24 -12
4 66 -20
45 67 8
64 80 11
3 70 11
22 83 -11
38 64 -14
57 77 5
15 80 18
18 85 18
33 70 2
52 83 5
10 86 1
1 37 -12
45 80 17
3 83 14
22 96 -8
19 27 -19
63 70 -12
82 83 -6
40 86 -16
12 24 1
31 37 -5
75 80 -19
33 83 -6
52 96 20
93 97 2
10 99 -8
26 43 16
67 81 -9
86 94 19
70 86 -6
89 99 15
0 27 -13
19 40 -16
79 91 1
63 83 6
82 96 8
21 86 -13
40 99 14
12 37 -4
14 46 -12
74 97 -16
7 43 -6
67 94 13
26 56 -14
70 99 -13
9 89 -2
0 40 6
44 46 15
21 99 7
34 38 -17
37 43 -13
14 59 2
7 56 17
48 57 7
6 60 2
41 54 -2
60 67 10
25 46 19
44 59 -3
2 62 16
34 51 -7
37 56 -14
36 60 -3
55 73 -20
29 57 -4
48 70 -7
6 73 -2
25 59 -13
2 75 12
43 76 6
1 79 4
18 19 -18
17 60 -15
36 73 5
55 86 -2
8 11 1
11 16 3
10 20 -18
29 70 4
73 76 -16
31 79 -17
3 17 7
22 30 -5
66 73 -18
85 86 -8
24 76 6
43 89 12
1 92 -15
59 70 -9
17 73 -6
58 74 13
77 87 4
61 79 -7
80 92 -6
10 33 -8
54 76 16
73 89 -9
12 79 -15
31 92 13
3 30 8
24 89 -19
65 90 5
68 95 -1
26 98 -9
58 87 -14
42 79 8
61 92 -13
0 82 12
19 95 5
32 34 -15
35 39 -1
54 89 13
12 92 -13
53 93 -7
56 98 -2
9 23 4
28 36 3
47 49 -4
46 90 -10
5 52 7
49 95 17
21 33 14
7 98 2
39 50 -2
42 92 10
83 93 -3
0 95 -2
13 34 16
32 47 7
51 60 -4
16 39 -4
35 52 10
34 93 -14
37 98 -10
9 36 7
28 49 -15
20 50 -11
39 63 11
4 42 -5
23 55 -1
13 47 7
16 52 -5
6 7 5
8 53 -18
27 66 1
11 58 9
30 71 2
2 9 -6
20 63 -15
4 55 16
23 68 -19
64 69 -4
38 53 -17
57 66 10
76 79 -12
15 69 18
6 20 -13
18 74 12
50 63 -19
8 66 -1
11 71 -4
1 26 12
45 69 -18
64 82 -15
3 72 5
22 85 6
38 66 -7
15 82 2
18 87 3
12 13 3
33 72 19
52 85 -6
10 88 1
1 39 12
45 82 15
3 85 13
22 98 -6
19 29 17
79 80 9
63 72 19
82 85 -2
40 88 -19
12 26 4
31 39 -13
75 82 14
33 85 -9
74 86 -8
93 99 -16
7 32 1
67 83 13
26 45 -3
86 96 1
70 88 -7
28 91 8
0 29 -14
19 42 -7
63 85 2
21 88 7
14 48 13
74 99 -1
7 45 18
26 58 -12
67 96 16
9 91 12
0 42 8
41 43 20
44 48 11
2 51 2
34 40 1
37 45 -14
56 58 -1
14 61 -16
55 62 11
29 46 -20
48 59 -20
6 62 -12
41 56 -5
25 48 11
44 61 -9
2 64 16
36 62 12
55 75 12
29 59 -11
48 72 11
6 75 15
3 6 -17
25 61 -15
24 65 -8
43 78 11
15 16 -15
1 81 6
18 21 3
17 62 4
36 75 19
80 81 -19
10 22 -14
54 65 8
73 78 -9
31 81 19
3 19 9
22 32 10
66 75 19
24 78 15
43 91 1
1 94 -6
17 75 -19
58 76 -10
77 89 -12
61 81 12
80 94 19
19 84 14
10 35 18
54 78 -13
73 91 -18
12 81 -1
31 94 19
72 95 8
5 41 -6
46 79 -14
65 92 -7
49 84 15
68 97 16
21 22 1
58 89 2
42 81 -8
61 94 3
0 84 8
19 97 14
32 36 5
35 41 -6
12 94 1
53 95 -12
9 25 -14
28 38 5
88 89 8
47 51 5
5 54 16
46 92 14
49 97 6
21 35 -7
20 39 12
39 52 -6
42 94 -13
83 95 -10
0 97 1
41 98 5
13 36 9
32 49 2
16 41 4
35 54 -10
34 95 -2
9 38 -9
27 55 -5
30 60 17
71 98 -11
20 52 -4
39 65 2
4 44 3
23 57 -12
13 49 20
16 54 -10
6 9 -14
50 52 -11
8 55 -13
27 68 -7
11 60 20
30 73 -13
2 11 -3
1 15 9
4 57 -6
64 71 -3
22 74 -13
38 55 -19
57 68 -11
15 71 8
18 76 16
8 68 -4
11 73 -19
52 74 11
1 28 -17
45 71 17
64 84 19
3 74 -18
22 87 -8
38 68 -18
18 89 -20
12 15 -2
33 74 18
52 87 -11
24 25 -16
10 90 16
67 72 -18
26 34 13
3 87 15
89 90 -19
47 93 -13
0 18 18
19 31 -9
79 82 2
63 74 11
82 87 -2
21 77 16
40 90 -4
12 28 -6
33 87 -18
74 88 -11
7 34 -3
26 47 -10
67 85 20
86 98 10
70 90 -6
28 93 -3
0 31 -5
19 44 -9
63 87 9
21 90 -13
14 50 20
13 91 16
16 96 12
7 47 -20
9 93 -5
41 45 2
25 37 20
44 50 6
2 53 -17
34 42 2
37 47 -20
14 63 6
55 64 -12
29 48 7
48 61 -19
6 64 14
41 58 -15
25 50 -16
44 63 -8
2 66 12
43 67 -13
17 51 19
36 64 -4
55 77 -10
29 61 3
6 77 9
3 8 12
24 67 -14
43 80 2
15 18 -13
1 83 8
59 61 -1
18 23 -8
17 64 10
36 77 15
77 78 15
80 83 3
10 24 -16
54 67 4
73 80 2
12 70 5
31 83 -1
3 21 -16
66 77 -10
24 80 -18
65 81 1
68 86 9
1 96 -8
58 78 12
77 91 12
42 70 -7
61 83 -1
80 96 -18
19 86 -13
10 37 -5
54 80 -12
12 83 -10
31 96 11
72 97 19
5 43 13
46 81 11
65 94 14
49 86 -12
68 99 -18
21 24 -5
7 89 5
58 91 17
42 83 -12
61 96 -1
0 86 -17
19 99 -19
13 25 -11
32 38 6
35 43 18
34 84 -15
53 97 5
37 89 7
9 27 -20
28 40 15
88 91 14
5 56 -20
46 94 12
49 99 1
20 41 17
39 54 9
23 46 -19
83 97 -8
0 99 1
13 38 -13
32 51 -2
16 43 13
35 56 -16
34 97 -9
9 40 17
27 57 13
30 62 12
20 54 -18
39 67 7
4 46 -14
23 59 -2
38 44 -20
15 60 9
6 11 15
18 65 19
50 54 -11
8 57 -9
27 70 20
11 62 -8
30 75 1
1 17 2
4 59 -19
45 60 -19
64 73 1
22 76 -15
38 57 -1
57 70 -16
15 73 19
18 78 11
11 75 -18
52 76 6
10 79 20
1 30 -17
45 73 18
64 86 7
3 76 8
22 89 15
19 20 19
40 79 5
12 17 1
33 76 -20
52 89 -3
10 92 11
67 74 17
26 36 2
86 87 6
70 79 -17
3 89 17
89 92 17
47 95 1
0 20 20
19 33 -8
5 98 -14
79 84 18
63 76 1
82 89 20
21 79 -20
40 92 1
12 30 -11
14 39 14
33 89 4
74 90 -13
32 93 -20
35 98 7
7 36 18
26 49 -12
67 87 -7
70 92 2
9 82 15
28 95 -15
0 33 -3
21 92 -20
62 93 -15
14 52 20
13 93 2
16 98 -6
7 49 13
48 50 -3
6 53 18
92 93 -15
9 95 13
41 47 6
25 39 5
44 52 20
2 55 -20
34 44 14
37 49 3
36 53 -12
55 66 8
29 50 -6
48 63 19
6 66 6
25 52 -14
2 68 -10
43 69 -6
1 72 -8
17 53 -9
36 66 -7
55 79 19
29 63 -16
31 72 -12
3 10 19
22 23 16
24 69 -1
43 82 4
1 85 -8
59 63 -12
17 66 -4
58 67 19
77 80 3
61 72 10
80 85 -7
10 26 20
54 69 4
73 82 5
12 72 -4
31 85 -14
3 23 -12
24 82 1
65 83 13
68 88 16
58 80 4
77 93 18
42 72 6
61 85 -14
80 98 20
0 75 -19
19 88 -9
10 39 18
54 82 2
12 85 -17
53 86 -4
72 99 -4
56 91 -18
28 29 -12
5 45 16
46 83 20
65 96 11
49 88 -5
21 26 -1
7 91 13
39 43 -2
42 85 19
83 86 12
0 88 19
13 27 -1
32 40 -14
51 53 9
16 32 13
35 45 1
95 96 -5
34 86 6
53 99 -8
37 91 20
9 29 13
28 42 -15
5 58 19
46 96 -15
20 43 -2
39 56 14
23 48 15
83 99 -2
25 94 14
13 40 8
16 45 6
35 58 -9
34 99 12
8 46 20
27 59 20
11 51 -18
30 64 10
20 56 5
4 48 14
23 61 10
38 46 4
57 59 -16
15 62 18
18 67 7
6 13 -17
50 56 12
8 59 -16
27 72 -14
11 64 -6
30 77 18
1 19 19
4 61 6
45 62 -20
64 75 11
3 65 -8
22 78 2
38 59 15
57 72 -4
15 75 -5
18 80 -19
33 65 -2
52 78 -1
10 81 1
1 32 -13
45 75 14
3 78 -13
22 91 16
19 22 15
63 65 -3
40 81 20
12 19 4
31 32 12
33 78 -2
52 91 -14
10 94 -14
51 95 -15
7 25 13
26 38 2
67 76 -4
86 89 -20
70 81 -6
89 94 5
28 84 -4
47 97 -17
0 22 3
19 35 -18
63 78 -20
82 91 -20
21 81 -16
40 94 6
81 95 -14
14 41 6
74 92 -20
32 95 -3
7 38 11
26 51 17
67 89 -6
70 94 4
9 84 5
28 97 12
0 35 2
2 44 -16
21 94 -12
62 95 -13
20 98 16
37 38 10
14 54 2
13 95 12
29 39 -5
48 52 9
6 55 -5
92 95 -7
9 97 -16
50 98 10
41 49 20
25 41 2
44 54 10
2 57 -6
36 55 -2
55 68 -3
29 52 -2
48 65 -1
6 68 11
25 54 14
24 58 8
43 71 -8
1 74 -4
17 55 6
36 68 -12
10 15 7
54 58 -3
31 74 -12
3 12 19
22 25 5
66 68 9
24 71 10
43 84 18
1 87 6
17 68 -1
58 69 -19
77 82 -12
61 74 -15
80 87 -16
19 77 -17
10 28 15
54 71 20
73 84 -18
12 74 -1
31 87 -17
72 88 2
3 25 18
46 72 3
5 34 -9
65 85 14
49 77 -4
68 90 -15
26 93 13
58 82 9
42 74 -8
61 87 6
0 77 6
19 90 -3
12 87 17
53 88 -1
56 93 11
9 18 -9
28 31 2
46 85 -9
5 47 12
65 98 -10
49 90 -6
21 28 7
7 93 -1
39 45 5
42 87 9
83 88 -12
0 90 -2
41 91 -17
13 29 -16
32 42 -5
51 55 2
16 34 -17
35 47 14
95 98 -10
34 88 -9
37 93 7
9 31 5
28 44 9
27 48 -13
30 53 1
71 91 -16
20 45 -16
39 58 -13
4 37 -7
23 50 -6
13 42 13
25 96 -17
16 47 -5
8 48 -3
27 61 15
11 53 7
30 66 12
2 4 -18
1 8 -20
20 58 3
4 50 16
23 63 -3
22 67 -11
38 48 -20
57 61 19
15 64 -3
18 69 3
8 61 1
11 66 18
52 67 5
1 21 -20
45 64 -10
64 77 16
3 67 8
22 80 -15
38 61 -5
15 77 18
18 82 -13
33 67 -13
52 80 6
10 83 -6
26 27 2
45 77 -18
3 80 -13
47 86 -16
0 11 2
19 24 17
63 67 15
21 70 -16
40 83 1
12 21 12
75 77 8
33 80 12
74 81 -7
93 94 1
10 96 -18
51 97 -4
7 27 -1
26 40 -20
67 78 -7
86 91 -6
70 83 -2
89 96 -8
28 86 16
47 99 16
0 24 -16
19 37 -9
63 80 -12
21 83 -16
40 96 3
81 97 16
14 43 1
74 94 -20
13 84 6
32 97 -9
16 89 -3
7 40 -19
67 91 5
70 96 2
9 86 -3
28 99 9
25 30 -2
2 46 -3
62 97 14
34 35 -12
37 40 -15
14 56 2
55 57 14
13 97 -2
29 41 13
48 54 -3
92 97 -20
6 57 -18
9 99 3
41 51 4
25 43 -5
44 56 11
2 59 -9
43 60 -5
17 44 5
36 57 -5
55 70 -11
29 54 -11
6 70 -1
24 60 4
43 73 12
1 76 -15
17 57 4
36 70 -17
10 17 11
54 60 7
12 63 8
31 76 14
3 14 -8
22 27 9
66 70 9
24 73 18
65 74 -14
1 89 -20
58 71 -5
77 84 15
42 63 6
61 76 2
80 89 6
19 79 -11
10 30 -17
54 73 -13
12 76 -14
31 89 -1
72 90 10
5 36 -5
46 74 8
65 87 -3
49 79 14
68 92 -8
26 95 -12
58 84 -8
42 76 -19
61 89 -9
0 79 11
19 92 7
35 36 -16
34 77 -11
53 90 6
37 82 -18
56 95 7
9 20 -14
28 33 8
14 98 15
46 87 9
5 49 8
49 92 14
90 93 13
21 30 4
7 95 -6
20 34 -1
39 47 13
23 39 2
83 90 -18
0 92 9
41 93 -10
13 31 19
44 98 -11
32 44 2
16 36 -19
35 49 -11
34 90 -15
37 95 -12
9 33 12
27 50 7
30 55 2
71 93 -1
20 47 -15
39 60 -6
4 39 -15
23 52 -16
25 98 8
13 44 11
16 49 13
15 53 -15
59 96 -8
18 58 3
8 50 -3
27 63 -17
11 55 -13
30 68 -19
1 10 -3
4 52 13
45 53 4
64 66 -5
22 69 19
38 50 6
57 63 -19
15 66 -9
18 71 -11
8 63 5
11 68 -10
52 69 6
10 72 -14
1 23 -11
45 66 -9
64 79 20
3 69 -4
22 82 -14
38 63 -15
40 72 6
33 69 8
52 82 -12
10 85 4
26 29 -1
70 72 -13
3 82 -3
47 88 -1
0 13 14
19 26 13
5 91 11
63 69 -4
21 72 -13
40 85 10
12 23 4
33 82 4
74 83 -6
93 96 -5
32 86 19
51 99 17
35 91 9
7 29 -13
67 80 8
26 42 -2
86 93 -16
70 85 9
89 98 -2
9 75 2
28 88 7
0 26 -11
63 82 -14
21 85 -2
62 86 13
81 99 6
14 45 4
74 96 -13
13 86 -2
32 99 -1
16 91 3
7 42 16
9 88 -4
25 32 -18
44 45 10
2 48 -11
62 99 12
34 37 -15
37 42 -17
4 94 10
36 46 -15
55 59 17
96 97 -11
13 99 -9
29 43 -1
48 56 19
92 99 -20
6 59 -16
25 45 -17
2 61 -19
43 62 -15
17 46 -2
36 59 16
55 72 2
29 56 -8
24 62 -15
43 75 -3
1 78 12
17 59 3
58 60 2
61 65 3
10 19 7
54 62 -12
73 75 -8
12 65 -9
31 78 -7
3 16 3
24 75 -10
65 76 -19
68 81 14
1 91 16
58 73 -3
77 86 7
42 65 14
61 78 -6
80 91 2
19 81 20
10 32 13
54 75 -20
12 78 16
72 92 19
46 76 2
5 38 -15
65 89 7
49 81 -16
68 94 3
7 84 12
26 97 -15
42 78 -2
0 81 -16
19 94 -5
60 95 -3
13 20 15
32 33 -8
16 25 6
35 38 -8
34 79 9
53 92 -11
37 84 9
56 97 20
9 22 -5
28 35 -3
46 89 18
5 51 -14
49 94 2
90 95 15
7 97 15
20 36 20
39 49 2
23 41 2
83 92 -20
41 95 11
13 33 -13
32 46 -18
16 38 -18
35 51 -19
34 92 6
37 97 -5
9 35 -13
8 39 -19
27 52 19
11 44 7
30 57 -12
71 95 15
29 98 -6
20 49 13
4 41 -3
23 54 -14
38 39 20
15 55 7
18 60 1
59 98 2
8 52 -4
27 65 8
11 57 15
30 70 11
1 12 10
4 54 -1
45 55 -1
64 68 9
3 58 9
22 71 17
38 52 6
57 65 -8
15 68 19
18 73 -10
33 58 4
52 71 5
10 74 18
1 25 7
45 68 7
3 71 20
22 84 -13
40 74 -9
33 71 7
52 84 -7
10 87 5
51 88 11
7 18 15
26 31 19
67 69 -18
70 74 15
28 77 7
47 90 7
0 15 5
19 28 13
5 93 15
63 71 9
82 84 -2
21 74 10
40 87 1
81 88 4
14 34 -5
74 85 9
93 98 -7
32 88 -16
35 93 -17
7 31 19
67 82 14
26 44 12
70 87 14
9 77 -3
28 90 8
0 28 -10
21 87 6
62 88 10
20 91 7
23 96 14
14 47 -13
74 98 -20
