100 2475 0
24 97 13
16 93 6
17 58 -8
55 84 2
29 32 5
0 5 13
5 83 -7
6 48 2
58 95 -18
29 68 -19
41 42 14
33 38 15
10 54 11
3 15 -8
22 28 9
14 24 18
74 75 16
51 91 1
15 25 7
55 61 -20
47 57 8
7 21 19
18 30 -7
59 68 17
5 60 -4
46 98 4
9 67 8
77 85 -10
21 41 -10
40 54 6
80 90 -16
5 96 8
6 61 -12
10 31 -1
25 47 1
20 81 -7
12 77 4
23 86 3
51 68 11
43 64 -10
3 28 -18
35 60 -11
14 37 12
66 84 14
65 88 4
17 48 19
35 96 -12
76 97 -4
9 44 -17
28 57 6
6 38 2
77 98 13
21 54 -17
8 84 -11
19 93 12
11 89 -10
2 40 4
62 91 17
13 55 16
4 86 -19
32 68 17
23 99 -15
24 64 -7
43 77 -4
16 60 -14
17 25 19
35 73 6
7 11 -19
46 88 18
6 15 -6
58 62 17
69 71 9
29 35 4
61 67 9
7 96 -6
40 44 20
6 51 17
39 48 -17
58 98 15
50 94 -10
54 64 -13
73 77 4
13 32 10
31 80 19
4 63 12
51 58 -13
24 41 -10
3 18 -5
16 37 -18
43 54 4
87 97 -19
1 57 12
34 91 17
13 68 -13
5 27 -9
37 96 1
16 73 -5
28 47 -1
26 86 -18
38 97 -2
58 75 -13
69 84 -5
42 67 -14
61 80 16
27 87 15
19 83 7
20 48 -1
12 44 -5
2 30 -10
12 80 -12
13 45 -11
72 94 -12
4 76 8
35 63 10
9 11 12
22 93 -2
65 91 3
38 74 8
57 87 13
49 83 -12
68 96 -17
15 90 -5
8 51 -18
26 99 -15
27 64 11
30 69 -5
31 34 8
10 11 20
42 80 17
8 87 11
19 96 -10
20 61 19
31 70 7
32 35 -13
64 67 1
16 27 19
46 55 7
65 68 -18
56 99 19
57 64 9
3 93 4
68 73 15
28 37 14
26 76 -15
18 72 9
38 87 -10
58 65 8
82 93 13
7 99 -10
8 64 3
27 77 -8
0 60 -7
20 38 -8
11 69 13
12 34 -2
31 47 19
4 30 2
91 98 -3
23 43 20
83 94 12
41 97 17
1 24 -6
33 93 -16
53 71 13
72 84 12
64 80 -6
37 63 -9
16 40 14
56 76 7
34 94 18
5 30 -17
37 99 8
38 64 8
57 77 14
15 80 6
0 37 -14
18 85 5
30 59 7
41 74 -8
60 87 5
20 51 17
52 83 -18
44 79 12
23 56 -19
16 17 1
22 60 -16
1 37 -17
34 71 -9
45 80 -11
5 7 -8
38 41 10
9 14 -9
49 50 -4
14 92 -18
7 53 -20
27 31 14
30 36 -8
71 74 -19
50 51 20
42 47 -1
29 77 8
40 86 -7
20 28 20
60 64 4
6 93 5
52 60 -8
39 41 -9
31 37 -7
4 20 20
23 33 -14
83 84 -17
75 80 -7
1 14 -4
34 48 20
52 96 -3
93 97 -10
37 53 14
10 99 13
56 66 -15
2 95 -16
3 60 -12
22 73 8
15 34 17
59 77 2
38 54 -18
78 90 -18
89 99 -5
49 63 -11
36 93 16
15 70 -8
7 66 -18
48 67 10
8 31 7
27 44 10
18 75 2
79 91 3
63 83 5
29 90 -13
41 64 -3
33 60 19
12 37 -16
22 50 6
74 97 11
25 92 2
55 83 8
67 94 3
0 4 7
59 90 7
18 52 -10
48 80 -5
21 63 -4
0 40 -6
44 46 16
41 77 19
54 96 -19
33 73 16
34 38 -15
44 82 14
45 47 1
10 89 12
51 90 -3
43 86 -9
7 20 9
59 67 -12
28 79 -18
48 57 5
8 21 6
0 17 19
40 53 -16
6 60 -2
11 26 -20
71 77 13
40 89 -13
41 54 -13
73 86 -4
33 50 10
52 63 1
44 59 1
10 66 9
3 27 19
22 40 1
14 36 18
74 87 4
32 90 -17
37 56 11
24 86 17
3 63 -11
16 82 -14
15 37 17
55 73 12
26 46 -8
59 80 -8
18 42 20
70 89 20
9 79 1
77 97 18
69 93 8
29 57 3
48 70 19
40 66 -1
6 73 11
10 43 -5
2 39 9
62 90 -20
54 86 -6
33 63 -1
32 67 8
51 80 -19
23 98 -3
2 75 -8
43 76 13
3 40 -5
22 53 13
7 10 -10
13 90 -8
18 19 -16
17 60 -12
36 73 18
9 56 15
28 69 5
47 82 -13
8 11 -10
0 7 1
40 43 6
5 85 13
6 50 2
11 16 -4
9 92 20
50 93 -5
10 20 9
29 70 6
42 89 -13
73 76 6
39 83 12
85 86 -20
4 98 -3
51 93 14
43 89 -15
35 85 16
36 50 -17
55 63 -4
59 70 -15
6 27 -11
38 96 11
17 73 20
28 82 -19
21 43 -13
40 56 -12
27 86 2
30 91 7
62 80 -8
81 93 19
54 76 -15
20 83 2
39 96 -14
32 57 -18
4 75 -10
51 70 -10
1 69 11
13 80 20
57 86 17
9 46 14
28 59 12
26 98 14
58 87 -12
69 96 -3
42 79 -20
27 99 -20
0 82 11
19 95 18
11 91 -14
23 65 10
14 16 5
20 96 19
12 92 -1
53 93 13
13 57 11
43 79 -20
16 62 -14
17 27 12
35 75 11
56 98 7
1 82 15
47 49 14
5 52 -11
6 17 -15
38 86 -20
57 99 -18
58 64 -6
49 95 6
9 59 16
69 73 -8
29 37 -10
21 33 -9
27 76 -7
30 81 9
31 46 -2
50 96 19
10 23 -8
2 19 3
0 95 11
13 34 -14
31 82 -4
4 65 4
51 60 -9
24 43 11
84 94 -14
1 59 5
5 29 -14
65 80 5
16 75 -16
17 40 -3
57 76 -9
76 89 -8
9 36 -14
68 85 3
28 49 2
26 88 -20
6 30 -8
42 69 8
61 82 6
8 76 13
27 89 -4
0 72 10
19 85 -19
11 81 1
12 46 -9
4 42 8
23 55 -16
12 82 -11
13 47 -9
4 78 -5
72 96 7
56 88 -11
16 52 -9
9 13 -13
46 80 -16
65 93 -4
38 76 11
49 85 -7
15 92 16
7 88 2
0 49 -20
19 62 -12
20 27 7
11 58 -17
39 40 -20
23 32 -13
75 79 11
0 85 10
41 86 -4
60 99 18
20 63 -12
11 94 15
12 59 -11
53 60 5
72 73 -15
23 68 12
10 98 -20
16 29 -5
87 89 1
1 49 -20
53 96 9
45 92 5
5 19 4
46 57 -13
57 66 -17
3 95 -15
49 62 7
68 75 -13
15 69 -10
26 78 10
6 20 3
19 39 -13
79 90 2
30 48 -12
42 59 14
82 95 13
0 62 -18
40 98 -10
19 75 -20
20 40 6
60 76 9
12 36 4
31 49 -4
23 45 17
83 96 -13
75 92 16
41 99 18
34 60 20
13 37 2
25 91 18
45 69 -3
16 42 -16
56 78 -13
22 85 -9
34 96 1
26 55 13
5 32 -1
18 51 -6
46 70 17
7 78 -5
26 91 18
19 52 -19
71 99 -9
30 61 -14
21 98 -18
33 72 -7
52 85 -6
25 68 2
44 81 -1
4 45 -7
45 46 9
16 19 -20
22 62 16
1 39 5
34 73 -6
45 82 -2
46 47 13
78 79 10
38 43 8
3 85 10
9 16 -10
22 98 11
15 59 13
7 55 7
8 20 14
27 33 10
19 29 10
30 38 11
82 85 4
29 79 9
48 92 -5
8 56 -6
41 53 -17
20 30 -7
6 95 -1
12 26 16
31 39 15
4 22 -9
23 35 5
10 65 20
75 82 -8
93 99 12
25 81 19
85 95 6
45 59 -19
64 72 2
2 97 20
3 62 -18
15 36 -2
26 45 1
59 79 -18
38 56 -12
70 88 -16
36 95 17
28 91 12
7 68 14
48 69 17
8 33 14
27 46 16
0 29 -20
40 65 4
19 42 -12
30 51 7
29 92 1
41 66 -18
4 35 -4
44 71 10
10 78 -8
2 74 -14
14 48 -4
34 63 8
74 99 -14
37 68 -20
3 75 -4
55 85 6
7 45 2
59 92 -20
17 95 10
29 69 16
48 82 -10
21 65 20
0 42 20
6 85 12
4 12 -20
22 29 -9
54 98 -4
34 40 -20
37 45 -12
56 58 10
2 87 16
43 88 1
3 52 1
7 22 11
26 35 -16
59 69 20
78 82 -17
70 78 -20
89 91 -5
55 98 -9
29 82 -13
21 78 -11
62 79 2
41 56 -4
73 88 3
52 65 -9
25 48 17
51 69 17
3 29 -12
22 42 7
74 89 3
66 85 11
85 98 -6
7 35 17
18 44 -13
59 82 5
5 74 17
17 85 -6
58 86 -14
9 81 17
29 59 -2
61 91 12
21 55 -17
6 75 -10
2 41 6
54 88 19
14 15 -3
4 87 8
32 69 19
24 65 17
3 42 -9
43 78 -20
14 51 16
47 48 -8
9 58 12
28 71 6
40 45 20
6 52 9
50 95 -11
42 91 5
62 69 -3
8 98 -8
54 65 14
0 94 -11
33 42 -19
20 72 16
25 38 11
39 85 1
31 81 13
10 58 -15
23 77 -9
2 54 -11
43 55 8
84 93 -4
22 32 3
87 98 -1
66 75 -17
32 82 -10
43 91 8
16 74 -18
17 39 -6
36 52 10
76 88 -11
28 48 -20
1 94 16
58 76 2
9 71 4
29 49 -11
40 58 -18
39 62 9
30 93 18
10 35 -5
2 31 14
62 82 -14
20 85 19
39 98 17
32 59 -11
72 95 9
23 90 -8
51 72 4
16 51 -11
35 64 -2
1 71 3
46 79 3
17 52 -13
9 48 20
49 84 11
15 91 15
21 22 20
18 96 -11
58 89 4
50 85 12
69 98 -3
42 81 7
54 55 -8
0 84 2
19 97 -19
25 28 -6
20 62 15
39 75 6
12 58 7
11 93 17
31 71 -5
24 32 19
3 9 -20
13 59 16
16 64 -15
68 74 2
1 84 -16
47 51 12
88 89 -13
5 54 9
6 19 -19
46 92 -20
77 79 -7
50 62 -1
61 71 -5
20 39 16
11 70 -19
39 52 -15
30 83 13
10 25 -17
91 99 19
42 94 13
2 21 13
20 75 -3
12 71 -20
13 36 -16
24 45 -15
64 81 15
43 58 11
16 41 4
1 61 9
34 95 7
46 69 -13
65 82 20
17 42 2
76 91 -18
49 74 9
9 38 -5
7 77 -3
26 90 -17
27 55 -17
18 86 17
71 98 -2
50 75 14
42 71 4
61 84 6
8 78 4
19 87 1
20 52 12
39 65 4
11 83 -7
12 48 7
31 61 9
30 96 -14
23 57 -10
34 72 1
53 85 6
4 80 2
5 8 11
64 94 15
37 77 -17
16 54 7
56 90 -9
3 84 5
14 93 -4
5 44 11
6 9 10
57 91 -12
50 52 1
15 94 -2
7 90 10
0 51 -19
19 64 17
39 42 -3
12 25 -4
31 38 -4
23 34 -15
0 87 16
41 88 2
12 61 7
72 75 8
32 39 -2
16 31 15
1 51 -11
53 98 4
5 21 4
86 95 16
37 90 14
3 97 6
49 64 -2
68 77 -6
26 80 -13
18 76 -10
11 37 16
71 88 -15
30 50 -18
82 97 9
42 61 7
0 64 -3
20 42 14
11 73 16
31 51 -14
83 98 -19
1 28 -13
34 62 -15
53 75 -6
25 93 -2
64 84 19
56 80 11
22 87 -4
14 83 -15
15 48 18
59 91 -1
7 80 5
48 81 12
27 58 -19
0 41 3
19 54 -2
11 50 16
12 15 12
30 63 14
23 24 -17
41 78 4
33 74 8
52 87 -16
44 83 6
16 21 -1
56 57 -10
3 51 19
14 60 -18
5 11 -17
46 49 14
37 80 -6
49 54 -19
55 97 -15
47 93 10
18 66 5
19 31 5
79 82 16
11 27 -7
82 87 7
48 94 15
21 77 -7
40 90 20
20 32 17
33 51 -11
6 97 4
4 24 -11
44 60 -2
23 37 19
10 67 5
22 41 1
74 88 11
34 52 -5
53 65 -4
25 83 -6
44 96 -13
2 99 -16
22 77 20
14 73 -16
55 74 11
15 38 20
26 47 -19
59 81 -20
29 58 -10
48 71 16
40 67 -13
0 31 6
6 74 -15
11 40 13
63 87 9
29 94 -6
21 90 -14
41 68 12
33 64 11
52 77 7
10 80 -13
2 76 -14
3 41 8
22 54 19
15 51 -4
28 70 7
47 83 7
8 12 -19
18 56 20
19 21 -4
17 97 -17
63 64 -3
9 93 -17
29 71 -14
21 67 4
40 80 -17
6 87 -10
25 37 7
44 50 5
2 53 19
22 31 -19
74 78 15
25 73 -4
45 51 -11
37 47 -14
32 81 2
51 94 -16
24 77 4
3 54 -1
35 86 -12
55 64 -8
1 93 15
7 24 15
26 37 11
36 87 10
77 88 -7
9 70 -6
28 83 -15
47 96 13
48 61 18
0 21 15
6 64 -14
21 80 -17
54 77 -3
25 50 13
44 63 -12
51 71 1
2 66 8
3 31 -16
43 67 -12
14 40 -13
66 87 11
13 81 -5
24 90 10
16 86 13
28 60 -9
47 73 -9
6 41 -3
58 88 -9
9 83 -10
69 97 -18
29 61 -15
61 93 -2
21 57 -10
6 77 15
25 27 4
10 47 -10
3 8 16
62 94 -12
14 17 -11
12 93 15
51 84 -16
24 67 15
43 80 13
36 41 18
7 14 -5
13 94 3
59 61 -17
5 53 3
46 91 19
16 99 14
49 96 -5
28 73 8
48 51 6
40 47 20
92 94 -19
10 24 14
2 20 -20
54 67 -9
33 44 -7
0 96 -7
25 40 19
20 74 8
12 70 -14
31 83 -8
32 48 5
51 61 14
84 95 -17
3 21 19
35 53 5
1 60 20
13 71 -5
24 80 5
65 81 8
16 76 -12
17 41 -1
9 37 -19
68 86 -20
28 50 -15
47 63 -11
6 31 17
58 78 -17
9 73 9
29 51 -2
61 83 19
80 96 6
8 77 -18
19 86 -8
31 60 13
10 37 -7
2 33 5
62 84 -2
20 87 8
13 48 4
31 96 4
23 92 -7
51 74 8
43 70 -13
16 53 11
35 66 -6
5 43 20
65 94 -10
38 77 -8
49 86 16
68 99 6
28 63 -12
18 98 -6
6 44 15
58 91 19
0 86 16
11 95 -3
12 60 -5
4 56 -5
32 38 -14
24 34 -18
3 11 -10
43 47 5
35 43 -20
87 90 -18
1 50 20
34 84 5
13 61 -8
53 97 5
4 92 -3
45 93 7
16 66 -15
57 67 8
17 31 5
3 96 11
76 80 -19
26 79 6
46 94 3
6 21 4
50 64 -12
69 77 17
42 60 -19
80 86 3
27 80 5
0 63 6
39 54 8
30 85 1
2 23 -4
75 93 12
33 96 -15
12 73 -12
4 69 -16
72 87 5
23 82 -6
64 83 -1
24 47 20
84 98 3
56 79 -12
32 51 -17
16 43 14
34 97 7
5 33 10
65 84 -17
15 83 -1
7 79 -2
18 88 -19
30 62 4
50 77 5
0 76 15
19 89 -11
20 54 -7
39 67 17
52 86 -3
13 15 -14
53 87 -5
45 83 11
5 10 11
46 48 6
38 44 19
56 92 12
17 21 18
3 86 -9
22 99 -20
26 69 6
27 34 12
30 39 -3
49 89 9
50 54 7
42 50 -3
15 96 18
48 93 15
27 70 18
11 62 18
12 27 18
30 75 13
75 83 20
41 90 -14
52 99 -9
13 28 8
4 59 -14
72 77 8
45 60 -5
24 37 -4
44 95 7
16 33 -12
2 98 14
14 72 -16
34 87 -9
86 97 3
5 23 16
57 70 -13
49 66 -2
68 79 4
15 73 4
8 34 15
18 78 -15
19 43 3
79 94 -12
11 39 17
71 90 -15
63 86 -20
82 99 -15
0 66 3
20 44 17
52 76 16
10 79 15
45 73 11
64 86 -17
37 69 3
56 82 12
3 76 17
22 89 -5
14 85 5
15 50 -10
7 46 -1
67 97 -3
18 55 -1
8 47 2
40 79 -15
19 56 20
20 21 -13
6 86 9
52 53 -14
12 17 -19
11 52 7
23 26 -7
1 7 -7
60 93 12
33 76 -17
25 72 19
13 18 -14
53 54 -11
56 59 9
3 53 -6
22 66 8
14 62 -18
15 27 10
26 36 -7
67 74 18
5 13 15
86 87 3
78 83 10
38 47 9
89 92 -5
49 56 -7
15 63 17
47 95 20
27 37 -17
0 20 20
18 68 12
5 98 6
79 84 -12
11 29 -13
30 42 -11
71 80 -9
63 76 13
82 89 -20
21 79 18
41 57 7
60 70 6
6 99 -3
52 66 7
25 49 10
4 26 17
44 62 18
2 65 -20
22 43 8
33 89 16
85 99 -10
45 63 6
32 93 20
14 75 10
55 76 -13
7 36 11
26 49 15
18 45 3
59 83 4
78 96 11
17 86 5
9 82 -9
28 95 10
29 60 13
48 73 15
40 69 6
0 33 -8
11 42 -20
21 92 20
62 93 8
10 82 1
51 83 -20
2 78 13
3 43 14
22 56 11
14 52 -5
15 17 -17
66 99 -16
13 93 20
18 22 4
28 72 -1
7 49 2
0 10 20
5 88 -18
30 32 1
9 95 20
21 69 -18
81 83 -14
33 43 1
6 89 5
52 56 18
25 39 -2
10 59 -11
14 29 -11
34 44 -7
85 89 -6
13 70 14
24 79 3
43 92 6
35 88 -3
1 95 -20
70 82 20
17 76 -19
36 89 -11
48 63 11
0 23 -2
80 95 -4
6 66 -9
2 32 -4
81 96 9
20 86 5
51 73 11
23 91 6
2 68 4
43 69 15
35 65 -12
13 83 -2
24 92 -5
28 62 14
47 75 16
5 78 15
50 86 1
69 99 -20
29 63 -3
61 95 3
21 59 -8
19 98 5
25 29 13
39 76 -10
31 72 12
10 49 17
3 10 -6
62 96 -15
54 92 11
20 99 -11
12 95 -14
13 60 -3
4 91 -3
51 86 -2
43 82 4
16 65 -4
35 78 -8
7 16 19
88 90 13
17 66 15
77 80 -14
69 76 20
29 40 7
48 53 -14
40 49 -1
80 85 3
30 84 -15
50 99 17
10 26 -5
2 22 -18
62 73 16
81 86 -11
54 69 12
0 98 9
39 89 8
4 68 11
32 50 -15
51 63 19
24 46 13
43 59 12
84 97 9
24 82 5
65 83 19
57 79 14
36 56 -15
76 92 12
68 88 8
5 68 -15
6 33 17
58 80 5
50 76 17
69 89 -5
42 72 1
8 79 16
0 75 13
20 53 -19
11 84 -6
30 97 -10
31 62 3
2 35 -3
20 89 6
53 86 -1
43 72 14
17 20 -8
35 68 3
28 29 8
1 75 19
5 45 -9
6 10 15
38 79 20
57 92 6
49 88 9
15 95 -1
61 62 3
7 91 -20
27 69 4
10 16 12
83 86 14
54 59 19
0 88 -11
11 97 -6
72 76 14
23 71 -15
43 49 -18
87 92 6
34 86 -3
13 63 -3
46 60 -20
17 33 -15
3 98 -13
68 78 -16
15 72 -20
26 81 -1
5 58 4
6 23 -5
79 93 1
58 70 -6
69 79 -20
27 82 15
0 65 14
30 87 -11
31 52 6
83 99 -1
1 29 9
33 98 -7
12 75 18
53 76 14
72 89 -8
64 85 -16
56 81 -6
14 84 -13
34 99 11
65 86 -2
49 78 16
7 81 -7
8 46 15
27 59 -13
11 51 3
42 75 18
8 82 12
60 92 20
4 48 12
10 91 -5
34 76 -11
53 89 3
45 85 -5
38 46 -1
56 94 20
17 23 -17
9 19 18
7 58 -11
19 32 7
71 79 18
90 92 -18
42 52 3
20 33 -6
39 46 -15
30 77 -15
4 25 -19
91 93 9
75 85 -17
94 98 -10
41 92 -17
34 53 -6
4 61 8
72 79 7
16 35 -9
56 71 3
26 48 2
46 63 2
78 95 -2
38 59 -11
36 98 4
27 49 -2
79 96 6
71 92 2
30 54 -2
63 88 13
0 68 -8
33 65 -14
52 78 -18
4 38 -7
44 74 -19
2 77 19
1 32 -18
34 66 15
25 97 4
45 75 -7
37 71 10
56 84 2
3 78 9
14 87 20
15 52 -15
55 88 -2
7 48 14
8 13 15
26 61 -12
18 57 -2
19 22 -18
11 18 4
29 72 -14
8 49 -9
40 81 -8
6 88 -3
12 19 -16
52 55 -7
31 32 -19
4 15 -9
11 54 8
23 28 17
41 82 -8
1 9 10
85 88 -6
64 65 9
10 94 -9
51 95 -5
2 90 4
15 29 16
26 38 6
67 76 7
86 89 11
59 72 -17
38 49 -15
78 85 -14
97 98 15
70 81 -8
89 94 19
47 97 -12
48 62 -6
8 26 2
27 39 -19
0 22 18
19 35 -1
11 31 15
30 44 6
63 78 13
82 91 12
29 85 -8
48 98 -7
21 81 -18
40 94 9
25 51 -20
44 64 2
4 28 6
10 71 14
14 41 14
74 92 4
24 91 4
14 77 3
47 74 12
26 51 -8
18 47 -5
70 94 -2
17 88 19
29 62 9
4 5 7
2 44 20
21 94 6
54 91 -15
33 68 1
20 98 13
37 38 18
51 85 -1
7 15 -20
13 95 8
18 24 16
59 62 -16
70 71 -7
17 65 3
36 78 1
55 91 15
29 39 1
9 97 -6
50 98 -9
29 75 20
62 72 -12
81 85 -17
41 49 10
33 45 18
6 91 13
52 58 -19
73 81 -3
39 88 15
10 61 15
2 57 1
22 35 -9
14 31 4
74 82 18
66 78 4
85 91 -11
13 72 17
51 98 -4
24 81 7
15 32 -5
28 51 -17
7 28 5
5 67 -4
9 74 -11
48 65 -18
21 48 3
80 97 18
62 85 -10
81 98 -2
31 97 -16
23 93 9
24 58 18
3 35 12
14 44 -9
1 74 12
65 95 -10
16 90 -19
36 68 -9
9 51 16
47 77 11
5 80 -14
58 92 2
10 15 -2
21 61 -8
54 58 1
39 78 14
31 74 14
10 51 -11
51 52 7
23 70 15
3 12 2
22 25 -19
54 94 15
12 97 -17
4 93 20
24 71 13
16 67 4
17 32 -17
35 80 -11
36 45 11
28 41 -1
1 87 13
47 54 -19
88 92 5
38 91 -5
17 68 -10
58 69 -5
9 64 1
77 82 -13
69 78 -9
29 42 7
61 74 20
40 51 -18
6 58 4
19 77 7
2 24 7
54 71 10
73 84 17
20 78 11
12 74 12
31 87 -3
72 88 11
24 48 -8
43 61 2
16 44 -5
35 57 16
13 75 -17
46 72 1
5 34 6
57 81 -8
76 94 -16
49 77 -1
9 41 2
15 84 20
5 70 -20
6 35 -11
58 82 -6
50 78 16
61 87 -20
8 81 13
0 77 -1
20 55 -7
39 68 -18
12 51 8
1 41 -7
12 87 9
13 52 18
32 65 10
24 61 3
64 97 -15
16 57 3
9 18 -14
28 31 12
1 77 14
6 12 -18
38 81 -2
57 94 -3
49 90 3
50 55 -18
15 97 -6
61 64 -8
8 58 7
27 71 -3
19 67 -8
39 45 -12
30 76 18
31 41 15
91 92 7
42 87 -3
2 14 13
8 94 14
94 97 -18
0 90 14
20 68 19
11 99 9
12 64 10
13 29 -1
31 77 3
72 78 14
4 60 -1
23 73 -3
24 38 -18
51 55 19
16 34 14
35 47 -19
1 54 -16
65 75 -19
57 71 -8
76 84 -17
49 67 10
9 31 12
28 44 -18
15 74 -3
7 70 8
26 83 17
27 48 -20
61 77 14
0 67 13
60 81 12
20 45 -14
11 76 -4
31 54 -1
75 97 18
34 65 -2
13 42 -19
25 96 1
4 73 -6
45 74 -6
3 77 18
14 86 7
46 75 -14
57 84 9
8 48 -1
26 96 5
27 61 -2
19 57 17
20 22 6
11 53 -2
30 66 6
41 81 -1
53 55 18
23 63 17
24 28 -12
10 93 -9
2 89 13
35 37 12
22 67 -7
1 44 11
5 14 19
86 88 5
37 83 -17
46 52 -2
56 96 15
9 21 -3
15 64 -19
27 38 18
18 69 1
19 34 -11
30 43 -18
71 81 6
90 94 3
63 77 -20
42 54 13
82 90 7
48 97 -13
40 93 -5
12 31 -11
23 40 4
83 91 13
1 21 2
34 55 -20
53 68 12
25 86 9
72 81 -4
44 99 -1
45 64 -15
56 73 16
22 80 -3
15 41 -16
26 50 -7
67 88 -13
46 65 15
59 84 -7
78 97 -12
70 93 20
49 70 2
15 77 -6
28 96 10
27 51 18
0 34 17
18 82 -5
19 47 3
79 98 8
11 43 20
21 93 -17
41 71 -16
60 84 9
4 40 -6
10 83 5
2 79 -5
14 53 -14
34 68 -11
26 27 5
45 77 -13
37 73 -10
3 80 -5
14 89 17
15 54 -19
55 90 4
47 86 12
8 15 12
27 28 8
18 59 -2
19 24 16
59 97 -5
30 33 -18
63 67 12
9 96 -9
29 74 -6
21 70 1
0 47 -16
40 83 -17
20 25 -11
12 21 11
52 57 -8
44 53 18
4 17 -10
23 30 -1
10 60 10
22 34 -9
41 84 -19
1 11 19
33 80 -18
34 45 -11
85 90 -19
37 50 -5
10 96 -19
3 57 9
14 66 -3
15 31 -11
67 78 3
26 40 8
59 74 13
78 87 -5
89 96 4
17 77 -10
36 90 -9
28 86 13
19 37 19
6 67 16
11 33 13
63 80 17
21 83 12
41 61 -7
73 93 2
33 57 -6
25 53 -7
22 47 15
66 90 3
32 97 4
16 89 9
36 67 -8
15 44 13
47 76 -3
0 1 -12
59 87 -7
5 79 15
17 90 12
28 99 -2
48 77 10
40 73 -6
25 30 -16
62 97 -2
54 93 -18
14 20 -16
34 35 6
12 96 -6
32 74 2
37 40 18
51 87 -8
35 79 -8
14 56 11
15 21 18
1 86 -15
67 68 -6
13 97 -5
70 73 -1
36 80 -13
29 41 10
47 89 -14
48 54 -9
21 37 9
5 92 -13
11 23 -13
6 57 -3
10 27 14
81 87 12
73 83 -7
25 43 -8
44 56 -18
51 64 -2
3 24 20
14 33 -18
74 84 -11
66 80 -18
32 87 -4
24 83 20
43 96 18
17 44 -9
55 70 18
58 81 -10
77 94 -19
29 54 16
61 86 19
40 63 12
27 93 -3
6 70 -12
10 40 12
73 96 -17
20 90 19
13 51 -17
31 99 -20
4 82 -12
32 64 11
23 95 -14
43 73 6
3 37 9
1 76 -15
24 96 -4
16 92 -13
36 70 14
9 53 -4
21 27 -18
6 47 12
58 94 -19
10 17 11
2 13 9
61 99 13
8 93 18
33 37 -6
20 67 11
39 80 -7
12 63 -13
32 41 -17
23 72 -2
51 54 -17
2 49 -12
22 27 -1
35 46 -7
95 97 2
87 93 11
1 53 10
12 99 9
13 64 3
4 95 12
32 77 3
24 73 18
16 69 -9
17 34 -12
36 47 7
9 30 1
96 98 19
55 60 -14
28 43 -11
88 94 -6
1 89 10
46 97 2
5 59 -3
38 93 17
58 71 20
77 84 -6
69 80 8
29 44 2
21 40 9
61 76 7
19 79 -4
39 57 6
10 30 3
42 99 -13
2 26 4
54 73 2
12 76 9
13 41 -5
31 89 -11
32 54 -14
23 85 5
24 50 -17
43 63 3
16 46 4
35 59 -6
5 36 -16
46 74 -19
65 87 -4
57 83 10
17 47 -20
9 43 -15
49 79 17
28 56 -7
68 92 3
15 86 -3
26 95 -5
6 37 6
18 91 -13
58 84 9
30 65 15
50 80 -18
42 76 -8
2 3 -10
8 83 15
0 79 -15
19 92 -19
20 57 5
31 66 12
23 62 7
24 27 -18
3 4 -17
1 43 -10
34 77 -11
24 63 14
37 82 4
64 99 -4
56 95 -5
36 37 6
68 69 -11
28 33 -18
14 98 13
26 72 -8
5 49 15
6 14 -5
46 87 -14
49 92 11
69 70 -16
42 53 -11
15 99 -14
21 30 -16
61 66 -20
8 60 17
27 73 13
0 56 12
39 47 6
30 78 16
91 94 -12
54 63 12
94 99 3
41 93 -5
53 67 5
44 98 3
32 44 17
72 80 10
64 76 -2
24 40 11
16 36 -2
35 49 -13
22 79 17
1 56 -20
34 90 -2
45 99 -5
5 26 -7
46 64 -7
65 77 6
57 73 12
68 82 -20
15 76 9
18 81 -13
19 46 7
50 70 -13
20 47 -15
60 83 16
31 56 20
75 99 -16
25 98 1
72 93 -5
45 76 -6
37 72 -6
3 79 -12
14 88 14
15 53 15
26 62 2
5 39 -13
18 58 3
46 77 -1
42 43 -4
0 46 16
20 24 15
11 55 -1
12 20 -8
30 68 -15
75 76 -15
12 56 -10
53 57 -1
25 75 5
4 52 -13
44 88 17
45 53 17
64 66 -4
10 95 10
2 91 6
22 69 -20
1 46 -11
5 16 -8
86 90 -1
37 85 -4
78 86 8
57 63 -11
49 59 -12
89 95 18
68 72 20
7 62 -13
71 83 -6
30 45 -14
29 86 18
8 63 12
40 95 -13
41 60 14
11 68 -6
12 33 17
4 29 11
1 23 5
34 57 -5
74 93 -13
64 79 -14
37 62 20
56 75 -6
3 69 2
15 43 -16
18 48 9
59 86 11
38 63 -3
28 98 4
7 75 -2
8 40 -4
27 53 7
0 36 -19
40 72 -19
11 45 -10
6 79 16
4 6 -20
41 73 17
52 82 -14
44 78 -10
37 39 6
2 81 7
15 20 15
13 96 7
18 25 -9
37 75 2
3 82 -8
55 92 5
15 56 18
7 52 -2
8 17 18
26 65 -20
47 88 10
27 30 -3
59 99 -14
5 91 18
30 35 -14
40 85 -15
33 46 10
6 92 -17
52 59 -15
12 23 -7
10 62 -4
34 47 14
74 83 8
93 96 4
66 79 -18
25 78 -15
85 92 2
37 52 8
32 86 19
51 99 15
2 94 7
3 59 2
35 91 3
1 98 9
67 80 12
86 93 7
18 38 7
70 85 8
89 98 18
36 92 19
48 66 -2
8 30 -12
0 26 -8
11 35 7
63 82 -7
29 89 2
62 86 -16
81 99 17
41 63 15
31 98 15
10 75 1
66 92 -18
24 95 11
16 91 -10
58 93 -12
9 88 -5
29 66 -9
48 79 -7
61 98 1
21 62 -8
6 82 20
25 32 -6
4 9 5
44 45 -3
3 13 -5
62 99 10
22 26 19
66 69 12
12 98 8
4 94 17
24 72 -5
43 85 2
35 81 -6
36 46 12
15 23 -15
55 59 -10
7 19 -2
88 93 -10
67 70 -1
13 99 -13
59 66 7
70 75 12
17 69 12
9 65 8
28 78 -5
29 43 11
47 91 -9
48 56 -3
21 39 -19
0 16 -15
80 88 7
92 99 -12
6 59 -10
10 29 13
42 98 -19
81 89 18
54 72 19
25 45 18
39 92 -17
32 53 11
23 84 -7
51 66 7
2 61 20
14 35 13
13 76 -18
32 89 17
43 98 -8
17 46 -20
76 95 -12
55 72 15
47 68 -12
6 36 19
9 78 -6
77 96 12
69 92 20
19 91 -20
20 92 -19
4 84 -17
23 97 -15
24 62 13
43 75 -9
16 58 17
35 71 -11
7 9 1
13 89 -14
46 86 4
17 59 -1
58 60 -10
49 91 16
29 33 16
61 65 -17
21 29 20
58 96 18
50 92 18
42 88 -1
62 66 6
0 91 16
73 75 5
20 69 -15
25 35 13
12 65 -5
31 78 19
51 56 17
43 52 -16
84 90 19
35 48 -3
14 25 -12
95 99 13
13 66 -16
4 97 4
65 76 -17
17 36 12
28 45 -18
42 65 13
21 42 4
80 91 5
20 46 -6
30 90 10
10 32 17
2 28 11
75 98 -1
72 92 -10
4 74 -4
5 38 -15
17 49 -17
49 81 5
27 62 16
18 93 -6
19 58 -6
42 78 1
27 98 2
0 81 17
39 72 -7
4 51 -7
24 29 -1
16 25 17
35 38 20
1 45 -2
34 79 -19
13 56 6
45 88 1
37 84 12
56 97 -20
57 62 -11
17 26 -1
36 39 -14
16 61 20
68 71 -12
26 74 1
5 51 20
6 16 12
46 89 -13
38 85 -14
79 86 17
90 95 -5
50 59 16
19 71 -4
39 49 3
12 32 -15
31 45 -5
91 96 10
23 41 -13
83 92 -6
75 88 17
41 95 5
1 22 -8
4 64 -17
24 42 19
56 74 16
16 38 12
35 51 10
46 66 -17
37 97 -6
65 79 18
57 75 -3
9 35 9
49 71 4
68 84 -6
7 74 -16
8 39 -3
26 87 9
27 52 -14
18 83 2
71 95 14
8 75 2
41 72 10
12 45 -13
31 58 6
4 41 -15
1 35 4
56 87 14
3 81 1
9 12 -12
22 94 16
14 90 -5
15 55 15
7 51 19
26 64 -19
27 29 -19
59 98 -20
71 72 13
30 34 1
7 87 -20
48 88 17
0 48 -3
19 61 1
20 26 3
60 62 -1
12 22 19
4 18 -3
75 78 -5
41 85 16
60 98 17
34 46 2
52 94 -17
25 77 7
4 54 20
45 55 5
64 68 -14
37 51 15
10 97 -5
16 28 1
2 93 -4
3 58 -3
26 41 2
67 79 -3
46 56 16
38 52 9
78 88 -15
36 91 8
15 68 -18
0 25 4
19 38 -19
79 89 16
11 34 13
30 47 -18
90 98 -16
82 94 -11
0 61 14
41 62 -6
60 75 -15
52 71 -11
12 35 -15
44 67 3
23 44 -1
22 48 -4
1 25 7
33 94 -13
25 90 -6
66 91 12
45 68 17
37 64 -7
56 77 -17
3 71 12
22 84 14
55 81 -9
7 41 -4
26 54 12
18 50 -14
59 88 -2
29 65 -10
8 42 -7
4 8 7
63 94 -17
21 97 4
62 98 5
33 71 -18
34 36 -11
52 84 2
25 67 -19
51 88 18
22 61 -8
7 18 -20
26 31 3
67 69 17
13 98 8
59 65 -14
18 27 -19
38 42 -9
70 74 16
15 58 -6
55 94 -3
7 54 -1
47 90 19
18 63 17
19 28 7
5 93 -8
11 24 9
92 98 19
30 37 -10
63 71 -6
82 84 8
48 91 -3
21 74 -4
81 88 8
41 52 -8
60 65 -5
33 48 -13
52 61 -2
10 64 -14
2 60 6
22 38 16
14 34 5
74 85 -2
45 58 14
85 94 6
32 88 -14
35 93 -8
15 35 11
7 31 11
18 40 20
59 78 3
78 91 7
70 87 -17
17 81 -9
77 95 -10
9 77 -6
29 55 20
48 68 5
21 51 -9
40 64 -4
10 41 17
21 87 -11
62 88 -16
73 97 18
33 61 -3
20 91 4
25 57 13
44 70 10
2 73 2
43 74 12
3 38 -6
22 51 20
