100 2475 0
13 88 20
24 97 -11
55 84 3
28 67 19
29 32 -8
47 80 20
40 41 14
11 14 14
17 94 16
58 95 -18
9 90 1
50 91 11
21 64 9
40 77 -6
73 74 2
33 38 -7
39 81 -9
2 50 10
3 15 15
22 28 -4
54 97 -6
14 24 6
66 71 -10
4 96 18
24 74 -19
36 48 11
96 99 19
55 61 15
1 90 -15
18 30 -6
59 68 17
46 98 -2
5 60 2
70 77 -5
77 85 -11
28 80 17
29 45 -1
40 54 -1
80 90 6
6 61 -16
62 78 13
54 74 9
20 81 17
12 77 -20
31 90 -2
23 86 9
3 28 8
66 84 -17
24 87 1
17 48 -12
35 96 17
76 97 -8
9 80 13
77 98 2
50 81 -19
69 94 14
42 77 -13
27 97 7
31 67 -4
2 40 -3
3 5 10
12 90 12
32 68 -16
24 64 15
43 77 7
16 60 -14
17 25 15
35 73 16
36 38 2
28 34 6
1 80 3
7 11 -20
5 50 4
6 15 2
46 88 13
17 61 -7
58 62 20
57 97 -13
50 58 12
29 35 15
69 71 -13
21 31 -5
40 44 -20
39 48 -8
58 98 10
30 79 10
50 94 6
10 21 8
42 90 -1
8 97 -5
54 64 -18
73 77 7
0 93 2
20 71 7
39 84 5
12 67 16
13 32 -15
31 80 -15
4 63 -6
3 18 12
13 68 11
4 99 6
5 27 -20
16 73 9
17 38 -5
26 86 5
38 97 -17
50 71 6
69 84 16
42 67 -3
0 70 -3
19 83 14
20 48 -16
11 79 13
12 44 17
30 92 -14
2 30 -1
1 34 -18
13 45 14
4 76 4
23 89 10
64 90 20
24 54 -18
35 63 19
1 70 6
46 78 11
65 91 -9
57 87 -15
49 83 2
42 44 -10
8 51 13
11 56 12
30 69 11
31 34 1
42 80 -3
2 7 -19
8 87 12
13 22 -1
32 35 -11
24 31 -20
64 67 -15
43 44 7
16 27 -12
45 90 11
46 55 13
68 73 7
15 67 -3
26 76 2
27 41 3
79 88 15
30 46 -16
50 61 -15
90 97 -20
42 57 15
7 99 16
8 64 -9
19 73 15
11 69 14
30 82 17
31 47 6
91 98 -12
41 97 -14
34 58 -16
13 35 9
25 89 -2
72 84 18
24 44 -4
16 40 -1
56 76 -16
3 70 -6
22 83 -15
14 79 1
46 68 -13
15 80 -20
18 85 -17
19 50 6
11 46 -3
30 59 -11
71 97 15
63 93 -9
21 96 18
20 51 2
4 43 2
23 56 -13
16 17 -1
22 60 -2
53 84 -8
45 80 -10
37 76 -5
3 83 -12
9 14 -19
49 50 -11
19 27 -2
30 36 -16
71 74 2
42 47 16
82 83 1
48 90 18
40 86 -14
19 63 10
20 28 17
6 93 11
12 24 20
52 60 -11
23 33 -9
75 80 -1
1 14 16
93 97 12
53 61 18
44 92 -15
72 74 -5
25 79 20
64 70 13
10 99 -4
56 66 -12
3 60 14
15 34 -4
26 43 -14
78 90 -4
49 63 -18
36 93 -2
48 67 -15
8 31 14
0 27 -12
18 75 -4
19 40 -14
79 91 1
11 36 -3
71 87 16
21 86 -7
41 64 -10
33 60 6
52 73 -1
25 56 -7
44 69 -14
2 72 -19
22 50 15
14 46 -5
66 93 -17
45 70 -19
37 66 8
15 47 17
7 43 -13
0 4 14
70 99 -8
17 93 -6
8 44 -20
21 63 -11
0 40 -11
12 14 13
10 53 -7
21 99 4
41 77 12
1 4 -5
34 38 -13
44 82 2
45 47 -7
37 43 -16
10 89 -9
43 86 -7
22 63 18
67 71 -13
18 29 -2
78 80 -7
28 79 14
7 56 -20
8 21 -14
0 17 -4
19 30 -6
6 60 -11
71 77 -16
63 73 -3
29 80 -15
21 76 -3
60 67 15
52 63 -12
10 66 8
2 62 -9
74 87 -18
66 83 -15
85 96 -19
37 56 3
32 90 18
3 63 -18
35 95 -16
55 73 19
15 37 -6
7 33 10
26 46 -10
59 80 -16
70 89 3
17 83 3
69 93 9
40 66 -16
6 73 6
2 39 -11
62 90 16
54 86 -20
73 99 10
25 59 1
12 89 -18
51 80 -19
35 72 -12
14 49 5
18 19 16
24 99 5
16 95 -14
28 69 16
47 82 13
11 16 8
9 92 -3
50 93 17
10 20 9
29 70 -9
62 67 4
33 40 4
25 36 20
44 49 -10
51 57 6
22 30 3
54 99 -2
66 73 17
85 86 4
4 98 19
51 93 -14
24 76 7
16 72 11
36 50 -19
28 46 15
88 97 8
47 59 11
5 62 -9
6 27 -9
17 73 -9
9 69 -3
77 87 -11
28 82 6
61 79 -12
80 92 -1
6 63 14
62 80 16
54 76 -4
73 89 -7
12 79 -20
32 57 17
24 53 7
3 30 -11
35 62 17
1 69 18
65 90 -19
16 85 -6
57 86 -18
36 63 -7
9 46 -11
68 95 7
26 98 17
5 75 -5
58 87 10
42 79 8
2 6 -8
61 92 14
19 95 9
20 60 11
39 73 -9
31 69 7
2 42 2
54 89 -20
14 16 1
20 96 5
53 93 -5
13 57 13
4 88 19
24 66 10
16 62 19
17 27 -4
56 98 11
36 40 9
9 23 3
47 49 20
38 86 7
57 99 15
58 64 19
9 59 -1
50 60 -5
69 73 2
29 37 -7
21 33 1
7 98 15
27 76 -5
30 81 -5
10 23 14
83 93 1
62 70 -4
8 99 2
39 86 14
12 69 -6
13 34 8
31 82 20
32 47 -9
72 83 17
23 78 15
43 56 2
16 39 -18
87 99 -3
1 59 -18
34 93 8
5 29 -15
46 67 10
37 98 -14
16 75 -12
57 76 14
76 89 13
49 72 3
26 88 16
38 99 -15
58 77 7
27 89 -9
0 72 12
39 63 7
12 46 13
30 94 17
31 59 -2
23 55 -1
53 83 13
4 78 -3
45 79 8
64 92 -10
56 88 -2
9 13 7
46 80 -8
65 93 -5
68 98 20
21 23 5
7 88 -11
8 53 -7
19 62 10
20 27 1
39 40 -20
30 71 -2
23 32 13
2 9 -16
41 86 5
13 24 -3
53 60 8
4 55 -17
72 73 -18
44 91 9
43 46 -13
87 89 11
34 83 -10
53 96 15
5 19 -15
76 79 12
49 62 -1
68 75 8
19 39 15
79 90 3
30 48 10
90 99 -6
8 66 6
0 62 18
20 40 4
60 76 2
4 32 -17
1 26 -3
33 95 11
34 60 -20
25 91 6
72 86 -19
45 69 20
22 85 14
14 81 15
34 96 3
26 55 3
5 32 19
18 51 3
38 66 -12
70 98 -18
8 43 8
27 56 -6
0 39 -11
12 13 17
71 99 1
30 61 8
63 95 -5
60 89 -2
12 49 1
13 14 -19
4 45 -15
45 46 -10
10 88 -3
16 19 13
2 84 13
22 62 -14
1 39 -19
45 82 6
46 47 -14
5 9 -9
37 78 -12
38 43 14
3 85 -12
9 16 -15
14 94 -14
15 59 -2
7 55 -13
27 33 17
18 64 5
19 29 12
79 80 -4
30 38 -19
71 76 15
82 85 13
29 79 14
48 92 2
40 88 19
0 52 -13
20 30 12
60 66 -18
6 95 -16
12 26 8
31 39 9
23 35 -18
41 89 4
1 16 -1
33 85 18
74 86 -11
53 63 -18
25 81 2
64 72 18
3 62 6
15 36 8
7 32 17
67 83 -13
86 96 3
18 41 2
59 79 -15
78 92 -18
7 68 18
27 46 -5
40 65 13
0 29 14
11 38 -7
6 72 12
71 89 -19
29 92 -18
21 88 -14
33 62 5
52 75 -6
44 71 2
10 78 -1
22 52 14
14 48 10
74 99 16
24 98 9
3 75 19
15 49 1
7 45 16
47 81 1
26 58 -5
59 92 3
11 15 -19
9 91 16
29 69 -20
48 82 3
0 42 13
41 43 -19
33 39 13
12 16 -18
4 12 18
22 29 5
54 98 13
74 76 18
25 71 7
45 49 -9
32 79 8
51 92 7
2 87 -15
43 88 -9
3 52 -10
22 65 18
35 84 -1
15 26 -10
59 69 3
17 72 10
28 81 -16
47 94 16
48 59 -5
8 23 -13
0 19 17
11 28 -8
6 62 -20
63 75 14
29 82 18
21 78 15
62 79 5
33 52 -4
25 48 -6
44 61 -17
31 91 19
10 68 6
2 64 -19
74 89 20
66 85 -20
85 98 -7
32 92 -7
24 88 -12
16 84 -7
35 97 13
36 62 -15
18 44 5
5 74 17
17 85 -20
9 81 -4
48 72 16
2 41 -1
62 92 -6
54 88 -1
14 15 -6
25 61 2
12 91 2
4 87 3
32 69 -19
24 65 -11
43 78 -12
47 48 -13
18 21 6
17 62 -4
57 98 15
36 75 -16
9 58 -13
28 71 10
47 84 6
48 49 16
5 87 11
6 52 2
10 22 -2
42 91 5
21 68 -4
54 65 -10
73 78 -6
0 94 -13
20 72 13
25 38 14
10 58 10
2 54 9
3 19 -11
22 32 -3
74 79 -5
66 75 -20
13 69 8
16 74 -17
35 87 -9
76 88 17
36 52 -12
1 94 11
47 61 17
88 99 17
6 29 -15
17 75 17
58 76 8
9 71 -12
50 72 5
77 89 -17
61 81 7
27 88 -10
6 65 19
10 35 -11
62 82 2
54 78 14
73 91 6
20 85 10
39 98 12
32 59 2
23 90 4
51 72 -15
35 64 -20
1 71 5
13 82 -20
5 41 -11
65 92 18
16 87 14
17 52 19
57 88 -14
9 48 14
5 77 -18
6 42 -18
58 89 20
2 8 10
61 94 -17
8 88 1
54 55 17
19 97 -16
25 28 5
20 62 17
39 75 13
12 58 -8
31 71 -2
24 32 14
43 45 -3
14 18 -9
12 94 -14
53 95 16
32 72 18
4 90 3
65 69 12
17 29 -2
36 42 -15
28 38 -18
1 84 -6
68 74 -15
5 54 9
6 19 5
38 88 -18
58 66 7
9 61 11
77 79 -20
42 58 10
80 84 -15
19 74 3
20 39 -18
39 52 -2
30 83 -17
91 99 -11
10 25 -8
42 94 7
2 21 3
12 71 8
13 36 -1
32 49 -14
24 45 -15
84 96 -14
16 41 20
1 61 -16
34 95 7
46 69 -20
57 78 14
76 91 -20
68 87 1
27 55 -2
71 98 -3
30 60 14
42 71 16
8 78 1
39 65 17
30 96 5
4 44 -13
23 57 -17
34 72 1
13 49 -9
53 85 -9
4 80 1
3 84 14
49 51 3
9 15 -9
14 93 -19
26 67 6
5 44 -19
38 78 20
50 52 2
42 48 10
27 68 7
0 51 5
20 29 9
39 42 -16
11 60 -10
30 73 -18
2 11 7
83 85 -11
0 87 -11
41 88 17
53 62 17
13 26 12
4 57 -5
32 39 13
56 67 14
53 98 4
46 59 -7
86 95 -20
3 97 12
49 64 10
7 67 -13
26 80 7
27 45 -20
18 76 -1
19 41 -6
79 92 -20
11 37 -8
30 50 19
42 61 -16
29 91 1
0 64 -19
60 78 -10
11 73 -3
83 98 17
33 97 -18
34 62 -12
53 75 -15
37 67 10
56 80 -11
22 87 -17
7 44 -4
67 95 6
38 68 18
8 45 -10
27 58 19
18 89 -7
11 50 11
12 15 -18
63 97 -5
41 78 9
1 5 9
60 91 -10
33 74 19
34 39 10
52 87 -4
13 16 19
44 83 11
24 25 -11
10 90 7
56 57 -17
2 86 16
3 51 -19
22 64 1
14 60 2
34 75 -16
5 11 12
38 45 18
78 81 -17
57 58 -2
49 54 -4
89 90 11
47 93 15
8 22 19
26 70 6
7 57 -11
0 18 -20
79 82 15
71 78 -11
90 91 -13
82 87 10
48 94 -3
21 77 -13
40 90 7
41 55 -15
12 28 18
52 64 -3
4 24 -2
10 67 -4
2 63 -8
22 41 -12
1 18 -14
33 87 -13
74 88 11
34 52 -8
37 57 6
3 64 -6
22 77 9
7 34 3
26 47 6
86 98 16
59 81 -13
18 43 -7
70 90 -3
36 97 16
29 58 8
0 31 5
19 44 -16
6 74 -13
63 87 5
29 94 -6
21 90 -9
41 68 -14
33 64 -5
52 77 -10
25 60 -12
2 76 -6
3 41 -3
14 50 16
66 97 -18
18 20 -2
55 87 18
7 47 13
8 12 -19
0 8 -8
18 56 -20
59 94 -15
19 21 -20
17 97 16
29 71 -13
48 84 -15
21 67 -18
40 80 18
41 45 -14
6 87 12
44 50 -10
4 14 -17
2 53 -12
22 31 -9
34 42 13
25 73 10
85 87 6
51 94 2
24 77 17
43 90 -5
3 54 19
35 86 3
14 63 13
15 28 1
55 64 -5
47 60 -15
7 24 -7
26 37 17
67 75 -8
78 84 -18
36 87 -4
77 88 -14
9 70 9
28 83 12
29 48 19
47 96 11
48 61 -1
5 99 -3
11 30 1
6 64 -11
21 80 -18
62 81 -3
81 94 8
54 77 17
33 54 19
39 97 -8
44 63 11
31 93 8
2 66 -7
43 67 7
22 44 11
14 40 -16
13 81 15
17 51 1
35 99 -4
28 60 -7
7 37 -1
5 76 -1
6 41 -5
17 87 1
58 88 -18
61 93 3
40 70 3
6 77 -17
39 74 13
10 47 5
62 94 -5
54 90 11
12 93 -4
13 58 17
32 71 16
3 44 10
1 83 17
47 50 -7
59 61 6
46 91 -2
36 77 -12
9 60 15
29 38 -16
80 83 -19
5 89 -10
50 97 -8
10 24 6
2 20 -18
62 71 -9
81 84 -17
33 44 -19
0 96 -15
20 74 -3
12 70 -12
31 83 20
23 79 -2
3 21 16
84 95 -4
35 53 2
14 30 17
66 77 10
13 71 7
65 81 -20
17 41 12
35 89 10
76 90 -16
9 37 5
36 54 -3
68 86 10
1 96 7
47 63 2
5 66 -9
58 78 -5
9 73 -1
29 51 -3
69 87 -15
21 47 -19
80 96 18
8 77 2
19 86 15
54 80 13
31 96 15
17 18 -13
6 8 -20
65 94 5
38 77 -15
17 54 12
49 86 -11
68 99 -12
6 44 9
30 72 20
61 96 3
8 90 16
12 60 -14
32 38 -15
24 34 -14
84 85 -6
43 47 15
3 11 -20
13 61 -3
53 97 9
5 20 12
37 89 16
65 71 -7
57 67 4
9 27 -19
68 76 -18
28 40 -14
88 91 15
5 56 -14
6 21 14
38 90 -12
42 60 -10
80 86 3
27 80 -13
39 54 -16
11 72 1
30 85 11
31 50 7
23 46 -6
2 23 -10
54 70 -3
0 99 1
33 96 -19
72 87 -16
24 47 4
84 98 20
1 63 -3
34 97 -1
9 40 11
49 76 -11
68 89 -2
7 79 18
18 88 -14
19 53 7
50 77 -9
63 96 5
42 73 -14
0 76 -8
60 90 -5
52 86 -7
31 63 19
23 59 -16
16 20 6
34 74 -9
45 83 -17
46 48 14
64 96 13
38 44 11
56 92 19
17 21 7
9 17 16
49 53 -3
14 95 -12
15 60 12
26 69 5
6 11 17
79 81 15
82 86 -12
15 96 -17
61 63 -5
42 50 19
7 92 10
8 57 -3
27 70 -19
0 53 14
19 66 12
20 31 18
39 44 1
11 62 -2
31 40 -3
4 23 -7
83 87 -19
41 90 8
1 17 2
33 86 11
25 82 -16
53 64 -9
4 59 5
44 95 -2
64 73 -12
24 37 -9
16 33 20
34 87 6
45 96 13
86 97 -8
46 61 -12
78 93 -19
15 73 18
7 69 -15
0 30 3
18 78 -4
79 94 13
11 39 -4
63 86 6
82 99 -16
21 89 4
41 67 13
60 80 16
12 40 3
4 36 19
44 72 13
23 49 -2
1 30 12
33 99 -6
25 95 11
45 73 -17
56 82 -16
22 89 -17
14 85 -6
15 50 -17
26 59 5
67 97 -8
17 96 -19
7 82 -20
8 47 19
48 83 -6
6 86 -3
23 26 18
60 93 17
25 72 3
13 18 -1
44 85 14
45 50 -12
53 54 5
37 46 2
10 92 18
16 23 14
56 59 5
22 66 -11
14 62 5
15 27 -15
26 36 -14
46 51 12
18 32 18
5 13 -12
38 47 -5
86 87 7
78 83 -6
89 92 15
36 86 16
47 95 -6
48 60 11
8 24 3
7 59 15
27 37 -8
19 33 -8
79 84 -8
5 98 2
30 42 3
82 89 -5
48 96 -7
41 57 -17
12 30 -7
4 26 -8
10 69 5
2 65 -11
22 43 7
14 39 -7
33 89 -7
74 90 11
66 86 9
85 99 -15
3 66 -13
35 98 -13
14 75 15
55 76 7
7 36 5
18 45 7
78 96 10
70 92 -13
9 82 -20
28 95 2
8 37 15
21 56 11
40 69 -10
11 42 6
25 62 2
44 75 -2
10 82 3
2 78 8
22 56 -8
14 52 1
59 60 -14
18 22 -2
17 63 -16
36 76 19
55 89 1
28 72 1
47 85 -12
48 50 10
40 46 6
0 10 9
92 93 14
11 19 -14
21 69 14
40 82 -2
41 47 2
81 83 18
73 79 -4
33 43 7
25 39 -20
44 52 13
10 59 5
3 20 -16
14 29 -19
34 44 -9
66 76 18
13 70 -9
37 49 -15
51 96 -15
24 79 -16
36 53 -5
15 30 16
55 66 10
47 62 2
67 77 -2
26 39 -1
59 73 -15
18 35 -18
70 82 -17
77 90 10
29 50 13
0 23 -8
10 36 15
2 32 1
62 83 10
81 96 10
54 79 13
73 92 19
33 56 -4
20 86 -7
25 52 9
39 99 9
32 60 18
2 68 -15
3 33 -7
43 69 -17
35 65 15
1 72 11
13 83 12
17 53 17
9 49 3
55 79 -14
28 62 13
5 78 11
29 63 -14
69 99 -17
42 82 -16
21 59 -20
25 29 -13
39 76 -17
31 72 -12
2 45 -7
62 96 17
54 92 3
12 95 -15
13 60 -14
32 73 -18
24 69 17
43 82 7
16 65 -14
35 78 7
36 43 14
55 56 -17
28 39 8
7 16 -5
5 55 12
38 89 8
58 67 -8
49 98 13
77 80 11
69 76 7
29 40 20
61 72 -1
40 49 9
30 84 -17
50 99 -19
81 86 2
20 76 6
12 72 19
31 85 -7
4 68 -16
24 46 -7
3 23 14
35 55 15
13 73 -17
65 83 -6
17 43 3
76 92 18
9 39 -8
28 52 5
68 88 1
47 65 -19
5 68 -1
58 80 -5
50 76 -17
69 89 6
42 72 -19
21 49 14
61 85 -12
8 79 14
11 84 -14
31 62 18
10 39 19
54 82 -6
20 89 -3
12 85 -16
32 63 -16
24 59 -19
56 91 15
17 20 -15
28 29 -14
38 79 -8
17 56 -12
49 88 -7
50 53 -2
9 52 -20
29 30 -5
15 95 -13
7 91 20
6 46 -20
10 16 13
62 63 8
8 92 1
0 88 -5
20 66 -7
39 79 11
52 98 -14
31 75 19
32 40 -3
51 53 4
24 36 16
16 32 -9
35 45 -11
95 96 10
13 63 20
53 99 -9
45 95 18
65 73 -4
16 68 10
57 69 16
17 33 14
76 82 -9
3 98 -7
15 72 1
18 77 10
38 92 20
79 93 14
58 70 -10
69 79 -15
82 98 -4
0 65 1
19 78 -14
11 74 -19
31 52 -7
1 29 15
53 76 12
25 94 -9
13 40 7
4 71 -3
24 49 -11
64 85 2
35 58 14
1 65 6
14 84 -7
34 99 -3
46 73 -2
38 69 8
7 81 19
8 46 16
18 90 17
19 55 -2
11 51 -2
30 64 -15
0 78 1
11 87 -1
12 52 20
52 88 -13
31 65 4
10 91 11
1 42 16
45 85 -13
5 12 4
64 98 -19
37 81 -15
46 50 -13
17 23 4
3 88 -12
14 97 2
15 62 -14
18 67 -4
6 13 19
79 83 -20
30 41 -13
71 79 -5
50 56 12
82 88 13
7 94 7
48 95 -15
20 33 -15
11 64 15
12 29 17
31 42 12
23 38 -7
83 89 2
75 85 20
13 30 7
25 84 10
53 66 15
45 62 -1
64 75 -7
37 58 -7
56 71 1
3 65 19
34 89 -12
67 86 9
5 25 20
46 63 -18
37 94 16
38 59 -20
78 95 15
70 91 18
49 68 -7
8 36 3
27 49 17
0 32 -1
11 41 18
71 92 -3
29 95 17
0 68 14
41 69 -11
33 65 -18
12 42 -19
44 74 4
2 77 -9
1 32 5
53 79 20
37 71 -13
56 84 16
3 78 5
14 87 19
15 52 -2
55 88 12
7 48 3
26 61 2
63 65 -20
48 85 11
8 49 -16
0 45 8
41 46 14
20 23 -14
11 54 -7
12 19 -14
31 32 19
23 28 -16
41 82 -17
33 78 -18
34 43 17
52 91 -9
53 56 -17
44 87 -14
85 88 3
51 95 -11
2 90 -5
3 55 -11
22 68 -16
7 25 9
86 89 -16
59 72 -4
97 98 -12
47 97 -1
8 26 9
7 61 -6
27 39 -6
30 44 18
63 78 -9
29 85 5
48 98 20
21 81 -4
40 94 -12
60 72 7
4 28 12
44 64 -11
2 67 17
3 32 -14
22 45 6
74 92 11
66 88 -19
37 61 10
32 95 16
24 91 8
3 68 4
14 77 -3
15 42 -9
26 51 -16
67 89 16
18 47 11
78 98 -5
70 94 -11
17 88 7
9 84 6
28 97 16
21 58 6
40 71 -19
10 48 -20
62 95 -8
33 68 -19
37 38 -17
51 85 -5
2 80 -12
15 19 1
26 28 19
59 62 7
18 24 15
29 39 -8
8 16 -1
40 48 8
0 12 -13
92 95 -4
6 55 19
63 68 20
50 98 5
29 75 10
62 72 -6
73 81 4
44 54 5
2 57 -1
22 35 -20
14 31 -13
74 82 -5
66 78 9
13 72 -12
51 98 -14
16 77 -6
35 90 -20
36 55 -15
15 32 14
47 64 -16
5 67 -6
9 74 20
77 92 5
28 87 -15
69 88 -19
29 52 4
40 61 -2
6 68 8
2 34 -7
62 85 4
81 98 -20
54 81 -20
32 62 -15
23 93 16
24 58 8
14 44 -15
24 94 -1
65 95 9
36 68 -20
9 51 2
47 77 -7
0 2 12
5 80 17
58 92 -6
50 88 5
42 84 -15
21 61 18
61 97 5
33 35 -8
25 31 14
10 51 8
2 47 11
3 12 -20
84 86 15
54 94 2
14 21 -20
4 93 7
43 84 4
16 67 11
17 32 12
76 81 -10
1 87 -10
6 22 -1
58 69 8
9 64 10
77 82 -11
61 74 -15
40 51 19
27 81 -11
6 58 -18
19 77 19
39 55 -12
30 86 -6
10 28 -18
62 75 -17
39 91 -19
31 87 -7
32 52 12
4 70 -3
51 65 -5
35 57 -8
34 98 -4
46 72 -2
17 45 -7
76 94 -5
28 54 20
5 70 6
6 35 -10
58 82 -17
50 78 -2
42 74 19
27 94 12
19 90 -7
11 86 -8
39 68 6
23 60 -3
2 37 -6
12 87 17
53 88 16
24 61 -19
64 97 19
16 57 16
56 93 2
35 70 -8
9 18 -6
1 77 19
46 85 11
6 12 16
5 47 -2
57 94 3
9 54 -7
49 90 -1
50 55 -1
15 97 -8
27 71 -1
91 92 -12
83 88 4
62 65 -17
75 84 8
54 61 -4
0 90 6
20 68 -6
11 99 3
72 78 -3
51 55 -3
43 51 7
35 47 -2
46 62 13
37 93 17
49 67 -8
68 80 -2
15 74 2
26 83 17
27 48 -4
18 79 6
38 94 -19
79 95 1
58 72 9
8 71 12
27 84 10
60 81 -13
20 45 -7
11 76 -1
30 89 8
4 37 -9
23 50 -15
1 31 -19
34 65 -17
13 42 -18
72 91 -17
4 73 6
64 87 2
37 70 -20
16 47 9
56 83 4
22 90 8
26 60 17
67 98 -13
38 71 4
15 87 17
8 48 5
26 96 8
11 53 -1
12 18 -15
23 27 11
2 4 -13
0 80 -15
33 77 6
12 54 -17
4 50 -7
44 86 -5
23 63 -15
24 28 -7
56 60 14
35 37 14
1 44 -15
34 78 9
37 83 15
38 48 -12
57 61 15
9 21 16
7 60 -9
26 73 -11
90 94 -6
63 77 12
48 97 8
8 61 10
0 57 -6
60 71 -12
20 35 -2
52 67 15
12 31 20
75 87 14
34 55 -14
25 86 16
53 68 -19
44 99 7
45 64 -2
64 77 8
37 60 -15
56 73 16
3 67 -13
14 76 -3
15 41 -14
67 88 13
46 65 -18
78 97 15
38 61 4
49 70 7
28 96 -3
7 73 5
48 74 17
27 51 -19
0 34 18
19 47 -18
79 98 -16
11 43 -20
71 94 14
30 56 14
60 84 -16
34 68 18
26 27 7
37 73 18
14 89 10
55 90 10
8 15 4
26 63 -5
0 11 19
30 33 5
63 67 -8
0 47 19
41 48 17
40 83 -13
60 61 -20
12 21 12
52 57 -11
44 53 12
23 30 -1
10 60 -12
75 77 -17
22 34 10
1 11 -3
33 80 -10
34 45 -20
74 81 -2
93 94 9
37 50 10
51 97 -1
43 93 15
3 57 -12
22 70 10
26 40 -16
67 78 -7
86 91 10
18 36 6
78 87 7
89 96 -14
17 77 3
28 86 11
47 99 -18
48 64 -6
8 28 3
40 60 17
0 24 -6
19 37 14
11 33 -15
71 84 19
63 80 -18
29 87 -15
41 61 -18
73 93 -8
33 57 10
2 69 18
3 34 -11
14 43 -15
66 90 -12
13 84 8
24 93 -15
16 89 15
36 67 12
55 80 -2
15 44 18
7 40 7
18 49 15
17 90 -10
9 86 13
29 64 -10
48 77 12
21 60 -8
33 34 -10
2 46 -9
22 24 16
54 93 10
12 96 -11
37 40 -20
51 87 -20
3 47 5
43 83 -8
35 79 -15
14 56 -4
47 53 -8
7 17 -6
26 30 -11
13 97 19
70 73 -11
36 80 -5
29 41 12
8 18 1
48 54 -7
40 50 19
0 14 -7
5 92 19
92 97 10
9 99 -15
10 27 11
42 96 -9
41 51 -15
33 47 20
25 43 -6
44 56 -6
31 86 6
51 64 14
2 59 5
43 60 -17
22 37 -8
14 33 8
74 84 -4
32 87 -9
43 96 -4
16 79 -11
17 44 6
35 92 -6
36 57 8
55 70 1
1 99 -15
7 30 13
47 66 -14
17 80 1
9 76 -12
28 89 -6
29 54 14
69 90 2
61 86 -13
27 93 -7
30 98 -8
54 83 20
73 96 12
31 99 -13
32 64 -20
51 77 4
24 60 -3
1 76 -8
13 87 -14
65 97 12
57 93 -18
36 70 -3
6 47 -2
50 90 18
42 86 12
2 13 -19
61 99 6
62 64 -18
0 89 -16
32 41 -15
51 54 -1
2 49 -3
3 14 -20
22 27 -3
95 97 7
1 53 -17
66 70 13
12 99 13
4 95 -7
65 74 15
17 34 5
35 82 10
9 30 15
28 43 -19
88 94 -12
5 59 7
46 97 -1
77 84 4
50 67 3
9 66 9
69 80 -19
29 44 -1
80 89 -20
30 88 -17
31 53 8
2 26 -11
13 41 3
31 89 15
4 72 -19
72 90 19
24 50 -3
1 66 -12
46 74 -18
68 92 12
15 86 -8
27 60 -13
6 37 15
58 84 -12
30 65 -15
2 3 1
27 96 -7
19 92 -11
20 57 -4
11 88 9
12 53 -20
31 66 -3
4 49 2
3 4 9
35 36 1
34 77 4
4 85 -9
45 86 12
37 82 16
56 95 -4
57 60 17
36 37 -3
9 20 -17
68 69 -1
46 87 -18
6 14 -9
38 83 -8
57 96 -16
58 61 -4
49 92 -10
50 57 14
69 70 -14
15 99 -7
7 95 9
8 60 10
11 65 -13
39 47 -1
30 78 9
31 43 12
91 94 12
75 86 15
54 63 -12
0 92 11
44 98 -13
4 62 8
23 75 8
84 91 19
16 36 10
35 49 -3
1 56 6
87 96 4
34 90 -18
46 64 11
65 77 -9
38 60 10
68 82 -1
15 76 -11
7 72 16
71 93 -11
42 66 15
8 73 20
0 69 -15
20 47 -14
52 79 -2
4 39 -5
75 99 19
1 33 3
34 67 -14
3 79 12
46 77 -6
5 39 -14
18 58 -20
59 96 -10
49 82 -9
15 89 -5
7 85 -10
8 50 -8
0 46 -7
19 59 19
20 24 4
11 55 16
30 68 -19
41 83 -18
1 10 -2
60 96 7
33 79 10
12 56 -2
13 21 8
25 75 4
53 57 2
44 88 12
64 66 -20
56 62 -15
16 26 12
22 69 14
1 46 -3
45 89 18
46 54 13
5 16 -17
37 85 -15
3 92 -12
89 95 20
49 59 -15
68 72 8
47 98 13
7 62 3
26 75 6
27 40 -4
18 71 -19
79 87 -10
11 32 -9
90 96 -2
29 86 12
8 63 -20
40 95 5
0 59 14
44 65 7
4 29 11
23 42 6
41 96 -2
1 23 9
33 92 5
25 88 -19
53 70 -7
22 82 -15
14 78 10
26 52 -12
59 86 4
18 48 7
38 63 10
40 72 -13
19 49 17
71 96 -9
4 6 -10
63 92 -16
29 99 -13
41 73 14
60 86 2
33 69 -6
44 78 8
10 85 -9
2 81 17
34 70 10
13 96 -13
38 40 16
36 79 -10
15 56 -10
27 30 9
18 61 -17
19 26 11
5 91 -20
11 22 -7
30 35 7
71 73 -16
21 72 16
41 50 10
60 63 8
33 46 6
12 23 -16
52 59 11
4 19 5
10 62 -14
22 36 9
34 47 11
25 78 17
66 79 -14
37 52 10
56 65 5
43 95 15
22 72 -5
35 91 8
55 69 9
7 29 7
86 93 11
59 76 -11
78 89 -4
70 85 -8
17 79 -18
9 75 17
28 88 8
29 53 -5
40 62 -5
62 86 -4
41 63 8
81 99 -9
33 59 1
52 72 1
3 36 -11
14 45 20
74 96 -7
66 92 15
24 95 -17
55 82 -8
47 78 -15
59 89 10
5 81 17
17 92 14
58 93 -12
9 88 11
48 79 -12
40 75 -3
33 36 5
6 82 16
25 32 3
4 9 10
3 13 18
22 26 -2
54 95 13
14 22 -16
12 98 10
37 42 19
4 94 4
32 76 20
24 72 -11
3 49 -10
36 46 6
55 59 -2
15 23 10
7 19 11
18 28 -13
17 69 8
36 82 15
9 65 9
77 83 8
29 43 14
47 91 -14
21 39 14
80 88 -12
2 25 17
21 75 -5
62 76 18
81 89 17
54 72 -12
73 85 -2
25 45 -10
39 92 11
51 66 -8
23 84 19
2 61 11
43 62 2
3 26 -12
22 39 -4
14 35 -10
66 82 -15
32 89 2
24 85 11
43 98 -1
16 81 18
36 59 1
9 42 -1
76 95 15
5 71 -11
58 83 15
69 92 -16
61 88 -6
27 95 -14
19 91 17
39 69 -14
73 98 13
20 92 -14
12 88 11
13 53 -1
32 66 3
24 62 10
43 75 15
7 9 14
13 89 10
5 48 12
65 99 -5
17 59 16
58 60 3
9 55 5
15 98 -13
61 65 9
40 42 -15
6 49 -3
50 92 -1
10 19 -9
42 88 18
54 62 -7
23 74 16
51 56 -17
84 90 -1
43 52 -19
3 16 13
14 25 -14
95 99 -14
1 55 18
87 95 17
13 66 -19
4 97 -2
45 98 -14
65 76 -20
36 49 10
68 81 -9
1 91 -19
47 58 -18
46 99 -19
5 61 12
58 73 -17
50 69 -9
69 82 -4
42 65 8
8 72 -19
19 81 20
20 46 -11
11 77 9
23 51 8
75 98 6
54 75 4
23 87 4
64 88 12
46 76 9
38 72 14
57 85 -18
76 98 11
9 45 11
15 88 -18
7 84 -12
26 97 -11
18 93 9
6 39 -9
30 67 -12
50 82 4
42 78 -18
2 5 3
8 85 -14
0 81 -1
20 59 2
60 95 -10
39 72 -3
13 20 -1
31 68 -12
32 33 9
4 51 -15
35 38 -19
1 45 11
34 79 14
13 56 -5
45 88 -10
46 53 4
65 66 14
37 84 -17
16 61 -3
9 22 -15
49 58 -2
68 71 6
28 35 -13
15 65 2
26 74 -4
18 70 -6
6 16 3
98 99 16
58 63 -20
49 94 6
90 95 -20
50 59 14
69 72 -3
42 55 -20
61 68 18
7 97 -14
8 62 -3
0 58 -18
19 71 16
39 49 11
30 80 -5
91 96 -4
23 41 10
75 88 -13
41 95 11
13 33 -16
32 46 -10
72 82 -4
4 64 -4
24 42 -14
64 78 -6
56 74 -6
35 51 -11
22 81 -1
34 92 19
57 75 -7
49 71 -6
9 35 -13
8 39 10
26 87 10
27 52 -19
18 83 -3
19 48 -13
79 99 2
71 95 7
63 91 2
42 68 -9
29 98 17
8 75 -19
0 71 -12
41 72 -16
60 85 7
20 49 -2
12 45 -9
52 81 12
1 35 10
53 82 14
64 91 3
37 74 2
3 81 -10
14 90 -19
15 55 -12
7 51 -14
59 98 11
18 60 -12
71 72 19
30 34 18
42 45 5
40 84 -15
19 61 5
60 62 -12
11 57 -17
12 22 -14
31 35 12
4 18 -6
23 31 15
60 98 -12
34 46 14
25 77 18
44 90 8
4 54 -8
64 68 5
10 97 -8
16 28 -19
56 64 -8
22 71 -17
14 67 12
67 79 17
26 41 4
46 56 11
37 87 11
38 52 11
78 88 -2
57 65 -20
70 84 16
49 61 4
15 68 12
7 64 7
8 29 -8
0 25 10
19 38 7
30 47 14
63 81 -20
21 84 2
41 62 15
52 71 9
12 35 -9
23 44 12
22 48 15
1 25 -9
74 95 -16
56 77 6
22 84 -8
14 80 -11
55 81 10
67 92 9
70 97 6
9 87 15
29 65 11
40 74 8
0 38 -20
6 81 7
11 47 18
4 8 -11
63 94 -6
62 98 3
41 75 9
33 71 12
52 84 -5
25 67 5
44 80 -16
37 41 14
3 48 -11
15 22 3
7 18 14
13 98 2
59 65 -2
18 27 17
70 74 14
36 81 -17
47 90 4
48 55 14
7 54 -15
27 32 13
19 28 8
30 37 -4
63 71 20
29 78 7
48 91 -19
21 74 -5
40 87 13
41 52 14
81 88 10
52 61 -19
25 44 10
44 57 -16
2 60 -7
22 38 -19
14 34 -8
34 49 6
74 85 6
25 80 20
93 98 -6
66 81 -17
85 94 1
24 84 16
43 97 -20
14 70 20
7 31 -20
47 67 10
26 44 -14
59 78 -4
78 91 -5
70 87 -9
77 95 16
9 77 19
29 55 -11
48 68 -18
21 51 -20
0 28 17
10 41 -6
62 88 12
41 65 -13
54 84 3
33 61 -7
73 97 -6
44 70 18
10 77 -19
51 78 -19
23 96 12
2 73 -7
3 38 -2
66 94 11
