100 4950 0
13 88 13
16 93 -17
29 32 -6
6 48 -9
9 90 9
50 91 9
41 42 -11
25 34 -11
44 47 -5
2 50 17
4 96 -1
36 48 -1
96 99 13
55 61 12
29 45 16
48 58 13
6 61 19
25 47 7
43 64 -5
1 67 17
17 48 4
36 61 5
31 67 3
3 5 -4
24 64 17
43 77 8
1 80 -9
17 61 1
58 62 9
61 67 -20
10 21 9
54 64 -19
73 77 19
12 67 6
31 80 -6
3 18 -1
5 27 -3
65 78 9
68 83 -14
26 86 -12
58 75 6
42 67 14
61 80 5
80 93 12
0 70 -9
19 83 -4
12 80 -9
53 81 -17
72 94 -13
56 86 19
9 11 -14
46 78 14
5 40 -15
65 91 19
49 83 18
68 96 -15
7 86 16
26 99 4
42 80 20
0 83 20
19 96 -15
60 97 1
13 22 -2
32 35 2
16 27 6
35 40 -9
34 81 3
53 94 -3
37 86 2
56 99 -4
9 24 5
28 37 -4
27 41 -16
30 46 18
90 97 -20
7 99 3
20 38 1
39 51 -6
4 30 -9
23 43 -20
83 94 12
41 97 19
25 89 14
13 35 -12
16 40 -19
34 94 -6
37 99 -17
8 41 5
27 54 10
11 46 -16
30 59 2
71 97 -4
20 51 16
4 43 -17
23 56 -3
22 60 15
38 41 -19
15 57 13
18 62 7
50 51 13
8 54 14
11 59 1
52 60 -18
1 14 12
45 57 -12
64 70 -3
3 60 -19
22 73 -19
38 54 18
15 70 1
18 75 20
33 60 11
52 73 18
10 76 -4
45 70 -1
3 73 19
47 79 -7
0 4 -18
21 63 -9
40 76 -18
12 14 -2
33 73 -6
10 89 8
51 90 12
7 20 16
26 33 7
67 71 -19
70 76 -14
28 79 16
47 92 11
0 17 3
19 30 -9
5 95 -13
63 73 1
21 76 7
40 89 -20
81 90 -5
39 93 -16
14 36 16
74 87 7
13 77 18
32 90 -20
16 82 -1
35 95 11
7 33 -3
67 84 -1
26 46 12
70 89 2
9 79 14
28 92 -6
69 93 -17
2 39 17
62 90 3
20 93 -12
23 98 15
14 49 18
13 90 11
16 95 6
29 34 9
6 50 8
9 92 14
50 93 16
8 96 -12
41 44 -16
25 36 3
44 49 11
2 52 -7
4 98 5
36 50 -10
55 63 -7
38 96 19
29 47 -7
6 63 13
24 53 -12
43 66 -20
1 69 -17
17 50 19
36 63 1
31 69 -15
3 7 12
24 66 -11
43 79 -18
1 82 -13
58 64 -5
61 69 -5
80 82 1
19 72 1
10 23 15
54 66 12
12 69 13
31 82 1
72 83 13
5 29 19
46 67 1
65 80 14
49 72 -17
68 85 17
26 88 3
58 77 11
42 69 -3
61 82 -10
0 72 9
19 85 14
12 82 19
53 83 13
72 96 8
56 88 10
9 13 -1
14 91 -10
46 80 -11
5 42 3
65 93 15
49 85 -14
68 98 10
21 23 2
7 88 14
20 27 2
39 40 11
23 32 -9
0 85 6
41 86 14
60 99 -3
13 24 16
44 91 -6
32 37 -17
16 29 13
35 42 -16
34 83 -18
53 96 -19
37 88 3
9 26 -13
27 43 -10
30 48 -4
71 86 -13
90 99 12
20 40 -11
39 53 5
4 32 11
23 45 -12
83 96 7
41 99 12
13 37 1
25 91 -16
16 42 15
15 46 -20
34 96 16
18 51 13
8 43 16
27 56 12
11 48 -5
71 99 11
30 61 -8
1 3 12
4 45 5
45 46 7
22 62 -14
38 43 -14
15 59 -11
18 64 1
8 56 15
11 61 -6
52 62 -5
10 65 -12
1 16 -15
45 59 -12
64 72 2
3 62 -16
22 75 -2
38 56 -13
40 65 -1
33 62 -8
52 75 1
10 78 15
3 75 17
47 81 15
0 6 6
21 65 -7
40 78 -16
12 16 -3
33 75 7
74 76 4
32 79 2
51 92 -3
35 84 -19
7 22 6
67 73 3
26 35 2
70 78 1
89 91 -3
9 68 -6
28 81 10
47 94 -15
0 19 3
5 97 -17
63 75 -14
21 78 -20
62 79 11
81 92 3
39 95 -12
14 38 -6
74 89 12
13 79 1
32 92 4
16 84 5
35 97 -15
7 35 2
9 81 -5
28 94 10
69 95 -1
2 41 -9
62 92 6
20 95 -5
4 87 16
14 51 15
13 92 -8
16 97 14
57 98 -4
29 36 7
48 49 17
6 52 -18
50 95 -15
8 98 -3
25 38 20
44 51 17
2 54 -16
84 93 -5
43 55 -7
87 98 9
17 39 -20
36 52 -9
55 65 -17
38 98 9
29 49 3
6 65 5
24 55 -18
43 68 -3
1 71 -1
17 52 -17
36 65 1
10 12 -18
54 55 -2
12 58 11
31 71 -18
3 9 20
24 68 -11
65 69 11
68 74 -12
1 84 18
58 66 -6
77 79 12
42 58 11
61 71 7
80 84 -1
19 74 7
10 25 -13
54 68 -20
12 71 5
31 84 -20
72 85 -6
46 69 -8
5 31 14
65 82 19
49 74 -4
68 87 -12
7 77 -6
26 90 -9
58 79 -10
42 71 2
61 84 -6
0 74 -16
19 87 -10
60 88 -14
16 18 1
34 72 10
53 85 8
72 98 -1
37 77 -17
56 90 -10
9 15 -2
14 93 -12
5 44 19
46 82 2
49 87 -2
7 90 -1
20 29 -12
39 42 -13
23 34 5
83 85 -13
0 87 16
41 88 8
13 26 -2
44 93 -15
32 39 19
16 31 -6
35 44 14
2 96 -8
34 85 10
53 98 15
37 90 6
9 28 -7
8 32 -10
27 45 -19
11 37 4
71 88 -19
30 50 -15
29 91 -3
20 42 10
4 34 3
23 47 -10
83 98 -10
25 93 -12
15 48 -2
18 53 -18
59 91 4
8 45 8
27 58 -19
11 50 -14
30 63 18
1 5 -9
4 47 11
45 48 -3
3 51 -17
22 64 -13
38 45 -17
57 58 -14
15 61 4
18 66 -10
33 51 -18
52 64 -8
10 67 -7
1 18 -14
45 61 11
3 64 12
22 77 19
40 67 -11
33 64 17
52 77 4
10 80 -13
28 70 4
47 83 11
0 8 8
19 21 15
5 86 -9
63 64 11
21 67 10
40 80 7
14 27 -18
74 78 -16
32 81 -16
51 94 8
35 86 -5
7 24 -11
26 37 -4
67 75 -20
70 80 2
9 70 1
28 83 9
47 96 2
0 21 6
5 99 8
21 80 18
62 81 -10
81 94 7
20 84 -10
39 97 -20
14 40 17
74 91 -6
13 81 14
32 94 1
16 86 -12
35 99 5
7 37 9
6 41 18
9 83 17
50 84 13
69 97 9
25 27 15
2 43 1
62 94 19
20 97 -11
4 89 10
36 41 -16
13 94 14
16 99 -7
29 38 -9
48 51 -20
6 54 -14
92 94 -1
50 97 15
25 40 11
2 56 -4
84 95 13
43 57 13
1 60 -11
17 41 14
36 54 7
55 67 -7
29 51 -3
31 60 18
24 57 -15
43 70 -19
1 73 5
17 54 -19
10 14 16
54 57 -15
12 60 14
31 73 12
3 11 16
5 20 -20
24 70 3
65 71 -7
68 76 -20
26 79 -16
58 68 -8
77 81 11
42 60 16
61 73 7
80 86 10
0 63 -9
19 76 15
54 70 20
12 73 -16
53 74 -5
72 87 19
56 79 10
5 33 8
46 71 -12
65 84 6
49 76 5
68 89 11
7 79 7
26 92 20
42 73 -7
0 76 7
19 89 5
60 90 20
13 15 -15
16 20 -20
34 74 -12
53 87 -13
37 79 -18
56 92 -7
9 17 -9
28 30 17
14 95 -16
27 34 -7
46 84 7
30 39 4
49 89 -6
7 92 -2
48 93 17
20 31 -19
39 44 15
4 23 -19
23 36 8
83 87 5
41 90 6
25 82 16
13 28 -4
44 95 19
16 33 -8
2 98 -20
34 87 -11
37 92 -17
78 93 -5
8 34 -10
27 47 -17
11 39 -7
30 52 15
71 90 -4
29 93 4
20 44 2
4 36 17
23 49 -16
25 95 14
15 50 -13
18 55 3
59 93 -5
17 96 3
8 47 -4
11 52 -16
52 53 19
1 7 4
45 50 -14
3 53 -5
22 66 -10
38 47 2
15 63 -6
18 68 -6
33 53 -18
52 66 8
10 69 -5
1 20 8
45 63 -10
3 66 2
21 56 -19
40 69 -3
33 66 -10
10 82 16
51 83 -8
7 13 3
28 72 5
47 85 4
0 10 -15
19 23 -20
5 88 -5
63 66 -18
21 69 -19
40 82 12
81 83 5
14 29 -13
74 80 14
13 70 11
32 83 -10
51 96 -19
35 88 17
7 26 -5
26 39 14
67 77 15
70 82 -4
9 72 7
28 85 5
0 23 -10
2 32 6
62 83 -6
81 96 18
20 86 -10
39 99 -11
23 91 13
14 42 -9
13 83 -3
32 96 -20
16 88 -6
6 43 -12
9 85 -15
50 86 15
69 99 -18
25 29 14
2 45 2
62 96 4
20 99 -1
4 91 2
36 43 -5
55 56 -11
38 89 -6
29 40 6
48 53 -3
92 96 -8
6 56 10
50 99 10
25 42 4
24 46 -1
43 59 13
84 97 -16
1 62 5
17 43 -5
36 56 1
31 62 5
24 59 -3
43 72 -7
1 75 9
17 56 2
61 62 8
19 65 4
10 16 4
54 59 -2
12 62 18
31 75 5
72 76 -7
46 60 -2
5 22 -17
65 73 -20
49 65 20
68 78 -13
26 81 1
58 70 -3
42 62 4
61 75 7
0 65 -8
19 78 -5
12 75 8
53 76 1
72 89 20
56 81 -16
14 84 -9
5 35 -1
46 73 15
65 86 -14
49 78 -8
68 91 -13
7 81 -1
26 94 15
23 25 14
42 75 -13
0 78 10
41 79 -15
60 92 7
13 17 4
44 84 10
16 22 -4
34 76 -18
53 89 10
37 81 -14
56 94 5
9 19 2
14 97 8
27 36 -4
71 79 -13
30 41 14
90 92 -15
7 94 13
48 95 -7
20 33 12
39 46 19
6 98 1
4 25 -1
23 38 -7
83 89 -10
41 92 4
25 84 9
13 30 13
44 97 8
16 35 17
34 89 -3
37 94 -20
78 95 -16
36 98 -7
8 36 1
27 49 -12
11 41 -17
71 92 14
30 54 -20
29 95 6
4 38 -14
22 55 -8
25 97 5
66 98 12
15 52 -14
59 95 12
18 57 -3
17 98 5
8 49 -1
11 54 8
52 55 11
1 9 -9
45 52 -19
64 65 1
3 55 -14
22 68 9
38 49 -15
33 55 8
52 68 11
10 71 -7
3 68 -7
47 74 4
21 58 -2
40 71 13
33 68 12
10 84 -20
51 85 10
7 15 -9
26 28 9
70 71 -11
28 74 -10
47 87 -3
0 12 -11
19 25 -5
5 90 -13
63 68 -11
21 71 14
62 72 15
81 85 -16
39 88 -20
14 31 20
74 82 7
13 72 -1
32 85 20
51 98 -5
16 77 15
35 90 -4
7 28 19
9 74 -12
28 87 7
69 88 -14
2 34 -10
62 85 -15
81 98 -19
20 88 7
23 93 -8
14 44 -6
13 85 -16
16 90 -9
6 45 8
50 88 -20
8 91 -15
25 31 -3
11 96 -10
2 47 6
43 48 -10
84 86 4
4 93 -12
17 32 16
36 45 10
55 58 18
38 91 1
29 42 -1
6 58 12
24 48 14
84 99 -2
43 61 8
1 64 -12
17 45 -6
36 58 -1
12 51 -7
31 64 -19
24 61 -1
1 77 8
58 59 -2
42 51 18
61 64 -7
19 67 18
10 18 13
54 61 -17
12 64 17
31 77 -9
72 78 16
5 24 -17
46 62 16
65 75 15
49 67 -15
68 80 -6
7 70 -18
26 83 19
58 72 16
42 64 -10
61 77 20
0 67 2
19 80 -17
60 81 -5
34 65 11
53 78 -14
72 91 -13
37 70 -5
56 83 -10
14 86 7
5 37 4
46 75 14
49 80 -14
7 83 -19
26 96 14
20 22 2
23 27 -16
0 80 12
41 81 14
60 94 3
13 19 -6
44 86 -20
16 24 16
2 89 -10
35 37 11
34 78 15
53 91 6
37 83 -5
56 96 7
9 21 -18
14 99 -11
8 25 19
27 38 20
30 43 11
71 81 1
90 94 -20
29 84 2
48 97 15
20 35 -2
4 27 -16
23 40 4
83 91 -16
41 94 -8
25 86 14
44 99 -9
15 41 -5
18 46 10
59 84 -12
78 97 10
8 38 7
27 51 19
11 43 -7
30 56 9
71 94 -17
29 97 4
4 40 13
22 57 -17
25 99 17
15 54 -17
18 59 8
59 97 3
52 57 -19
10 60 17
1 11 -20
45 54 14
3 57 -12
22 70 -3
40 60 -8
33 57 -5
52 70 3
10 73 15
47 76 8
0 1 -2
5 79 20
21 60 -19
40 73 -9
14 20 -5
32 74 -4
51 87 -16
35 79 -19
7 17 -11
26 30 1
67 68 -14
70 73 -8
9 63 -3
28 76 -3
47 89 15
0 14 -3
5 92 2
21 73 -16
62 74 16
81 87 15
39 90 18
14 33 9
74 84 -5
13 74 -3
32 87 -20
16 79 -11
35 92 -2
7 30 -20
6 34 -12
9 76 11
28 89 -4
69 90 -18
27 93 -12
30 98 -1
2 36 -12
62 87 -1
20 90 1
4 82 16
23 95 -20
13 87 -10
16 92 14
57 93 -4
29 31 -5
6 47 16
50 90 -6
8 93 8
25 33 -19
11 98 15
2 49 14
84 88 2
43 50 -15
1 53 9
87 93 -15
4 95 10
17 34 -8
36 47 -12
55 60 -4
96 98 16
38 93 20
29 44 -1
31 53 -12
24 50 5
43 63 13
1 66 -15
17 47 -5
12 53 -15
31 66 5
3 4 -20
24 63 -7
68 69 -15
26 72 17
58 61 11
42 53 15
61 66 11
0 56 -4
19 69 3
54 63 -20
12 66 10
53 67 19
72 80 -3
56 72 -20
46 64 -5
5 26 1
65 77 -18
49 69 -2
68 82 20
7 72 -13
26 85 12
42 66 -13
0 69 -15
19 82 2
60 83 -7
34 67 7
53 80 -3
72 93 -15
37 72 19
56 85 -9
9 10 12
14 88 -16
5 39 20
46 77 7
49 82 13
7 85 -16
48 86 -15
20 24 -20
23 29 -18
41 83 -11
60 96 10
13 21 -4
25 75 3
44 88 8
16 26 -18
2 91 -12
34 80 18
37 85 10
78 86 20
97 99 -11
8 27 6
27 40 6
11 32 10
30 45 3
71 83 -2
90 96 -11
29 86 2
48 99 7
20 37 5
4 29 -16
23 42 -4
41 96 -12
25 88 -18
15 43 15
59 86 12
18 48 18
78 99 -2
17 89 -12
8 40 -18
27 53 -14
11 45 -7
71 96 8
30 58 10
29 99 13
3 46 -9
22 59 2
38 40 -13
15 56 -15
18 61 -2
59 99 13
33 46 15
52 59 10
10 62 -18
1 13 -11
45 56 -5
3 59 -13
22 72 -5
40 62 -20
33 59 3
52 72 20
10 75 4
51 76 9
28 65 -3
47 78 -1
0 3 6
5 81 9
21 62 -20
40 75 -9
14 22 -3
32 76 7
51 89 -8
35 81 7
7 19 -4
67 70 2
26 32 14
70 75 7
9 65 -18
28 78 16
47 91 15
0 16 -11
5 94 -14
2 25 11
21 75 -15
62 76 18
81 89 13
20 79 12
39 92 -10
23 84 3
14 35 2
13 76 -10
32 89 -15
16 81 -5
35 94 -7
76 95 20
6 36 4
9 78 -7
50 79 7
69 92 15
27 95 1
2 38 7
62 89 -19
20 92 -10
4 84 -5
23 97 1
13 89 -5
16 94 -7
57 95 -13
29 33 2
15 98 -4
6 49 -16
50 92 -5
8 95 9
25 35 9
24 39 5
84 90 9
43 52 6
87 95 -16
1 55 -8
4 97 -17
45 98 -9
17 36 9
36 49 16
38 95 11
31 55 -5
75 98 9
24 52 16
43 65 -1
1 68 12
17 49 -6
19 58 -6
12 55 -5
31 68 -1
46 53 -16
5 15 20
65 66 -14
49 58 -8
68 71 14
26 74 -8
58 63 -9
42 55 10
61 68 6
0 58 8
19 71 11
12 68 -6
53 69 -11
72 82 -11
56 74 4
46 66 -5
5 28 20
65 79 -11
49 71 -19
68 84 4
7 74 19
26 87 -9
42 68 17
0 71 5
41 72 -8
60 85 8
44 77 20
34 69 9
53 82 11
37 74 -12
56 87 -3
9 12 -19
14 90 12
27 29 4
30 34 13
71 72 -1
7 87 -6
48 88 2
20 26 -18
4 18 -17
23 31 -2
41 85 16
60 98 -6
25 77 6
13 23 4
44 90 5
16 28 17
2 93 -7
34 82 10
37 87 -4
78 88 -16
36 91 -19
8 29 -5
27 42 10
11 34 -15
30 47 -11
71 85 16
90 98 12
29 88 7
4 31 1
23 44 10
22 48 19
25 90 5
66 91 -5
15 45 -15
18 50 11
59 88 -10
17 91 20
8 42 7
11 47 2
1 2 20
3 48 -20
22 61 20
38 42 11
15 58 18
18 63 14
33 48 -8
52 61 -17
10 64 -12
45 58 4
3 61 12
47 67 -19
21 51 13
40 64 10
33 61 -1
10 77 -13
51 78 -1
7 8 10
28 67 12
47 80 -13
0 5 13
5 83 12
21 64 1
40 77 2
39 81 -7
14 24 -1
74 75 2
13 65 -13
32 78 -19
51 91 8
16 70 -4
35 83 19
7 21 -14
70 77 19
9 67 -4
28 80 8
69 81 7
5 96 -12
2 27 -13
62 78 -14
81 91 1
20 81 9
39 94 -2
23 86 -16
14 37 4
13 78 6
32 91 -2
16 83 -5
35 96 -2
76 97 10
6 38 -3
9 80 8
50 81 18
69 94 9
8 84 -5
27 97 -19
11 89 -1
2 40 3
62 91 14
20 94 -15
4 86 -1
23 99 -4
17 25 -5
36 38 -15
38 84 11
57 97 -18
29 35 -16
6 51 -8
50 94 -13
91 95 -7
8 97 -11
24 41 5
84 92 -4
43 54 16
1 57 -11
87 97 -8
4 99 11
17 38 2
36 51 13
38 97 10
12 44 -7
31 57 12
24 54 -5
1 70 -7
42 44 -20
19 60 -7
10 11 13
12 57 -14
31 70 -9
5 17 19
46 55 17
65 68 -4
49 60 8
68 73 14
7 63 16
26 76 -5
58 65 -12
42 57 -8
61 70 -20
0 60 20
19 73 10
60 74 2
34 58 -7
53 71 -4
72 84 4
37 63 -13
56 76 -10
14 79 -8
46 68 6
5 30 -3
49 73 -4
7 76 -13
26 89 -18
0 73 -16
41 74 6
60 87 15
44 79 -3
16 17 2
34 71 11
53 84 17
37 76 15
56 89 -7
9 14 10
14 92 -16
27 31 2
30 36 5
71 74 -12
29 77 16
48 90 -5
20 28 -10
6 93 5
39 41 -20
4 20 -11
23 33 1
83 84 -5
41 87 2
25 79 4
44 92 5
85 93 9
16 30 -6
2 95 7
15 34 -15
18 39 13
59 77 -18
78 90 -20
36 93 3
8 31 8
27 44 -10
11 36 2
30 49 -16
71 87 15
29 90 -1
4 33 -8
22 50 14
25 92 20
66 93 -3
15 47 5
59 90 7
18 52 4
17 93 -9
8 44 -1
11 49 13
10 53 12
54 96 -20
1 4 -2
45 47 16
3 50 19
22 63 -11
40 53 -5
33 50 -6
52 63 14
10 66 -19
3 63 -4
47 69 -13
5 72 -10
21 53 1
40 66 14
33 63 8
32 67 9
51 80 -20
35 72 -1
7 10 8
9 56 -19
28 69 -16
47 82 14
0 7 19
5 85 -16
21 66 -4
62 67 -10
39 83 -9
14 26 -8
74 77 15
13 67 4
32 80 -19
51 93 -18
16 72 -20
35 85 20
7 23 3
6 27 -19
9 69 14
28 82 5
69 83 16
27 86 9
30 91 -8
2 29 -20
62 80 12
81 93 -2
20 83 10
39 96 13
4 75 17
23 88 -1
13 80 20
16 85 6
57 86 -4
76 99 -14
6 40 14
50 83 -4
69 96 17
8 86 -11
27 99 -2
25 26 -7
11 91 17
2 42 17
20 96 7
4 88 19
17 27 2
36 40 15
38 86 2
57 99 -6
29 37 17
31 46 -19
50 96 -4
91 97 -4
8 99 7
24 43 16
43 56 -14
84 94 -3
1 59 4
87 99 -8
17 40 -19
38 99 3
12 46 -20
31 59 8
24 56 -16
42 46 -2
0 49 7
19 62 2
10 13 3
54 56 -1
12 59 7
53 60 1
72 73 3
5 19 19
46 57 15
65 70 3
49 62 3
68 75 17
7 65 -12
26 78 2
42 59 -10
0 62 -8
19 75 10
60 76 9
34 60 -3
53 73 3
72 86 12
37 65 5
56 78 17
14 81 -20
5 32 10
46 70 -11
49 75 -2
7 78 -8
26 91 -20
41 76 -5
60 89 -11
25 68 15
13 14 -7
44 81 -9
16 19 -4
2 84 8
34 73 9
37 78 20
78 79 3
9 16 4
14 94 4
55 95 6
8 20 -10
27 33 -5
11 25 3
71 76 12
30 38 5
29 79 11
48 92 -12
20 30 -13
6 95 -10
4 22 18
23 35 -7
41 89 -4
25 81 -15
44 94 19
85 95 -4
2 97 -5
15 36 5
18 41 -8
59 79 -12
78 92 -15
36 95 17
8 33 12
27 46 -1
11 38 18
30 51 20
71 89 -16
29 92 5
4 35 -11
3 39 -13
22 52 11
66 95 -16
24 98 -7
15 49 13
59 92 -3
18 54 -16
17 95 -18
33 39 5
10 55 5
1 6 9
54 98 -19
45 49 -8
3 52 -10
22 65 -10
40 55 -4
33 52 18
52 65 -15
10 68 16
51 69 11
28 58 3
47 71 16
5 74 -3
21 55 -15
40 68 14
14 15 11
32 69 -19
51 82 4
35 74 -12
7 12 -5
9 58 16
28 71 -11
47 84 7
0 9 5
5 87 10
21 68 -13
62 69 19
81 82 -7
20 72 -20
39 85 14
23 77 6
14 28 -15
74 79 -1
13 69 15
32 82 -20
16 74 18
35 87 -4
76 88 -7
6 29 -9
9 71 3
50 72 3
69 85 5
27 88 17
30 93 -7
2 31 9
62 82 -4
20 85 -18
39 98 -17
4 77 12
23 90 18
13 82 7
16 87 2
57 88 -10
15 91 18
6 42 2
18 96 10
50 85 -3
69 98 -8
8 88 -1
25 28 17
11 93 10
24 32 20
43 45 4
87 88 10
1 48 19
4 90 -8
45 91 -19
17 29 2
36 42 -12
38 88 -15
31 48 6
91 99 -10
75 91 17
24 45 6
84 96 14
43 58 15
1 61 -1
17 42 18
12 48 11
31 61 -4
5 8 -4
49 51 -20
26 67 -9
42 48 15
0 51 -15
19 64 19
12 61 -4
53 62 -14
72 75 -3
56 67 -2
46 59 -7
5 21 6
65 72 12
49 64 -20
68 77 -17
7 67 4
26 80 18
42 61 4
0 64 17
60 78 11
34 62 -3
53 75 -8
37 67 -11
56 80 -4
14 83 -15
7 80 19
48 81 2
4 11 -1
23 24 -10
41 78 -13
60 91 8
13 16 -20
25 70 7
44 83 20
16 21 5
2 86 -7
34 75 9
37 80 -15
78 81 5
14 96 19
55 97 -10
8 22 4
27 35 -14
11 27 -9
71 78 19
30 40 7
90 91 -20
29 81 3
48 94 -9
20 32 8
6 97 7
4 24 19
23 37 20
22 41 20
25 83 -15
44 96 13
85 97 -4
2 99 -19
15 38 19
59 81 11
18 43 -1
78 94 -19
17 84 10
36 97 18
8 35 13
11 40 12
29 94 -3
3 41 16
22 54 3
66 97 3
15 51 -15
59 94 14
18 56 -12
17 97 16
33 41 2
52 54 18
10 57 -13
45 51 8
3 54 -9
47 60 15
21 44 18
40 57 4
33 54 -17
10 70 7
51 71 -9
28 60 -1
47 73 7
5 76 -18
21 57 -15
40 70 -20
39 74 -3
14 17 -17
13 58 -1
32 71 12
51 84 -8
16 63 14
35 76 9
7 14 -15
9 60 -8
28 73 -11
69 74 -1
5 89 18
2 20 -14
62 71 -20
81 84 -4
20 74 -18
39 87 18
23 79 11
14 30 3
13 71 1
32 84 -8
16 76 2
35 89 20
76 90 18
6 31 -17
9 73 -15
50 74 -20
69 87 10
8 77 18
27 90 -10
11 82 19
30 95 -10
2 33 13
62 84 15
20 87 18
4 79 -16
23 92 5
64 93 -8
17 18 -16
38 77 -12
57 90 -5
15 93 9
18 98 -20
6 44 -10
50 87 5
8 90 -17
11 95 -18
24 34 16
43 47 -19
84 85 -13
87 90 16
1 50 6
4 92 -6
45 93 -1
17 31 -16
3 96 5
36 44 -20
38 90 -13
31 50 16
75 93 -10
33 96 -14
24 47 4
84 98 14
1 63 17
19 53 -16
63 96 -12
12 50 -18
31 63 -11
46 48 -15
5 10 -3
49 53 11
26 69 -10
42 50 -13
61 63 -2
0 53 20
19 66 12
53 64 12
72 77 19
56 69 -9
14 72 -1
5 23 -6
46 61 14
49 66 11
68 79 -4
7 69 10
26 82 -16
0 66 -16
41 67 13
60 80 6
44 72 1
34 64 -3
53 77 -20
37 69 15
56 82 -15
14 85 4
7 82 13
48 83 -19
20 21 9
6 86 11
4 13 -7
23 26 18
41 80 -2
60 93 11
25 72 -13
13 18 8
44 85 -7
16 23 -19
2 88 4
15 27 -8
18 32 18
78 83 14
36 86 -9
55 99 1
8 24 7
27 37 13
11 29 -14
71 80 15
30 42 14
29 83 4
48 96 16
6 99 -12
4 26 7
22 43 -4
25 85 12
66 86 -19
85 99 12
15 40 5
18 45 15
59 83 18
78 96 -8
17 86 -9
36 99 3
8 37 -17
11 42 1
10 46 -8
29 96 13
3 43 -8
22 56 -6
66 99 12
40 46 -14
17 99 -12
33 43 7
52 56 -9
10 59 -12
3 56 13
47 62 -6
5 65 -3
21 46 -13
40 59 15
33 56 -20
32 60 15
51 73 -16
35 65 5
9 49 -1
28 62 -10
47 75 -3
5 78 -4
21 59 12
39 76 9
14 19 1
13 60 9
32 73 -15
51 86 -16
16 65 18
35 78 13
7 16 -9
9 62 7
28 75 18
69 76 -20
27 79 7
30 84 -16
2 22 16
62 73 -3
81 86 19
20 76 -3
39 89 18
4 68 -16
23 81 -19
14 32 7
13 73 5
16 78 -12
57 79 7
76 92 18
6 33 -11
50 76 -6
69 89 15
8 79 4
27 92 20
11 84 -11
30 97 3
2 35 20
20 89 17
4 81 -17
23 94 -18
64 95 -16
17 20 2
38 79 18
57 92 4
29 30 -11
15 95 4
6 46 -1
50 89 13
8 92 -12
94 95 -18
11 97 16
52 98 -17
24 36 -19
43 49 9
84 87 -15
87 92 -20
1 52 -17
45 95 -19
17 33 -18
3 98 13
38 92 14
79 93 18
82 98 17
12 39 -19
31 52 -8
75 95 -19
33 98 6
24 49 -11
1 65 10
19 55 -8
63 98 -6
12 52 -10
31 65 10
5 12 16
46 50 2
49 55 9
7 58 -10
26 71 -7
42 52 5
0 55 -13
19 68 8
60 69 6
34 53 4
53 66 10
72 79 -8
37 58 -10
56 71 20
14 74 -7
5 25 12
46 63 -20
49 68 -7
7 71 -16
26 84 -1
0 68 11
41 69 -9
60 82 15
44 74 -15
2 77 10
34 66 8
53 79 13
37 71 -6
56 84 10
14 87 16
55 88 5
8 13 -8
11 18 -6
30 31 14
29 72 20
48 85 -1
20 23 16
6 88 9
4 15 1
23 28 17
41 82 -7
25 74 6
44 87 13
85 88 15
2 90 -17
15 29 -19
59 72 1
18 34 -7
78 85 -1
97 98 -9
36 88 -3
8 26 13
27 39 11
11 31 -11
30 44 -11
71 82 -4
29 85 -10
48 98 -13
4 28 4
3 32 15
22 45 -7
25 87 -20
66 88 20
24 91 -17
15 42 14
18 47 -2
59 85 3
78 98 -10
17 88 17
10 48 6
54 91 -8
3 45 -13
22 58 -10
40 48 6
33 45 -8
52 58 -18
10 61 6
51 62 -2
28 51 18
47 64 15
5 67 -7
21 48 2
40 61 -18
32 62 14
51 75 5
35 67 -19
9 51 11
28 64 15
47 77 -15
0 2 3
5 80 18
21 61 6
20 65 9
39 78 -7
23 70 -13
14 21 -10
13 62 15
32 75 12
16 67 10
35 80 10
76 81 7
6 22 1
9 64 4
50 65 17
69 78 19
27 81 -14
30 86 12
2 24 -6
62 75 -17
20 78 19
39 91 14
4 70 -3
23 83 1
13 75 17
16 80 -4
57 81 6
76 94 -1
15 84 -18
6 35 -11
50 78 -8
69 91 -12
8 81 8
27 94 -14
11 86 17
30 99 -8
2 37 -6
1 41 -13
4 83 9
45 84 18
64 97 -19
17 22 -11
38 81 11
57 94 -8
15 97 18
31 41 20
91 92 -12
75 84 -18
8 94 -15
94 97 -11
11 99 -2
24 38 -9
84 89 7
43 51 -16
87 94 6
1 54 12
45 97 -5
17 35 7
38 94 -2
79 95 1
12 41 18
31 54 -20
75 97 6
24 51 4
67 98 10
26 60 -17
0 44 20
19 57 -19
12 54 6
53 55 -20
56 60 1
5 14 -16
46 52 13
49 57 3
68 70 -3
7 60 -5
26 73 -11
42 54 14
0 57 -3
19 70 17
60 71 -1
34 55 -4
53 68 -15
72 81 -16
37 60 -10
56 73 -10
14 76 -16
46 65 4
49 70 12
7 73 16
48 74 18
41 71 20
60 84 20
25 63 -10
44 76 -18
2 79 3
34 68 15
37 73 -5
14 89 -8
55 90 -8
8 15 -15
27 28 2
11 20 18
30 33 -1
29 74 10
48 87 9
20 25 16
6 90 3
4 17 10
23 30 -10
22 34 1
41 84 15
25 76 2
44 89 -10
85 90 -10
2 92 9
43 93 9
15 31 -1
59 74 -15
18 36 -13
78 87 20
17 77 8
36 90 10
8 28 -11
11 33 -13
71 84 4
29 87 19
73 93 -20
3 34 -15
22 47 -10
66 90 5
24 93 7
15 44 -8
18 49 -19
59 87 1
17 90 -14
33 34 12
10 50 -7
54 93 8
12 96 8
3 47 -14
47 53 11
21 37 11
40 50 -1
42 96 1
33 47 7
10 63 -17
51 64 -2
28 53 -7
47 66 -9
5 69 -10
21 50 -10
40 63 -4
13 51 4
32 64 15
51 77 -2
16 56 -13
35 69 -9
9 53 20
28 66 11
5 82 10
2 13 16
62 64 7
20 67 13
39 80 -15
23 72 -18
14 23 14
13 64 10
32 77 -15
16 69 -15
35 82 2
76 83 20
6 24 -1
9 66 -19
50 67 14
69 80 -2
8 70 -18
27 83 19
30 88 11
2 26 -18
62 77 12
20 80 18
4 72 3
23 85 -12
38 70 -12
57 83 12
76 96 -11
15 86 6
18 91 19
6 37 3
50 80 -15
8 83 10
27 96 -20
11 88 -4
24 27 -7
1 43 -13
4 85 9
45 86 -12
64 99 20
17 24 -12
36 37 5
38 83 14
57 96 -6
15 99 -12
31 43 3
91 94 -7
75 86 11
94 99 -8
24 40 -8
43 53 6
84 91 4
1 56 13
87 96 1
45 99 -17
17 37 11
19 46 13
79 97 -2
63 89 -8
12 43 -17
31 56 18
75 99 -17
26 62 10
42 43 -15
0 46 -2
19 59 -13
12 56 -19
53 57 2
56 62 -4
14 65 9
46 54 -3
5 16 14
65 67 -13
49 59 -6
68 72 4
7 62 -18
26 75 -5
42 56 9
0 59 16
41 60 7
60 73 -2
44 65 20
34 57 16
53 70 16
37 62 -1
56 75 -2
14 78 -20
7 75 -12
48 76 14
6 79 -6
4 6 -5
41 73 -11
60 86 -17
25 65 -16
44 78 -5
2 81 19
15 20 -12
34 70 20
18 25 -10
37 75 -1
36 79 5
55 92 -17
8 17 8
27 30 -15
11 22 14
30 35 20
71 73 -8
29 76 -20
48 89 12
6 92 -19
4 19 -18
22 36 20
25 78 -6
66 79 12
85 92 -13
2 94 10
43 95 -4
15 33 18
1 98 7
18 38 20
59 76 18
78 89 10
17 79 17
36 92 -10
8 30 14
11 35 -14
29 89 18
73 95 11
31 98 -20
3 36 19
22 49 -10
66 92 3
24 95 -13
59 89 -15
17 92 -3
58 93 -1
61 98 -11
33 36 -17
10 52 9
54 95 -4
12 98 8
3 49 -7
88 93 4
47 55 -20
21 39 11
40 52 -1
42 98 15
33 49 19
32 53 10
51 66 3
9 42 7
28 55 6
47 68 6
5 71 -5
21 52 -20
39 69 11
13 53 4
32 66 -10
51 79 13
16 58 -17
35 71 15
7 9 10
9 55 6
28 68 -15
5 84 19
2 15 -17
62 66 13
20 69 -20
39 82 14
23 74 -5
14 25 -5
13 66 -3
16 71 -7
76 85 14
6 26 7
50 69 7
69 82 14
8 72 2
27 85 2
11 77 -16
30 90 12
2 28 12
20 82 -2
4 74 -10
23 87 -9
64 88 -4
38 72 6
57 85 6
76 98 -19
15 88 12
6 39 5
18 93 13
50 82 -5
8 85 7
27 98 -3
11 90 2
24 29 -5
1 45 5
45 88 18
17 26 -20
36 39 -18
3 91 2
38 85 6
79 86 13
98 99 -14
12 32 10
31 45 -7
91 96 2
75 88 -9
33 91 14
24 42 -7
1 58 -18
19 48 -5
79 99 1
63 91 14
12 45 11
31 58 16
7 51 17
26 64 -8
42 45 15
0 48 15
19 61 -13
60 62 9
34 46 4
53 59 -17
37 51 11
56 64 17
14 67 2
5 18 -9
46 56 17
49 61 11
7 64 -6
26 77 -17
0 61 5
41 62 -18
60 75 -11
44 67 6
2 70 -2
34 59 13
53 72 12
37 64 -11
56 77 -2
14 80 -13
55 81 18
29 65 -14
48 78 16
6 81 20
4 8 -20
41 75 4
25 67 17
44 80 17
2 83 13
15 22 -17
18 27 -2
59 65 17
36 81 -10
55 94 3
8 19 7
27 32 15
11 24 -6
71 75 -13
30 37 -12
29 78 -14
48 91 8
6 94 5
4 21 -12
22 38 4
25 80 -2
66 81 10
85 94 8
24 84 10
43 97 8
15 35 14
18 40 16
59 78 -4
78 91 7
17 81 -6
36 94 3
77 95 -14
10 41 16
54 84 -18
73 97 -8
3 38 -5
22 51 -18
66 94 14
24 97 4
40 41 -2
17 94 20
58 95 15
33 38 -2
10 54 -6
54 97 2
88 95 -16
47 57 4
5 60 11
46 98 -2
21 41 -8
40 54 20
32 55 -7
51 68 2
35 60 2
9 44 -15
28 57 -11
47 70 -4
5 73 -15
21 54 16
39 71 11
13 55 -11
32 68 -15
51 81 2
16 60 7
35 73 20
7 11 -8
6 15 12
9 57 -10
50 58 -2
69 71 -4
27 74 18
30 79 12
2 17 14
62 68 -15
20 71 -4
39 84 2
4 63 -4
23 76 -5
13 68 17
16 73 -8
57 74 -11
76 87 10
6 28 -9
50 71 -8
69 84 15
8 74 -2
27 87 -4
11 79 -16
30 92 -13
2 30 16
1 34 -18
4 76 5
23 89 19
64 90 16
22 93 3
38 74 -18
57 87 -17
15 90 8
18 95 -11
31 34 12
8 87 13
11 92 -2
52 93 19
24 31 1
43 44 7
1 47 -1
45 90 1
17 28 -19
3 93 -7
38 87 6
79 88 -16
82 93 19
12 34 -9
31 47 -6
91 98 -4
75 90 2
33 93 11
24 44 8
26 53 5
0 37 2
19 50 9
63 93 -7
21 96 5
12 47 -3
5 7 5
49 50 15
7 53 6
26 66 -10
42 47 11
0 50 1
19 63 1
60 64 -5
34 48 6
53 61 -13
72 74 -2
37 53 -5
56 66 20
14 69 -18
46 58 -10
49 63 -2
7 66 -2
48 67 -9
41 64 -1
60 77 7
25 56 12
44 69 -9
2 72 -17
34 61 19
37 66 -18
14 82 1
55 83 4
11 13 7
29 67 -19
48 80 -15
6 83 1
4 10 -8
41 77 10
25 69 14
44 82 18
2 85 7
43 86 -5
15 24 -7
18 29 5
59 67 -7
78 80 3
17 70 4
36 83 9
55 96 -17
8 21 17
11 26 18
71 77 -6
29 80 -10
73 86 -2
6 96 -6
3 27 -19
22 40 15
66 83 19
85 96 20
24 86 -12
43 99 -2
15 37 -3
18 42 -12
59 80 3
17 83 4
36 96 -2
77 97 -4
10 43 -7
54 86 -5
73 99 -2
12 89 10
3 40 15
22 53 11
66 96 17
24 99 4
40 43 5
58 97 -7
42 89 11
33 40 -14
10 56 -20
51 57 11
54 99 -2
28 46 -12
88 97 -4
47 59 -13
5 62 13
21 43 8
40 56 17
32 57 -5
51 70 20
35 62 4
9 46 -5
28 59 15
47 72 -10
5 75 3
2 6 -1
20 60 -6
39 73 6
23 65 -7
14 16 -1
13 57 4
32 70 19
16 62 8
35 75 18
6 17 -3
9 59 -8
50 60 1
69 73 -2
27 76 13
30 81 8
2 19 -8
62 70 15
20 73 -17
39 86 -4
4 65 -15
23 78 -20
16 75 20
57 76 9
76 89 17
15 79 -15
18 84 8
6 30 -4
50 73 17
69 86 -3
8 76 19
27 89 3
11 81 -3
30 94 -16
1 36 4
4 78 3
45 79 9
64 92 6
22 95 -15
38 76 4
57 89 14
15 92 10
18 97 -8
31 36 -8
75 79 -2
8 89 -2
11 94 13
52 95 -18
24 33 -11
10 98 -20
43 46 19
87 89 -7
1 49 -6
45 92 18
17 30 14
3 95 -17
19 39 -17
79 90 11
82 95 7
40 98 -19
12 36 -12
31 49 -15
75 92 -17
33 95 13
67 93 -9
26 55 7
70 98 7
0 39 5
19 52 -18
63 95 1
21 98 -8
12 49 5
14 58 11
5 9 -16
46 47 -6
49 52 -7
7 55 16
26 68 -6
42 49 4
0 52 -20
41 53 -5
60 66 -7
44 58 -12
34 50 6
53 63 -16
37 55 -18
56 68 1
14 71 16
7 68 -9
48 69 19
6 72 -11
41 66 -3
60 79 9
25 58 -5
44 71 -18
2 74 -6
34 63 13
37 68 15
36 72 -16
55 85 9
8 10 -14
11 15 -12
29 69 -14
48 82 -2
6 85 13
4 12 -2
22 29 -10
25 71 -19
66 72 4
2 87 -11
43 88 13
15 26 6
59 69 -14
18 31 12
78 82 5
17 72 6
36 85 -14
55 98 9
8 23 12
11 28 7
29 82 6
73 88 18
31 91 7
3 29 -1
22 42 16
66 85 -17
85 98 -17
24 88 2
15 39 13
18 44 4
59 82 -3
17 85 16
58 86 13
77 99 -10
61 91 -5
10 45 19
54 88 -8
12 91 1
3 42 15
47 48 14
21 32 -10
40 45 -12
58 99 -3
42 91 2
0 94 5
33 42 19
10 58 8
51 59 3
28 48 -17
47 61 7
88 99 -18
5 64 11
21 45 -14
40 58 11
39 62 19
13 46 17
32 59 -16
51 72 3
16 51 -8
35 64 -20
9 48 -2
28 61 -4
5 77 9
2 8 -13
20 62 7
39 75 2
23 67 14
14 18 20
13 59 15
32 72 -18
16 64 8
35 77 -13
76 78 9
6 19 7
9 61 -16
50 62 -5
69 75 3
8 65 -11
27 78 -4
11 70 18
30 83 -1
2 21 -13
20 75 -5
4 67 9
23 80 -4
64 81 11
38 65 -5
57 78 -20
76 91 -9
15 81 10
6 32 5
18 86 -13
50 75 -16
8 78 4
27 91 17
11 83 10
30 96 14
1 38 15
4 80 -9
45 81 15
64 94 -10
17 19 -20
3 84 -2
22 97 -4
38 78 2
57 91 -4
15 94 -4
18 99 -19
12 25 3
31 38 -4
75 81 5
33 84 -15
52 97 13
24 35 -13
87 91 -11
1 51 3
45 94 11
86 95 7
3 97 -20
19 41 -2
79 92 19
63 84 15
82 97 4
12 38 6
31 51 18
75 94 6
33 97 6
7 44 1
26 57 -16
67 95 -17
0 41 -13
19 54 10
63 97 9
34 39 -18
37 44 -4
56 57 15
14 60 -7
5 11 15
46 49 -15
49 54 -20
7 57 18
26 70 -14
0 54 -5
41 55 -2
60 68 10
44 60 -10
2 63 -2
34 52 -20
53 65 -12
37 57 -8
56 70 -14
14 73 5
55 74 -17
29 58 -4
48 71 14
6 74 11
41 68 2
25 60 2
44 73 -11
2 76 -10
18 20 -17
36 74 -6
55 87 -20
8 12 -20
11 17 10
29 71 20
48 84 -12
6 87 -19
4 14 -1
22 31 3
25 73 -7
66 74 14
85 87 7
24 77 -15
43 90 16
15 28 3
1 93 -3
18 33 6
59 71 12
78 84 20
17 74 2
36 87 8
77 88 16
11 30 19
10 34 14
54 77 -14
73 90 -9
31 93 -11
3 31 6
22 44 2
66 87 -14
24 90 -10
17 87 18
58 88 -19
61 93 12
10 47 10
54 90 4
12 93 -7
3 44 7
47 50 10
5 53 -4
46 91 19
49 96 14
21 34 -1
40 47 17
42 93 14
33 44 3
0 96 6
32 48 -20
51 61 -11
35 53 -3
9 37 13
28 50 2
47 63 10
5 66 3
21 47 5
39 64 6
13 48 16
32 61 -19
51 74 11
16 53 -2
35 66 8
6 8 11
9 50 1
28 63 5
27 67 5
30 72 5
2 10 -8
20 64 16
39 77 -20
4 56 4
23 69 17
13 61 10
16 66 15
57 67 5
76 80 15
6 21 -9
50 64 -8
69 77 -14
8 67 -19
27 80 -3
11 72 -5
30 85 -16
2 23 19
1 27 -6
20 77 -2
4 69 -13
23 82 -11
64 83 -1
22 86 -15
38 67 -20
57 80 -16
76 93 -3
15 83 3
18 88 -2
50 77 -8
8 80 -11
11 85 8
52 86 3
1 40 -8
45 83 1
64 96 19
17 21 -10
3 86 19
22 99 -3
38 80 -7
79 81 8
82 86 11
15 96 5
12 27 -20
31 40 -15
75 83 -10
94 96 -7
33 86 -17
52 99 5
24 37 3
45 96 -17
86 97 10
3 99 -8
0 30 3
19 43 3
79 94 9
63 86 16
82 99 17
21 89 -10
12 40 -19
75 96 13
33 99 -6
7 46 -6
26 59 11
67 97 10
0 43 15
19 56 -7
63 99 12
34 41 -3
53 54 6
37 46 4
56 59 5
14 62 13
5 13 -12
46 51 8
49 56 -13
7 59 -14
48 60 7
41 57 1
60 70 5
25 49 5
44 62 -6
2 65 5
34 54 -15
37 59 -20
14 75 15
55 76 11
29 60 11
48 73 -3
6 76 -3
41 70 -11
25 62 4
44 75 15
2 78 3
15 17 5
59 60 -5
18 22 -11
17 63 -6
36 76 -11
55 89 11
8 14 14
11 19 -11
30 32 13
29 73 -20
73 79 1
6 89 9
4 16 18
3 20 1
22 33 18
66 76 -12
85 89 3
24 79 14
43 92 14
15 30 -9
1 95 -14
59 73 17
18 35 11
17 76 7
36 89 -19
77 90 -15
80 95 -19
10 36 9
54 79 -14
73 92 4
31 95 12
3 33 1
22 46 -8
66 89 20
24 92 -20
58 90 1
42 82 -11
61 95 -8
19 98 12
10 49 3
54 92 8
12 95 16
28 39 -3
88 90 -5
47 52 12
5 55 11
46 93 18
49 98 19
21 36 20
40 49 7
42 95 -11
0 98 18
32 50 7
51 63 -13
35 55 -6
9 39 -19
28 52 7
47 65 -2
5 68 19
21 49 19
20 53 -10
39 66 1
23 58 16
13 50 5
32 63 -8
16 55 -11
35 68 -4
6 10 -16
9 52 -7
50 53 8
27 69 8
30 74 -11
2 12 15
62 63 -15
20 66 -1
39 79 8
4 58 10
23 71 3
13 63 10
16 68 -8
57 69 13
76 82 -8
15 72 -4
18 77 17
6 23 13
50 66 -19
69 79 6
8 69 -7
27 82 -4
11 74 12
30 87 -7
1 29 -16
4 71 13
45 72 -6
64 85 -14
22 88 6
38 69 9
57 82 2
15 85 -5
18 90 7
8 82 1
11 87 13
52 88 -1
24 26 5
10 91 -9
1 42 6
45 85 -18
64 98 14
17 23 -12
3 88 8
19 32 -3
38 82 1
79 83 20
82 88 10
40 91 -20
12 29 -17
31 42 13
91 93 -7
75 85 -4
94 98 8
33 88 5
26 48 12
67 86 -8
86 99 2
70 91 19
0 32 -4
19 45 8
79 96 -9
63 88 1
21 91 -5
12 42 17
7 48 11
67 99 -20
26 61 1
9 94 -19
0 45 -2
41 46 15
34 43 7
53 56 11
37 48 20
56 61 16
14 64 1
7 61 -4
48 62 -19
41 59 15
60 72 14
25 51 -1
44 64 3
2 67 -7
34 56 -10
37 61 -6
14 77 -4
55 78 -18
29 62 16
48 75 -3
6 78 2
4 5 -9
25 64 -7
2 80 14
43 81 -11
15 19 5
18 24 -7
59 62 14
17 65 4
36 78 -14
55 91 -6
8 16 -2
11 21 14
29 75 -12
73 81 3
6 91 -20
3 22 -15
22 35 -4
66 78 -10
85 91 -9
24 81 -10
43 94 -10
15 32 -14
1 97 -8
59 75 -20
18 37 -14
17 78 -10
77 92 17
80 97 -6
10 38 1
54 81 -8
73 94 7
12 84 -8
31 97 11
3 35 -20
24 94 18
65 95 18
21 25 11
58 92 8
42 84 -7
61 97 6
33 35 -2
10 51 5
51 52 -19
54 94 -2
12 97 -9
28 41 -1
88 92 8
47 54 -17
5 57 -7
46 95 13
21 38 6
40 51 9
39 55 15
42 97 20
13 39 -10
32 52 9
51 65 -11
16 44 2
35 57 8
34 98 8
9 41 4
28 54 -8
5 70 1
20 55 7
39 68 -1
23 60 -18
13 52 -15
32 65 3
16 57 -18
35 70 -2
6 12 -19
9 54 6
50 55 -14
8 58 -19
27 71 10
11 63 16
30 76 -9
2 14 15
62 65 -12
20 68 -6
4 60 -19
23 73 6
64 74 -4
38 58 -3
57 71 11
76 84 5
15 74 1
6 25 -2
18 79 13
50 68 5
8 71 1
27 84 17
11 76 -20
30 89 -13
1 31 15
4 73 6
45 74 4
64 87 -1
3 77 4
22 90 -19
38 71 -14
57 84 -5
15 87 -3
18 92 1
12 18 1
33 77 -2
52 90 9
24 28 -11
10 93 -6
1 44 20
45 87 -12
86 88 -18
3 90 3
89 93 -14
19 34 -12
79 85 9
63 77 -1
82 90 -4
40 93 17
12 31 -17
31 44 5
75 87 -16
33 90 -13
26 50 -4
67 88 14
70 93 -6
28 96 -20
0 34 15
19 47 19
79 98 -19
63 90 -18
21 93 10
14 53 17
7 50 12
26 63 7
9 96 11
0 47 -16
41 48 -14
60 61 -12
44 53 -10
34 45 -16
53 58 -18
37 50 9
56 63 15
14 66 -19
48 64 -1
6 67 14
41 61 -2
25 53 -16
44 66 11
2 69 4
36 67 -5
55 80 -16
29 64 -19
48 77 -13
6 80 4
4 7 16
22 24 -17
25 66 2
66 67 14
2 82 -11
43 83 -12
15 21 -20
1 86 6
18 26 -4
59 64 14
17 67 3
36 80 -20
55 93 2
8 18 -5
11 23 -18
10 27 4
73 83 -12
31 86 8
3 24 19
22 37 7
66 80 -17
24 83 5
43 96 -9
1 99 8
17 80 -2
58 81 -12
77 94 8
61 86 -7
80 99 18
10 40 -5
54 83 5
73 96 -8
12 86 6
31 99 20
3 37 -15
5 46 -9
24 96 -14
65 97 -17
21 27 2
58 94 -11
42 86 -12
61 99 20
33 37 -14
0 89 11
32 41 18
51 54 -12
35 46 -5
95 97 -7
12 99 2
9 30 13
28 43 19
47 56 10
88 94 17
5 59 7
46 97 -16
21 40 -12
39 57 1
42 99 -1
13 41 20
32 54 3
51 67 5
16 46 6
35 59 -3
9 43 -11
28 56 6
27 60 -12
30 65 -2
2 3 -3
20 57 1
39 70 -17
4 49 -2
23 62 6
13 54 -5
16 59 9
57 60 14
6 14 16
50 57 -15
69 70 -2
8 60 -15
27 73 -19
11 65 19
30 78 9
2 16 -16
20 70 -3
4 62 15
23 75 10
64 76 2
22 79 -7
38 60 -7
57 73 4
76 86 16
15 76 -9
18 81 12
50 70 -12
8 73 19
11 78 -9
52 79 8
1 33 9
45 76 1
64 89 -10
3 79 15
22 92 -18
38 73 -20
15 89 2
18 94 -13
12 20 -6
31 33 19
75 76 15
33 79 -16
52 92 12
24 30 -17
10 95 -5
1 46 15
45 89 6
86 90 -3
3 92 -2
89 95 8
47 98 -9
19 36 -18
79 87 2
63 79 -2
82 92 -6
21 82 10
40 95 -13
12 33 -17
75 89 -10
33 92 18
74 93 -9
7 39 13
26 52 -2
67 90 -7
70 95 11
28 98 -11
0 36 -18
19 49 12
63 92 8
21 95 16
37 39 5
14 55 -5
5 6 -7
13 96 13
7 52 -10
26 65 -18
9 98 -18
41 50 -7
60 63 -8
44 55 -8
2 58 4
34 47 1
37 52 10
56 65 3
14 68 7
55 69 -13
29 53 -13
48 66 17
6 69 9
41 63 17
25 55 -15
44 68 7
2 71 11
36 69 -17
55 82 10
11 12 18
29 66 16
48 79 15
6 82 19
4 9 -12
3 13 -16
22 26 -12
66 69 -1
24 72 -12
43 85 -18
15 23 -20
1 88 -9
59 66 -4
18 28 -2
17 69 2
36 82 8
77 83 15
80 88 19
10 29 -1
54 72 6
73 85 20
31 88 -3
3 26 12
22 39 -9
66 82 3
24 85 4
43 98 -8
17 82 4
58 83 19
77 96 3
61 88 3
19 91 -8
10 42 15
54 85 -2
73 98 1
12 88 6
28 32 3
5 48 19
46 86 -17
65 99 -19
49 91 -8
21 29 11
40 42 9
58 96 11
42 88 -8
0 91 1
32 43 7
51 56 -10
35 48 6
95 99 -13
9 32 -10
28 45 -10
47 58 -19
88 96 -19
46 99 17
5 61 6
21 42 12
20 46 19
39 59 -2
23 51 -5
13 43 -18
32 56 11
16 48 -5
35 61 -19
9 45 17
27 62 -19
30 67 12
2 5 1
20 59 -12
39 72 -7
4 51 -16
23 64 -8
13 56 -8
16 61 -4
57 62 20
15 65 -1
18 70 8
6 16 -20
50 59 -11
69 72 3
8 62 9
27 75 5
11 67 -9
30 80 -6
2 18 -9
1 22 -18
4 64 -4
45 65 -6
64 78 18
22 81 9
38 62 -20
57 75 13
15 78 -13
18 83 -2
8 75 -10
11 80 20
52 81 -5
1 35 18
45 78 -18
64 91 -9
3 81 -17
22 94 -9
38 75 1
40 84 4
12 22 -11
31 35 10
75 78 -16
33 81 18
52 94 -9
93 95 -17
10 97 -16
67 79 -7
26 41 15
86 92 18
70 84 -16
3 94 15
89 97 -16
0 25 -12
19 38 -16
79 89 -17
63 81 -10
82 94 2
21 84 -11
40 97 -14
12 35 2
33 94 -8
74 95 -15
32 98 12
7 41 11
67 92 -9
26 54 -12
70 97 -3
9 87 5
0 38 -14
19 51 -16
63 94 -17
21 97 13
62 98 17
34 36 2
37 41 20
14 57 2
13 98 9
7 54 3
48 55 -1
92 98 5
41 52 -7
60 65 4
25 44 -12
44 57 14
2 60 -1
34 49 -5
37 54 6
14 70 -6
55 71 18
29 55 -14
48 68 -5
6 71 3
41 65 -17
25 57 19
44 70 9
2 73 14
43 74 6
17 58 4
36 71 16
55 84 12
8 9 9
11 14 14
29 68 -17
73 74 -19
6 84 11
3 15 11
22 28 8
66 71 14
24 74 -10
43 87 17
15 25 -18
1 90 18
59 68 8
18 30 -8
17 71 18
36 84 -13
77 85 -17
80 90 -16
10 31 -18
54 74 1
73 87 8
12 77 8
31 90 17
3 28 -5
66 84 -7
24 87 -10
65 88 -6
68 93 -8
58 85 -15
77 98 -17
42 77 7
61 90 -5
19 93 -6
10 44 5
54 87 -13
12 90 13
28 34 -3
46 88 -2
5 50 -2
49 93 -19
21 31 -8
40 44 -20
7 96 14
39 48 12
58 98 -16
42 90 -9
0 93 -5
13 32 -18
32 45 -9
51 58 17
16 37 16
35 50 -11
34 91 14
37 96 -16
9 34 18
28 47 5
88 98 7
5 63 12
20 48 17
39 61 16
23 53 -2
13 45 -9
32 58 5
16 50 20
35 63 1
9 47 12
8 51 -5
27 64 1
11 56 -10
30 69 -3
2 7 19
20 61 8
4 53 -16
23 66 8
64 67 -4
38 51 6
57 64 -2
76 77 8
15 67 -14
18 72 6
6 18 8
50 61 7
8 64 12
27 77 17
11 69 1
30 82 17
1 24 9
4 66 -7
45 67 11
64 80 4
3 70 -2
22 83 -9
38 64 -9
57 77 -20
15 80 -10
18 85 20
33 70 16
52 83 2
10 86 -16
1 37 -16
45 80 -10
3 83 -7
22 96 14
19 27 -16
63 70 -4
82 83 19
40 86 18
12 24 2
31 37 -1
75 80 -7
33 83 17
52 96 -12
93 97 -4
10 99 1
26 43 -6
67 81 -12
86 94 6
70 86 -8
89 99 5
0 27 -17
19 40 12
79 91 15
63 83 -7
82 96 -4
21 86 -15
40 99 -15
12 37 20
14 46 6
74 97 2
7 43 11
26 56 19
67 94 -15
70 99 -16
9 89 -12
0 40 5
44 46 4
21 99 -5
34 38 4
37 43 9
14 59 -4
7 56 -7
48 57 -14
6 60 -8
41 54 12
60 67 2
25 46 -19
44 59 -20
2 62 -3
34 51 19
37 56 -13
36 60 -20
55 73 -20
29 57 -5
48 70 12
6 73 -8
25 59 15
2 75 20
43 76 17
1 79 -17
18 19 7
17 60 -11
36 73 17
55 86 4
8 11 12
11 16 -7
10 20 -14
29 70 20
73 76 -3
31 79 16
3 17 14
22 30 7
66 73 12
85 86 -14
24 76 -12
43 89 15
1 92 -13
59 70 18
17 73 -14
58 74 -19
77 87 18
61 79 15
80 92 7
10 33 -16
54 76 -3
73 89 5
12 79 1
31 92 13
3 30 11
24 89 10
65 90 -1
68 95 -8
26 98 -4
58 87 15
42 79 16
61 92 -2
0 82 -11
19 95 14
32 34 -6
35 39 15
54 89 11
12 92 -15
53 93 -5
56 98 -4
9 23 10
28 36 16
47 49 -13
46 90 3
5 52 1
49 95 -10
21 33 7
7 98 -6
39 50 20
42 92 -7
83 93 -20
0 95 -11
13 34 -4
32 47 -2
51 60 9
16 39 15
35 52 -17
34 93 6
37 98 7
9 36 -11
28 49 -7
20 50 -17
39 63 -12
4 42 12
23 55 18
13 47 -6
16 52 14
6 7 12
8 53 -13
27 66 1
11 58 -16
30 71 -15
2 9 7
20 63 -13
4 55 16
23 68 -17
64 69 7
38 53 17
57 66 5
76 79 5
15 69 -17
18 74 -20
6 20 14
50 63 -14
8 66 -14
11 71 17
1 26 2
45 69 -10
64 82 -15
3 72 1
22 85 -13
38 66 -17
15 82 5
18 87 6
12 13 -1
33 72 8
52 85 -6
10 88 5
1 39 11
45 82 3
3 85 -4
22 98 3
19 29 -16
79 80 -19
63 72 -4
82 85 4
40 88 20
12 26 -6
31 39 9
75 82 -11
33 85 -19
74 86 16
93 99 -13
7 32 1
26 45 13
67 83 9
86 96 -16
70 88 -7
28 91 -3
0 29 -12
19 42 -15
63 85 5
21 88 17
14 48 -9
74 99 -18
7 45 -6
26 58 -11
67 96 2
9 91 -9
0 42 11
41 43 20
44 48 12
2 51 9
34 40 14
37 45 18
56 58 20
14 61 15
55 62 12
29 46 -1
48 59 -16
6 62 -8
41 56 17
25 48 -16
44 61 8
2 64 -12
36 62 -3
55 75 7
29 59 11
48 72 2
6 75 -14
3 6 -12
25 61 -1
24 65 -2
43 78 -6
15 16 -3
1 81 11
18 21 -5
17 62 -14
36 75 -16
80 81 -5
10 22 2
54 65 10
73 78 -13
31 81 10
3 19 17
22 32 8
66 75 1
24 78 3
43 91 -14
1 94 6
17 75 5
58 76 18
77 89 17
61 81 -4
80 94 17
19 84 -18
10 35 -9
54 78 -13
73 91 -14
12 81 8
31 94 9
72 95 -16
5 41 -20
46 79 -6
65 92 17
49 84 3
68 97 5
21 22 -10
58 89 -11
42 81 -19
61 94 11
0 84 -19
19 97 15
32 36 10
35 41 15
12 94 -16
53 95 -15
9 25 -1
28 38 -16
47 51 8
88 89 9
5 54 -12
46 92 -17
49 97 17
21 35 2
20 39 -16
39 52 7
42 94 -10
83 95 17
0 97 18
41 98 12
13 36 18
32 49 20
16 41 -7
35 54 -9
34 95 -1
9 38 12
27 55 -19
71 98 1
30 60 -6
20 52 14
39 65 -6
4 44 -18
23 57 -19
13 49 12
16 54 -1
6 9 -14
50 52 -3
8 55 9
27 68 -6
11 60 -10
30 73 -5
2 11 -11
1 15 10
4 57 2
64 71 -3
22 74 -2
38 55 -13
57 68 10
15 71 -16
18 76 11
8 68 -1
11 73 12
52 74 -8
1 28 -8
45 71 -12
64 84 9
3 74 2
22 87 -14
38 68 -19
18 89 -17
12 15 11
33 74 -14
52 87 20
24 25 18
10 90 -16
26 34 14
67 72 17
3 87 -2
89 90 -16
47 93 8
0 18 12
19 31 12
79 82 7
63 74 13
82 87 9
21 77 4
40 90 10
12 28 -1
33 87 2
74 88 -13
7 34 12
26 47 -12
67 85 9
86 98 -6
70 90 -18
28 93 -15
0 31 -2
19 44 11
63 87 -12
21 90 8
14 50 17
13 91 -15
16 96 17
7 47 -10
9 93 -9
41 45 18
25 37 5
44 50 6
2 53 -3
34 42 -14
37 47 9
14 63 -8
55 64 -11
29 48 19
48 61 6
6 64 -7
41 58 3
25 50 -19
44 63 15
2 66 10
43 67 10
17 51 16
36 64 -20
55 77 10
29 61 -17
6 77 -5
3 8 1
24 67 20
43 80 -14
15 18 14
1 83 -9
59 61 -17
18 23 13
17 64 13
36 77 20
77 78 13
80 83 -7
10 24 -18
54 67 4
73 80 -20
12 70 11
31 83 -3
3 21 10
66 77 -10
24 80 8
65 81 7
68 86 -14
1 96 -3
58 78 7
77 91 -17
42 70 12
61 83 -5
80 96 8
19 86 12
10 37 -9
54 80 7
12 83 18
31 96 13
72 97 -16
46 81 6
5 43 12
65 94 12
49 86 7
68 99 17
21 24 -13
7 89 9
58 91 4
42 83 -5
61 96 -11
0 86 6
19 99 11
13 25 -20
32 38 17
35 43 -7
34 84 1
53 97 3
37 89 -3
9 27 -1
28 40 -14
88 91 -6
5 56 9
46 94 -1
49 99 8
20 41 -7
39 54 -16
23 46 2
83 97 9
0 99 5
13 38 12
32 51 -15
16 43 -18
35 56 7
34 97 5
9 40 -19
27 57 5
30 62 10
20 54 -15
39 67 9
4 46 -14
23 59 11
38 44 16
15 60 -15
18 65 -6
6 11 -6
50 54 -2
8 57 16
27 70 -13
11 62 -7
30 75 -2
1 17 14
4 59 -2
45 60 -15
64 73 12
22 76 6
38 57 -8
57 70 2
15 73 2
18 78 20
11 75 -15
52 76 4
10 79 17
1 30 -16
45 73 -1
64 86 -4
3 76 -13
22 89 18
19 20 9
40 79 -7
12 17 -20
33 76 -5
52 89 16
10 92 3
26 36 4
67 74 8
86 87 5
70 79 16
3 89 -14
89 92 -9
47 95 10
0 20 -7
19 33 -13
5 98 17
79 84 -13
63 76 4
82 89 -11
21 79 -6
40 92 -11
12 30 11
14 39 17
33 89 18
74 90 -6
32 93 19
35 98 6
7 36 17
67 87 -6
26 49 11
70 92 13
9 82 17
28 95 1
0 33 -15
21 92 -17
62 93 -19
14 52 1
13 93 -14
16 98 -20
7 49 14
48 50 16
92 93 -8
6 53 7
9 95 3
41 47 8
25 39 -20
44 52 -16
2 55 14
34 44 -13
37 49 -18
36 53 19
55 66 9
29 50 -4
48 63 14
6 66 -20
25 52 5
2 68 16
43 69 -11
1 72 15
17 53 -17
36 66 5
55 79 -2
29 63 -12
31 72 11
3 10 -9
22 23 -15
24 69 4
43 82 -7
1 85 6
59 63 -5
17 66 -4
58 67 -7
77 80 1
61 72 -14
80 85 13
10 26 16
54 69 12
73 82 6
12 72 -12
31 85 6
3 23 -19
24 82 2
65 83 -11
68 88 -11
58 80 3
77 93 -6
42 72 7
61 85 -3
80 98 -10
0 75 10
19 88 -19
10 39 4
54 82 8
12 85 -11
53 86 17
72 99 6
56 91 -6
28 29 3
46 83 19
5 45 -16
65 96 -6
49 88 11
21 26 13
7 91 -1
39 43 7
42 85 -12
83 86 15
0 88 12
13 27 15
32 40 9
51 53 11
16 32 -3
35 45 -10
95 96 -4
34 86 20
53 99 -1
37 91 15
9 29 -2
28 42 -5
46 96 -18
5 58 -17
20 43 10
39 56 -17
23 48 9
83 99 -4
25 94 -1
13 40 2
16 45 11
35 58 -8
34 99 13
8 46 -7
27 59 16
11 51 3
30 64 -19
20 56 -16
4 48 -4
23 61 -18
38 46 5
57 59 -14
15 62 -5
18 67 4
6 13 -12
50 56 1
8 59 -1
27 72 -10
11 64 -6
30 77 -6
1 19 -17
4 61 4
45 62 -5
64 75 17
3 65 -3
22 78 -14
38 59 10
57 72 7
15 75 -9
18 80 14
33 65 1
52 78 13
10 81 1
1 32 3
45 75 19
3 78 13
22 91 20
19 22 17
63 65 11
40 81 -11
12 19 -6
31 32 12
33 78 -3
52 91 -2
10 94 -2
51 95 -14
7 25 -3
26 38 -6
67 76 -11
86 89 19
70 81 10
89 94 -11
28 84 -2
47 97 -16
0 22 8
19 35 11
63 78 12
82 91 17
21 81 -19
40 94 -3
81 95 8
14 41 6
74 92 -9
32 95 3
7 38 1
67 89 4
26 51 17
70 94 -18
9 84 3
28 97 18
0 35 -12
2 44 -2
21 94 -3
62 95 19
20 98 12
37 38 3
14 54 -16
13 95 6
29 39 -3
48 52 -10
6 55 -9
92 95 -6
9 97 -10
50 98 -3
41 49 -11
25 41 17
44 54 6
2 57 -3
36 55 12
55 68 -12
29 52 5
48 65 13
6 68 3
25 54 -8
24 58 12
43 71 -16
1 74 3
17 55 1
36 68 -15
10 15 -7
54 58 4
31 74 13
3 12 -17
22 25 -12
66 68 -9
24 71 15
43 84 4
1 87 -8
17 68 2
58 69 12
77 82 -5
61 74 5
80 87 -14
19 77 15
10 28 -9
54 71 12
73 84 -18
12 74 -6
31 87 3
72 88 1
3 25 4
46 72 3
5 34 -9
65 85 8
49 77 -20
68 90 8
26 93 -14
58 82 -12
42 74 -18
61 87 19
0 77 19
19 90 2
12 87 9
53 88 -2
56 93 -13
9 18 20
28 31 15
46 85 -18
5 47 -14
65 98 1
49 90 19
21 28 1
7 93 19
39 45 10
42 87 -5
83 88 10
0 90 12
41 91 1
13 29 12
32 42 -8
51 55 1
16 34 13
35 47 14
95 98 4
34 88 -14
37 93 20
9 31 -16
28 44 -19
27 48 13
30 53 -8
71 91 -15
20 45 -15
39 58 -19
4 37 16
23 50 -11
25 96 -14
13 42 -18
16 47 17
8 48 -7
27 61 9
11 53 14
30 66 -6
2 4 13
1 8 -8
20 58 9
4 50 -8
23 63 -13
22 67 -4
38 48 17
57 61 -10
15 64 -19
18 69 19
8 61 -7
11 66 -2
52 67 -2
1 21 -18
45 64 -18
64 77 -20
3 67 9
22 80 -18
38 61 12
15 77 -13
18 82 -4
33 67 -15
52 80 -16
10 83 -2
26 27 -19
45 77 13
3 80 -4
47 86 12
0 11 2
19 24 8
63 67 -13
21 70 -10
40 83 -2
12 21 15
75 77 2
33 80 -18
74 81 8
93 94 -15
10 96 -16
51 97 13
7 27 3
26 40 12
67 78 -15
86 91 5
70 83 14
89 96 2
28 86 -18
47 99 -10
0 24 10
19 37 -7
63 80 -10
21 83 16
40 96 -13
81 97 -14
14 43 18
74 94 -16
13 84 -14
32 97 -18
16 89 14
7 40 -13
67 91 -9
70 96 -13
9 86 -15
28 99 -13
25 30 20
2 46 -13
62 97 2
34 35 16
37 40 14
14 56 -6
55 57 -9
13 97 -8
29 41 -15
48 54 -9
92 97 -11
6 57 6
9 99 1
41 51 -12
25 43 19
44 56 9
2 59 2
43 60 11
17 44 -1
36 57 -13
55 70 1
29 54 -18
6 70 -10
24 60 -11
43 73 6
1 76 -18
17 57 9
36 70 14
10 17 -11
54 60 3
12 63 -13
31 76 5
3 14 -13
22 27 -12
66 70 6
24 73 -1
65 74 4
1 89 -12
58 71 -1
77 84 14
42 63 7
61 76 13
80 89 20
19 79 -15
10 30 -16
54 73 -20
12 76 7
31 89 10
72 90 16
46 74 -7
5 36 -9
65 87 4
49 79 13
68 92 15
26 95 18
58 84 -3
42 76 -9
61 89 -2
0 79 -13
19 92 -18
35 36 -15
34 77 18
53 90 -12
37 82 20
56 95 -1
9 20 -2
28 33 -20
14 98 8
5 49 -14
46 87 20
49 92 17
90 93 1
21 30 -8
7 95 -6
20 34 16
39 47 3
23 39 -9
83 90 -11
0 92 -18
41 93 -10
13 31 -10
44 98 11
32 44 18
16 36 -2
35 49 -19
34 90 6
37 95 12
9 33 15
27 50 -19
71 93 13
30 55 -18
20 47 -8
39 60 -14
4 39 -10
23 52 -10
13 44 1
25 98 -19
16 49 -3
15 53 -10
59 96 -10
18 58 -14
8 50 15
27 63 18
11 55 -2
30 68 -8
1 10 -16
4 52 -14
45 53 -1
64 66 -3
22 69 20
38 50 12
57 63 -18
15 66 10
18 71 -4
8 63 -4
11 68 -19
52 69 17
10 72 -14
1 23 3
45 66 12
64 79 -19
3 69 -11
22 82 -12
38 63 -17
40 72 11
33 69 -9
52 82 -3
10 85 13
26 29 13
70 72 4
3 82 4
47 88 4
0 13 -20
19 26 1
5 91 2
63 69 -18
21 72 -1
40 85 -5
12 23 -5
33 82 15
74 83 14
93 96 17
32 86 -7
51 99 19
35 91 13
7 29 12
67 80 -2
26 42 1
86 93 -2
70 85 -8
89 98 5
9 75 -9
28 88 -9
0 26 -16
63 82 -18
21 85 -3
62 86 -14
81 99 -19
14 45 13
74 96 13
13 86 -3
32 99 10
16 91 11
7 42 -7
9 88 -16
25 32 6
44 45 -4
2 48 13
62 99 -5
34 37 -18
37 42 -15
4 94 8
36 46 -20
55 59 7
96 97 -7
13 99 16
29 43 9
48 56 3
6 59 -3
92 99 8
25 45 -15
2 61 -2
43 62 3
17 46 13
36 59 -15
55 72 -18
29 56 -3
24 62 14
43 75 2
1 78 17
17 59 -3
58 60 -11
61 65 5
10 19 19
54 62 -18
73 75 -2
12 65 17
31 78 9
3 16 -1
24 75 -9
65 76 -2
68 81 -7
1 91 17
58 73 -14
77 86 -7
42 65 -16
61 78 -3
80 91 -19
19 81 -12
10 32 -6
54 75 -9
12 78 15
72 92 -2
5 38 -5
46 76 19
65 89 -4
49 81 -20
68 94 -20
7 84 3
26 97 -10
42 78 9
0 81 16
19 94 4
60 95 -7
13 20 -16
32 33 -8
16 25 -20
35 38 -2
34 79 19
53 92 -9
37 84 -18
56 97 19
9 22 -6
28 35 4
46 89 1
5 51 17
49 94 16
90 95 15
7 97 -18
20 36 8
39 49 11
23 41 -20
83 92 7
41 95 -4
13 33 -6
32 46 2
16 38 16
35 51 -10
34 92 20
37 97 -4
9 35 8
8 39 -15
27 52 -4
11 44 -2
30 57 7
71 95 -3
29 98 -8
20 49 6
4 41 1
23 54 -2
38 39 17
15 55 13
59 98 -8
18 60 -17
8 52 17
27 65 17
11 57 -10
30 70 18
1 12 8
4 54 -2
45 55 13
64 68 16
3 58 -12
22 71 7
38 52 3
57 65 9
15 68 -19
18 73 1
33 58 20
52 71 -3
10 74 3
1 25 1
45 68 -9
3 71 3
22 84 -8
40 74 -12
33 71 -11
52 84 15
10 87 -10
51 88 16
7 18 -20
67 69 18
26 31 2
70 74 17
28 77 7
47 90 13
0 15 -17
19 28 14
5 93 7
63 71 3
82 84 -8
21 74 8
40 87 9
81 88 -14
14 34 -12
74 85 -20
93 98 1
32 88 -12
35 93 1
7 31 1
26 44 11
67 82 6
70 87 6
9 77 4
28 90 12
0 28 -9
21 87 -5
62 88 -17
20 91 -20
23 96 17
14 47 -15
74 98 20
