100 2475 0
24 97 13
55 84 -14
28 67 -16
29 32 15
8 9 20
40 41 8
11 14 -18
17 94 -3
58 95 -1
50 91 8
21 64 11
41 42 4
73 74 16
6 84 10
44 47 19
39 81 -10
54 97 8
74 75 -7
13 65 -6
4 96 -18
24 74 -12
96 99 -14
1 90 -14
47 57 -7
59 68 -5
18 30 17
5 60 -19
70 77 20
36 84 19
77 85 -6
28 80 -15
48 58 11
21 41 19
10 31 -4
62 78 -15
73 87 -9
12 77 -16
31 90 -9
23 86 -18
3 28 1
43 64 -5
66 84 -12
13 78 14
32 91 19
16 83 -17
17 48 -4
76 97 4
68 93 2
47 70 19
58 85 -18
77 98 3
9 80 14
50 81 -2
69 94 -8
42 77 -15
21 54 -16
8 84 -19
10 44 -18
2 40 5
54 87 -16
4 86 4
24 64 17
36 38 -8
28 34 7
7 11 6
5 50 2
38 84 14
69 71 -8
58 98 11
30 79 -7
50 94 -9
91 95 4
8 97 5
20 71 19
12 67 -3
32 45 -13
23 76 -7
24 41 11
3 18 12
43 54 2
84 92 3
34 91 11
13 68 7
4 99 -1
5 27 -1
37 96 5
16 73 -14
17 38 10
36 51 -12
76 87 -7
68 83 -19
88 98 17
26 86 -19
5 63 8
58 75 14
69 84 12
42 67 10
61 80 7
8 74 -20
27 87 10
39 61 19
11 79 -6
30 92 -3
31 57 -14
2 30 16
1 34 -2
12 80 14
13 45 18
56 86 17
16 50 -2
9 11 -17
65 91 9
38 74 -9
57 87 18
49 83 7
42 44 11
7 86 1
18 95 3
19 60 -3
11 56 18
31 34 -3
8 87 -18
11 92 16
52 93 -18
13 22 6
31 70 11
4 53 5
64 67 3
43 44 -4
34 81 -20
46 55 20
65 68 1
38 51 10
76 77 1
49 60 3
9 24 17
68 73 5
15 67 -5
18 72 -17
79 88 -4
58 65 -10
30 46 19
50 61 -3
42 57 -1
61 70 -16
8 64 -14
27 77 -3
0 60 7
19 73 -10
60 74 15
39 51 -15
12 34 1
31 47 16
91 98 -1
41 97 -10
1 24 -17
33 93 -8
34 58 -13
25 89 11
13 35 18
72 84 9
45 67 -7
4 66 13
24 44 -2
37 63 12
64 80 -4
34 94 -6
26 53 19
5 30 -1
15 80 5
7 76 -6
8 41 14
27 54 6
0 37 -14
18 85 -9
19 50 -19
11 46 15
30 59 13
21 96 -9
0 73 20
20 51 13
60 87 18
23 56 -3
10 86 3
1 37 19
34 71 -12
53 84 -17
5 7 6
37 76 6
56 89 10
3 83 -14
9 14 -13
22 96 -10
14 92 11
7 53 -16
26 66 -17
27 31 3
18 62 8
19 27 3
30 36 -10
50 51 -6
42 47 2
82 83 -19
29 77 -13
40 86 15
20 28 13
39 41 1
12 24 1
11 59 -4
31 37 -6
4 20 -9
6 93 -12
23 33 8
83 84 -20
41 87 -13
34 48 2
52 96 12
93 97 18
45 57 -12
37 53 18
26 43 11
67 81 -1
38 54 -14
70 86 -11
49 63 15
89 99 2
8 31 16
18 75 8
19 40 5
79 91 18
71 87 18
82 96 -2
21 86 7
60 77 16
52 73 -16
10 76 6
2 72 5
14 46 10
25 92 4
66 93 -5
3 73 11
7 43 -20
47 79 3
26 56 12
67 94 -15
0 4 -10
11 13 -17
70 99 -4
17 93 -3
9 89 3
40 76 8
0 40 20
12 14 -6
44 46 -8
4 10 7
10 53 5
54 96 -8
1 4 6
33 73 20
25 69 -17
44 82 -1
37 43 -1
10 89 -16
2 85 -2
3 50 10
22 63 -15
15 24 7
67 71 18
18 29 2
59 67 -3
78 80 -4
17 70 -8
36 83 8
55 96 7
47 92 8
48 57 1
8 21 3
40 53 13
19 30 20
5 95 9
71 77 15
63 73 14
40 89 5
41 54 18
60 67 4
73 86 -5
6 96 -3
33 50 -6
52 63 -2
44 59 -15
2 62 -16
14 36 13
13 77 -2
37 56 18
3 63 -2
35 95 11
36 60 -20
70 89 -12
29 57 1
48 70 -12
10 43 -12
2 39 13
62 90 -17
73 99 -7
33 63 -5
20 93 4
12 89 -2
32 67 -1
51 80 -8
23 98 9
2 75 -20
3 40 -2
43 76 6
35 72 16
1 79 -8
7 10 -14
13 90 20
24 99 -20
16 95 -19
17 60 1
28 69 -12
0 7 -17
6 50 -2
9 92 9
10 20 -13
29 70 -7
21 66 -10
62 67 10
8 96 18
41 44 13
25 36 -10
39 83 18
44 49 4
10 56 9
2 52 2
3 17 3
14 26 -16
74 77 -19
66 73 14
51 93 -12
35 85 11
36 50 -8
7 23 9
88 97 19
47 59 -19
5 62 6
9 69 -15
28 82 13
61 79 -8
80 92 19
40 56 14
27 86 -10
30 91 5
62 80 -10
4 75 -16
32 57 -11
51 70 12
24 53 16
3 30 19
35 62 -18
9 46 -9
68 95 1
28 59 -1
47 72 18
61 92 -14
27 99 -14
0 82 7
19 95 17
25 26 -18
20 60 10
11 91 -3
32 34 -5
3 7 12
54 89 -1
14 16 18
12 92 -14
43 79 1
16 62 2
17 27 -11
35 75 -3
9 23 -20
46 90 -13
57 99 5
58 64 20
49 95 -8
50 60 8
9 59 2
69 73 18
29 37 -3
21 33 -11
61 69 13
27 76 -8
19 72 20
30 81 3
31 46 -5
50 96 11
91 97 -17
10 23 -8
42 92 20
83 93 7
2 19 9
62 70 3
8 99 -7
0 95 16
20 73 2
72 83 11
32 47 1
51 60 4
24 43 20
23 78 3
43 56 -19
16 39 -8
84 94 18
35 52 -5
87 99 15
5 29 20
37 98 3
17 40 -1
76 89 -20
68 85 5
6 30 10
18 84 2
38 99 -2
58 77 -6
50 73 -20
8 76 10
27 89 -9
0 72 16
20 50 -3
11 81 11
30 94 -17
23 55 -12
1 36 -17
72 96 9
4 78 9
45 79 -11
64 92 -10
56 88 8
5 42 2
6 7 -6
65 93 8
42 46 20
15 92 14
7 88 19
0 49 -4
18 97 -5
31 36 -17
75 79 -15
8 89 -17
41 86 -13
12 59 13
52 95 6
4 55 9
44 91 -12
23 68 -9
24 33 -19
32 37 -16
10 98 -14
43 46 4
35 42 11
87 89 18
34 83 8
53 96 -20
45 92 -20
46 57 11
38 53 2
3 95 -6
9 26 -15
68 75 20
7 65 14
27 43 19
79 90 -5
30 48 2
71 86 -12
50 63 9
82 95 -6
0 62 -19
19 75 3
20 40 12
31 49 3
4 32 -16
83 96 20
13 37 -3
45 69 -12
56 78 -7
14 81 10
34 96 9
26 55 -16
18 51 18
38 66 18
7 78 -15
8 43 4
0 39 -10
11 48 12
12 13 -2
71 99 10
30 61 -5
63 95 -1
1 3 -17
60 89 19
33 72 -8
25 68 -11
44 81 19
45 46 -10
2 84 12
1 39 -12
14 58 11
5 9 5
37 78 -4
78 79 20
38 43 -14
3 85 -16
9 16 20
22 98 8
55 95 1
15 59 16
8 20 -11
26 68 17
27 33 -8
18 64 -10
79 80 16
11 25 -15
82 85 -6
42 49 19
29 79 12
48 92 20
8 56 19
41 53 -9
60 66 7
6 95 9
11 61 -11
52 62 9
31 39 3
44 58 -9
12 26 6
23 35 -18
74 86 -19
53 63 10
44 94 13
85 95 7
64 72 4
37 55 -11
56 68 12
22 75 -9
7 32 -2
26 45 17
59 79 -7
18 41 -20
38 56 -18
78 92 -8
70 88 -19
36 95 6
28 91 -2
7 68 -2
27 46 17
40 65 -18
11 38 -20
30 51 -6
29 92 20
41 66 9
60 79 18
44 71 -7
74 99 13
66 95 16
3 75 -1
36 72 -8
8 10 -7
0 6 12
59 92 11
9 91 16
48 82 13
41 43 -4
33 39 17
6 85 -14
12 16 -19
4 12 -15
2 51 -20
34 40 8
25 71 10
45 49 5
51 92 18
56 58 15
2 87 -5
43 88 -11
14 61 2
7 22 14
26 35 -14
18 31 -8
78 82 -8
70 78 -10
17 72 -20
36 85 11
9 68 -17
55 98 -7
28 81 -19
29 46 1
47 94 -17
48 59 3
40 55 -5
5 97 -4
33 52 -6
73 88 10
25 48 -14
10 68 9
51 69 -19
3 29 -4
14 38 -3
74 89 17
85 98 13
16 84 16
35 97 -1
36 62 -9
55 75 9
28 58 7
7 35 -7
47 71 -1
18 44 -2
17 85 13
58 86 11
48 72 5
21 55 -18
40 68 -18
6 75 -10
10 45 -9
54 88 -10
14 15 -8
32 69 -4
24 65 5
3 42 19
1 81 -18
47 48 5
13 92 10
17 62 8
9 58 -14
28 71 -1
29 36 -8
47 84 -7
48 49 -8
0 9 -7
6 52 -13
58 99 -4
50 95 -7
10 22 -9
21 68 19
62 69 -6
81 82 -1
73 78 8
25 38 7
44 51 -17
31 81 -17
51 59 -10
43 55 -17
22 32 -5
87 98 12
24 78 -8
35 87 18
36 52 -20
55 65 -4
88 99 -12
5 64 -10
6 29 -3
58 76 -10
50 72 -6
69 85 -8
29 49 -13
21 45 -13
6 65 16
39 62 -14
10 35 12
2 31 -10
54 78 19
73 91 -11
12 81 -4
31 94 -17
32 59 17
23 90 10
43 68 4
1 71 17
13 82 11
5 41 6
46 79 6
65 92 -6
16 87 15
36 65 -10
49 84 16
28 61 -3
21 22 7
5 77 2
18 96 -15
50 85 19
10 12 -17
54 55 -19
25 28 7
11 93 -18
39 75 -2
24 32 9
3 9 13
43 45 -9
35 41 15
14 18 2
1 48 5
87 88 -16
12 94 3
53 95 -13
32 72 1
65 69 -2
17 29 20
9 25 -5
68 74 -10
88 89 -16
47 51 9
6 19 9
38 88 14
49 97 18
9 61 1
42 58 -18
61 71 1
8 65 -17
39 52 -7
30 83 12
10 25 2
83 95 -11
2 21 5
54 68 -7
0 97 17
41 98 5
20 75 1
12 71 8
13 36 14
31 84 12
32 49 -20
72 85 19
23 80 -19
84 96 11
16 41 -17
43 58 17
35 54 7
1 61 11
5 31 -14
65 82 18
57 78 1
9 38 -2
68 87 -7
15 81 12
26 90 7
58 79 -18
30 60 -12
42 71 -2
27 91 -2
0 74 -18
60 88 -7
20 52 8
39 65 5
11 83 -1
30 96 3
12 48 1
4 44 -12
16 18 -15
4 80 16
5 8 -7
64 94 6
37 77 19
56 90 -4
3 84 14
9 15 -14
14 93 16
26 67 -4
38 78 -4
57 91 -4
49 87 -14
15 94 -4
39 42 -16
23 34 -18
83 85 17
2 11 12
75 81 -2
0 87 7
52 97 -10
72 75 -20
64 71 20
24 35 -11
35 44 -8
22 74 -15
37 90 6
38 55 -12
49 64 4
9 28 3
68 77 5
15 71 6
8 32 -16
79 92 15
11 37 3
71 88 -20
63 84 -20
42 61 -2
29 91 3
0 64 -20
60 78 -14
20 42 -9
12 38 -9
31 51 18
83 98 11
75 94 -16
33 97 3
34 62 1
25 93 19
64 84 -14
37 67 9
56 80 19
22 87 -18
14 83 -14
15 48 6
67 95 -10
18 53 -18
38 68 -20
7 80 4
48 81 -15
8 45 10
27 58 11
0 41 -17
18 89 -16
12 15 -6
30 63 -18
4 11 -7
23 24 8
60 91 8
13 16 3
25 70 20
44 83 -15
45 48 -8
10 90 10
56 57 -17
3 51 20
22 64 5
14 60 -16
34 75 16
26 34 -5
5 11 13
57 58 1
14 96 -17
55 97 2
7 57 -13
8 22 9
26 70 18
11 27 -12
71 78 -11
29 81 -5
48 94 -15
21 77 -16
0 54 14
41 55 9
60 68 2
6 97 17
2 63 -10
25 83 18
85 97 -15
37 57 -6
3 64 1
55 74 12
15 38 -14
7 34 7
26 47 7
18 43 7
78 94 -3
36 97 -19
29 58 5
40 67 -1
0 31 9
19 44 -18
21 90 17
41 68 -11
25 60 -14
44 73 -8
10 80 -8
2 76 9
14 50 -1
66 97 -4
13 91 -7
18 20 -8
16 96 13
36 74 -10
28 70 -20
8 12 -19
0 8 -13
59 94 14
5 86 -16
17 97 19
63 64 10
9 93 12
6 87 20
52 54 17
25 37 -14
44 50 12
2 53 -8
14 27 -6
34 42 8
74 78 3
45 51 10
32 81 11
43 90 4
14 63 -4
15 28 -10
1 93 -5
67 75 -6
26 37 -6
28 83 -17
48 61 19
21 44 -16
11 30 -14
41 58 16
54 77 18
33 54 13
73 90 17
20 84 7
39 97 11
10 70 -4
2 66 -14
3 31 -2
22 44 1
14 40 19
66 87 -1
13 81 3
17 51 -12
55 77 -18
28 60 -4
7 37 -9
47 73 -6
58 88 -7
29 61 18
6 77 -13
39 74 13
10 47 -20
14 17 4
12 93 -3
32 71 -5
3 44 18
16 63 -1
35 76 20
36 41 10
1 83 -12
47 50 7
7 14 18
5 53 -12
46 91 10
16 99 -13
9 60 2
28 73 17
21 34 8
50 97 -6
42 93 11
2 20 12
73 80 12
25 40 -19
39 87 12
31 83 -10
32 48 8
84 95 4
35 53 13
1 60 -18
65 81 9
16 76 -3
5 66 5
6 31 -11
58 78 -12
77 91 20
61 83 -4
80 96 12
8 77 3
27 90 -10
11 82 13
30 95 4
10 37 -1
54 80 7
12 83 -15
31 96 2
72 97 13
4 79 15
32 61 5
64 93 17
17 18 -13
46 81 -11
6 8 -9
38 77 -19
57 90 -6
9 50 -17
21 24 15
27 67 -3
6 44 -15
30 72 -17
10 14 5
2 10 -11
8 90 -12
54 57 -5
0 86 4
20 64 -20
39 77 -17
11 95 -9
13 25 -4
32 38 11
43 47 -10
1 50 -11
87 90 9
34 84 1
53 97 2
4 92 16
45 93 13
5 20 -13
24 70 -8
65 71 2
37 89 19
16 66 19
17 31 -10
68 76 4
28 40 17
26 79 -17
6 21 -15
42 60 -9
61 73 -1
80 86 16
0 63 -3
11 72 19
31 50 -6
75 93 -8
54 70 5
20 77 19
12 73 -20
72 87 17
23 82 15
84 98 -12
22 86 -12
34 97 16
5 33 -16
46 71 -14
38 67 -8
57 80 -2
76 93 -18
49 76 14
9 40 -19
7 79 2
27 57 12
18 88 20
19 53 -3
8 80 -9
0 76 -2
19 89 7
12 50 20
31 63 -12
16 20 14
53 87 -12
45 83 13
64 96 -4
37 79 -14
38 44 -3
56 92 -8
17 21 5
3 86 6
9 17 -4
15 60 -16
27 34 -6
46 84 12
6 11 -3
79 81 3
30 39 -1
49 89 -14
50 54 5
15 96 16
61 63 18
7 92 15
8 57 -14
48 93 -5
27 70 -18
0 53 12
19 66 11
20 31 7
39 44 14
23 36 6
1 17 16
33 86 1
13 28 -10
72 77 14
45 60 -10
44 95 4
64 73 4
24 37 13
16 33 12
22 76 3
14 72 11
86 97 -19
5 23 16
78 93 -6
38 57 1
57 70 -10
68 79 5
15 73 -7
8 34 -11
27 47 -3
18 78 14
79 94 10
11 39 13
71 90 12
63 86 -15
41 67 20
60 80 -14
20 44 4
11 75 6
44 72 18
75 96 13
1 30 2
33 99 3
34 64 9
53 77 14
45 73 -19
3 76 4
7 46 12
18 55 15
19 20 1
8 47 -17
48 83 -15
0 43 20
40 79 -20
19 56 -5
20 21 11
6 86 -1
52 53 -7
11 52 -19
12 17 -17
63 99 -6
23 26 5
41 80 4
1 7 20
60 93 10
13 18 18
53 54 14
25 72 4
56 59 -13
16 23 -13
3 53 9
67 74 -16
5 13 -17
86 87 -3
46 51 -2
38 47 -16
18 32 3
70 79 -18
49 56 -18
55 99 -17
7 59 15
8 24 19
27 37 1
79 84 1
11 29 5
30 42 11
82 89 -9
40 92 -15
12 30 -15
25 49 -14
44 62 7
2 65 -8
1 20 -2
33 89 15
25 85 6
66 86 -9
45 63 -15
37 59 -13
3 66 -13
14 75 -3
15 40 -15
59 83 -3
28 95 9
48 73 -12
40 69 -13
6 76 -15
10 46 -4
21 92 -7
41 70 -6
25 62 -15
44 75 -3
10 82 6
51 83 -2
2 78 10
3 43 -17
15 17 -18
7 13 8
18 22 -12
59 60 -2
17 63 12
36 76 13
55 89 11
28 72 15
47 85 -1
8 14 7
0 10 -5
19 23 4
5 88 -17
11 19 -11
92 93 -19
17 99 7
63 66 9
9 95 -13
29 73 11
40 82 1
41 47 5
81 83 19
33 43 -11
6 89 -2
25 39 -18
4 16 20
3 20 2
14 29 -3
74 80 17
34 44 -15
85 89 -4
3 56 -1
43 92 16
7 26 -2
18 35 8
59 73 -1
70 82 1
29 50 7
48 63 -10
21 46 4
40 59 -5
80 95 -5
0 23 13
6 66 12
10 36 15
2 32 -13
54 79 10
20 86 2
25 52 -10
39 99 -4
31 95 1
23 91 13
2 68 9
3 33 -9
43 69 7
35 65 7
32 96 -14
24 92 10
36 66 1
9 49 14
55 79 -14
28 62 9
5 78 -7
58 90 -13
29 63 -10
69 99 -16
61 95 15
19 98 -6
22 23 18
13 60 19
43 82 -19
35 78 18
36 43 -13
55 56 2
28 39 -2
1 85 -10
7 16 -12
47 52 -4
17 66 10
58 67 -13
77 80 -4
69 76 -13
21 36 -11
40 49 -11
80 85 -1
27 79 -10
92 96 5
6 56 -11
30 84 -17
81 86 -1
54 69 -20
73 82 7
0 98 -18
39 89 18
12 72 12
32 50 -10
4 68 7
24 46 2
3 23 4
84 97 16
35 55 11
14 32 1
1 62 14
13 73 12
24 82 -6
57 79 -15
17 43 3
9 39 -7
68 88 4
77 93 -3
50 76 17
61 85 -18
80 98 14
19 88 -5
39 66 15
11 84 -4
31 62 -17
10 39 -19
23 58 10
2 35 -16
20 89 11
12 85 10
53 86 -17
4 81 -18
24 59 4
64 95 20
1 75 1
46 83 -17
6 10 -4
65 96 5
49 88 13
29 30 -16
15 95 1
21 26 10
27 69 -15
39 43 2
30 74 16
50 89 -11
10 16 -18
42 85 4
83 86 -4
54 59 -20
13 27 9
31 75 19
72 76 14
51 53 12
43 49 18
87 92 11
1 52 -10
34 86 -4
5 22 1
46 60 10
37 91 -6
65 73 17
16 68 -17
9 29 -16
49 65 -4
28 42 1
68 78 11
18 77 20
6 23 -14
79 93 13
58 70 -18
50 66 -20
69 79 -4
61 75 -2
27 82 -11
12 39 7
23 48 20
75 95 -16
13 40 14
53 76 9
72 89 -2
45 72 8
4 71 -11
64 85 -9
16 45 12
35 58 -8
22 88 -19
65 86 -1
49 78 -6
7 81 3
26 94 -17
27 59 17
18 90 2
30 64 -20
63 98 10
41 79 -20
20 56 -2
11 87 18
52 88 -12
31 65 12
44 84 14
24 26 11
10 91 19
53 89 1
45 85 11
64 98 20
17 23 12
57 59 20
3 88 12
15 62 20
7 58 -11
27 36 13
6 13 -13
19 32 -15
38 82 12
18 67 18
71 79 -18
90 92 -13
50 56 18
42 52 -8
48 95 -1
8 59 7
0 55 12
39 46 12
11 64 20
30 77 -17
31 42 -20
12 29 13
41 92 8
1 19 1
53 66 -8
25 84 5
72 79 -20
44 97 -5
45 62 -17
37 58 7
16 35 16
56 71 -10
3 65 2
34 89 -16
67 86 -20
86 99 8
5 25 10
46 63 4
38 59 -1
78 95 -5
57 72 -2
49 68 4
36 98 9
8 36 17
27 49 3
0 32 12
18 80 13
71 92 -18
29 95 20
21 91 -3
0 68 -9
52 78 -17
10 81 17
34 66 10
25 97 -9
45 75 -19
3 78 -2
22 91 -5
14 87 13
15 52 11
8 13 5
18 57 -11
48 85 13
41 46 17
20 23 6
6 88 -9
31 32 1
1 9 16
33 78 4
52 91 -3
25 74 -8
37 48 -14
10 94 18
3 55 -5
15 29 5
7 25 13
26 38 -11
38 49 17
97 98 16
36 88 -12
28 84 12
47 97 -3
8 26 -4
7 61 15
0 22 -4
11 31 14
30 44 8
29 85 16
48 98 -9
60 72 -20
25 51 14
4 28 14
44 64 9
2 67 -18
3 32 17
22 45 -14
14 41 20
74 92 1
25 87 13
32 95 10
37 61 -7
24 91 -10
3 68 -6
15 42 -19
55 78 -19
47 74 2
59 85 -17
17 88 -5
9 84 -1
29 62 13
0 35 9
40 71 -2
4 5 2
10 48 17
2 44 -5
21 94 -9
62 95 20
54 91 9
25 64 13
37 38 2
51 85 10
2 80 -2
3 45 -14
22 58 -5
15 19 -13
7 15 -3
26 28 3
13 95 -10
18 24 13
59 62 6
36 78 -12
55 91 6
29 39 -14
47 87 -11
19 25 -14
5 90 -1
6 55 -10
11 21 -4
92 95 -20
63 68 -15
50 98 19
21 71 17
33 45 -16
52 58 -20
25 41 4
3 22 18
22 35 -2
14 31 -13
66 78 11
85 91 -11
13 72 -15
51 98 -3
43 94 17
55 68 5
15 32 5
47 64 6
59 75 -1
5 67 -1
17 78 -14
77 92 -20
9 74 13
28 87 17
21 48 -10
80 97 8
40 61 16
10 38 -11
54 81 20
20 88 7
12 84 -10
31 97 16
23 93 -7
51 75 -8
24 58 -19
3 35 5
43 71 13
14 44 3
1 74 12
13 85 20
24 94 -11
9 51 18
28 64 -20
21 25 1
0 2 2
5 80 11
6 45 14
50 88 4
10 15 -19
61 97 -9
8 91 14
33 35 11
20 65 -7
11 96 13
39 78 -13
10 51 13
23 70 13
2 47 -5
14 21 -3
13 62 -15
4 93 -17
24 71 13
43 84 -13
17 32 -19
36 45 1
76 81 -13
1 87 9
47 54 17
38 91 4
17 68 -2
77 82 7
9 64 12
21 38 7
27 81 -9
39 55 13
42 97 -11
2 24 -12
54 71 -4
20 78 -14
32 52 11
23 83 16
24 48 16
84 99 -15
3 25 -17
35 57 -11
34 98 -12
13 75 14
46 72 -3
65 85 -15
16 80 4
57 81 -11
76 94 20
68 90 -15
28 54 -20
15 84 6
50 78 -17
69 91 6
61 87 15
27 94 18
11 86 -17
39 68 -3
12 51 -14
1 41 12
12 87 -16
13 52 20
45 84 14
24 61 1
56 93 -12
16 57 10
35 70 -1
28 31 -18
1 77 16
5 47 -4
6 12 -7
65 98 -2
57 94 -1
9 54 12
42 51 -16
15 97 -10
61 64 14
21 28 19
8 58 11
27 71 11
39 45 12
11 63 -19
30 76 13
31 41 -3
91 92 -2
10 18 4
42 87 18
2 14 3
62 65 -19
54 61 -8
94 97 -10
12 64 -12
13 29 9
72 78 -20
51 55 20
24 38 -1
45 97 -9
46 62 8
37 93 5
38 58 20
57 71 9
17 35 13
49 67 -3
9 31 2
68 80 -7
27 48 -17
18 79 -13
38 94 8
79 95 -17
71 91 9
30 53 -6
42 64 8
61 77 -13
8 71 -8
27 84 -7
0 67 -3
19 80 -11
20 45 14
60 81 4
39 58 -1
31 54 -18
4 37 -2
23 50 5
75 97 20
34 65 -14
13 42 -6
53 78 14
4 73 16
72 91 -14
45 74 -1
24 51 -12
37 70 -2
3 77 -6
22 90 -1
26 60 -13
57 84 -17
49 80 -19
15 87 11
8 48 -14
26 96 -14
0 44 -14
18 92 -1
19 57 -2
12 18 -18
30 66 -6
2 4 -18
13 19 -17
4 50 8
23 63 5
56 60 -16
35 37 17
22 67 -18
1 44 7
34 78 6
53 91 -7
3 90 -17
14 99 -1
7 60 -15
8 25 -2
26 73 2
19 34 -19
71 81 -13
30 43 3
90 94 -4
42 54 2
48 97 9
8 61 -1
20 35 10
60 71 12
11 66 -5
12 31 3
31 44 -8
75 87 -19
41 94 -4
33 90 -4
44 99 4
37 60 -9
38 61 15
70 93 11
49 70 10
28 96 7
7 73 -17
8 38 17
27 51 20
0 34 -16
18 82 1
71 94 10
29 97 -7
60 84 20
10 83 -6
2 79 7
14 53 -1
34 68 14
45 77 15
37 73 -20
3 80 11
14 89 -1
8 15 17
27 28 3
0 11 12
59 97 2
19 24 7
9 96 3
21 70 7
0 47 18
41 48 -8
40 83 8
20 25 7
60 61 14
4 17 3
10 60 8
53 58 10
25 76 18
44 89 -8
85 90 -8
10 96 -14
56 63 -2
2 92 -16
43 93 -12
3 57 13
14 66 -13
15 31 17
7 27 6
86 91 14
18 36 -9
59 74 -9
78 87 20
70 83 -2
17 77 5
8 28 3
48 64 9
0 24 -11
11 33 -6
6 67 -15
21 83 13
40 96 -3
81 97 13
73 93 -19
52 70 -4
25 53 13
2 69 -18
22 47 3
74 94 -7
66 90 17
13 84 16
16 89 -5
15 44 7
67 91 16
18 49 9
70 96 -2
17 90 -16
9 86 16
28 99 -13
29 64 20
21 60 -14
33 34 -6
6 80 4
25 30 7
62 97 -19
22 24 17
14 20 13
25 66 -11
32 74 7
37 40 -15
43 83 -8
67 68 -7
13 97 -15
59 64 17
70 73 2
17 67 -16
36 80 20
9 63 -10
55 93 13
28 76 17
29 41 -14
48 54 19
21 37 -5
8 18 16
40 50 -17
92 97 -11
9 99 10
21 73 8
41 51 -19
33 47 -9
73 83 -6
44 56 -19
39 90 15
51 64 20
2 59 -9
43 60 -9
14 33 -14
74 84 -7
32 87 12
24 83 7
16 79 -5
17 44 10
35 92 20
55 70 -20
28 53 -7
47 66 6
7 30 -14
6 34 -5
58 81 -17
77 94 12
28 89 -18
69 90 14
21 50 -10
61 86 1
40 63 20
6 70 -20
30 98 -14
2 36 -3
73 96 15
31 99 -12
4 82 -3
51 77 -20
24 60 1
3 37 -19
16 56 12
35 69 -8
13 87 14
5 46 1
24 96 -15
65 97 10
57 93 -14
36 70 7
29 31 1
5 82 -14
58 94 -5
50 90 -4
10 17 -11
2 13 3
61 99 -14
54 60 8
20 67 -10
11 98 -5
39 80 7
32 41 20
84 88 -15
43 50 -20
22 27 -16
35 46 20
95 97 19
1 53 -9
87 93 8
66 70 -15
12 99 9
13 64 9
32 77 7
24 73 -9
17 34 -8
35 82 -17
36 47 6
9 30 -20
96 98 20
28 43 -11
1 89 -15
55 60 8
47 56 -5
46 97 -4
38 93 -20
58 71 -19
9 66 8
50 67 14
42 63 -11
21 40 18
19 79 13
30 88 4
10 30 -5
42 99 -3
62 77 -6
13 41 4
72 90 20
4 72 4
51 67 -13
23 85 -13
32 54 9
16 46 -3
46 74 16
65 87 2
17 47 -16
76 96 20
9 43 9
68 92 -1
27 60 2
58 84 -1
30 65 11
8 83 15
27 96 11
0 79 -13
19 92 -17
20 57 -13
39 70 -6
31 66 10
4 49 -8
3 4 1
34 77 -14
4 85 3
45 86 -10
24 63 8
37 82 17
56 95 15
57 60 20
9 20 7
14 98 10
26 72 -4
46 87 -9
6 14 5
58 61 4
50 57 11
69 70 -20
42 53 -1
61 66 7
21 30 7
11 65 9
30 78 -1
31 43 4
75 86 5
94 99 19
54 63 -12
41 93 -7
20 70 -9
12 66 -5
13 31 6
4 62 20
84 91 19
43 53 2
16 36 -5
35 49 12
1 56 20
37 95 10
57 73 17
17 37 -17
76 86 7
49 69 -20
7 72 -2
18 81 -19
19 46 -13
71 93 1
50 70 14
8 73 14
0 69 -11
20 47 -5
60 83 -7
4 39 1
75 99 13
34 67 -12
13 44 16
72 93 5
45 76 11
16 49 -14
9 10 3
14 88 -11
26 62 -15
46 77 18
59 96 15
18 58 -12
38 73 -13
42 43 15
15 89 18
48 86 -2
27 63 -7
19 59 -3
20 24 1
12 20 -17
31 33 20
23 29 -14
33 79 -8
52 92 14
12 56 7
25 75 -9
13 21 -8
45 53 4
4 52 9
10 95 15
16 26 -11
1 46 18
34 80 -14
45 89 -7
46 54 14
37 85 -5
78 86 -11
65 67 -13
57 63 -2
3 92 3
89 95 13
49 59 -17
68 72 10
15 66 8
47 98 17
8 27 6
26 75 -2
79 87 -20
11 32 15
30 45 17
71 83 13
42 56 -8
82 92 -14
29 86 -6
48 99 13
8 63 -20
40 95 -11
60 73 20
12 33 9
52 69 -11
4 29 -9
44 65 -9
23 42 -7
10 72 -8
75 89 9
41 96 6
33 92 -4
34 57 -16
53 70 -6
45 66 -8
64 79 3
3 69 -18
22 82 -1
67 90 -4
28 98 7
8 40 8
48 76 -3
71 96 -15
4 6 -2
63 92 7
41 73 -15
33 69 19
52 82 -4
25 65 12
44 78 3
37 39 4
2 81 -7
3 46 -18
22 59 -5
14 55 -15
15 20 -19
13 96 -18
18 25 10
37 75 -1
70 72 -16
3 82 -2
55 92 -13
47 88 8
27 30 16
0 13 15
18 61 18
59 99 -13
11 22 -20
30 35 -19
63 69 -6
9 98 7
29 76 -20
21 72 -17
60 63 8
2 58 11
1 13 -17
34 47 -5
93 96 -19
66 79 -5
56 65 6
2 94 -2
3 59 -8
15 33 13
1 98 -5
7 29 -20
26 42 -10
18 38 6
59 76 -10
78 89 11
17 79 14
8 30 -17
40 62 13
63 82 -9
29 89 20
81 99 -12
41 63 -9
52 72 -18
51 76 11
22 49 19
74 96 -20
66 92 11
13 86 -17
32 99 12
16 91 9
28 65 -3
7 42 10
0 3 -6
59 89 13
5 81 16
17 92 -2
29 66 -16
21 62 -14
61 98 7
40 75 -1
6 82 8
25 32 -19
44 45 4
10 52 -15
3 13 -16
62 99 -12
22 26 9
14 22 -13
34 37 7
37 42 4
32 76 -20
51 89 -10
3 49 -11
55 59 2
88 93 18
26 32 3
67 70 -8
13 99 -17
59 66 -7
18 28 -11
17 69 -2
36 82 -6
9 65 -19
77 83 -7
29 43 -12
47 91 -14
48 56 -8
21 39 -8
0 16 -2
80 88 -19
5 94 -18
10 29 -1
2 25 20
21 75 -12
81 89 -11
54 72 4
73 85 9
25 45 -6
39 92 -16
3 26 -4
14 35 12
13 76 -2
32 89 -17
24 85 -2
43 98 4
17 46 1
35 94 -11
58 83 -6
50 79 -8
29 56 2
61 88 6
21 52 -8
27 95 -16
19 91 2
10 42 17
2 38 -9
62 89 -9
54 85 -6
73 98 17
12 88 -19
32 66 -19
51 79 -9
23 97 -17
35 71 -20
1 78 8
13 89 11
5 48 -9
57 95 13
58 60 20
9 55 -11
29 33 1
61 65 20
21 29 17
40 42 -20
50 92 9
62 66 -20
8 95 1
54 62 1
39 82 -19
12 65 -5
23 74 -16
43 52 -5
1 55 -6
87 95 16
4 97 18
45 98 19
24 75 -18
28 45 -20
1 91 -6
88 96 -17
68 81 -17
47 58 14
5 61 14
46 99 6
38 95 -12
77 86 -17
42 65 -5
80 91 -19
8 72 -8
30 90 10
10 32 8
23 51 11
12 78 17
13 43 -7
4 74 10
32 56 -15
72 92 15
43 65 -3
1 68 2
5 38 -5
38 72 3
57 85 9
49 81 -9
68 94 -12
7 84 3
26 97 -12
27 62 -16
6 39 13
18 93 16
30 67 12
2 5 -14
0 81 -12
19 94 14
60 95 3
20 59 2
39 72 18
12 55 -11
13 20 18
32 33 -3
23 64 2
24 29 10
35 38 6
1 45 1
53 92 11
13 56 18
17 26 4
3 91 1
49 58 -5
9 22 4
68 71 7
28 35 16
15 65 -1
26 74 -13
6 16 -9
38 85 -9
58 63 -18
49 94 5
61 68 -2
7 97 -4
8 62 7
27 75 -2
0 58 15
20 36 -12
11 67 -8
39 49 11
91 96 17
2 18 10
75 88 -12
41 95 -8
1 22 19
13 33 7
53 69 -17
4 64 -3
64 78 -20
24 42 18
16 38 -20
56 74 7
35 51 15
22 81 17
1 58 -5
34 92 20
5 28 -5
46 66 -17
38 62 4
57 75 -18
9 35 11
49 71 -17
68 84 -13
7 74 -2
8 39 19
26 87 5
27 52 1
18 83 15
11 44 1
63 91 -13
42 68 -6
29 98 20
0 71 -10
41 72 7
60 85 -11
20 49 -8
12 45 -5
52 81 -14
31 58 -1
45 78 -15
64 91 20
37 74 9
9 12 -4
14 90 8
26 64 15
27 29 -10
18 60 9
59 98 9
30 34 13
71 72 -19
7 87 -11
48 88 -16
27 65 4
0 48 1
19 61 11
60 62 -18
20 26 -9
11 57 -15
30 70 -1
4 18 -3
75 78 -7
33 81 2
52 94 -9
13 23 -12
25 77 12
45 55 -10
64 68 14
56 64 -10
16 28 -8
2 93 19
3 58 -9
22 71 -6
46 56 -6
5 18 16
37 87 -1
38 52 -18
57 65 -16
70 84 -7
3 94 19
89 97 -12
49 61 -20
15 68 1
7 64 9
26 77 -8
27 42 -17
79 89 -14
11 34 -2
71 85 -18
30 47 20
63 81 11
82 94 -20
0 61 -15
40 97 11
60 75 6
52 71 -16
4 31 -20
44 67 17
23 44 19
2 70 12
1 25 18
53 72 -18
66 91 15
32 98 -7
56 77 14
3 71 3
15 45 -7
59 88 11
18 50 -6
70 97 -20
17 91 12
9 87 -17
8 42 14
40 74 -15
0 38 -18
19 51 5
63 94 -16
21 97 20
41 75 -16
37 41 2
10 87 8
2 83 -7
3 48 -19
22 61 -4
14 57 2
13 98 -8
18 27 18
59 65 8
38 42 4
70 74 -19
55 94 3
28 77 8
47 90 11
7 54 -15
30 37 -20
63 71 -16
48 91 -13
41 52 4
6 94 6
52 61 -1
44 57 16
4 21 14
10 64 5
14 34 8
25 80 -12
66 81 -10
37 54 -6
32 88 3
24 84 10
14 70 -17
55 71 -20
47 67 -14
67 82 -5
78 91 2
36 94 12
77 95 -11
48 68 6
0 28 -2
10 41 19
54 84 -12
73 97 -10
20 91 11
10 77 5
51 78 12
3 38 4
22 51 17
7 8 2
