100 200 0
33 36 4
16 84 -3
30 73 11
22 35 1
28 85 6
14 31 9
83 85 13
48 63 -14
57 75 -14
46 75 -13
23 52 7
25 89 3
79 90 -2
6 84 -3
30 48 -3
2 96 -10
17 60 -10
64 89 -4
0 53 -11
28 69 3
0 62 3
29 43 -2
31 40 -12
14 33 -17
3 42 16
49 73 8
1 26 11
18 21 -12
53 73 6
22 67 20
20 79 -4
7 94 11
5 60 -7
0 55 -7
56 87 -10
39 46 20
14 26 19
22 94 13
74 77 19
9 21 16
42 82 9
8 25 4
25 75 -19
2 27 18
71 81 -18
62 78 10
64 75 7
18 23 10
1 46 -4
12 13 -19
30 61 -11
60 62 3
51 59 4
11 57 -6
20 26 6
12 86 4
21 34 -11
3 83 1
38 50 -19
61 79 7
89 95 9
78 95 8
60 89 17
24 69 -14
6 63 9
4 45 -8
42 93 -6
33 35 -20
2 84 12
48 81 -9
33 44 2
81 93 -4
5 55 11
0 41 -5
12 24 14
86 92 18
15 50 10
83 84 18
44 65 20
43 75 -4
44 74 12
27 88 -2
24 71 5
48 79 12
4 47 -10
41 96 -17
2 77 20
13 89 18
79 89 -9
64 70 -20
18 82 4
48 83 -20
57 86 -17
19 47 -18
54 87 -8
51 72 20
89 90 -14
42 70 13
44 67 -12
15 61 -5
19 77 -15
17 34 13
16 23 -19
88 94 5
16 87 -11
82 87 3
58 62 19
3 7 2
20 23 19
21 77 -4
12 19 10
41 55 -2
61 67 -9
70 79 10
10 12 -19
34 98 8
18 59 3
9 23 -10
33 87 9
19 33 20
14 46 -17
20 62 -10
29 74 17
5 52 -9
23 67 19
57 99 12
6 26 -17
18 25 -10
52 57 13
7 34 -17
14 82 -9
6 9 2
4 17 7
23 94 4
26 56 -15
85 99 -6
30 44 -5
12 60 7
13 25 -5
49 88 -17
26 86 11
12 14 -12
30 65 -11
59 83 8
10 25 -9
91 99 12
0 24 4
54 59 -15
21 74 -3
35 36 -12
4 76 15
7 56 -6
27 89 7
37 91 12
74 85 7
38 65 10
29 62 4
40 62 -4
9 93 16
17 42 -6
23 55 -11
5 58 18
26 90 -9
29 89 6
35 38 3
32 51 13
4 69 -2
21 85 2
6 96 -18
58 79 -20
2 44 -1
11 56 -3
78 91 11
44 68 -10
0 65 -10
31 98 4
12 48 -16
30 96 10
20 61 -18
74 96 8
22 51 -20
7 15 -9
41 47 -12
81 83 -14
33 43 14
10 50 1
36 69 13
72 98 7
56 81 2
22 88 -17
8 16 8
9 15 -10
48 61 -17
14 93 8
5 90 5
2 18 -20
9 88 3
14 47 19
85 98 10
26 76 2
