100 200 0
68 91 -12
53 69 20
27 50 -17
35 42 -2
35 51 -2
1 58 -5
63 98 -6
3 22 17
36 89 15
23 98 10
31 56 -2
66 96 1
7 74 7
16 22 -3
26 87 6
1 33 12
41 51 -16
67 70 12
11 53 12
5 67 -3
8 66 18
14 15 9
17 69 -4
25 61 -12
14 24 12
0 71 5
49 55 16
9 83 -11
37 99 8
74 84 -11
13 74 -5
1 17 16
21 66 13
16 24 -5
90 92 -16
11 37 -7
19 50 9
30 50 9
22 76 18
45 87 -11
22 85 20
45 96 -11
86 97 -4
6 52 6
61 86 -13
13 67 -5
5 96 -20
83 98 1
23 47 -16
8 25 -13
1 19 11
53 66 7
0 30 -13
28 46 -4
33 97 -15
22 60 7
16 26 1
18 23 -5
20 72 12
9 51 2
6 27 5
22 23 4
51 68 -9
13 51 4
12 31 -7
78 86 -11
37 85 -18
12 95 10
50 79 -1
57 72 -20
10 79 -8
15 75 9
39 69 -11
47 52 15
81 84 -1
16 28 -16
2 38 -2
25 40 18
6 93 -20
54 94 -3
0 68 13
49 52 16
12 42 -2
70 93 -17
13 80 8
62 64 -10
34 57 -4
63 72 4
28 50 6
71 94 9
51 63 1
3 23 2
58 87 -15
60 93 -11
27 44 15
73 75 1
40 66 -3
46 88 8
48 85 16
73 84 9
31 78 -7
82 96 9
63 92 20
31 87 -15
58 71 -2
80 89 -5
32 70 8
59 88 -10
21 49 -17
36 86 17
25 65 16
17 36 1
5 98 -14
46 81 16
10 94 -9
23 58 9
6 17 2
14 73 -16
12 85 -6
15 47 -18
18 98 16
53 95 -18
64 95 -14
69 91 15
50 78 12
13 68 -6
52 84 12
27 30 6
25 67 -8
20 46 -8
71 73 -4
38 79 -5
40 85 2
26 31 9
84 85 -12
12 14 -16
24 98 1
37 68 -5
69 75 10
35 52 13
17 77 -16
45 93 -15
7 54 -15
10 71 6
18 54 7
17 95 -8
54 59 -7
14 50 11
35 36 -4
38 99 11
35 45 -4
6 94 16
43 58 3
4 21 -9
53 99 -14
30 76 -2
70 94 9
5 22 8
0 72 15
17 88 16
46 69 -4
0 81 -17
62 65 3
75 84 -1
85 94 -10
0 90 13
54 70 -19
32 33 2
9 47 9
24 93 -14
13 38 -15
27 55 17
34 79 -15
42 71 -12
47 85 19
18 49 -1
31 34 -16
46 62 17
0 74 -18
60 88 -4
6 62 16
68 80 8
54 63 6
16 18 -12
23 66 16
6 80 9
58 63 -16
4 62 19
10 41 15
42 55 -15
70 71 19
59 71 10
27 75 13
3 29 2
22 97 -12
69 93 3
48 70 1
65 86 -7
13 15 -17
43 92 8
