100 200 0
68 91 14
23 68 -5
25 32 -19
35 97 -10
4 9 1
10 61 9
37 79 10
5 74 4
22 90 -14
3 86 -1
14 31 -13
77 99 -16
2 75 -15
0 23 -8
23 43 11
22 53 -12
68 75 -1
1 15 12
18 74 -15
8 48 1
1 42 9
53 89 -11
19 75 -7
6 41 20
23 91 -17
56 94 4
23 36 -17
41 72 4
57 68 -16
20 40 11
21 48 -5
38 64 20
18 67 15
18 21 5
15 89 3
71 88 14
44 49 -12
12 20 -18
14 81 -2
5 23 -18
48 58 -14
3 90 -16
58 90 -1
51 84 18
68 79 12
44 79 11
13 76 17
62 78 8
18 23 6
20 72 -12
28 55 -5
59 70 11
42 54 -16
1 46 20
5 62 -20
53 84 -15
10 58 -1
77 78 19
73 87 -11
12 86 9
52 76 3
32 73 4
60 89 16
75 78 -2
66 75 15
13 69 -11
44 81 18
65 88 -12
57 93 -8
3 12 12
26 41 3
67 79 4
22 98 7
41 78 -14
27 33 -5
27 97 10
19 29 -10
65 81 -7
26 77 4
62 64 -6
9 37 5
31 67 -17
29 79 -19
32 41 -7
44 58 -4
43 68 -7
60 93 -14
10 74 -19
44 85 2
11 82 -20
34 59 20
17 52 -4
25 35 7
49 84 -13
28 61 1
21 86 1
23 83 -11
4 15 -5
58 80 4
21 95 -16
40 44 10
3 89 -8
12 37 -2
43 70 -17
55 99 -9
46 72 -1
79 84 5
30 97 -15
8 97 -1
57 81 -13
39 75 -15
65 94 -11
56 61 8
63 76 -3
37 57 4
35 50 6
15 47 4
33 62 6
27 94 7
0 77 8
28 93 4
29 58 -13
0 22 19
14 39 -15
63 69 -18
63 78 -7
28 56 -20
50 53 4
49 97 -7
18 36 -8
69 84 -19
87 99 3
45 93 5
36 90 18
8 92 -4
29 60 -10
48 73 16
42 94 -4
28 40 -15
3 50 -20
28 49 -16
57 85 -19
48 82 9
35 36 12
31 84 -20
43 49 -6
14 68 2
15 42 10
61 73 20
50 82 17
78 98 17
42 78 -6
83 88 1
19 30 14
54 61 3
12 55 7
13 20 -17
57 87 12
35 84 -5
29 80 6
35 38 20
59 69 -10
15 99 13
42 62 3
62 95 -5
48 50 11
11 65 6
11 74 -13
39 56 -11
30 87 -18
31 52 10
75 86 12
31 61 -18
6 7 -7
38 76 -3
41 93 18
32 90 6
20 70 17
32 35 -18
49 85 -13
25 94 -3
4 16 -12
18 33 -18
73 88 20
72 98 10
59 80 -18
64 94 20
1 56 -12
5 17 18
17 28 9
31 45 5
39 58 -7
3 38 5
28 37 12
43 74 -17
76 86 20
32 83 -7
4 46 -14
7 8 6
32 92 -6
