1000 2000 1
92 232 2
579 728 20
719 473 10
755 167 -1
184 315 11
881 163 -10
467 932 5
45 794 2
786 154 -11
448 653 1
81 222 -11
703 385 -10
540 507 12
536 128 18
164 485 19
42 496 20
308 795 -11
428 940 -16
143 53 -3
936 858 5
65 399 -15
97 202 11
965 921 10
639 113 -5
111 860 -13
290 108 -2
810 489 3
392 915 20
153 75 -20
651 846 3
988 531 -5
797 820 -17
440 662 4
309 99 -11
727 612 10
225 365 3
1 620 -18
378 49 -7
154 570 12
204 836 11
678 81 8
531 822 -13
926 677 20
46 893 14
631 500 -13
203 956 20
389 329 -7
718 10 -18
476 971 3
90 32 -5
379 809 11
779 105 1
793 943 -11
584 769 -13
136 413 -16
637 286 8
523 938 -9
417 777 14
805 773 16
417 548 17
797 15 -15
161 442 -3
710 621 -4
590 439 -19
540 618 17
431 940 4
757 732 -8
784 835 -18
134 461 -13
755 808 14
251 866 -9
593 895 2
947 978 -17
625 927 11
755 399 -8
592 521 -9
432 123 -6
576 24 20
806 486 -2
487 849 3
752 515 -15
105 933 -1
184 439 8
139 925 -8
622 521 1
493 785 4
460 608 4
351 701 6
889 605 16
635 725 18
939 462 -1
226 706 -16
273 372 2
257 693 -13
936 164 -10
330 125 -5
838 266 -17
38 591 -9
7 109 -19
85 437 -2
901 471 15
568 936 18
867 329 19
514 965 13
671 683 7
994 141 -20
85 967 1
92 454 -18
679 888 7
460 621 -11
5 943 5
845 282 -10
766 138 11
381 147 8
612 574 -14
459 103 -7
121 373 -19
516 228 -3
349 874 2
736 905 -5
828 85 -16
208 606 17
287 670 -12
508 638 12
753 585 -14
337 756 -11
168 798 -16
835 624 -14
502 823 7
458 408 16
39 833 -11
819 387 -20
216 237 16
527 916 -16
828 844 5
538 108 19
541 671 -12
24 561 10
154 936 -11
461 4 -12
484 811 15
467 987 -3
331 977 -4
201 230 -12
379 645 -10
297 841 9
250 580 -16
609 927 -5
640 11 -2
574 969 18
770 615 12
404 0 -16
203 913 -17
710 192 -18
962 556 -12
261 774 14
868 140 11
935 804 20
825 178 -6
505 353 -13
517 327 -1
922 870 16
395 72 17
510 59 -14
446 532 12
565 483 20
252 172 15
886 538 -16
607 894 17
740 75 -9
76 849 -7
472 935 2
145 540 12
823 375 -1
581 204 4
28 400 10
833 419 -20
158 775 -13
717 473 -4
245 892 -7
416 890 -14
958 190 8
729 38 15
116 369 4
384 449 2
648 638 -9
590 288 9
338 827 11
290 670 18
980 330 -16
328 782 10
658 279 -9
27 296 -8
290 32 -5
440 959 7
841 665 -12
338 539 15
720 604 1
85 93 -8
257 614 10
513 162 19
456 823 17
179 811 -18
562 841 -9
319 934 4
917 889 10
887 372 -5
724 345 11
699 846 10
359 369 11
582 935 -16
182 556 -10
466 86 20
915 327 -3
165 732 3
85 394 -9
923 447 -9
753 673 5
138 406 -15
992 955 17
958 962 -17
477 509 11
643 807 2
972 308 19
350 670 3
322 608 -13
244 243 -8
443 983 -16
568 111 5
687 440 -1
686 66 -7
23 805 13
920 153 16
269 717 4
620 386 2
746 611 19
69 283 2
583 504 -6
587 474 -14
791 798 -3
919 575 -19
877 578 -9
128 45 2
920 948 10
330 854 -4
259 385 1
413 214 3
710 666 -3
988 939 8
509 267 14
78 80 -16
376 677 15
927 700 -13
150 334 -19
480 734 11
11 435 12
256 86 -8
536 140 -15
332 490 -6
181 995 20
453 371 -14
373 262 -14
674 190 -1
326 941 -13
271 251 1
368 449 14
71 571 -2
944 87 -2
735 471 2
381 876 -13
587 78 -18
302 503 -2
542 421 -6
181 213 16
909 623 -10
411 904 15
607 321 11
286 989 12
705 335 18
305 630 8
35 769 16
857 203 -10
584 948 4
99 116 -5
823 67 -8
292 22 15
680 18 -8
228 266 -15
266 149 -6
87 672 20
491 496 10
844 800 -7
504 286 12
836 759 12
106 505 10
56 684 8
668 574 2
529 379 -17
112 356 -6
838 576 -4
613 494 6
317 352 -4
656 950 -5
152 922 1
63 27 -8
370 327 15
86 568 -3
930 515 9
989 601 -8
422 145 -4
566 647 -16
524 421 1
662 885 15
570 244 14
222 55 4
947 725 -12
141 890 -12
644 687 16
501 824 9
342 242 1
382 952 -5
493 2 -7
746 218 -20
74 54 -9
173 176 -1
92 188 5
739 444 -5
56 939 -13
492 832 12
718 97 5
419 438 -13
863 335 -16
592 366 -6
62 57 2
851 397 -12
435 153 1
938 136 18
118 217 -15
950 110 2
150 435 -19
861 410 -1
861 181 -9
885 475 -9
939 595 9
291 819 -2
506 707 -20
795 581 7
488 21 10
1 311 -20
653 762 8
785 164 3
960 919 17
797 138 2
254 649 -1
401 439 -6
795 558 1
681 722 -9
957 211 -15
67 908 1
987 499 -12
470 767 -1
432 920 -10
593 465 4
806 609 -15
690 806 2
634 991 -19
675 763 -9
846 7 9
926 790 3
152 987 -3
592 356 -18
996 854 16
861 809 10
875 564 4
568 35 20
408 46 16
479 335 -4
141 605 19
166 778 6
18 614 -13
534 945 14
358 719 -9
901 967 -15
457 841 20
357 345 -14
28 929 -15
399 841 -13
15 586 -14
537 24 16
846 105 4
144 587 15
875 806 16
171 461 1
78 4 -15
138 55 19
669 966 7
876 887 3
340 269 14
868 803 14
561 237 -17
9 26 12
979 490 20
414 569 11
684 164 3
660 481 -2
216 733 -11
659 665 -7
123 276 -13
955 398 8
367 902 -20
509 577 -2
722 721 4
346 699 -4
705 897 -19
446 557 -6
533 525 18
765 682 -14
129 621 -10
110 342 14
356 483 -20
476 436 -10
810 281 -1
142 676 -8
502 573 8
807 800 19
832 39 -15
403 716 -5
494 555 20
154 506 11
695 744 10
991 477 10
332 512 5
470 891 -7
342 971 -6
480 118 -1
152 990 -5
40 749 1
280 996 11
587 918 -17
446 125 -5
188 504 15
431 899 -17
122 967 6
80 183 -19
63 854 -6
336 109 -12
242 102 -6
588 101 -12
444 465 15
836 840 -8
400 804 3
993 415 2
751 473 3
199 634 7
721 859 1
602 121 -15
569 990 -16
433 163 12
422 828 2
539 446 -18
824 987 -20
861 609 17
101 592 -3
117 457 17
604 804 19
760 414 -1
294 907 15
999 839 2
677 645 -15
130 18 -10
723 123 -6
362 669 -5
716 901 6
894 270 20
144 675 16
892 834 -18
187 673 -11
870 815 -3
783 518 -5
669 416 20
491 675 6
951 251 -18
217 143 14
655 109 10
122 283 -6
135 73 16
174 330 -1
368 461 7
246 206 -9
375 994 16
824 820 -11
414 922 4
338 554 -7
416 882 -18
268 867 19
600 294 19
416 64 16
357 652 13
885 808 14
295 448 11
296 184 20
841 621 -16
808 215 -4
857 745 8
50 393 -11
976 293 -17
788 93 -3
296 534 5
884 704 12
85 206 -13
437 923 14
606 323 14
577 259 -8
361 555 -10
757 900 -13
955 476 16
791 633 -17
788 744 4
622 303 -16
165 207 11
439 596 -11
346 368 -12
23 123 -17
391 290 8
189 829 -11
654 111 7
912 406 -8
911 527 13
179 492 18
61 765 19
862 405 6
889 279 17
670 729 -15
363 578 -7
932 240 19
963 164 -12
176 608 11
37 35 -2
449 617 -16
512 148 -20
143 165 16
838 169 -20
732 825 18
800 551 15
378 184 20
770 708 -16
510 489 -17
997 836 5
591 68 -7
214 984 -8
36 340 -7
893 635 17
280 966 -18
706 400 7
944 717 -9
59 589 6
84 911 3
364 779 -20
483 736 -18
542 413 -10
892 117 -16
453 75 -5
223 961 -4
211 807 3
962 855 13
574 630 6
117 800 15
825 212 9
643 158 -7
197 414 7
375 12 1
843 791 3
469 464 -7
449 77 19
457 984 -11
828 482 -8
840 722 9
858 919 10
535 760 11
955 479 9
474 26 10
924 720 -8
902 818 1
118 98 6
193 12 -2
116 403 -14
348 789 -9
453 582 -10
408 202 9
394 267 -11
485 651 -5
740 675 -7
694 150 -17
76 631 19
490 765 -18
20 965 4
997 44 -5
346 83 9
690 301 15
336 563 6
478 238 -5
907 235 2
12 588 -9
267 549 -9
385 684 -15
988 983 4
675 523 -7
576 172 -3
23 188 -2
312 62 11
81 458 18
616 702 -12
738 170 -6
527 773 1
321 296 19
277 369 -11
661 215 17
60 749 4
165 802 -14
889 79 20
874 853 -5
588 496 -16
6 814 13
781 24 -12
582 452 -13
459 647 -9
27 199 12
194 47 18
26 728 2
622 610 -2
867 32 -19
919 79 5
957 105 15
686 365 12
442 679 2
95 226 11
336 252 18
208 777 -15
504 510 -14
835 121 10
4 718 18
640 25 2
71 399 10
103 580 -7
681 328 18
648 639 20
533 838 -17
493 622 -15
251 451 1
573 236 17
58 285 15
444 91 -20
270 958 -20
253 231 6
420 408 3
451 661 -13
347 15 19
68 185 -11
868 949 -18
82 385 10
248 417 -20
55 251 -14
591 905 2
863 955 -6
283 151 2
139 366 1
433 584 -17
640 797 -5
667 522 -13
575 933 19
61 303 12
777 659 -12
897 575 17
664 867 15
938 841 -3
557 475 -8
806 313 -1
690 510 -18
917 409 19
654 673 -20
966 939 15
799 8 12
776 141 -7
527 223 -19
55 264 13
445 41 -11
208 214 -11
775 590 15
931 200 11
918 755 15
395 714 5
518 376 -17
631 173 -11
252 405 -13
954 677 20
88 828 7
366 427 16
12 918 -9
30 966 -19
581 172 6
891 657 4
288 444 -10
977 846 -10
941 743 16
290 782 -11
105 99 -7
411 434 16
953 717 7
155 594 -11
996 944 10
565 608 6
40 463 14
163 979 12
663 362 -12
325 632 11
271 661 7
208 721 20
42 280 -15
113 569 -14
901 10 18
995 691 -3
57 179 18
934 452 -5
158 985 -16
403 407 6
539 942 -16
39 539 -11
634 685 -15
959 216 -9
759 456 -19
600 54 -2
278 906 -18
573 445 -10
242 840 -20
946 547 -5
335 164 -9
292 468 -16
224 413 12
181 600 19
168 252 10
376 138 -9
398 714 -12
196 845 -12
394 600 -20
770 442 -6
954 788 -19
838 842 14
517 298 -13
456 431 3
869 686 -15
919 49 4
566 648 -13
342 37 -17
746 615 -1
382 976 8
534 881 16
399 656 -9
948 606 -5
538 442 -6
382 603 -14
634 1 -16
170 46 1
184 884 -8
433 685 -6
12 512 18
771 564 -9
307 280 12
914 958 -3
805 822 1
666 627 -14
653 279 6
151 32 -17
344 347 2
338 124 19
724 339 16
26 266 -10
106 146 -14
673 751 -7
968 556 17
331 493 12
878 891 -3
700 396 18
368 826 20
375 685 7
460 909 -19
852 875 -14
23 907 16
511 990 -2
107 3 20
418 539 -4
74 729 7
388 776 3
628 986 -7
698 35 15
411 908 19
300 928 -4
486 938 -10
747 979 12
990 328 10
927 537 -7
450 463 19
555 894 12
126 631 -2
191 877 -10
885 391 3
611 151 -4
265 417 -2
364 539 -20
114 513 -7
557 36 13
116 559 -7
41 794 8
485 542 -18
926 693 -16
176 201 13
876 692 1
741 647 9
375 675 8
257 45 -20
34 153 2
23 632 -18
635 342 19
844 107 -17
73 718 -7
696 846 -5
772 347 17
571 851 -5
227 812 -17
605 355 -4
271 595 -5
994 661 -19
98 258 8
656 931 -7
38 918 -6
649 806 -13
729 915 10
715 751 -2
61 227 -14
858 391 14
13 336 -15
223 783 9
196 128 16
695 778 14
593 996 -1
124 697 -19
346 481 -10
82 551 3
612 600 -12
364 120 2
91 785 5
840 760 11
823 411 -13
344 556 14
903 254 -5
919 644 -11
257 179 -16
952 412 -4
245 699 -19
99 87 -11
525 195 -10
897 741 14
162 292 -15
686 786 20
12 469 19
443 18 10
646 606 16
769 942 1
211 40 14
237 178 -2
431 43 14
595 560 -12
923 591 -1
117 756 -10
673 70 2
862 351 -7
605 695 -7
521 961 -17
53 627 8
586 187 15
279 790 -5
758 150 -10
354 475 6
882 594 1
460 84 4
657 741 -11
18 605 4
515 657 17
244 459 5
994 628 -20
658 593 -13
628 258 -4
996 737 13
673 721 12
334 209 -1
945 97 -20
989 140 -14
19 462 -11
666 947 14
229 946 -1
384 740 19
878 946 12
734 709 14
308 192 -16
369 22 13
346 75 -12
514 971 20
744 493 -18
931 585 -17
103 991 -12
325 775 -17
6 155 8
218 383 -10
99 957 -9
95 578 20
942 185 17
117 108 -16
519 2 13
377 821 7
116 902 -14
966 663 -10
704 434 -11
737 202 13
628 524 -16
977 449 -10
692 545 19
421 576 -9
73 158 6
297 955 17
301 22 -16
684 577 -6
700 405 4
818 168 -13
550 88 15
876 109 -9
35 396 -5
329 614 17
951 23 12
304 441 7
943 19 8
915 860 -6
213 295 15
673 688 18
43 521 -18
404 500 18
915 981 -3
991 445 -4
323 840 1
659 646 -5
84 415 4
304 418 -14
436 488 1
507 777 1
721 886 -12
415 285 -20
829 648 16
212 191 -7
983 68 -6
700 274 17
878 131 19
17 626 15
857 108 20
163 680 -14
669 286 17
777 85 20
855 184 20
934 477 13
274 776 10
428 834 2
739 238 -15
209 158 -12
755 591 -12
641 340 -4
802 559 -20
813 43 12
366 635 2
384 540 2
173 765 11
236 147 -14
619 177 1
796 484 -14
259 545 -20
26 157 20
838 975 18
24 4 -18
402 673 19
60 564 11
556 359 -1
6 364 7
688 807 17
828 552 18
121 696 4
635 14 -8
662 934 1
980 951 20
66 122 -5
341 964 -14
645 701 -19
135 450 10
702 863 19
626 50 -2
907 966 16
291 325 -11
913 637 2
881 950 -2
896 584 20
500 355 10
776 110 13
113 849 8
404 467 -11
69 397 9
901 290 5
941 326 19
248 219 -10
152 660 -12
283 97 -13
637 180 -2
239 399 12
792 877 -6
285 286 17
929 882 19
499 740 -10
919 51 8
472 643 -1
246 151 1
851 819 7
473 867 13
645 305 7
223 167 -4
379 680 -15
611 657 -9
288 678 7
490 547 17
523 544 -2
481 727 -16
870 688 3
33 982 -13
243 526 18
665 664 11
404 480 5
530 705 -5
256 236 -10
297 274 20
538 300 -4
231 966 -2
401 331 1
447 563 16
382 317 -12
4 222 -1
505 653 15
609 890 4
954 250 19
93 708 -18
126 247 -14
590 876 -3
755 800 -9
496 460 -20
631 276 -20
538 48 -19
105 575 -12
216 671 19
340 557 -9
432 969 -7
365 879 -14
178 644 13
547 398 19
259 260 9
487 612 -17
443 197 11
143 951 -14
626 956 18
525 724 15
932 208 19
917 345 14
602 190 -19
724 704 -18
194 624 -9
192 26 5
294 711 8
33 527 2
897 632 -13
808 703 19
447 926 17
922 810 -16
544 858 -16
515 306 -16
894 748 1
478 275 3
676 934 4
261 655 20
738 845 13
330 791 -16
267 442 -17
55 851 -18
445 628 2
39 992 -3
782 398 16
997 323 11
551 731 -7
612 481 -7
11 866 7
273 786 7
769 810 1
623 490 -7
669 606 1
233 341 16
322 764 -15
375 919 2
341 777 7
938 767 -13
887 456 -4
342 104 17
471 743 -9
492 308 -4
170 257 13
354 752 -8
323 90 -11
687 632 8
380 481 14
106 995 9
706 502 1
287 698 13
10 798 -19
152 473 -16
835 14 2
487 579 -19
269 994 17
281 65 16
761 293 -13
758 404 -4
77 600 -4
39 308 -1
684 491 19
666 177 -9
996 52 -15
114 338 16
950 610 11
207 157 -5
275 557 1
894 306 20
467 498 -5
449 938 13
842 524 -19
976 869 10
629 267 12
400 35 10
782 100 -6
1 438 -18
936 689 17
822 438 -19
922 525 -4
407 159 19
947 698 -11
706 83 -6
734 819 5
683 508 14
737 973 -16
857 889 -4
582 541 9
348 374 -13
642 592 -11
29 923 12
88 829 20
12 690 13
836 722 -3
759 359 -20
864 3 3
349 869 -11
713 508 -9
396 801 -4
806 327 -12
684 72 -15
913 538 17
438 16 -1
40 235 17
358 810 -20
911 730 3
164 41 -4
496 142 19
756 447 -18
546 637 -11
256 389 4
731 390 4
725 230 -13
252 684 9
67 230 14
406 333 -17
173 885 -3
69 10 16
785 137 1
93 138 -18
925 525 7
63 726 -3
680 465 3
836 941 8
93 524 5
613 905 5
679 850 14
182 947 -13
879 121 15
311 603 -15
284 586 -18
786 567 -11
729 33 19
928 242 -2
357 161 -19
879 651 -10
25 856 5
170 865 -1
422 183 -16
891 216 -9
219 232 2
509 825 3
893 442 -7
103 286 -14
942 972 -20
615 577 17
692 272 18
981 146 -14
810 938 -2
387 984 10
662 923 -8
241 372 -7
903 491 4
438 922 17
319 556 -20
142 780 -8
25 869 -14
894 384 -19
479 959 18
323 37 -3
67 871 3
507 203 -19
115 353 10
769 734 -1
125 174 16
904 549 1
96 116 -6
748 796 1
69 916 -5
247 959 7
354 2 -17
110 50 14
444 304 14
939 283 -10
40 71 17
155 58 -14
174 71 -16
255 261 5
997 489 -18
98 426 -11
180 990 6
211 74 -9
335 518 17
109 63 -16
816 562 -10
843 287 14
227 18 12
594 220 2
271 390 6
479 10 -3
570 128 7
796 440 -19
144 514 7
255 647 5
214 758 16
688 943 6
459 791 13
284 710 18
386 312 -8
97 209 -6
126 910 20
443 65 18
537 975 2
652 324 -16
458 193 -7
856 877 2
631 121 7
320 79 -11
468 768 9
673 346 -18
556 472 -3
890 497 -1
751 976 12
807 462 9
833 600 -2
369 645 1
370 201 3
879 981 5
143 567 4
821 253 20
813 398 -1
441 526 7
820 931 -1
373 620 13
689 219 -19
163 518 17
206 888 -4
633 287 -19
289 477 -3
56 391 -19
544 474 6
774 262 6
435 567 12
532 994 -20
159 669 -20
359 694 2
303 942 -18
301 344 -1
902 713 -3
985 73 13
413 405 4
46 877 -15
714 253 6
625 175 13
306 687 -10
286 480 -13
564 165 19
895 444 -10
870 271 -12
989 79 -13
975 144 -8
92 471 18
882 739 7
507 304 -20
388 878 -14
960 695 19
412 152 10
817 466 -16
150 826 14
938 118 13
539 903 11
371 681 -4
443 32 -4
605 997 -8
881 752 6
46 216 -13
143 557 4
13 713 -17
954 98 -20
766 47 17
511 660 -5
580 122 -11
345 893 -15
531 266 11
583 456 -11
462 395 -7
3 784 -13
9 715 8
466 545 11
601 590 -7
49 751 13
206 963 5
845 541 -12
420 663 8
993 970 -5
966 458 19
706 10 -13
703 84 -4
272 392 10
41 788 -7
833 459 1
273 765 13
160 330 11
801 512 4
51 163 1
321 698 14
790 502 18
632 819 -9
523 912 -6
587 30 13
875 317 10
405 139 -11
853 149 3
774 759 -3
10 512 1
22 257 -16
792 175 12
518 546 -11
414 754 -11
300 732 -18
526 141 -13
307 591 19
91 887 14
582 301 9
301 59 -6
766 387 10
336 919 17
296 883 -18
372 613 13
291 359 19
754 40 10
254 477 5
504 768 12
118 961 11
599 776 -19
100 275 7
811 21 1
421 855 11
360 759 7
904 594 20
96 426 -19
543 737 1
210 936 -2
951 711 -9
381 409 -9
223 875 -19
765 929 -20
833 655 5
192 250 -3
89 237 10
568 766 12
265 728 -20
635 447 17
236 701 -20
739 504 11
969 63 -3
690 611 -3
481 617 -20
550 79 -13
656 97 17
744 847 -7
167 872 6
744 618 -4
199 904 14
907 87 3
276 370 -9
907 990 10
575 108 -1
424 384 15
905 428 -8
192 492 -16
672 342 6
401 751 9
962 818 -5
334 432 -10
617 375 20
803 7 9
685 546 17
11 681 10
176 260 16
791 298 7
677 133 3
771 60 11
278 536 6
60 722 -15
617 676 -13
824 560 -20
645 329 -11
422 28 14
907 594 -9
143 347 15
209 558 -10
169 485 5
772 406 1
977 924 -9
997 524 6
461 364 -2
680 817 8
188 620 2
801 60 -19
990 750 -11
584 62 -4
947 788 -6
394 989 15
470 719 12
316 661 -18
959 209 -8
55 885 17
23 524 16
973 409 9
810 531 -14
722 647 9
663 332 -6
203 756 20
669 146 12
228 669 15
886 525 15
349 586 -15
680 951 9
741 552 -10
373 534 20
890 352 4
935 503 -9
70 878 -19
27 162 9
423 327 12
158 847 3
453 764 -6
607 822 -1
230 872 -15
385 480 10
40 711 -1
543 923 15
978 356 13
53 12 10
882 388 20
232 243 3
749 389 13
965 279 -3
640 482 -14
253 976 -15
226 205 10
932 739 -11
29 185 -11
845 442 11
827 839 3
106 813 16
517 533 -14
230 211 -2
463 562 9
114 264 12
273 257 6
673 901 5
817 128 6
226 447 -4
503 755 -10
497 123 -4
606 66 19
278 84 -19
513 512 -2
287 169 13
728 320 -8
651 711 -4
231 8 14
401 685 16
694 937 9
139 535 15
35 743 7
34 110 -7
361 913 11
653 118 5
848 214 12
363 285 20
179 464 -16
245 558 16
445 354 -13
540 362 -6
293 979 10
578 474 4
103 101 8
810 488 15
694 685 3
543 373 -2
166 386 -19
483 996 -7
331 453 -15
630 786 11
974 330 -11
549 532 -15
668 898 -13
907 11 12
822 727 -13
570 97 7
188 181 -3
811 43 10
474 129 -8
121 536 13
163 389 -6
478 135 14
950 997 8
925 595 -18
381 431 -6
561 398 12
278 604 8
474 250 -7
816 279 18
524 745 -20
217 216 -18
192 946 2
466 920 3
861 924 17
2 785 10
731 293 13
584 94 -1
558 859 9
209 891 1
247 100 -4
628 694 -11
485 911 1
380 629 16
142 837 16
97 420 -17
188 50 -19
155 776 -16
258 639 6
673 701 6
760 68 -12
322 251 -2
385 679 7
42 871 -4
821 572 -5
761 441 -10
187 700 15
825 462 1
374 526 6
783 316 16
731 800 16
768 193 -2
674 0 -5
844 597 -17
685 195 14
665 854 -17
324 152 -8
398 775 -6
621 524 5
339 280 -14
74 391 -19
332 915 -18
302 169 -11
358 824 -8
667 527 2
80 550 -7
489 755 13
137 712 5
360 375 -20
451 5 10
48 783 -13
379 474 -18
960 785 15
660 344 -9
738 672 -1
787 448 -13
73 138 -18
222 755 7
148 726 19
294 780 20
577 345 13
552 172 -1
639 177 -19
470 368 -20
934 94 -9
545 807 4
593 475 -19
3 344 -4
840 432 -2
19 468 16
792 275 -16
225 164 14
69 145 -17
454 252 16
871 949 -19
157 294 -13
204 226 14
948 235 -7
471 161 -18
923 816 -3
276 251 -2
147 329 -18
858 341 -17
803 405 -9
622 330 10
256 272 6
97 773 -10
945 345 1
612 959 -3
976 189 6
310 99 5
887 934 -19
527 591 2
611 850 15
969 186 5
860 508 12
298 884 9
43 923 3
898 391 2
281 157 -3
141 183 -12
973 830 16
210 362 20
582 908 -10
902 132 13
448 828 7
81 397 -9
26 461 -6
267 524 -7
580 755 6
790 448 7
586 798 20
680 433 10
899 471 -1
635 956 -17
217 788 -12
525 266 -11
293 517 1
41 73 17
838 88 20
839 53 3
974 506 4
808 65 18
473 749 -7
299 453 -1
273 989 8
307 573 11
636 632 3
737 306 -5
755 211 12
133 951 -2
355 735 -16
658 278 -12
737 571 -6
898 525 -16
392 802 15
936 902 12
912 953 17
7 438 9
985 614 -15
149 113 16
85 357 9
239 415 3
660 445 13
496 77 12
422 802 -7
852 615 16
126 803 15
389 625 14
361 935 -2
290 237 5
834 72 16
262 26 7
157 647 -5
894 797 11
423 617 8
116 466 19
155 723 -5
489 977 14
502 501 -10
368 952 1
351 225 -19
946 434 3
725 286 -12
926 47 -7
454 88 -17
578 532 11
597 631 -5
544 210 13
560 749 6
136 830 5
205 372 -19
574 418 -11
698 799 13
519 302 -20
330 552 -4
181 572 -6
237 95 13
565 943 5
835 953 8
587 473 -18
188 59 8
425 151 -18
451 60 -16
868 986 -14
595 333 5
115 599 1
154 447 -17
200 563 3
334 414 1
73 638 8
965 811 -6
841 101 -18
181 549 19
291 164 -3
939 879 -20
877 1 10
820 284 15
989 996 5
585 9 16
343 67 8
432 553 -9
329 577 -1
483 635 13
613 830 -3
686 814 10
655 338 11
760 391 -12
595 552 4
365 764 6
694 265 -19
925 463 -11
97 540 15
282 622 -7
884 956 10
76 108 -20
466 788 -14
291 527 -8
174 945 -16
214 343 16
161 188 -11
658 994 -9
410 892 -8
416 823 7
619 248 -16
677 455 -19
485 779 18
236 483 -6
413 265 -6
428 15 19
431 169 -3
913 852 -20
866 362 20
954 740 2
861 432 3
170 106 20
749 865 5
784 414 -7
468 65 9
873 379 19
309 306 20
155 248 -20
952 263 -8
197 882 1
793 764 -2
541 283 1
204 369 2
470 668 -19
283 433 -13
508 780 19
862 863 14
106 471 -2
868 943 16
781 417 12
637 781 3
271 315 1
957 871 4
417 369 8
459 860 8
96 957 -2
665 470 -17
587 142 -13
880 544 -7
699 203 -17
912 347 6
29 0 4
223 94 -9
831 359 9
71 491 12
506 153 -5
218 15 -1
467 985 7
101 778 19
451 897 -10
853 791 17
700 698 -20
706 220 4
997 692 -9
596 348 19
978 413 13
252 687 19
485 746 15
211 506 6
426 431 8
163 466 2
820 470 11
37 735 -6
914 779 -8
541 417 7
612 706 20
55 523 1
431 136 10
800 119 8
882 975 -1
396 444 -11
514 665 11
727 809 -7
658 35 1
601 404 -5
860 664 -19
125 66 -19
216 333 -4
489 757 8
770 361 -12
738 0 16
806 55 1
6 114 -8
944 105 -4
900 736 15
33 742 -6
735 31 10
757 278 19
921 795 11
53 985 10
349 489 15
823 903 -19
487 539 7
14 764 13
335 145 8
564 908 19
424 748 -2
358 574 15
808 365 6
581 94 6
977 588 16
417 745 -19
535 966 19
375 748 -10
828 953 20
574 548 -2
126 43 19
443 510 6
956 995 -11
891 749 14
165 874 -3
638 340 -3
52 588 16
705 101 -14
660 853 10
211 761 -10
901 305 13
306 504 1
814 682 8
252 533 -10
294 530 4
703 140 9
926 972 9
693 392 -4
140 966 -15
482 995 -14
612 696 -20
251 425 20
526 135 3
575 665 16
494 411 -5
13 144 7
37 172 -1
795 933 11
236 152 -9
944 733 -5
516 206 16
74 913 17
625 607 -9
94 562 -11
725 465 7
624 562 12
194 685 20
660 192 9
878 414 -5
457 915 -16
917 262 -17
496 354 -15
44 224 20
85 225 3
725 851 12
196 587 12
42 529 -8
373 283 -1
332 102 15
701 85 -15
406 51 6
124 747 -20
898 370 -9
356 50 -17
710 170 3
420 71 -14
161 485 -15
555 790 -12
123 638 14
337 747 -1
611 721 14
677 932 -4
353 17 -7
426 941 -7
982 979 17
639 2 -14
399 807 -14
525 883 -11
479 687 -19
465 752 10
918 994 5
300 127 1
979 744 7
571 361 -11
2 878 14
825 277 3
513 536 -8
106 935 -18
62 520 4
894 642 16
705 477 2
542 828 16
688 128 3
989 501 12
929 599 17
882 258 -12
231 297 -3
670 604 18
831 558 -4
709 452 -7
25 165 -6
908 661 11
370 348 -13
141 525 13
739 331 -19
371 838 7
106 912 -17
764 360 -16
945 26 -11
905 893 5
653 263 -12
185 832 15
443 81 10
586 767 10
