1000 2000 1
165 216 -11
891 91 -11
134 723 -20
178 155 -5
375 849 -19
107 131 -3
471 902 20
189 429 16
226 88 -18
527 982 -2
917 759 -19
208 793 16
113 821 17
473 44 16
418 523 11
922 285 -10
821 498 7
404 740 -8
947 988 -11
236 747 9
217 734 1
728 455 13
533 216 6
423 344 14
409 266 -7
681 874 13
462 192 -3
250 767 -14
441 398 5
876 326 -16
742 475 -2
60 32 -19
606 551 1
502 902 9
77 350 -15
173 812 3
56 672 -13
502 84 12
259 363 -18
502 987 14
769 56 12
450 339 7
714 943 -13
374 429 -8
309 220 -1
166 171 12
967 714 -17
602 967 14
349 521 7
47 70 -18
417 18 -17
874 751 -13
282 876 18
802 619 12
607 263 7
483 722 -2
59 840 14
208 145 10
487 463 -16
250 636 -12
321 171 14
172 42 -15
753 353 3
997 979 -17
800 285 -16
186 620 7
575 432 -5
558 379 13
563 723 -2
385 42 -19
375 672 10
954 199 -1
347 610 -11
821 609 -2
59 143 -10
25 1 12
816 5 18
925 815 -1
832 358 3
677 192 15
93 55 11
136 282 3
716 677 18
482 510 18
777 315 -11
911 251 -17
389 175 15
256 548 -15
759 531 -3
9 973 -7
160 202 7
702 262 16
800 419 9
418 94 9
623 197 -12
568 298 -7
113 657 -6
462 774 -5
259 860 -4
7 230 13
167 368 -4
500 248 15
567 832 2
345 490 -12
157 439 -9
194 586 6
156 65 -4
231 653 -1
32 938 -6
850 747 -20
194 442 9
468 453 16
738 48 -19
336 117 8
565 614 6
811 1 -6
770 903 14
76 77 -9
942 866 -19
404 553 17
623 740 19
30 46 -10
572 515 13
622 632 -20
169 161 -17
808 907 -12
510 167 -18
134 670 13
776 811 -2
474 738 6
42 852 -10
275 120 -1
541 419 -4
822 518 13
369 801 9
717 761 1
136 370 -1
978 536 19
284 879 -1
405 760 16
581 577 17
3 600 -7
390 631 8
288 849 -14
155 734 -3
354 943 18
894 170 -18
699 74 -16
602 636 -4
220 305 -6
506 433 -1
453 692 -4
521 418 11
461 138 -1
965 315 -18
357 575 13
550 890 4
674 102 -9
917 683 17
903 748 13
664 94 -10
578 808 -15
532 283 -7
412 138 11
264 123 19
516 195 12
36 790 -9
269 583 -5
394 763 -9
289 152 -4
414 449 8
868 768 16
77 647 8
118 41 20
925 893 7
70 904 12
445 27 -5
202 269 7
559 952 -12
627 678 10
958 432 19
254 87 20
855 47 7
513 921 -7
443 368 15
121 317 8
607 848 -9
31 652 -17
931 451 2
22 832 -6
179 29 19
238 493 11
921 257 -10
793 337 -10
628 907 -10
465 126 -5
648 736 -9
97 862 4
318 867 -16
320 382 3
324 532 16
577 303 3
927 422 -9
718 428 -8
539 951 -8
123 627 -2
503 94 -10
379 324 -4
652 339 6
111 509 -14
291 476 -7
865 977 10
855 289 10
957 974 19
852 400 19
722 519 -11
645 973 6
319 394 10
406 956 11
83 568 -7
29 597 -4
382 864 6
638 561 -20
545 333 -7
735 85 -20
581 27 20
371 971 -19
331 898 -4
353 428 -11
303 836 9
782 425 19
310 695 -3
341 45 -13
185 206 18
403 923 3
477 463 11
220 658 13
325 860 6
432 577 -13
990 612 2
281 115 10
421 949 18
892 534 13
65 905 3
397 183 10
569 438 -15
987 951 5
309 893 -20
500 195 -12
177 179 -12
760 271 5
746 336 -15
934 307 -11
306 738 -14
193 43 9
543 687 20
140 562 7
17 986 -5
151 571 1
409 49 -14
224 641 -20
491 905 9
460 509 -12
415 92 -16
355 981 -17
713 460 17
805 543 -16
879 492 -5
870 263 -16
984 285 12
732 558 -14
376 631 7
67 699 -14
915 271 9
985 595 -20
524 120 19
124 595 6
420 328 -1
591 704 18
499 63 -11
748 395 8
992 755 -3
92 764 -17
720 67 -12
534 62 -15
906 608 17
399 920 10
147 290 -9
242 155 15
619 779 -4
467 273 -20
135 437 15
485 178 -3
574 893 10
899 949 19
479 741 14
707 748 5
701 67 14
683 427 1
217 628 13
821 68 9
989 964 -11
189 120 -12
622 533 -7
850 540 -13
735 968 -19
786 110 14
859 854 15
445 491 5
110 241 -3
218 857 -9
177 676 -19
999 110 -19
756 389 -2
399 380 -19
274 465 -18
270 86 -1
299 787 10
682 439 14
593 367 13
840 324 8
580 922 8
446 842 14
68 890 14
577 996 3
808 520 -15
787 497 4
916 318 -18
273 132 -10
670 851 19
878 880 19
121 758 16
991 3 6
435 539 2
626 521 -12
812 382 8
505 231 18
923 744 -6
524 738 -19
757 711 -16
303 361 20
417 383 -17
389 550 -13
120 276 -15
9 674 4
338 355 -8
948 284 14
472 175 1
778 510 -5
318 117 -4
574 860 -7
755 643 -12
977 985 20
746 823 -2
859 700 10
513 63 13
166 513 -10
45 223 -14
965 903 5
266 865 -4
844 613 -10
775 742 15
644 667 16
87 341 3
624 429 -14
836 199 -2
597 857 -16
638 858 4
735 153 -2
818 825 -11
586 173 -19
447 131 1
879 920 -19
527 123 -1
276 398 14
260 533 5
451 250 17
236 850 5
726 863 -16
59 894 -1
356 506 17
493 103 20
599 84 16
301 427 18
28 677 -17
566 581 -12
341 499 9
601 575 -13
104 672 -7
110 486 -20
346 205 6
440 886 -17
614 105 -2
679 85 -20
220 968 18
420 10 19
480 815 -15
169 922 8
87 969 16
113 878 -17
54 563 20
244 278 -6
464 318 8
710 459 10
711 158 6
918 79 -17
270 681 9
210 401 -4
38 295 14
437 449 2
590 133 14
361 310 -8
2 637 -1
313 270 17
854 179 2
764 551 5
769 666 -6
133 568 -11
232 690 -9
207 517 2
63 769 -9
474 223 7
121 221 -7
118 295 -4
277 697 -16
346 159 -6
579 510 -14
544 403 10
30 676 -11
482 348 -6
162 78 9
132 989 13
256 530 -12
951 9 12
907 311 -18
215 349 8
181 356 -1
116 901 4
752 739 -7
416 375 4
686 199 8
158 983 14
727 237 -12
494 523 -4
153 1 14
908 577 -3
246 49 -4
736 959 -3
363 634 -4
194 676 17
700 139 16
329 83 -5
707 34 17
16 791 12
247 315 4
165 999 -5
311 70 -7
238 86 -2
426 811 -1
974 234 15
178 709 -10
20 272 -18
955 895 14
856 544 -14
810 248 15
372 431 -4
387 65 12
872 488 -16
575 875 11
107 541 15
354 647 -9
702 607 17
746 613 1
825 906 -13
753 14 -20
997 640 9
574 686 -11
543 964 -20
102 318 10
234 474 1
984 935 16
230 998 18
611 51 -9
915 957 1
948 725 -8
436 693 -9
979 712 6
958 280 13
451 40 13
688 541 20
34 691 -8
283 492 15
922 70 10
154 198 4
725 953 -19
27 13 3
183 755 -20
322 950 -20
739 744 -18
150 578 17
248 735 14
433 143 -13
933 429 14
143 718 17
185 306 -14
347 225 -17
969 388 4
832 791 -8
54 497 -11
986 706 -5
525 82 6
5 604 -15
241 323 1
313 757 14
132 416 11
559 898 3
333 406 8
495 239 7
968 688 12
34 933 4
103 538 -12
790 156 -20
960 833 -6
945 933 -3
506 742 -3
554 410 13
89 984 5
443 170 6
857 941 3
106 664 15
857 712 18
855 114 1
599 682 -3
825 91 -1
833 620 -12
336 946 -2
539 259 -8
243 116 -16
483 363 15
486 926 -2
686 951 -4
830 327 17
613 329 -4
544 458 5
868 210 13
192 830 -4
740 927 2
832 781 15
236 198 -9
856 995 13
843 647 -1
529 191 -3
785 971 17
668 386 -18
332 171 -4
388 597 16
754 983 18
519 671 -3
634 100 19
351 306 4
326 887 5
831 156 3
709 50 -8
293 480 12
811 326 20
586 882 8
627 591 19
516 903 -20
771 784 4
357 92 13
823 831 -19
88 233 8
526 953 6
843 480 6
559 721 16
286 297 -16
315 769 7
247 900 -12
48 425 -16
957 92 17
369 596 7
545 184 -14
792 61 -20
998 395 16
627 339 19
508 122 -7
323 485 -13
657 739 15
483 474 14
360 632 4
882 857 3
209 91 -14
252 690 7
597 87 -18
398 744 7
477 808 -4
6 814 15
330 911 -1
134 936 14
147 789 1
589 842 -16
274 601 14
39 847 -3
386 891 -5
361 718 15
480 526 -18
952 27 -7
280 272 -5
82 516 4
161 171 6
306 638 -5
992 593 20
998 902 -16
28 172 1
228 346 17
990 669 -7
499 431 5
290 815 -17
431 525 -5
693 382 13
698 497 10
173 675 12
215 263 -14
878 198 17
60 209 -16
639 676 -11
227 731 -14
43 156 12
944 674 9
259 949 20
300 572 10
369 177 -7
453 814 -15
106 441 14
119 560 -17
278 553 5
908 491 6
678 294 17
657 320 1
933 520 11
253 761 18
9 666 -3
897 45 5
960 659 15
47 283 -9
717 343 19
925 292 -11
632 793 -11
52 218 18
42 61 -6
908 962 15
986 244 10
147 900 11
782 328 -7
434 176 -8
889 311 -14
328 652 2
16 911 -17
790 188 -5
657 598 16
467 703 -1
319 310 -1
778 70 -16
304 596 19
946 966 14
738 788 -13
851 994 -17
675 768 -15
398 868 4
210 668 10
560 787 -1
96 832 9
980 815 3
842 127 -11
626 94 -20
212 454 -6
987 710 -12
273 55 12
810 934 -9
126 301 -8
801 705 17
779 537 9
552 903 -5
347 391 -5
65 147 13
887 255 17
968 854 -1
672 941 -11
423 645 -3
23 266 -10
928 372 12
126 916 3
941 82 -15
87 58 6
537 752 -14
504 346 5
509 690 -18
521 664 -4
411 38 -13
93 366 -11
183 790 19
326 281 -15
494 8 16
735 220 3
357 268 13
48 336 -14
741 788 6
899 996 -11
350 903 -15
205 27 -4
867 146 -8
204 705 -5
110 432 -1
667 57 4
472 147 -4
895 738 4
337 596 6
783 533 -16
172 608 6
374 334 -3
420 450 12
33 715 7
701 994 10
773 116 -14
735 727 -1
964 321 8
428 161 -20
950 386 8
411 666 11
936 79 -9
956 582 2
458 454 -18
498 261 -20
682 607 8
175 102 2
391 809 20
149 867 1
906 995 -7
543 534 -1
190 1 -6
637 312 -8
818 473 -12
147 942 -13
849 231 5
271 340 20
644 207 4
938 425 13
188 342 -3
162 698 20
840 384 9
786 376 -15
304 144 -18
128 147 4
899 24 8
516 143 8
422 365 1
824 259 -3
21 466 -1
353 939 19
689 974 -11
38 784 15
805 282 1
431 858 -13
775 668 -8
409 53 -16
679 551 -7
321 992 -18
451 958 -3
885 921 17
170 530 16
761 360 -2
584 664 20
900 375 16
103 131 15
438 201 -13
152 661 13
313 844 9
809 373 7
482 127 1
229 472 -13
265 129 -16
668 928 4
814 753 18
355 962 17
858 679 -13
323 255 -2
735 694 16
781 432 -1
504 532 9
318 936 11
296 768 -8
3 515 3
281 868 -14
744 778 -12
207 839 7
639 204 20
395 481 13
5 475 12
529 481 13
46 513 17
551 994 11
439 444 -1
403 750 9
707 258 -8
336 431 -16
412 161 19
186 901 -19
324 48 -4
770 543 9
405 796 -12
675 162 -15
445 194 14
370 429 -2
594 811 15
287 22 -6
815 141 11
568 795 -11
236 56 18
703 345 -1
571 46 -2
285 506 1
516 784 10
349 527 3
671 398 7
115 31 2
183 989 10
891 401 18
554 258 -20
891 28 20
763 108 -13
442 318 17
193 400 12
708 437 -5
49 472 -18
168 163 9
360 513 -15
441 358 11
645 911 14
468 986 -13
709 258 -3
594 42 -6
251 54 11
788 667 10
860 18 -15
558 470 18
484 670 -9
350 441 10
200 911 -17
366 40 2
907 129 -18
729 617 -13
756 720 9
388 324 2
240 309 -11
425 620 15
259 853 -14
215 926 3
444 898 17
197 612 15
330 998 -11
461 20 -7
262 714 -8
657 898 -6
933 653 8
733 628 -10
631 617 -11
761 52 4
374 775 -5
707 81 20
11 314 19
802 435 -15
687 597 15
680 329 18
46 866 -15
532 165 3
3 230 5
572 387 -9
755 768 -3
352 643 -8
451 97 -7
35 707 -13
74 784 -14
840 848 15
257 905 -11
139 126 17
402 994 9
781 124 6
253 871 3
312 957 -13
776 948 17
986 678 -4
703 698 -7
670 521 -11
293 305 -16
919 853 -4
410 481 -17
382 239 4
301 22 13
214 691 -4
332 912 -2
498 41 7
65 568 -12
431 625 9
913 814 -9
458 270 -19
957 591 -7
605 963 5
183 825 -17
250 586 -20
678 767 -11
153 653 11
777 517 7
270 420 -18
161 513 10
754 124 -9
302 372 -2
850 586 2
325 392 -18
108 623 -3
511 482 8
840 429 -16
970 13 -5
307 423 -3
578 657 9
169 0 -14
586 926 10
955 909 -19
692 41 13
440 314 -5
158 336 -4
748 58 -1
251 155 -17
682 750 -7
718 444 4
913 274 2
342 422 14
281 671 9
422 567 18
243 824 17
682 377 8
342 278 -14
515 349 -15
756 412 -11
958 281 -7
855 305 -10
395 549 9
359 483 9
122 948 -13
902 502 -7
944 90 2
386 320 -18
147 712 19
982 202 -4
541 788 -5
656 217 10
988 690 13
706 712 17
663 750 -16
476 515 9
253 586 7
541 873 9
334 431 13
847 916 18
264 744 -20
884 309 19
427 213 19
921 227 -5
489 719 17
815 883 -11
855 776 1
392 786 11
383 817 3
712 498 -11
656 832 -8
53 682 -4
567 0 -1
786 941 -11
166 330 7
480 377 14
678 999 14
876 197 -10
935 283 2
76 27 -3
109 964 -8
276 58 18
419 366 -11
983 179 13
29 217 6
671 587 -15
15 282 -3
679 33 -13
699 11 12
520 534 4
112 480 1
890 482 18
113 970 -15
902 227 18
646 121 9
670 478 -11
752 288 10
723 490 -20
592 824 8
782 539 15
271 738 -10
623 811 14
59 855 12
36 197 -19
814 873 6
785 321 -10
554 568 -10
418 793 20
858 799 1
416 454 13
809 794 -6
890 868 15
43 995 18
766 307 18
334 421 1
474 544 1
326 417 1
877 934 7
415 494 -1
777 438 -1
485 675 2
598 615 -12
885 645 -13
820 399 5
501 948 -14
557 434 -1
418 276 -15
680 770 -17
560 625 8
427 324 -5
300 894 1
279 871 17
682 730 1
461 582 1
726 19 17
174 180 -1
925 228 -15
713 803 -1
990 294 -9
652 564 -17
722 888 -15
374 699 8
549 551 -1
888 17 -1
106 390 16
90 940 -12
91 905 20
645 30 4
212 557 -19
238 695 8
280 957 -11
77 103 -2
461 703 11
220 268 16
673 622 1
163 637 -16
45 910 -2
495 472 -15
889 777 9
774 381 7
600 265 -8
937 524 3
950 643 -15
617 354 -17
189 810 -11
784 202 16
19 219 -6
101 697 4
894 748 -9
558 384 -17
287 564 19
584 113 16
980 787 -15
927 781 9
343 352 19
404 182 13
902 50 -4
878 330 -2
944 312 18
20 979 2
872 292 1
573 633 14
200 308 12
866 477 -17
778 513 -19
846 913 -11
148 791 20
871 857 -5
376 735 -13
102 495 9
2 408 11
991 922 9
95 227 -7
553 696 10
516 894 16
244 435 10
300 861 -11
465 174 1
229 163 18
568 532 -10
13 50 -1
252 295 -5
831 533 18
992 221 6
738 570 -16
969 94 3
154 519 2
728 934 9
282 210 12
556 41 15
784 48 19
365 473 -5
968 888 -2
631 894 -18
4 961 -11
392 203 -20
910 165 1
802 74 -12
806 602 13
478 242 12
453 972 6
2 807 6
728 682 16
608 208 -3
626 491 14
533 937 20
948 133 -19
891 416 -4
232 451 2
806 49 -12
257 773 -17
551 204 -4
252 285 5
835 377 -19
625 418 8
659 151 -13
354 598 -4
561 482 -20
84 594 9
546 768 -13
419 169 9
68 320 16
832 487 -11
283 394 19
696 154 -4
540 315 -17
233 164 -7
807 21 -13
470 485 -15
764 325 18
908 747 17
573 348 13
564 794 2
626 360 9
366 55 16
797 736 3
144 436 1
875 426 -7
169 529 3
570 315 -7
60 213 -12
930 743 -11
150 143 4
359 482 -12
446 550 4
788 250 -12
776 950 17
503 675 -5
279 494 -16
972 192 -3
369 796 -2
74 799 -14
474 998 -1
263 406 -9
865 102 15
569 103 17
129 591 -5
599 211 -4
137 37 -5
167 703 1
839 229 -8
876 376 -4
657 72 13
804 91 -15
501 90 -9
537 501 2
152 839 19
717 468 -17
558 66 6
798 313 -18
354 565 3
579 9 16
469 631 -15
113 475 20
428 450 -17
387 598 2
682 366 -5
145 427 -13
500 475 -4
506 369 20
444 723 3
452 169 -17
634 820 20
297 152 19
920 14 16
359 243 -12
683 861 -11
318 211 -8
60 998 -12
52 994 -1
335 937 -3
175 656 7
452 290 -15
390 315 18
836 810 4
140 289 -17
64 330 -13
344 613 -11
375 866 11
459 945 -18
765 871 -19
403 555 -15
548 793 -3
780 133 17
940 122 18
398 31 7
931 531 -11
795 112 14
440 967 13
758 495 5
80 22 9
780 519 20
193 951 18
113 550 13
688 930 -7
63 320 -13
97 196 7
22 431 -19
211 218 -19
655 115 8
890 772 -8
772 371 18
17 847 -18
948 862 8
813 817 -2
45 42 4
642 935 -13
626 173 -18
16 738 -9
254 301 5
494 362 -16
439 612 10
119 750 4
398 839 11
290 897 -19
110 292 3
923 926 17
462 451 13
257 985 10
188 68 7
677 497 20
313 858 19
598 87 19
991 427 17
281 496 15
575 714 -8
12 637 -8
915 145 -16
856 733 -11
268 68 -3
952 63 -2
75 693 -14
585 764 -6
376 770 15
716 838 -15
76 657 -8
366 496 14
619 676 16
663 45 -5
363 836 -2
381 884 -3
342 404 -17
709 426 -18
595 175 17
421 813 -11
518 337 -6
527 40 3
177 7 -1
959 79 -9
859 895 -13
857 31 4
709 282 18
248 332 8
250 787 -18
589 253 -2
622 250 -7
842 582 -11
480 840 6
994 158 -13
543 142 -20
880 959 -17
335 76 -10
203 302 -2
130 318 -14
368 784 -20
481 804 3
792 208 14
744 805 -20
918 140 5
377 459 -13
808 273 7
372 237 13
742 593 -10
211 548 -3
909 212 -9
733 364 7
435 521 -12
682 807 5
385 929 4
994 27 2
170 403 3
941 658 -11
917 975 19
784 711 19
650 631 18
660 532 -6
959 828 8
666 575 -8
86 674 -1
769 704 14
899 139 -13
989 707 3
174 378 -13
813 859 -12
444 876 -17
437 379 9
658 198 -5
444 912 -18
856 448 -5
38 81 13
610 652 -16
331 971 18
889 890 20
155 257 -13
240 215 -20
620 436 -8
583 963 -9
596 982 -17
220 731 -1
963 775 -5
868 49 5
864 424 -4
848 336 3
131 164 -18
655 170 9
784 809 -12
515 913 1
985 570 -6
926 255 16
819 803 16
182 740 -20
22 522 -19
463 759 12
373 456 2
126 170 5
117 616 3
987 615 16
699 477 2
54 447 16
245 127 -8
970 711 10
797 2 -9
444 601 2
128 481 7
94 339 -10
995 740 10
533 566 -15
604 855 7
57 48 -11
703 568 13
465 925 7
799 47 11
193 237 -12
883 800 -10
419 665 -8
137 687 7
878 47 9
3 607 -15
904 859 -15
772 560 8
816 895 11
154 138 20
279 398 14
451 739 19
704 690 -2
841 250 5
797 738 -8
87 313 -4
469 378 5
983 599 12
208 459 5
775 835 20
24 558 -2
396 695 3
974 900 -8
284 490 -3
643 163 16
537 670 5
404 406 12
893 683 15
301 808 18
919 592 11
907 617 -6
605 810 -8
175 668 19
17 231 -11
869 856 -5
365 828 7
313 409 -19
423 769 18
403 940 2
529 936 9
116 209 -20
27 51 -20
238 500 -20
843 165 -13
440 40 6
760 167 -7
697 376 -20
67 209 5
379 475 -19
884 202 -3
492 617 9
338 559 11
852 780 12
309 681 4
236 282 -10
550 707 -19
350 124 4
882 542 6
813 708 13
29 483 18
576 881 4
262 47 13
872 879 -18
22 443 10
678 519 -12
453 895 -18
684 944 -16
71 192 16
319 28 4
455 303 -11
334 13 15
467 48 17
732 202 -9
71 722 -17
882 784 -12
731 94 -17
668 303 -19
538 602 12
943 13 2
207 731 16
377 239 -18
136 33 15
793 828 -16
47 858 -10
599 468 16
109 690 16
114 539 -11
629 576 3
425 846 15
433 521 -2
677 918 -4
289 656 -4
87 558 2
92 493 10
585 920 -5
813 927 -14
685 778 6
543 694 17
113 552 -3
987 176 -13
999 379 -14
649 446 16
492 728 -16
469 70 20
236 393 -12
740 304 -14
751 579 9
522 756 9
507 447 -18
904 937 -3
534 92 17
151 928 11
113 444 12
603 271 8
984 148 -1
67 562 -10
318 589 -2
979 972 -1
657 283 1
450 973 -9
138 69 -12
883 711 -15
78 692 -14
203 952 -4
389 96 8
380 505 8
510 471 -15
658 894 13
669 378 7
361 262 17
500 457 1
896 277 -9
127 440 4
706 153 -10
491 902 5
618 943 -8
485 679 -8
411 613 -14
596 775 -5
896 133 12
250 138 6
106 502 -8
992 366 19
670 315 4
933 51 -1
415 354 18
586 730 8
21 809 -15
982 438 -7
519 182 15
69 211 -17
133 3 1
173 713 9
501 664 -4
186 14 -6
240 888 -18
203 183 -19
521 758 -8
899 789 6
626 551 -5
841 210 14
128 274 -3
248 190 -12
937 263 -17
575 176 2
86 48 2
679 4 -12
833 965 -2
788 585 4
4 360 -5
669 368 -10
292 238 12
744 627 16
797 410 3
409 939 -2
13 185 10
615 104 -11
583 975 -16
921 296 -2
811 573 -1
766 13 -4
198 346 -6
483 70 -14
447 907 9
615 634 10
415 200 -15
484 974 -12
137 192 4
420 135 -1
738 332 -1
522 448 8
39 443 5
487 161 -6
804 17 13
992 742 15
571 569 9
213 861 5
359 686 14
948 147 -6
561 375 10
781 644 13
501 775 -17
450 135 -16
802 474 10
703 315 17
763 366 -15
420 292 -19
754 546 -7
785 799 1
819 154 19
47 46 5
570 87 7
270 878 -17
779 984 -19
626 662 -18
943 863 -2
677 335 -2
977 596 -11
586 445 14
722 980 18
534 26 -3
350 205 13
366 33 -1
923 741 1
497 898 13
469 799 -18
124 801 18
388 173 -19
700 588 7
704 558 -12
394 661 -20
839 374 10
866 965 8
34 620 -5
980 349 -9
764 545 16
853 128 9
495 420 3
345 332 -16
23 955 -20
880 496 -13
248 170 -18
198 578 -3
290 136 -17
289 845 -16
27 845 13
970 160 5
401 125 17
138 160 1
316 166 -12
97 616 8
280 100 4
82 344 17
344 264 8
162 373 -8
364 996 8
287 633 1
397 127 -11
422 449 -8
954 947 2
30 333 -8
78 1 12
692 538 -13
343 12 -12
814 680 7
60 855 -19
101 478 -16
168 388 -10
109 110 -7
478 56 3
915 94 11
616 435 1
880 136 -3
37 579 6
210 650 14
265 357 13
213 167 -11
436 733 7
888 76 8
825 56 16
442 929 4
591 792 -9
106 943 20
526 254 18
854 199 -7
568 745 6
62 793 -12
468 923 7
835 371 18
944 623 -10
342 438 2
615 447 2
782 215 -6
123 250 -18
151 986 -16
230 233 5
943 663 -6
527 339 -15
32 891 -19
250 821 -13
220 304 11
901 931 -20
520 416 -13
867 789 -3
725 705 -19
392 416 -7
502 776 -5
818 524 20
441 537 -9
623 922 -4
944 865 14
496 509 20
657 426 -19
376 938 1
764 934 -9
20 894 9
840 255 -6
335 411 -8
500 744 -7
255 10 -20
293 265 16
796 477 5
480 357 -17
458 747 -19
460 299 -6
526 473 -3
893 675 2
923 963 -20
932 666 -4
314 324 6
284 976 -18
702 735 -20
865 204 -20
224 287 -9
424 461 -12
73 383 14
248 909 -17
579 520 -11
760 123 10
67 345 8
88 139 12
221 403 9
382 91 19
822 363 -16
511 321 -19
43 890 -15
738 220 13
75 959 -11
156 538 17
225 229 -11
631 688 -7
602 890 14
434 897 20
854 22 4
934 51 11
551 924 -10
455 282 -1
615 5 15
524 790 9
43 337 18
857 441 -4
370 997 9
732 855 -11
655 492 11
284 27 -8
700 5 8
973 100 18
592 408 11
765 479 12
149 247 4
523 308 -20
294 485 -16
276 437 8
692 760 16
940 453 -16
493 816 14
553 830 -6
665 513 -11
565 920 -11
45 396 2
404 594 -8
476 848 3
667 150 10
658 330 18
177 551 10
756 264 -8
658 366 -11
794 147 19
109 273 11
862 919 2
116 986 8
152 643 -5
805 385 -2
942 619 -10
354 369 -1
134 711 8
221 779 9
478 255 -16
248 58 -7
602 327 -9
514 214 -10
265 147 -1
210 211 13
847 94 -3
186 268 5
519 148 8
261 527 -7
364 799 2
366 729 -20
566 754 19
819 971 -7
502 95 -9
690 295 -1
222 944 -13
220 791 10
711 354 -6
500 436 -10
967 954 18
499 62 -8
605 229 4
456 249 -5
319 360 -9
171 382 1
719 559 -10
22 402 11
562 761 -19
76 867 10
421 264 -7
399 654 5
178 277 -12
828 93 4
872 694 11
898 832 -15
16 709 -19
974 332 -10
803 450 3
156 868 11
449 38 10
603 96 12
482 135 12
84 211 -3
720 272 3
233 828 7
354 480 -13
626 530 13
364 344 1
449 339 -4
598 431 -7
773 814 20
234 536 18
784 185 11
397 679 -2
131 34 8
104 691 12
902 442 15
952 937 -4
706 616 -5
42 307 1
888 772 -7
472 714 8
984 71 15
759 627 11
817 339 -2
438 837 4
423 937 -12
972 133 -9
728 410 -20
992 865 1
633 258 -15
449 437 -11
475 346 -9
665 964 1
944 7 -15
889 220 -13
226 959 16
960 509 -6
335 456 -15
23 715 -14
600 876 16
240 304 11
831 745 9
442 555 12
6 402 7
924 298 9
476 962 -11
841 300 9
434 965 -7
17 942 -14
996 817 8
792 938 4
201 879 4
282 687 16
995 214 14
711 455 -8
117 885 17
56 460 -3
862 444 -16
180 941 17
23 54 20
470 514 7
638 98 8
334 181 -19
364 468 -9
237 513 -7
894 145 11
533 691 20
595 486 -9
384 568 3
997 8 8
156 295 -13
695 609 14
789 473 -13
784 129 -15
447 215 16
476 13 -15
78 906 14
765 524 2
811 640 -20
112 639 -4
297 950 -8
189 184 11
618 218 13
467 723 -9
391 993 -13
147 187 -8
918 101 -16
29 726 16
755 223 19
79 992 15
483 667 -17
235 336 -2
789 859 16
492 752 -7
485 484 6
354 787 -10
96 34 12
508 616 16
967 227 9
509 23 -13
346 145 16
106 801 -10
164 168 12
583 646 7
974 122 -4
906 747 -14
101 84 -19
840 15 -19
897 549 -3
457 97 -18
566 678 -18
924 157 -15
349 829 -12
619 424 -13
23 924 -19
986 483 -4
319 657 -16
787 682 18
770 184 -3
588 64 6
244 254 9
324 134 4
424 221 -18
317 95 18
840 810 -19
832 15 17
529 14 17
321 888 -16
251 6 -1
215 312 9
38 536 -5
187 250 -17
363 67 -3
396 15 19
155 38 16
715 140 19
716 105 19
339 118 15
786 429 -6
891 860 8
897 791 -5
132 579 14
790 319 7
422 9 16
170 282 -1
453 899 -6
812 194 16
480 624 -13
147 298 1
939 384 -12
256 470 17
997 999 8
481 179 15
673 529 -5
277 300 -11
780 512 -4
793 302 -17
436 293 -5
611 145 -16
414 391 1
495 873 14
477 330 -9
821 894 -7
5 600 -10
682 699 19
254 438 10
594 586 17
623 155 -5
803 351 10
228 120 -20
475 751 13
396 378 -18
655 867 16
446 873 17
846 169 -15
935 772 17
