1000 2000 1
272 428 9
542 23 -18
710 281 8
367 207 -20
71 968 2
326 520 5
795 324 -4
969 397 11
6 578 -11
623 397 11
829 731 -19
806 110 15
407 364 -1
173 197 -10
347 499 16
638 791 -8
706 288 -10
252 755 -4
610 171 -8
58 481 -10
859 875 -14
152 259 7
994 282 4
260 466 1
420 833 -14
419 459 13
560 355 9
444 552 -18
349 400 -17
158 540 6
264 850 8
506 463 -5
558 510 3
923 114 8
997 63 17
738 68 14
387 548 20
238 834 -5
788 563 -17
644 24 -13
913 69 3
998 293 -9
907 254 -2
604 253 20
893 127 10
387 404 4
144 497 -4
330 773 -19
488 981 15
454 839 -1
50 81 -19
921 45 -5
793 125 -6
568 681 2
249 61 15
231 650 19
800 658 -10
368 18 -11
672 509 20
670 728 3
577 500 8
382 410 -15
136 943 -19
293 332 17
176 836 -13
465 444 18
513 866 16
301 458 3
998 535 -15
310 915 10
591 31 6
268 280 -17
948 979 13
36 159 4
522 727 15
256 162 7
558 909 10
291 794 16
442 289 -2
852 44 6
327 222 -20
665 855 13
771 119 17
503 39 -18
951 989 -10
995 92 8
350 62 -14
877 402 -8
275 971 -12
278 451 2
11 861 8
264 287 -16
190 109 -17
868 173 -8
454 564 -18
35 989 -9
124 658 -20
104 451 -1
355 33 7
266 333 19
359 3 20
146 304 16
662 598 2
965 227 -7
262 744 12
21 538 1
503 690 8
853 165 -2
194 874 -2
23 318 -3
844 202 5
887 572 5
721 625 7
146 690 10
800 131 -8
45 607 13
273 614 -3
525 686 13
522 43 -3
662 166 18
519 117 -12
101 129 18
400 956 9
934 481 10
210 795 6
401 512 1
44 354 10
600 83 2
617 401 18
540 297 -14
980 340 20
422 607 -8
448 479 -4
556 278 9
494 37 -7
216 358 -4
27 342 8
207 538 -5
170 736 18
494 302 -19
938 199 -10
67 909 -9
490 597 -12
437 591 -9
240 571 -1
285 722 -7
1 963 -1
536 978 -6
986 806 -5
187 681 -20
270 41 -20
580 877 19
117 887 11
562 334 3
150 655 12
987 706 -4
657 980 -10
260 786 11
224 720 -10
987 68 14
590 252 3
221 162 2
259 274 -8
912 424 16
473 642 -1
267 394 -1
8 283 -15
31 940 -18
902 532 11
620 288 -13
212 234 5
134 660 -17
66 525 -7
580 746 9
483 139 12
458 869 15
141 933 -19
971 896 -8
421 838 -2
474 993 2
686 992 -14
80 953 -6
370 792 20
502 911 -2
500 758 -10
244 652 1
252 18 12
459 168 11
297 26 -17
56 717 -15
947 925 3
780 897 -13
253 99 -14
259 408 11
623 10 15
503 94 -8
976 314 7
982 474 -20
580 85 4
716 912 4
73 397 -9
981 249 4
538 88 14
624 11 -20
671 846 -7
979 733 -11
579 354 -4
987 179 -12
461 478 -3
677 139 6
822 377 -16
962 500 6
489 991 16
998 868 -1
418 967 -19
815 337 1
936 255 15
81 378 -3
431 82 -13
809 559 11
661 544 -2
971 212 17
381 81 -11
665 514 -10
650 162 -14
725 830 18
243 412 1
331 116 -16
888 973 17
159 684 8
155 305 11
524 22 12
168 912 16
993 766 -15
279 865 1
662 895 16
265 701 5
20 116 7
517 284 10
508 464 -12
448 4 -5
497 571 -4
334 693 -4
511 963 -20
293 246 -10
860 888 6
841 609 14
203 209 4
578 235 -19
39 515 7
92 378 -3
410 687 19
534 314 -2
98 12 -8
121 261 1
705 986 6
701 607 5
145 389 -9
839 806 9
852 367 -9
930 551 -15
620 474 16
989 457 3
364 139 -18
549 450 4
705 963 -8
13 67 -11
718 673 -9
667 33 7
863 911 3
866 242 -5
861 950 -5
738 996 19
22 789 6
104 450 16
119 84 -18
153 571 -1
890 721 -12
884 152 -9
844 116 5
461 723 14
427 959 5
852 465 -4
74 463 14
897 616 -18
15 148 -4
366 491 13
375 805 19
315 525 -19
426 478 19
442 831 -14
183 491 -4
936 91 20
293 213 5
811 962 -11
313 48 -5
149 205 -10
585 98 9
351 834 15
698 649 -7
807 290 2
622 919 -15
366 59 -7
16 700 17
740 794 -19
436 648 10
591 671 -18
989 977 -15
960 425 8
583 438 -7
283 820 -18
981 484 13
426 82 9
679 262 -5
548 974 10
416 526 20
331 976 -13
991 268 14
135 692 -1
339 607 16
945 237 7
528 214 20
698 891 19
747 667 12
349 886 9
62 564 19
531 405 15
669 747 -1
514 581 12
31 576 -18
168 581 -16
495 567 -3
725 355 19
591 46 -5
60 904 20
595 16 15
511 282 -20
533 944 -14
758 159 7
859 62 -10
487 419 10
536 195 5
914 263 7
885 465 3
100 424 -9
240 318 14
245 433 4
553 549 -4
383 483 -10
453 53 -19
101 239 13
235 468 -11
859 857 11
5 42 -9
335 591 11
882 989 -17
707 728 14
604 752 -16
974 663 17
575 545 10
436 350 17
171 461 -20
718 859 13
686 232 -11
458 145 8
377 974 20
130 545 17
18 892 15
802 974 15
37 991 -6
220 209 -11
261 884 -4
127 246 18
67 381 8
918 367 -15
600 844 -12
987 875 -6
239 307 -20
298 393 -9
508 352 -11
42 553 7
246 877 -13
735 287 -15
162 654 -6
439 374 -19
369 309 -3
426 929 -14
888 874 -19
448 193 -2
987 358 3
563 296 13
773 255 -19
72 436 15
613 382 -12
622 876 -13
339 816 19
198 548 19
234 242 9
114 963 18
192 245 9
115 370 17
389 530 7
566 980 -15
246 710 6
203 748 -8
696 272 12
486 462 -16
409 853 8
490 23 14
654 540 -12
707 695 5
803 254 17
355 918 17
823 763 9
3 844 -14
616 284 14
414 186 -12
309 807 14
177 322 13
418 305 -12
195 376 -10
815 349 -9
805 830 4
593 422 -6
515 911 -9
640 88 -10
272 861 -6
4 552 -4
762 459 -1
186 183 -6
807 875 -12
814 771 4
715 383 12
933 871 -3
273 187 -12
648 64 -1
500 86 20
435 365 -16
767 21 -2
474 442 -12
803 352 -5
260 104 -14
14 866 -11
890 128 2
242 730 -12
316 944 17
175 676 9
615 8 -13
390 335 -4
381 744 -7
933 354 18
611 303 -5
522 640 -8
886 242 -13
109 996 16
752 199 18
400 614 -3
823 717 -4
60 429 -6
319 131 16
195 510 -14
47 346 13
460 930 -12
635 782 15
604 300 4
802 630 -13
566 273 5
978 855 15
849 216 -1
478 160 -19
188 507 10
757 478 20
279 625 13
405 850 5
91 574 -16
96 509 -9
258 13 14
239 408 11
285 524 2
878 660 6
275 596 -2
459 304 -15
426 127 -4
496 600 -6
407 751 5
968 675 16
546 457 -11
955 476 -14
674 48 16
718 649 12
484 482 9
827 327 -2
658 369 -1
957 665 -8
63 425 -14
892 801 19
471 399 20
279 49 10
972 830 -3
322 685 19
870 553 8
933 164 11
187 231 11
550 54 17
932 119 -7
167 173 -2
568 862 16
184 836 5
572 78 13
920 230 8
886 88 -18
612 788 2
655 341 -3
594 999 -14
689 599 -19
74 969 -3
244 477 10
145 126 -13
388 607 8
418 141 -4
990 712 2
929 845 8
369 99 -12
820 938 1
548 479 14
364 658 2
575 204 2
424 35 14
398 162 14
474 795 -10
963 465 2
638 0 -19
408 706 -20
668 782 -9
116 943 2
110 783 16
599 682 -3
855 379 -1
29 566 -2
303 131 11
730 613 -15
913 240 -6
285 262 -5
905 501 4
405 938 2
211 807 -14
306 550 -2
574 630 10
965 372 -7
476 998 -13
174 925 11
869 255 -19
139 818 9
549 573 12
61 81 -12
554 279 -5
427 58 4
921 301 2
142 191 -11
810 470 1
702 528 -18
614 415 15
580 273 -15
873 526 -11
678 579 -5
237 199 -16
666 196 -12
692 334 14
748 760 -14
782 901 14
146 53 17
201 892 -15
766 175 17
703 235 -19
694 415 13
44 944 -18
411 886 4
508 410 15
33 117 -20
965 97 7
567 316 -14
671 782 -14
352 916 -14
333 674 1
187 440 -2
939 453 3
462 150 13
742 204 -16
375 905 -2
898 717 -17
284 0 -8
758 148 19
176 961 14
186 251 -12
348 658 8
986 686 13
408 974 -11
551 465 -13
333 242 18
491 828 1
330 502 -4
63 9 -6
142 302 -15
232 833 1
243 613 2
891 160 20
947 815 2
60 3 15
879 680 -4
901 439 10
116 20 6
783 563 9
4 453 -17
383 858 12
809 63 18
544 546 9
131 148 4
819 522 14
145 986 1
718 210 15
281 172 19
758 920 -20
172 36 -14
859 594 -19
344 377 -9
345 867 5
728 897 1
623 57 18
166 901 15
238 252 12
742 14 -15
715 814 -10
508 750 3
532 729 -17
676 105 -20
839 477 -16
575 547 20
263 52 5
590 410 17
458 785 18
439 543 13
595 116 17
831 738 -12
804 784 20
911 209 -19
854 492 -10
754 554 -5
974 557 -13
757 559 -8
358 145 15
711 412 -19
304 848 -3
76 575 20
684 431 -20
778 358 13
222 894 15
682 241 -13
887 530 -6
476 667 -18
628 944 -9
828 969 3
631 690 -12
508 619 -14
689 402 -16
767 321 -5
720 883 20
108 621 16
45 830 10
251 935 -6
993 260 -7
301 298 -3
643 147 -19
938 998 -18
176 532 -16
887 278 6
827 987 -5
495 248 -14
852 931 -4
734 530 -20
4 47 -12
338 301 -7
522 796 -10
924 690 1
421 335 11
387 571 1
1 944 -11
46 49 -10
548 30 7
620 135 -7
298 84 15
297 305 -8
567 394 -10
190 178 -11
978 373 3
216 990 -3
554 311 8
143 102 13
589 534 -18
91 586 -4
751 187 6
831 67 2
376 835 2
581 450 10
383 694 -3
955 511 8
201 803 -1
470 353 18
391 963 -1
712 640 3
896 52 7
893 163 -11
166 472 -8
57 794 17
964 452 -9
10 453 10
319 156 5
539 425 9
166 966 -12
87 444 20
281 538 5
15 159 -2
864 895 16
189 311 -7
377 776 -4
504 588 -9
140 949 14
195 656 -10
43 113 18
73 630 3
961 275 -6
778 711 -7
956 834 9
925 501 8
176 5 15
719 741 -9
617 879 -4
177 952 20
820 155 10
826 760 8
846 967 10
440 50 -12
297 645 20
88 651 5
655 353 2
767 36 9
315 284 18
73 113 20
145 367 16
228 810 -13
488 886 -4
774 160 -13
764 641 -2
126 533 -8
374 226 -3
324 634 -16
750 68 -7
525 624 -3
490 666 -10
89 322 4
68 528 -19
30 7 12
922 180 -1
612 283 -18
509 536 -3
741 513 -19
702 33 16
560 623 -14
235 826 1
692 513 -18
653 27 -3
663 715 19
896 837 9
795 605 9
908 811 15
7 675 -18
187 871 -16
27 653 -8
48 712 4
988 138 7
318 429 15
133 792 16
842 843 -11
133 383 -14
342 377 -3
94 800 18
669 97 7
913 988 -2
412 328 -12
287 971 5
696 990 -18
941 183 -5
263 205 -13
618 24 -19
480 319 5
419 223 15
575 965 11
32 866 -8
246 682 -19
857 570 -13
694 921 4
852 312 -4
632 717 15
758 713 -14
375 832 -13
582 487 -4
703 597 14
560 60 4
172 323 -8
481 404 11
846 8 6
263 856 9
534 187 14
271 222 1
102 264 4
806 466 19
602 587 -3
954 889 -17
495 195 -11
712 538 -9
93 709 -16
748 3 -5
764 585 8
328 612 -20
798 89 3
752 796 3
629 805 -8
615 870 -9
232 760 15
412 547 9
0 868 15
302 824 -13
461 848 -19
982 291 -5
411 93 -3
202 99 -3
976 625 -17
200 175 15
490 502 -3
20 473 -19
891 437 -14
604 115 -16
135 539 19
390 500 10
594 824 -12
147 104 -20
229 439 18
477 653 11
625 30 4
626 898 17
745 95 9
764 719 -7
784 288 13
679 760 -3
628 40 16
920 477 19
235 374 18
669 715 -3
966 709 5
652 290 -8
215 252 -16
168 814 11
17 273 15
348 781 19
344 402 19
911 486 -18
702 641 14
527 523 15
110 729 14
528 833 3
642 855 -17
572 122 9
366 691 13
733 893 12
968 467 19
108 283 19
665 200 15
350 45 -13
856 820 11
297 39 -5
174 642 3
475 570 19
469 639 8
244 966 -12
234 135 -1
635 299 -3
380 338 -13
252 152 -20
81 270 5
188 253 -10
774 493 5
739 801 13
805 746 -9
959 804 20
139 885 -16
878 550 -20
646 838 12
902 764 11
755 336 -11
253 89 -1
94 361 8
178 998 -18
786 997 -4
332 647 -9
755 372 -17
777 131 16
103 595 -5
464 574 17
110 454 9
848 420 4
206 13 11
455 754 -2
940 274 -18
987 843 20
293 920 10
822 138 -7
998 629 8
624 302 -12
178 481 -5
177 107 5
86 483 7
911 188 -17
285 463 14
602 256 -2
163 703 -19
181 900 -1
876 230 9
925 909 -1
569 487 15
956 604 5
140 81 6
521 267 18
988 556 -2
730 935 -13
982 104 -11
638 214 -3
162 105 -9
19 285 -9
929 506 -5
564 759 9
478 341 1
60 731 -17
781 199 14
336 257 9
73 521 -5
934 706 10
765 748 -4
581 210 1
789 733 -5
446 888 -19
275 103 11
929 892 7
69 937 19
954 427 3
178 700 -7
722 306 -14
347 249 3
623 821 15
429 547 13
603 434 -6
916 665 -12
420 727 -12
899 841 12
608 140 -9
19 828 -12
9 900 17
776 398 19
763 428 3
888 688 -15
62 646 -17
682 848 -20
560 105 -19
631 394 6
292 699 -8
382 98 5
463 172 -15
305 489 -3
268 979 11
270 531 6
22 200 3
681 22 10
148 281 -19
743 198 -1
175 909 -2
529 912 -11
282 626 -20
838 435 18
573 280 19
554 38 14
923 21 -1
376 526 -7
795 509 6
732 947 1
635 377 19
105 68 -5
991 569 14
749 398 -14
226 214 -15
872 734 -14
256 465 -10
855 7 -12
392 920 15
654 511 14
570 777 5
619 553 20
880 594 16
220 664 -4
731 322 -14
466 805 -10
933 191 -10
943 650 16
65 381 2
129 811 -10
228 933 -9
206 765 17
179 748 20
441 668 15
657 292 3
127 63 -4
406 530 14
576 978 3
150 461 19
241 579 -19
119 473 -15
936 732 5
341 28 18
860 593 -5
702 156 -17
887 201 12
598 98 16
515 558 -7
136 827 18
854 549 -13
442 461 -6
538 843 10
519 564 -15
209 524 3
536 244 -2
178 536 -5
511 825 11
85 982 16
602 46 -16
837 995 18
781 48 -15
367 817 -4
783 466 16
648 421 -15
963 433 -6
193 929 -4
916 995 -3
216 275 11
305 878 -4
67 152 6
706 404 -4
611 395 17
223 170 6
731 168 -13
977 638 -9
188 563 -14
682 540 18
250 654 -17
504 799 -2
593 239 18
716 718 -11
649 628 -13
243 614 -4
700 450 3
718 355 3
257 963 10
295 926 4
859 739 -15
119 175 -5
317 276 20
310 151 -17
595 549 -1
509 217 5
170 522 10
390 525 -15
475 749 10
997 974 16
636 815 3
697 453 20
59 282 5
179 198 9
705 802 -14
5 948 -6
808 140 -12
392 82 13
342 490 9
984 631 11
911 89 9
602 157 3
622 889 -11
157 35 -16
761 329 4
140 885 19
998 13 -9
156 335 13
113 639 -11
278 181 -18
406 101 10
488 665 -2
319 478 8
435 15 18
347 317 7
157 565 1
695 240 -18
840 186 1
470 387 -12
431 804 2
21 906 -2
13 148 -10
968 600 -11
302 659 15
922 898 -2
192 644 -2
809 463 9
545 911 -20
45 216 -7
332 309 -2
820 621 20
281 572 5
63 795 -12
602 435 18
761 571 -17
497 727 -17
73 579 -14
61 425 -18
390 780 -19
930 236 -18
992 31 -4
409 650 1
42 713 -16
997 411 -10
23 434 -15
481 229 11
964 234 10
442 912 11
956 230 8
762 99 16
24 170 11
950 973 -6
108 20 -7
290 963 16
607 490 15
788 273 11
286 26 -12
425 599 -11
833 424 -14
735 941 14
203 931 -5
286 291 -18
519 642 18
450 808 -17
591 667 5
602 942 -19
368 595 5
695 86 -8
35 156 15
407 702 -9
816 641 11
292 721 9
411 821 8
150 408 17
408 932 17
210 767 -9
914 740 -12
779 695 5
619 477 -9
921 370 -3
772 427 -17
449 905 19
501 198 -19
134 521 7
651 402 14
634 578 -12
830 144 -19
364 79 -18
105 908 15
259 966 -12
778 591 6
27 543 15
32 658 -17
159 61 -2
725 472 -17
425 180 -14
863 442 -6
984 323 -8
519 223 -12
147 580 -1
589 404 -20
685 786 9
642 150 -1
368 850 -14
977 140 -8
449 280 18
585 964 15
44 460 -9
267 883 1
937 857 -1
20 517 -10
304 950 -2
400 509 -11
602 235 3
684 533 -17
343 11 18
232 552 -16
393 506 -14
304 577 11
17 255 -16
243 152 11
887 223 -5
19 264 -14
933 864 -4
799 784 17
828 24 -19
282 494 -9
355 335 -6
541 525 -6
295 958 -5
420 464 5
516 23 -17
2 476 -1
669 36 -18
849 232 -19
461 761 -12
849 906 11
587 757 -16
521 403 -8
761 384 -6
697 485 13
761 878 17
922 832 -13
322 50 17
263 638 -8
758 580 -2
400 872 -4
982 999 -18
708 759 -6
117 849 3
65 393 -7
542 992 10
903 180 6
310 340 -2
909 111 11
340 448 12
823 602 -12
3 683 2
632 476 7
827 343 2
525 121 -8
326 815 17
625 208 -5
768 931 9
983 590 -17
552 861 7
156 632 10
458 445 3
925 734 19
870 798 -17
701 877 -4
506 601 -7
54 477 -12
391 162 11
73 490 16
133 541 -16
650 242 -14
235 817 7
956 56 2
373 113 -9
705 65 3
869 582 16
686 689 -13
41 579 18
95 370 15
100 485 -14
389 359 16
579 74 -9
238 455 11
648 24 10
226 72 -7
314 673 16
875 72 -3
930 533 -13
458 49 4
357 491 -4
359 946 -11
406 941 -8
528 638 17
271 79 -14
558 926 14
137 753 14
694 670 -1
318 685 -7
663 45 20
434 222 7
75 549 14
186 120 9
559 253 15
477 857 -20
390 560 -7
237 961 16
868 864 -6
154 60 -20
209 899 -17
651 866 -9
504 667 -6
272 281 3
123 72 7
19 509 9
653 646 16
367 963 -8
977 218 -9
160 75 18
742 580 -8
538 930 6
42 614 -5
41 798 -19
78 42 -10
332 861 2
426 725 12
650 124 12
288 791 2
556 462 16
657 248 13
294 196 4
259 504 -8
432 395 -14
919 370 4
635 611 9
728 164 2
380 915 11
358 73 -20
456 379 -3
259 625 7
843 496 -12
932 79 -13
738 330 -9
677 320 -7
268 35 10
432 552 -10
577 641 -11
903 137 19
492 274 -10
431 178 -5
920 455 -4
177 936 -8
742 714 11
553 554 11
201 368 9
460 628 -17
614 686 -12
656 274 18
616 201 1
129 757 -8
574 204 -14
177 10 5
162 116 8
18 102 -8
218 47 -12
945 641 -6
4 698 -16
633 411 19
355 403 -6
771 381 -14
869 624 -1
731 16 11
728 419 -10
850 116 4
550 907 11
689 693 5
750 523 19
389 401 8
573 481 -2
591 944 -3
504 647 2
153 798 -14
152 982 -5
666 300 10
369 422 12
889 494 -2
204 620 -9
7 600 1
84 66 -3
413 879 -9
595 132 -2
192 538 19
881 611 15
778 747 14
261 637 10
730 707 -12
270 48 -9
281 960 13
309 799 -10
927 583 16
163 187 4
801 623 -16
672 738 -2
247 186 -5
808 482 -7
756 63 3
658 165 9
919 206 -18
426 453 12
264 503 20
83 199 -4
885 558 9
683 343 -13
962 432 -4
103 442 6
902 238 -18
72 863 -12
692 428 -2
747 135 -15
103 33 1
575 517 15
486 588 20
459 571 20
636 941 -8
420 5 17
433 24 -12
729 840 -1
669 709 -8
973 154 13
418 984 -5
110 602 -18
432 244 16
618 371 14
877 860 2
564 400 2
488 490 -1
587 383 -7
790 711 16
446 529 -9
88 821 14
356 864 19
489 82 16
428 740 7
555 930 -4
346 936 -10
297 177 -7
889 955 -6
636 509 19
747 871 7
565 336 13
597 554 11
145 802 -17
246 67 -12
869 195 -10
1 528 -17
447 731 -20
158 448 -19
982 108 15
53 431 9
794 960 -6
791 805 -1
158 75 -16
31 937 1
396 541 3
824 573 -13
876 849 -15
419 753 -18
402 26 -11
530 886 -10
910 353 11
687 424 4
753 369 -2
459 453 -3
909 918 8
176 250 -15
660 708 -12
527 327 -17
777 884 8
491 261 20
384 135 11
387 698 -18
373 534 -15
38 401 1
815 321 -2
843 11 19
970 115 9
654 898 10
993 629 -9
54 381 -17
706 307 -15
692 372 17
302 366 13
349 298 -18
815 622 2
602 335 -12
410 802 -18
865 71 -14
24 358 2
492 463 -7
651 636 -7
788 196 -10
79 968 -5
832 531 13
37 822 -6
167 672 -6
207 479 -6
827 44 8
656 836 15
147 55 20
527 196 -9
419 105 2
931 811 5
307 538 -5
138 766 3
812 36 -3
294 339 14
479 650 -5
68 112 4
942 905 12
359 441 -13
393 354 9
293 230 13
326 264 -14
862 387 5
124 458 7
311 693 15
689 990 2
710 784 3
909 90 -13
810 642 -5
223 436 -7
806 528 -9
313 595 -13
109 945 1
746 742 11
156 382 -16
644 694 -8
854 275 4
612 253 -20
55 70 20
91 667 -13
331 499 -5
590 759 -13
934 389 19
606 969 3
418 15 -6
239 501 9
280 539 -11
110 765 15
848 996 -1
700 752 -2
379 517 -4
892 544 -12
371 958 -3
169 69 -4
229 874 17
444 682 -1
658 462 -16
927 507 -14
580 808 -4
602 338 -16
248 972 -1
968 395 4
107 853 -16
572 315 10
900 260 -19
639 750 7
442 730 10
327 892 15
732 532 16
945 676 -9
871 727 -3
290 336 -3
565 126 10
245 859 19
312 620 19
29 826 -11
484 732 -6
683 941 -12
189 140 -13
830 731 -16
276 294 -4
552 866 16
188 181 -19
510 726 13
856 725 3
800 824 -19
415 982 -14
435 811 -1
364 113 -11
752 524 -9
186 521 -5
497 908 -18
520 217 -19
108 538 15
605 590 20
959 444 -7
168 588 1
278 231 -17
83 221 -4
438 943 -12
801 766 14
170 634 -1
427 30 10
788 9 19
427 933 14
869 757 19
614 796 -17
564 566 -17
528 872 -11
820 900 13
993 154 9
434 721 -1
733 114 -7
173 271 14
243 595 -17
509 980 -12
35 157 14
117 641 16
532 325 -15
788 22 -4
442 288 -2
160 947 9
449 821 7
843 223 -8
785 547 18
233 708 11
239 602 -11
924 67 -2
373 193 -18
143 405 6
236 304 5
996 995 8
133 477 8
356 225 8
555 471 -15
239 314 4
375 95 1
404 418 15
976 235 2
906 814 11
66 688 -7
656 639 3
329 244 -19
92 417 -3
247 211 -10
985 140 10
466 249 17
756 88 -17
887 162 -6
112 660 3
218 412 -4
747 762 -17
189 614 -7
636 171 -1
584 735 -4
621 128 19
592 330 6
351 124 5
236 811 1
747 389 -16
896 103 9
725 450 13
750 623 6
910 761 -19
270 809 -2
947 679 17
160 528 5
117 78 -10
13 286 -15
888 629 -18
366 553 -20
497 744 -19
608 840 -2
57 966 1
715 786 11
337 117 -3
906 503 -7
328 297 15
680 456 -5
960 510 12
665 147 -10
163 840 2
352 361 3
802 418 -13
145 297 -19
297 431 -9
345 587 19
128 738 20
0 818 -8
255 550 -2
524 558 11
830 930 -4
464 135 -12
176 900 11
185 225 -19
272 230 -8
305 672 15
501 467 -10
242 881 3
860 665 14
723 22 18
832 566 17
448 720 -7
647 112 -16
266 829 -4
375 736 8
79 594 -18
12 949 18
303 567 -17
464 521 11
532 161 16
398 81 -15
678 364 -5
130 761 1
343 905 -12
939 261 -17
247 973 12
687 305 -5
766 598 9
419 899 2
48 992 8
256 612 18
994 578 -19
279 861 -16
810 497 -7
440 320 -12
753 371 11
104 636 15
913 100 11
520 285 14
397 709 5
316 784 19
890 4 8
765 610 20
593 275 10
134 106 19
306 361 9
691 697 -19
982 352 -19
508 990 -17
495 871 2
116 57 -7
74 240 1
683 433 -19
27 658 -20
316 532 -10
593 252 5
859 258 -15
546 176 -10
265 831 -5
652 194 12
266 387 13
690 40 18
517 414 -12
20 511 -7
574 768 2
340 43 -14
91 391 6
933 557 9
474 946 19
38 910 -10
405 703 17
385 459 -13
732 832 -13
814 493 18
285 521 12
530 734 -5
488 63 -20
953 800 1
178 166 9
777 840 10
38 766 -5
671 184 -19
226 328 10
675 154 10
475 654 -3
571 591 14
704 626 -6
356 437 -10
632 192 18
249 311 16
775 915 7
585 117 9
62 76 -20
226 593 10
869 550 16
38 393 8
635 877 15
725 276 -4
932 489 6
628 343 19
381 731 -7
71 691 -4
554 659 4
473 585 5
504 429 13
659 452 -10
200 841 -16
203 846 -6
817 480 9
88 636 5
663 458 -5
857 552 -18
319 648 -20
443 275 2
717 20 -7
494 91 -1
487 726 -1
848 625 15
561 266 2
581 281 5
134 724 1
799 732 17
165 940 18
731 305 -17
626 23 17
492 288 5
664 400 -16
666 998 4
491 737 -5
683 4 -3
203 944 -7
335 80 3
962 587 -4
760 489 16
451 557 -11
726 761 14
715 602 -18
268 291 10
734 472 -12
191 947 -1
375 539 -13
712 569 -17
303 370 -8
300 481 13
844 465 -4
519 668 -4
403 722 9
906 705 1
267 160 -11
943 443 17
324 285 -5
517 600 -11
220 493 13
739 155 -7
472 40 -15
713 920 -20
526 685 6
589 67 -5
947 678 -10
951 74 -5
38 193 -17
745 463 5
796 774 -17
667 889 -17
136 90 -1
898 184 -11
322 891 -3
27 857 7
356 767 14
936 296 -9
676 894 -14
395 57 7
50 468 13
906 44 -16
982 528 -7
576 892 7
183 323 15
253 647 7
420 415 15
102 334 17
126 462 -1
785 284 15
328 188 8
767 724 15
521 174 -18
466 238 -9
953 734 16
261 772 -16
496 675 -14
876 896 10
470 357 3
76 955 -8
530 933 -14
232 336 -2
165 246 -6
537 792 11
374 11 -4
848 425 13
321 908 -4
163 93 -17
35 136 -19
248 280 8
889 871 16
86 367 6
628 421 -6
981 316 -6
739 374 15
840 48 12
335 433 -10
799 159 -18
20 278 -11
735 669 -5
274 45 -14
771 97 -3
953 891 3
250 182 -13
255 297 2
260 375 -4
817 329 15
126 295 14
185 381 -16
331 435 20
85 114 -13
618 614 -10
198 665 17
130 796 20
478 719 -13
292 220 -16
849 137 -19
637 483 -17
684 415 -2
687 978 -2
130 652 -13
756 211 -3
896 334 -9
290 524 -6
382 378 16
177 763 16
783 164 -7
833 659 -15
343 423 15
631 710 7
905 684 -6
919 439 -7
196 489 19
873 588 -12
817 836 10
166 466 16
134 105 5
190 823 -17
905 131 20
152 302 8
68 568 18
784 924 -15
279 608 -5
766 875 15
582 416 12
593 431 -20
544 654 -2
734 406 -6
826 489 -4
323 426 -7
787 152 -12
187 502 -8
171 414 -7
495 883 -1
336 481 11
11 541 -16
181 198 -6
868 756 16
476 906 5
570 684 8
747 237 1
933 98 15
833 914 8
112 220 -2
138 358 -15
757 775 -9
909 6 12
532 19 18
757 366 16
902 870 6
224 168 16
534 888 14
874 807 6
906 616 -18
707 141 -5
85 503 20
285 677 -5
679 833 -1
279 225 16
77 239 -7
236 263 4
486 29 -4
651 627 14
858 840 1
591 496 -9
192 836 -13
579 113 -20
934 161 -2
614 745 -9
903 582 14
776 249 11
358 639 18
976 423 6
546 430 2
375 728 12
480 601 4
721 547 -15
642 25 18
276 462 -16
3 941 8
722 628 7
588 548 19
