100 9900 1
13 88 7
71 29 15
16 93 -14
90 42 -1
29 32 15
48 45 -11
92 88 17
6 48 12
9 90 -14
50 91 12
83 39 -11
41 42 1
25 34 13
44 47 -1
85 48 19
2 50 4
59 32 18
4 96 -20
78 45 -5
97 58 10
36 48 -14
55 61 -7
96 99 -16
71 42 -17
30 4 -12
29 45 20
48 58 -15
6 61 5
64 2 16
22 5 7
25 47 -6
66 48 8
85 61 -11
98 0 15
43 64 -6
15 2 -19
1 67 8
18 7 -3
59 45 9
78 58 -14
17 48 15
36 61 3
94 2 -2
11 4 -11
52 5 4
10 8 20
54 51 -17
73 64 -17
45 2 16
64 15 7
31 67 -16
3 5 8
22 18 12
66 61 1
79 0 -1
24 64 12
98 13 -13
43 77 19
82 5 -4
1 80 12
40 8 2
17 61 7
58 62 -6
77 75 -6
75 2 -10
61 67 1
94 15 17
33 5 10
52 18 18
93 19 -6
10 21 -9
54 64 -14
73 77 -8
67 3 -1
12 67 -12
86 16 5
31 80 -14
70 8 9
3 18 -16
89 21 -16
47 24 -14
88 62 -15
5 27 15
79 13 -6
65 78 -1
63 5 4
82 18 -12
68 83 -10
21 8 -20
40 21 5
26 86 -14
58 75 8
42 67 -13
61 80 10
80 93 -15
0 70 6
33 18 10
74 19 19
93 32 2
19 83 14
32 22 4
51 35 1
35 27 15
95 78 19
67 16 -16
12 80 1
86 29 8
53 81 10
72 94 8
70 21 14
89 34 9
56 86 -11
9 11 14
28 24 9
88 75 16
47 37 6
5 40 3
46 78 1
65 91 -16
63 18 1
49 83 -17
68 96 16
62 22 -11
7 86 8
81 35 -15
26 99 16
39 38 -5
42 80 8
83 81 -15
0 83 2
74 32 10
19 96 8
60 97 7
13 22 -4
32 35 -14
51 48 5
16 27 13
35 40 -1
95 91 10
34 81 -11
53 94 16
92 22 7
37 86 -5
56 99 -18
9 24 9
28 37 12
69 38 -1
27 41 1
30 46 -11
90 97 -3
62 35 -15
7 99 -10
81 48 -20
20 38 3
39 51 19
4 30 -9
23 43 -5
83 94 -12
96 33 11
41 97 -20
25 89 -16
99 38 -3
13 35 -16
16 40 -4
57 41 -14
76 54 -10
34 94 19
92 35 -8
37 99 8
50 38 -19
69 51 -3
8 41 -20
27 54 -12
11 46 -17
30 59 -17
71 97 -13
84 36 -1
87 41 -17
20 51 5
4 43 -3
23 56 -3
64 57 -12
55 8 1
96 46 6
22 60 17
99 51 6
38 41 9
57 54 -5
76 67 -1
15 57 -16
18 62 3
31 1 4
50 51 -14
91 52 -8
8 54 -19
94 57 14
11 59 -10
52 60 -8
85 8 -3
84 49 3
43 11 4
1 14 -13
87 54 7
45 57 -16
64 70 -1
3 60 18
77 9 4
22 73 14
61 1 -9
80 14 13
38 54 8
79 55 -18
98 68 -12
82 60 -12
15 70 -15
73 11 -13
18 75 -2
12 1 -20
31 14 4
91 65 8
75 57 9
94 70 -13
33 60 -7
52 73 -13
24 11 -20
65 12 -9
10 76 -10
68 17 -15
45 70 12
86 71 -16
58 9 -4
3 73 -3
89 76 -18
77 22 -4
42 1 -16
61 14 -3
47 79 -20
80 27 10
0 4 6
19 17 4
79 68 -3
98 81 -18
63 60 13
82 73 7
21 63 18
95 12 19
40 76 16
54 11 20
12 14 -20
53 15 18
72 28 4
75 70 -17
88 9 20
33 73 14
93 87 -12
46 12 -13
65 25 -17
10 89 15
51 90 -9
49 17 18
68 30 5
7 20 12
26 33 19
67 71 -6
86 84 -19
70 76 -6
42 14 18
83 15 2
28 79 -2
47 92 -18
0 17 9
19 30 -16
60 31 -2
5 95 -18
63 73 6
21 76 -11
95 25 -11
40 89 -11
81 90 -3
34 15 15
53 28 -8
39 93 -5
72 41 16
37 20 8
56 33 9
14 36 11
74 87 4
13 77 -12
46 25 -15
32 90 19
49 30 -3
16 82 -14
35 95 -16
90 31 17
7 33 -6
67 84 -10
26 46 -6
70 89 20
9 79 12
83 28 5
28 92 -4
69 93 -8
41 31 6
60 44 -6
25 23 -9
44 36 4
2 39 17
62 90 9
34 28 6
20 93 -4
37 33 -3
78 34 3
23 98 -20
97 47 4
14 49 -20
55 50 -1
96 88 -18
13 90 3
99 93 -14
71 31 9
16 95 -17
90 44 -2
29 34 -18
48 47 5
92 90 -2
6 50 -16
9 92 3
50 93 1
41 44 -17
8 96 7
25 36 -19
44 49 2
85 50 15
2 52 -8
76 1 10
59 34 -17
4 98 4
78 47 -1
97 60 -9
36 50 9
55 63 3
27 1 -7
30 6 16
38 96 -15
71 44 5
29 47 -6
6 63 4
64 4 -4
22 7 -20
66 50 -8
85 63 -8
57 1 7
98 2 -7
43 66 19
24 53 -15
15 4 1
1 69 16
59 47 -15
18 9 17
17 50 17
36 63 -12
77 64 19
94 4 2
80 69 -8
52 7 3
87 1 15
54 53 -8
73 66 9
45 4 -1
86 5 -2
31 69 -4
3 7 18
89 10 -6
22 20 -20
66 63 -12
79 2 4
24 66 -16
98 15 -13
43 79 17
82 7 -17
1 82 4
40 10 2
58 64 -18
75 4 3
61 69 8
80 82 20
33 7 1
52 20 -6
19 72 -13
93 21 -6
10 23 2
51 24 -20
54 66 -12
67 5 18
12 69 -1
86 18 18
31 82 -7
72 83 20
70 10 -3
89 23 16
28 13 17
47 26 8
88 64 -20
79 15 9
5 29 12
65 80 -4
46 67 -9
63 7 17
49 72 6
82 20 -15
68 85 18
21 10 -18
40 23 -5
81 24 18
26 88 -9
58 77 -3
42 69 -4
61 82 -12
0 72 3
74 21 6
19 85 -14
93 34 -15
32 24 6
51 37 -18
35 29 17
95 80 -14
67 18 5
12 82 15
53 83 -7
72 96 4
70 23 -14
56 88 -11
9 13 -8
28 26 -17
47 39 -14
14 91 -16
88 77 4
46 80 -15
5 42 17
65 93 -8
49 85 20
68 98 -3
21 23 5
62 24 8
7 88 -13
81 37 13
20 27 -11
39 40 2
23 32 18
0 85 -6
74 34 17
41 86 -14
60 99 10
13 24 -5
32 37 10
44 91 -15
16 29 13
35 42 1
76 43 -18
34 83 4
53 96 -20
92 24 8
37 88 -18
9 26 7
50 27 14
69 40 12
27 43 -3
71 86 -8
30 48 -7
90 99 1
62 37 3
20 40 16
39 53 -6
4 32 5
23 45 4
83 96 16
96 35 -2
41 99 5
25 91 -11
99 40 -20
13 37 -8
16 42 9
57 43 9
76 56 12
15 46 -5
34 96 3
18 51 15
92 37 -15
50 40 17
69 53 2
8 43 -4
27 56 7
11 48 -10
30 61 16
71 99 9
84 38 17
43 0 -8
87 43 -12
1 3 12
4 45 4
45 46 -3
64 59 -7
96 48 -9
22 62 18
99 53 -12
38 43 11
57 56 16
98 57 18
15 59 13
73 0 -9
18 64 -9
31 3 -12
91 54 11
75 46 -16
8 56 -11
94 59 -8
11 61 7
52 62 9
24 0 -13
10 65 15
43 13 3
84 51 -14
87 56 -6
1 16 -3
45 59 8
64 72 6
3 62 20
77 11 -4
22 75 -4
61 3 -17
80 16 8
38 56 -8
79 57 -1
98 70 -4
82 62 18
54 0 -12
73 13 -2
40 65 -15
12 3 -4
31 16 -3
91 67 11
75 59 3
94 72 -13
33 62 -4
52 75 -8
93 76 15
46 1 19
65 14 -4
10 78 15
49 6 7
68 19 15
26 22 -7
67 60 11
86 73 -14
70 65 -16
58 11 -13
3 75 -6
89 78 3
42 3 -7
61 16 -11
47 81 -13
0 6 -16
79 70 -19
63 62 11
82 75 18
21 65 10
95 14 -2
40 78 11
12 16 -20
53 17 8
72 30 18
56 22 11
88 11 5
33 75 7
74 76 11
93 89 19
46 14 -12
32 79 17
65 27 9
51 92 17
49 19 3
68 32 6
35 84 13
7 22 10
26 35 -12
67 73 -6
70 78 -2
89 91 -11
42 16 16
9 68 -15
28 81 -3
83 17 -5
47 94 6
0 19 -9
60 33 4
5 97 -3
63 75 5
21 78 -15
95 27 4
62 79 9
81 92 17
34 17 2
53 30 -18
39 95 4
37 22 -3
56 35 14
14 38 -4
74 89 3
13 79 19
32 92 19
71 20 -18
16 84 -12
90 33 10
35 97 -12
7 35 -10
48 36 8
92 79 -6
9 81 5
83 30 -5
28 94 5
69 95 2
41 33 -19
60 46 -14
44 38 19
2 41 -3
62 92 -20
34 30 -11
20 95 -15
37 35 -5
4 87 13
78 36 -18
97 49 10
14 51 1
96 90 6
55 52 -13
13 92 -20
99 95 -19
71 33 10
16 97 10
90 46 -3
57 98 -13
29 36 18
48 49 -17
6 52 15
50 95 -7
8 98 -8
25 38 -12
44 51 12
85 52 -18
2 54 -3
43 55 17
76 3 20
84 93 11
87 98 5
59 36 -11
78 49 -4
17 39 3
36 52 -19
55 65 -11
38 98 5
29 49 -15
73 55 -19
6 65 16
64 6 -8
22 9 1
66 52 -4
85 65 -18
24 55 -6
98 4 -4
43 68 -12
15 6 -15
1 71 -9
59 49 -8
18 11 11
17 52 15
91 1 -14
36 65 9
77 66 -8
94 6 -20
80 71 7
52 9 19
10 12 17
54 55 14
73 68 -1
45 6 19
86 7 -7
12 58 6
31 71 9
3 9 11
89 12 7
47 15 -5
79 4 8
24 68 -13
65 69 -14
98 17 -18
82 9 -20
68 74 4
1 84 -19
40 12 19
58 66 3
77 79 6
42 58 18
75 6 -14
61 71 17
80 84 -4
33 9 14
74 10 1
19 74 2
93 23 -2
10 25 -19
51 26 -18
54 68 8
95 69 2
67 7 -19
12 71 -15
86 20 18
31 84 19
72 85 -16
70 12 -15
89 25 1
28 15 -5
47 28 12
88 66 18
5 31 3
46 69 -6
65 82 8
63 9 -6
49 74 -3
68 87 11
21 12 1
7 77 -6
81 26 9
26 90 -18
40 25 8
39 29 4
58 79 16
42 71 -13
61 84 -6
0 74 -13
74 23 -11
19 87 14
60 88 -9
93 36 3
32 26 16
51 39 3
16 18 -15
35 31 -3
95 82 -17
67 20 19
34 72 10
53 85 -11
72 98 12
70 25 16
37 77 11
56 90 2
9 15 11
69 29 -7
14 93 10
46 82 1
5 44 -7
49 87 19
90 88 -15
62 26 -7
7 90 5
81 39 -3
20 29 -11
39 42 12
23 34 -18
83 85 -14
0 87 -6
41 88 -14
96 24 -7
13 26 19
99 29 -4
44 93 15
32 39 -2
16 31 -16
35 44 10
2 96 12
76 45 -19
34 85 -18
53 98 -11
92 26 -1
37 90 -13
9 28 -8
50 29 13
69 42 -18
8 32 12
27 45 15
11 37 16
30 50 -16
71 88 -18
62 39 -6
29 91 -14
20 42 -19
4 34 4
23 47 2
64 48 -3
83 98 7
96 37 10
25 93 -14
99 42 -5
38 32 10
57 45 10
76 58 1
15 48 -5
59 91 -12
18 53 -11
92 39 18
50 42 -4
91 43 1
8 45 20
94 48 8
27 58 -20
11 50 -8
30 63 -14
84 40 -7
43 2 -10
1 5 13
87 45 -11
4 47 -15
45 48 -13
64 61 19
3 51 6
77 0 -13
22 64 -20
80 5 12
38 45 1
57 58 12
98 59 20
15 61 9
73 2 -19
18 66 16
31 5 -10
91 56 -8
75 48 -18
94 61 1
33 51 12
52 64 -16
24 2 -18
10 67 8
84 53 9
1 18 15
87 58 9
45 61 -14
86 62 13
58 0 -19
3 64 11
77 13 18
22 77 18
89 67 -1
61 5 -19
80 18 -18
19 8 -13
79 59 -17
98 72 15
63 51 -2
82 64 -17
54 2 -11
95 3 13
40 67 1
12 5 -19
31 18 -8
72 19 -1
75 61 -13
88 0 2
33 64 -9
52 77 1
93 78 12
46 3 10
65 16 -11
10 80 -8
49 8 -7
68 21 -16
67 62 16
26 24 19
86 75 -14
58 13 -15
70 67 2
89 80 19
42 5 6
61 18 -7
28 70 -1
47 83 11
0 8 4
19 21 -16
5 86 -2
79 72 -15
63 64 17
82 77 19
21 67 -9
95 16 4
40 80 2
53 19 8
72 32 -11
56 24 10
14 27 2
88 13 13
74 78 12
93 91 -11
46 16 13
32 81 -20
51 94 -6
49 21 -2
68 34 -18
35 86 -1
7 24 4
26 37 -5
67 75 -17
70 80 11
9 70 -2
83 19 19
28 83 9
47 96 10
0 21 11
41 22 -4
60 35 6
5 99 -16
44 27 -5
21 80 13
62 81 14
81 94 -20
34 19 18
20 84 -6
53 32 8
39 97 9
37 24 -13
56 37 -17
97 38 15
14 40 16
74 91 3
13 81 -6
32 94 14
71 22 6
16 86 -14
90 35 -16
35 99 17
7 37 -2
48 38 -12
92 81 17
6 41 16
9 83 -11
50 84 -2
83 32 -1
69 97 -14
41 35 -18
60 48 2
25 27 -6
44 40 -18
2 43 2
62 94 -6
20 97 -20
4 89 13
78 38 2
97 51 -5
36 41 3
96 92 17
55 54 6
13 94 8
99 97 -11
71 35 13
16 99 18
29 38 -19
48 51 14
92 94 -13
6 54 -20
50 97 13
25 40 -5
66 41 -4
85 54 5
2 56 -11
43 57 -19
84 95 -16
1 60 14
59 38 -1
18 0 20
78 51 -17
17 41 7
36 54 2
55 67 -4
10 1 -7
29 51 -20
73 57 -13
31 60 8
64 8 5
22 11 -15
66 54 -19
85 67 -4
24 57 -6
98 6 -20
43 70 4
1 73 -17
40 1 -2
17 54 -5
91 3 12
58 55 8
77 68 -15
94 8 8
61 60 -12
80 73 9
52 11 -20
93 12 18
10 14 6
54 57 -1
73 70 1
12 60 -6
86 9 -5
31 73 6
70 1 18
3 11 6
89 14 20
88 55 -4
47 17 -5
79 6 -6
24 70 3
65 71 -12
5 20 -5
82 11 -12
68 76 -4
21 1 1
40 14 5
26 79 17
58 68 -8
77 81 12
42 60 9
61 73 -13
80 86 17
33 11 -4
74 12 -20
19 76 7
93 25 -14
0 63 2
32 15 -16
51 28 -3
35 20 13
54 70 -8
95 71 -13
67 9 11
12 73 -1
53 74 20
86 22 -16
72 87 -10
70 14 -5
56 79 -7
89 27 5
9 4 20
28 17 -6
88 68 -17
47 30 11
46 71 17
5 33 8
65 84 -12
63 11 10
49 76 -18
68 89 -2
21 14 -18
62 15 -12
7 79 15
81 28 11
26 92 -9
39 31 -17
42 73 -2
83 74 9
0 76 -2
74 25 13
19 89 3
60 90 11
13 15 -18
32 28 -5
51 41 3
16 20 11
35 33 -9
95 84 -8
34 74 -15
53 87 -5
92 15 -8
37 79 2
56 92 3
9 17 -14
28 30 18
69 31 -9
14 95 4
27 34 19
46 84 15
30 39 8
49 89 -1
62 28 -14
7 92 -10
81 41 19
48 93 -20
20 31 12
39 44 -16
4 23 9
23 36 9
83 87 2
96 26 -2
41 90 5
13 28 12
99 31 -1
44 95 20
25 82 -13
16 33 1
57 34 1
2 98 -1
76 47 -19
34 87 -8
92 28 -19
37 92 15
78 93 -7
50 31 -12
69 44 -12
8 34 -11
27 47 3
11 39 19
30 52 16
71 90 -15
84 29 1
29 93 7
87 34 7
20 44 -19
4 36 19
23 49 19
64 50 -13
55 1 13
96 39 15
25 95 -10
99 44 -20
38 34 -18
57 47 -6
76 60 10
15 50 6
59 93 5
18 55 -18
6 1 -14
50 44 7
91 45 4
17 96 -4
8 47 -12
94 50 16
11 52 -10
52 53 -10
85 1 -2
84 42 -15
43 4 -4
87 47 -16
1 7 -7
45 50 20
64 63 1
3 53 -10
77 2 -17
22 66 17
80 7 9
38 47 15
79 48 -8
98 61 2
82 53 -2
15 63 1
73 4 14
18 68 -6
31 7 12
91 58 12
75 50 -14
94 63 -1
33 53 -4
52 66 -17
24 4 -5
65 5 20
10 69 -12
68 10 -11
1 20 17
45 63 11
86 64 14
58 2 13
3 66 -19
77 15 12
89 69 12
61 7 -11
80 20 -7
19 10 17
79 61 15
98 74 -6
63 53 -13
82 66 -10
54 4 -20
21 56 4
40 69 6
95 5 18
12 7 -5
31 20 5
72 21 1
75 63 18
88 2 -5
33 66 20
74 67 -14
93 80 12
46 5 -5
65 18 -6
10 82 -13
51 83 -7
49 10 9
68 23 -18
7 13 8
67 64 -12
86 77 19
70 69 8
89 82 -12
42 7 12
28 72 -13
47 85 1
0 10 19
19 23 -12
60 24 -11
5 88 8
63 66 -16
21 69 -3
95 18 -2
40 82 17
81 83 6
34 8 16
53 21 -19
72 34 18
37 13 12
56 26 20
14 29 1
74 80 10
13 70 17
46 18 -4
32 83 19
51 96 -9
49 23 -10
90 24 8
35 88 16
7 26 19
67 77 17
26 39 12
70 82 13
9 72 12
83 21 -17
28 85 16
0 23 6
41 24 4
60 37 -14
44 29 16
2 32 18
62 83 13
81 96 -8
34 21 4
53 34 13
20 86 -17
39 99 -3
37 26 8
56 39 -14
97 40 6
23 91 2
14 42 8
55 43 -4
96 81 -16
13 83 11
99 86 11
32 96 15
71 24 5
16 88 -20
90 37 14
29 27 19
48 40 7
92 83 -14
6 43 20
9 85 -5
50 86 -1
69 99 14
41 37 -1
25 29 1
44 42 17
85 43 -7
2 45 -9
62 96 15
20 99 3
59 27 -20
4 91 -9
78 40 -12
97 53 -17
36 43 -11
55 56 7
96 94 16
38 89 1
71 37 -18
29 40 -17
48 53 13
6 56 -15
92 96 -8
50 99 10
22 0 4
25 42 3
66 43 17
85 56 9
24 46 -11
43 59 9
84 97 -13
1 62 10
18 2 17
59 40 -14
78 53 -17
17 43 -7
36 56 -8
77 57 16
80 62 -3
52 0 6
10 3 14
54 46 8
73 59 -10
31 62 -10
3 0 -19
89 3 19
22 13 -10
66 56 3
24 59 -5
98 8 3
43 72 -10
82 0 -16
1 75 -4
40 3 5
17 56 11
58 57 -6
77 70 20
61 62 -16
80 75 -10
33 0 4
19 65 -11
93 14 15
52 13 7
10 16 -20
51 17 16
54 59 -7
73 72 -9
12 62 -1
86 11 -9
31 75 16
72 76 -19
70 3 14
89 16 -17
28 6 9
47 19 2
88 57 1
5 22 13
79 8 18
65 73 -18
46 60 7
63 0 -12
49 65 -16
82 13 7
68 78 13
21 3 11
40 16 -3
81 17 16
26 81 14
58 70 -6
42 62 2
61 75 -3
0 65 6
74 14 -6
19 78 5
93 27 -5
32 17 -5
51 30 7
35 22 6
95 73 5
67 11 3
12 75 -7
53 76 -19
72 89 11
70 16 20
56 81 16
9 6 -7
28 19 20
14 84 15
47 32 7
88 70 12
46 73 -1
5 35 -1
65 86 2
49 78 1
68 91 -5
21 16 18
62 17 -6
7 81 7
81 30 -11
26 94 5
39 33 -9
23 25 17
42 75 -4
83 76 -7
0 78 -19
74 27 17
41 79 9
60 92 13
13 17 10
32 30 19
44 84 -5
16 22 17
76 36 11
95 86 7
34 76 16
53 89 17
92 17 11
37 81 -6
56 94 12
97 95 -19
9 19 -4
50 20 -17
69 33 13
14 97 -4
27 36 2
30 41 14
71 79 17
90 92 13
62 30 7
7 94 -9
48 95 -7
20 33 -10
39 46 19
6 98 1
4 25 -9
23 38 5
83 89 -4
96 28 -11
41 92 -14
13 30 15
99 33 -11
25 84 -16
44 97 -19
16 35 -14
57 36 -11
76 49 -13
34 89 6
92 30 15
37 94 -3
78 95 17
50 33 10
36 98 -15
69 46 -6
8 36 8
27 49 -19
11 41 -5
30 54 -19
71 92 12
84 31 9
29 95 11
87 36 16
4 38 -12
45 39 -15
64 52 5
55 3 8
96 41 -3
22 55 18
25 97 -9
66 98 -15
99 46 -12
38 36 18
57 49 19
98 50 -8
15 52 -8
18 57 -18
59 95 -12
17 98 18
91 47 -9
75 39 -1
8 49 5
94 52 -14
11 54 12
52 55 17
84 44 -12
43 6 -17
87 49 -11
1 9 20
45 52 6
64 65 2
3 55 19
77 4 -11
22 68 -18
80 9 13
38 49 -12
79 50 -3
98 63 6
82 55 -2
73 6 -4
31 9 13
91 60 19
75 52 11
94 65 -15
33 55 -2
52 68 11
24 6 -20
65 7 -19
10 71 16
68 12 8
67 53 -18
26 15 14
86 66 -7
70 58 -13
58 4 12
89 71 -5
77 17 11
3 68 14
61 9 -18
47 74 -3
80 22 -3
19 12 9
79 63 -20
63 55 13
82 68 20
21 58 1
95 7 -8
40 71 -7
12 9 -14
53 10 14
72 23 12
56 15 -18
88 4 13
33 68 8
74 69 1
93 82 -3
46 7 18
65 20 -15
10 84 11
51 85 -9
49 12 -2
68 25 3
7 15 3
67 66 15
26 28 -13
86 79 18
70 71 19
89 84 12
42 9 -15
83 10 -6
28 74 -1
47 87 14
0 12 17
19 25 -1
60 26 -16
5 90 11
63 68 6
21 71 -12
95 20 -11
62 72 -19
81 85 -20
34 10 14
53 23 -1
72 36 5
39 88 4
37 15 -10
56 28 19
14 31 15
74 82 -20
46 20 10
13 72 -11
32 85 5
51 98 -15
16 77 16
90 26 -10
49 25 15
35 90 -10
7 28 -2
48 29 -4
92 72 -13
9 74 19
83 23 -5
28 87 -2
69 88 4
41 26 -18
60 39 20
25 18 -12
44 31 1
2 34 8
62 85 -7
81 98 -9
34 23 12
20 88 10
37 28 1
78 29 5
23 93 -19
97 42 -6
14 44 -3
96 83 -4
55 45 17
13 85 4
99 88 13
71 26 -12
16 90 20
90 39 10
48 42 15
92 85 -11
6 45 -11
50 88 1
41 39 -20
8 91 -7
25 31 -19
11 96 13
85 45 -11
2 47 -9
84 86 16
43 48 -12
59 29 -11
4 93 -3
78 42 -7
97 55 13
17 32 16
36 45 15
55 58 1
71 39 13
38 91 -17
29 42 12
73 48 -15
6 58 -2
22 2 -19
66 45 -17
85 58 -1
24 48 -7
84 99 -8
43 61 -2
1 64 6
59 42 -16
18 4 -4
17 45 -11
36 58 18
77 59 -13
80 64 -9
52 2 11
10 5 4
54 48 7
73 61 -13
12 51 -6
86 0 -7
31 64 13
3 2 11
89 5 -16
47 8 6
66 58 -8
24 61 -3
98 10 1
65 62 13
82 2 -4
68 67 3
1 77 7
40 5 -19
58 59 9
77 72 -3
42 51 7
61 64 -19
80 77 -20
33 2 4
74 3 9
19 67 -7
93 16 -5
10 18 -15
51 19 -14
54 61 10
95 62 -17
67 0 -19
12 64 1
86 13 12
31 77 2
72 78 -12
70 5 11
89 18 3
28 8 -4
88 59 1
47 21 2
46 62 -17
5 24 7
65 75 -1
63 2 -12
49 67 7
68 80 -8
21 5 1
7 70 11
40 18 -2
26 83 -3
81 19 -6
58 72 11
42 64 -19
61 77 9
0 67 -13
74 16 -19
19 80 -15
93 29 20
60 81 4
13 6 -13
32 19 -7
51 32 1
16 11 15
35 24 -4
95 75 13
34 65 13
67 13 20
53 78 5
72 91 3
37 70 -16
70 18 18
56 83 6
9 8 -18
28 21 -7
69 22 -2
14 86 -3
88 72 14
46 75 11
5 37 -10
49 80 -20
90 81 -19
62 19 -18
7 83 13
81 32 3
26 96 2
20 22 17
39 35 18
23 27 -11
83 78 9
96 17 -2
41 81 20
0 80 15
60 94 11
13 19 -4
99 22 16
44 86 13
16 24 12
35 37 12
2 89 17
76 38 -15
34 78 16
53 91 -5
92 19 -18
37 83 -11
56 96 16
9 21 2
50 22 -17
69 35 16
14 99 5
8 25 1
27 38 -11
30 43 -18
71 81 1
90 94 -15
62 32 18
29 84 19
48 97 4
20 35 -5
4 27 -10
23 40 2
83 91 18
96 30 -15
41 94 -16
25 86 16
99 35 17
44 99 8
38 25 11
57 38 -11
76 51 18
15 41 2
18 46 -18
59 84 -17
78 97 5
92 32 -18
50 35 -1
91 36 4
8 38 19
94 41 18
27 51 -7
11 43 5
30 56 7
71 94 -17
84 33 16
29 97 3
87 38 8
4 40 12
45 41 16
64 54 -9
22 57 -4
25 99 13
57 51 -13
98 52 -12
15 54 -4
18 59 15
59 97 3
91 49 14
75 41 -16
94 54 3
52 57 6
10 60 -1
84 46 -4
43 8 11
1 11 -9
87 51 12
45 54 -6
86 55 6
3 57 3
77 6 -5
22 70 -7
80 11 14
19 1 14
79 52 -11
98 65 3
63 44 4
82 57 -17
73 8 -15
40 60 -7
31 11 -6
72 12 -9
75 54 13
33 57 -2
52 70 4
93 71 -15
65 9 13
10 73 -5
49 1 19
68 14 13
26 17 19
67 55 -1
86 68 2
58 6 1
70 60 9
89 73 -20
61 11 8
47 76 17
0 1 -7
19 14 -5
79 65 -2
5 79 -4
63 57 4
82 70 2
21 60 -16
95 9 3
40 73 16
12 11 3
53 12 -20
72 25 19
56 17 -12
88 6 18
14 20 -18
74 71 -20
93 84 17
46 9 5
32 74 2
65 22 -4
51 87 -16
49 14 -5
68 27 -3
35 79 -2
7 17 -11
26 30 20
67 68 -12
70 73 -8
9 63 -19
42 11 -9
28 76 -17
83 12 -9
47 89 -8
0 14 -1
41 15 -3
60 28 4
5 92 17
44 20 -13
21 73 -5
62 74 10
95 22 4
81 87 -18
34 12 3
53 25 15
39 90 7
37 17 12
56 30 5
97 31 12
14 33 18
74 84 -5
13 74 -3
32 87 1
71 15 -3
16 79 -7
90 28 13
35 92 -4
7 30 6
48 31 11
92 74 -3
6 34 15
9 76 1
83 25 -10
28 89 15
69 90 19
41 28 -17
27 93 -18
60 41 -6
25 20 10
44 33 -4
30 98 16
2 36 -18
62 87 18
34 25 -8
20 90 -4
4 82 -15
78 31 1
23 95 -13
97 44 -16
37 30 9
36 34 14
96 85 5
55 47 17
13 87 1
99 90 1
71 28 19
16 92 1
57 93 -3
90 41 -1
29 31 -14
48 44 -5
92 87 -16
6 47 4
50 90 2
8 93 10
25 33 11
66 34 -9
11 98 -14
85 47 -4
2 49 -2
43 50 -20
84 88 -4
1 53 -13
87 93 19
59 31 -12
4 95 8
78 44 -2
17 34 -5
36 47 13
96 98 11
55 60 -5
38 93 11
29 44 -9
73 50 -10
64 1 11
31 53 -7
22 4 -12
66 47 -13
85 60 -17
24 50 -17
43 63 -18
1 66 -11
59 44 -19
17 47 -2
58 48 3
77 61 3
61 53 15
94 1 -19
80 66 -15
52 4 -18
93 5 14
10 7 -12
54 50 6
73 63 3
12 53 -15
86 2 -5
31 66 11
3 4 18
89 7 -5
88 48 12
47 10 -17
24 63 -8
65 64 7
82 4 -2
68 69 -5
40 7 -16
26 72 12
58 61 14
77 74 -11
42 53 -9
61 66 -6
80 79 -8
0 56 17
33 4 -16
19 69 4
93 18 3
74 5 -15
32 8 -15
51 21 17
54 63 -11
95 64 -1
67 2 -10
12 66 14
86 15 19
53 67 19
72 80 8
70 7 -12
56 72 -17
89 20 -16
28 10 8
88 61 -11
47 23 -6
5 26 5
46 64 -11
65 77 -20
63 4 -13
49 69 4
68 82 -2
21 7 9
62 8 -5
7 72 -20
81 21 -2
26 85 14
39 24 6
42 66 4
83 67 -10
0 69 -2
74 18 -13
19 82 1
60 83 -1
13 8 -10
32 21 -17
51 34 12
16 13 -5
35 26 -10
95 77 -5
34 67 -11
53 80 -11
72 93 -14
92 8 -1
37 72 17
56 85 -7
9 10 -7
28 23 6
69 24 5
14 88 13
46 77 -19
5 39 -2
49 82 16
90 83 -20
62 21 -12
7 85 20
81 34 -15
48 86 2
20 24 -18
39 37 -8
23 29 -1
83 80 -10
96 19 -10
41 83 15
60 96 -7
25 75 -2
99 24 12
13 21 5
44 88 -6
16 26 15
2 91 -13
76 40 -13
34 80 14
92 21 4
37 85 -1
78 86 -12
97 99 12
50 24 12
69 37 12
8 27 -14
27 40 -3
11 32 7
71 83 -20
30 45 -7
90 96 19
84 22 20
29 86 11
48 99 -20
87 27 19
20 37 -6
4 29 17
23 42 -4
64 43 20
96 32 9
41 96 -9
25 88 -8
99 37 14
38 27 -7
57 40 -15
76 53 2
15 43 -19
59 86 14
18 48 -2
78 99 20
50 37 10
91 38 -8
17 89 -3
8 40 2
94 43 1
27 53 -11
11 45 -3
30 58 -1
71 96 19
84 35 14
29 99 -6
1 0 -5
87 40 2
45 43 -16
64 56 -5
3 46 9
22 59 -13
80 0 -20
38 40 -7
79 41 12
98 54 -16
15 56 -16
18 61 1
59 99 8
31 0 -15
91 51 -14
75 43 7
94 56 2
33 46 10
52 59 2
10 62 16
68 3 -12
1 13 9
45 56 2
86 57 9
3 59 17
77 8 -5
22 72 3
89 62 7
61 0 11
80 13 -9
19 3 -3
79 54 -7
98 67 -16
63 46 2
82 59 -16
40 62 4
12 0 19
31 13 -12
72 14 -5
75 56 -13
33 59 11
52 72 -20
93 73 15
65 11 10
10 75 2
51 76 2
49 3 9
68 16 -12
7 6 12
67 57 5
26 19 -10
86 70 4
58 8 -7
70 62 11
89 75 -14
42 0 -18
28 65 -10
61 13 16
47 78 7
0 3 13
19 16 -13
60 17 -7
5 81 11
63 59 17
21 62 11
95 11 -15
40 75 -4
81 76 -8
34 1 -8
53 14 15
72 27 -7
37 6 -17
56 19 -6
14 22 -10
88 8 -7
74 73 -15
93 86 18
46 11 7
32 76 14
51 89 1
49 16 -14
90 17 -12
35 81 -7
7 19 -16
67 70 7
26 32 -7
70 75 17
9 65 17
83 14 -8
28 78 19
47 91 -9
0 16 -17
41 17 12
60 30 14
5 94 15
44 22 5
2 25 11
21 75 19
62 76 10
81 89 -20
34 14 -9
20 79 -8
53 27 18
39 92 -8
37 19 -6
23 84 -3
97 33 -15
56 32 -14
14 35 6
55 36 19
13 76 -10
32 89 9
71 17 11
16 81 2
90 30 15
35 94 3
76 95 -5
29 20 18
48 33 -10
92 76 -17
6 36 13
9 78 18
83 27 20
50 79 20
69 92 4
41 30 20
27 95 -3
25 22 2
44 35 6
85 36 -10
2 38 3
62 89 -2
20 92 -11
59 20 -16
4 84 -8
78 33 -3
23 97 11
97 46 6
96 87 14
55 49 -7
13 89 1
99 92 15
71 30 12
16 94 13
57 95 -8
29 33 -14
15 98 -8
48 46 16
92 89 5
6 49 2
50 92 -11
8 95 -13
25 35 9
66 36 7
85 49 -2
24 39 14
43 52 19
84 90 3
1 55 19
87 95 14
59 33 12
4 97 -1
78 46 -12
45 98 -2
17 36 5
36 49 6
77 50 19
80 55 7
38 95 13
54 39 17
73 52 -11
31 55 4
75 98 4
22 6 -15
66 49 12
24 52 -11
98 1 -10
43 65 -17
1 68 14
17 49 -13
58 50 -6
77 63 -16
61 55 1
80 68 -3
19 58 -13
52 6 -4
93 7 15
10 9 1
54 52 -13
73 65 7
12 55 8
86 4 12
31 68 -8
72 69 17
89 9 6
47 12 9
88 50 -12
79 1 -17
5 15 -3
65 66 -9
46 53 -17
82 6 1
49 58 -7
68 71 11
40 9 13
26 74 -4
58 63 4
42 55 5
61 68 -13
0 58 20
74 7 -15
19 71 11
93 20 -20
32 10 -3
51 23 -7
35 15 13
95 66 -10
67 4 -14
12 68 -15
53 69 -10
72 82 16
70 9 14
56 74 -15
28 12 5
88 63 10
47 25 2
5 28 19
46 66 -6
65 79 -17
49 71 15
68 84 10
21 9 -18
62 10 12
7 74 3
81 23 -11
26 87 3
39 26 -16
42 68 16
83 69 -5
0 71 -6
74 20 -18
41 72 5
60 85 -15
13 10 4
44 77 5
32 23 14
51 36 13
16 15 6
35 28 -15
95 79 -9
34 69 6
53 82 14
92 10 2
37 74 5
56 87 -1
97 88 -14
9 12 -9
50 13 18
69 26 2
14 90 15
27 29 4
71 72 -16
30 34 10
90 85 -8
62 23 -14
7 87 8
48 88 -9
20 26 -12
4 18 -11
23 31 6
83 82 -6
96 21 -4
41 85 3
60 98 9
13 23 -11
25 77 15
44 90 11
99 26 -10
16 28 6
57 29 -17
2 93 -16
76 42 4
34 82 -3
92 23 11
37 87 -2
78 88 2
50 26 -2
69 39 -11
36 91 3
8 29 14
27 42 14
11 34 11
30 47 -14
71 85 2
90 98 -2
84 24 -11
29 88 -11
87 29 -5
4 31 -10
23 44 9
64 45 -16
96 34 -6
22 48 19
25 90 -15
99 39 5
66 91 -6
38 29 16
57 42 16
76 55 -5
15 45 17
59 88 -20
18 50 -7
17 91 -19
91 40 5
8 42 -4
94 45 -10
11 47 -9
52 48 -18
84 37 -11
1 2 -17
87 42 -6
64 58 9
3 48 17
22 61 5
80 2 -18
38 42 -20
79 43 -14
98 56 -3
82 48 11
15 58 -13
18 63 2
31 2 -1
91 53 4
75 45 5
94 58 4
33 48 -14
52 61 5
65 0 -14
10 64 -19
68 5 15
26 8 7
45 58 -20
86 59 -5
3 61 12
89 64 -16
77 10 4
61 2 -12
80 15 11
47 67 -13
19 5 15
79 56 -14
63 48 3
82 61 12
21 51 9
95 0 5
40 64 1
12 2 -16
53 3 -8
72 16 20
56 8 -6
33 61 10
74 62 11
93 75 -20
46 0 -15
65 13 6
10 77 20
51 78 10
49 5 -15
68 18 -2
7 8 14
67 59 14
26 21 12
86 72 18
70 64 -10
89 77 3
42 2 10
83 3 -1
28 67 14
47 80 -6
0 5 6
19 18 -13
60 19 3
5 83 -8
63 61 -20
21 64 -13
95 13 8
40 77 6
81 78 14
34 3 8
53 16 14
39 81 -18
72 29 5
37 8 9
56 21 -14
14 24 -2
74 75 -1
93 88 -19
13 65 -15
46 13 15
32 78 3
51 91 -11
49 18 18
16 70 19
35 83 18
90 19 -9
7 21 20
48 22 -1
70 77 8
9 67 -13
83 16 8
28 80 8
69 81 4
41 19 -13
60 32 -18
5 96 8
25 11 -14
44 24 -13
2 27 4
62 78 -3
81 91 -3
34 16 -2
20 81 13
39 94 13
37 21 -17
78 22 -8
23 86 -12
97 35 1
14 37 20
55 38 19
96 76 9
13 78 12
99 81 -17
32 91 -15
71 19 14
16 83 -11
90 32 -2
35 96 15
76 97 1
29 22 -17
48 35 10
6 38 -19
92 78 14
9 80 11
50 81 18
69 94 -10
41 32 -1
8 84 -2
27 97 -6
25 24 20
44 37 -12
11 89 -13
85 38 -12
2 40 -11
43 41 -2
62 91 18
20 94 15
59 22 17
4 86 8
78 35 4
23 99 8
97 48 -7
17 25 -17
36 38 -14
55 51 -19
96 89 -13
99 94 -18
71 32 15
38 84 -16
57 97 13
29 35 8
73 41 -17
6 51 14
50 94 -10
91 95 8
8 97 -19
66 38 2
85 51 15
24 41 -11
43 54 3
84 92 -18
87 97 14
1 57 9
59 35 16
4 99 9
17 38 7
36 51 10
77 52 15
80 57 7
38 97 -16
54 41 7
73 54 2
12 44 -2
31 57 -14
22 8 -7
66 51 -4
24 54 12
65 55 -10
98 3 -14
68 60 20
1 70 1
58 52 19
77 65 -12
42 44 16
61 57 -19
80 70 14
19 60 -5
93 9 -11
10 11 10
51 12 -14
95 55 20
12 57 -4
86 6 20
31 70 -13
72 71 17
89 11 17
28 1 -12
47 14 -16
88 52 -20
46 55 -9
5 17 -17
65 68 16
49 60 -15
68 73 7
40 11 3
81 12 -7
26 76 -20
7 63 -17
58 65 18
42 57 9
61 70 -20
0 60 -11
74 9 -16
19 73 12
60 74 5
93 22 12
32 12 -1
51 25 -9
35 17 -16
95 68 -15
67 6 -2
34 58 -10
53 71 -3
72 84 5
70 11 -8
37 63 -8
56 76 -10
9 1 16
28 14 -2
14 79 -18
47 27 -7
88 65 10
5 30 9
46 68 -14
49 73 10
90 74 2
62 12 -17
7 76 9
81 25 -20
26 89 9
20 15 7
39 28 -17
23 20 -16
83 71 -19
0 73 7
41 74 -10
96 10 19
60 87 -17
13 12 18
44 79 -5
32 25 -8
16 17 12
35 30 -20
76 31 -16
34 71 -13
53 84 3
92 12 20
37 76 -15
56 89 10
97 90 -10
9 14 -13
50 15 18
69 28 -20
14 92 6
27 31 13
30 36 18
71 74 -12
90 87 3
62 25 -4
29 77 6
48 90 -1
20 28 6
6 93 4
39 41 20
4 20 -12
23 33 -16
83 84 -8
96 23 -8
41 87 19
25 79 20
99 28 16
44 92 -8
85 93 -6
16 30 -11
57 31 -14
2 95 -16
76 44 18
15 34 5
92 25 6
18 39 2
59 77 11
78 90 -9
50 28 -7
69 41 2
36 93 -8
8 31 1
27 44 -14
11 36 6
71 87 -16
30 49 -15
84 26 -10
29 90 -12
87 31 10
4 33 2
45 34 13
64 47 -8
22 50 2
25 92 15
66 93 -3
38 31 14
57 44 2
98 45 -6
15 47 1
59 90 6
18 52 6
17 93 18
91 42 -7
75 34 11
8 44 -9
94 47 -2
11 49 -15
52 50 -9
84 39 -12
10 53 -9
43 1 -4
87 44 -6
54 96 3
1 4 -6
45 47 18
64 60 13
3 50 -19
22 63 9
80 4 -13
79 45 -11
98 58 17
82 50 10
73 1 7
40 53 -18
31 4 14
72 5 2
75 47 -9
94 60 -2
33 50 -19
52 63 -4
93 64 -9
65 2 6
10 66 -1
68 7 7
67 48 -3
26 10 -10
86 61 3
70 53 -16
3 63 -16
89 66 7
61 4 8
47 69 9
19 7 10
5 72 -9
79 58 18
63 50 -5
82 63 -14
21 53 -11
95 2 -7
40 66 -11
12 4 -4
53 5 11
72 18 3
56 10 7
14 13 16
33 63 19
74 64 -3
93 77 3
46 2 -8
65 15 5
32 67 11
51 80 -14
49 7 -20
68 20 -5
35 72 7
7 10 6
67 61 11
26 23 -14
86 74 17
70 66 -2
89 79 -7
9 56 12
42 4 16
28 69 14
83 5 -12
47 82 19
0 7 3
41 8 -8
60 21 7
5 85 -19
44 13 -11
21 66 -14
95 15 4
62 67 5
81 80 -18
34 5 4
53 18 -7
39 83 -10
37 10 16
56 23 -13
97 24 4
14 26 -13
74 77 6
13 67 18
32 80 -9
51 93 6
71 8 1
16 72 17
90 21 3
35 85 16
7 23 3
48 24 -17
6 27 -18
92 67 -13
9 69 6
83 18 -2
28 82 -3
69 83 -12
41 21 13
27 86 5
60 34 -19
25 13 2
44 26 10
30 91 6
2 29 -10
62 80 -2
81 93 -12
34 18 9
20 83 2
39 96 -14
4 75 16
78 24 13
23 88 3
97 37 10
37 23 -2
36 27 -17
55 40 -8
96 78 -16
13 80 -8
99 83 -12
71 21 -10
16 85 9
90 34 -12
57 86 9
76 99 11
29 24 -9
48 37 -8
92 80 -7
6 40 8
50 83 -8
69 96 12
8 86 20
27 99 -5
25 26 17
66 27 11
11 91 -19
85 40 -18
2 42 -3
84 81 16
87 86 12
20 96 3
59 24 -4
4 88 -1
78 37 3
17 27 18
36 40 7
96 91 -20
55 53 -2
99 96 16
38 86 1
57 99 -20
29 37 -1
73 43 8
31 46 15
50 96 7
91 97 10
8 99 -20
66 40 -12
85 53 -2
24 43 7
84 94 2
43 56 3
1 59 13
87 99 -10
59 37 14
17 40 -10
58 41 -15
77 54 -15
61 46 -15
80 59 -19
38 99 -3
10 0 17
54 43 8
73 56 8
12 46 9
31 59 -18
89 0 -19
47 3 6
88 41 -18
24 56 -2
65 57 -12
68 62 -3
40 0 -1
58 54 11
77 67 -2
42 46 -18
61 59 19
80 72 10
0 49 -12
19 62 9
93 11 11
10 13 16
51 14 9
54 56 -3
95 57 11
12 59 12
53 60 -1
86 8 7
72 73 12
70 0 -16
89 13 7
28 3 17
88 54 10
47 16 19
5 19 10
46 57 -2
65 70 -8
49 62 6
68 75 -15
21 0 -15
7 65 10
81 14 3
26 78 20
40 13 8
39 17 1
42 59 9
83 60 16
0 62 8
74 11 -2
19 75 17
93 24 -1
60 76 3
13 1 -6
32 14 -10
51 27 6
16 6 -13
35 19 2
95 70 -11
34 60 -17
53 73 12
72 86 -15
37 65 11
56 78 -7
9 3 -20
28 16 14
69 17 2
14 81 10
5 32 9
46 70 10
49 75 17
90 76 -2
62 14 5
7 78 9
81 27 10
26 91 14
20 17 4
39 30 16
23 22 7
83 73 18
96 12 4
41 76 16
60 89 -12
13 14 -12
99 17 -5
32 27 -12
44 81 -14
25 68 17
16 19 -4
35 32 -5
2 84 -16
76 33 -1
34 73 -8
92 14 15
37 78 -19
78 79 -6
97 92 -11
9 16 -8
50 17 -19
69 30 -11
14 94 14
55 95 12
8 20 7
27 33 16
11 25 20
71 76 3
30 38 16
90 89 8
29 79 12
48 92 -6
20 30 1
6 95 8
4 22 1
23 35 -15
64 36 -15
96 25 14
41 89 4
25 81 8
99 30 -5
44 94 -20
85 95 -11
38 20 15
57 33 18
2 97 1
76 46 10
15 36 -14
59 79 -12
18 41 -10
78 92 -11
50 30 -12
91 31 -9
36 95 -14
8 33 15
94 36 6
27 46 6
11 38 15
30 51 -11
71 89 -8
84 28 -11
29 92 -5
87 33 15
4 35 6
45 36 -14
64 49 18
3 39 -15
22 52 -4
66 95 18
38 33 -3
57 46 3
24 98 18
98 47 9
15 49 2
59 92 -7
18 54 12
17 95 8
91 44 5
75 36 11
94 49 5
33 39 2
10 55 20
1 6 -9
54 98 -6
87 46 4
45 49 -9
86 50 4
3 52 -20
89 55 10
77 1 17
22 65 -14
80 6 -2
79 47 -15
98 60 4
63 39 14
82 52 -15
40 55 7
31 6 9
72 7 -12
75 49 -15
33 52 16
52 65 10
93 66 -6
65 4 -13
10 68 6
51 69 5
68 9 13
67 50 13
26 12 -10
86 63 -1
70 55 -5
58 1 -6
89 68 6
28 58 -12
61 6 2
47 71 3
19 9 -6
60 10 12
79 60 19
5 74 11
63 52 -14
82 65 -4
21 55 -17
95 4 -5
40 68 9
81 69 -20
53 7 -5
72 20 18
56 12 12
88 1 -9
14 15 15
74 66 -15
93 79 3
46 4 18
32 69 9
51 82 4
49 9 -15
90 10 1
35 74 7
7 12 -3
26 25 -5
67 63 6
70 68 -10
9 58 5
83 7 -12
28 71 -9
47 84 17
0 9 5
41 10 17
60 23 -4
5 87 -18
44 15 -16
21 68 11
62 69 -20
81 82 -5
34 7 17
53 20 -3
20 72 5
39 85 15
37 12 -13
56 25 -16
97 26 -16
23 77 19
14 28 9
55 29 -4
74 79 -3
13 69 -7
32 82 6
71 10 12
16 74 -3
90 23 16
35 87 14
76 88 -16
29 13 4
48 26 -14
6 29 15
92 69 7
9 71 -6
83 20 16
50 72 19
69 85 5
41 23 8
27 88 12
25 15 8
44 28 18
85 29 3
30 93 4
2 31 -19
62 82 -5
20 85 -2
39 98 -1
59 13 -8
4 77 -12
78 26 -13
23 90 19
97 39 15
36 29 4
55 42 -16
96 80 16
13 82 -4
99 85 -16
71 23 18
16 87 -17
57 88 -9
29 26 10
15 91 -19
48 39 7
6 42 15
18 96 19
92 82 5
50 85 -13
69 98 8
8 88 13
25 28 -8
66 29 -10
11 93 20
85 42 15
24 32 -5
43 45 4
84 83 10
1 48 -9
87 88 -16
59 26 3
4 90 16
45 91 -2
78 39 -7
17 29 14
36 42 -7
77 43 19
96 93 11
99 98 -1
38 88 -1
54 32 16
73 45 -18
31 48 7
91 99 18
75 91 -4
66 42 7
24 45 -16
84 96 -16
43 58 7
1 61 -10
17 42 -8
58 43 -11
77 56 3
61 48 16
80 61 -1
93 0 8
10 2 5
54 45 11
73 58 18
12 48 -12
31 61 -20
89 2 13
88 43 -13
47 5 16
5 8 16
65 59 3
49 51 16
68 64 9
40 2 1
26 67 3
58 56 -9
42 48 -5
0 51 19
74 0 3
19 64 20
93 13 -16
32 3 -14
51 16 7
35 8 1
95 59 -1
12 61 -12
53 62 11
72 75 10
70 2 -9
89 15 -15
56 67 3
28 5 2
47 18 10
88 56 -20
5 21 19
46 59 -1
65 72 18
49 64 13
68 77 7
21 2 20
62 3 7
7 67 13
81 16 8
26 80 18
39 19 7
42 61 9
83 62 -11
0 64 -8
74 13 -15
60 78 -4
13 3 -2
32 16 -8
51 29 16
16 8 -17
35 21 4
95 72 4
34 62 -2
53 75 8
92 3 3
37 67 14
56 80 19
9 5 -17
28 18 18
69 19 -19
14 83 10
27 22 -16
30 27 -15
71 65 20
90 78 13
62 16 11
7 80 2
81 29 -13
48 81 1
20 19 11
39 32 -9
4 11 12
23 24 -5
83 75 -12
96 14 9
41 78 -20
60 91 -17
25 70 5
13 16 -20
44 83 -13
99 19 -15
16 21 15
57 22 11
2 86 17
76 35 -20
34 75 -15
92 16 18
37 80 -9
78 81 -15
97 94 4
50 19 -2
69 32 -19
14 96 -2
55 97 6
8 22 4
27 35 2
11 27 -17
71 78 15
30 40 -13
90 91 15
84 17 11
29 81 10
48 94 8
87 22 1
20 32 12
6 97 -19
4 24 4
23 37 15
64 38 -11
22 41 -3
96 27 -19
25 83 -16
99 32 -3
44 96 10
85 97 13
38 22 -7
57 35 -13
2 99 -11
76 48 -17
15 38 1
59 81 -6
18 43 -10
78 94 1
50 32 -14
17 84 -14
36 97 -7
91 33 -6
8 35 -8
94 38 -5
11 40 20
52 41 -20
84 30 2
29 94 -11
87 35 -11
45 38 -1
64 51 18
3 41 11
22 54 -20
66 97 -3
38 35 -9
79 36 6
98 49 9
82 41 13
15 51 2
18 56 -8
59 94 -10
17 97 17
91 46 -11
75 38 -17
94 51 4
33 41 20
52 54 -16
10 57 -18
45 51 -7
86 52 -4
3 54 7
77 3 6
89 57 -13
80 8 -15
47 60 2
79 49 17
98 62 -13
63 41 11
82 54 1
21 44 1
40 57 10
72 9 -18
56 1 15
75 51 -9
33 54 -10
74 55 1
93 68 -1
65 6 -19
10 70 -17
51 71 4
68 11 4
7 1 -14
26 14 -20
67 52 15
86 65 7
70 57 20
89 70 -15
28 60 -8
47 73 -3
19 11 17
60 12 -16
5 76 -11
63 54 -1
21 57 -12
95 6 8
40 70 -5
81 71 18
53 9 8
72 22 15
39 74 6
37 1 -18
56 14 -12
14 17 -20
74 68 -18
93 81 -9
46 6 11
13 58 -10
32 71 3
51 84 -9
49 11 7
90 12 -8
35 76 1
16 63 -13
7 14 17
48 15 9
67 65 15
9 60 -6
83 9 13
28 73 -13
69 74 -18
41 12 18
60 25 -2
5 89 4
25 4 -3
44 17 -16
2 20 5
62 71 -6
81 84 -2
34 9 1
20 74 -4
39 87 -17
37 14 6
78 15 -7
23 79 10
97 28 15
14 30 8
55 31 2
96 69 12
13 71 13
99 74 -14
32 84 9
71 12 3
16 76 11
90 25 1
35 89 -9
76 90 -9
29 15 -19
48 28 11
6 31 5
92 71 -6
9 73 -19
50 74 -5
69 87 10
41 25 -17
8 77 11
27 90 -5
25 17 -1
44 30 14
85 31 -3
11 82 4
30 95 5
2 33 -9
62 84 16
20 87 3
59 15 -14
4 79 -5
78 28 -16
23 92 -3
97 41 15
64 93 -16
17 18 -18
36 31 20
55 44 11
96 82 13
99 87 6
71 25 -3
38 77 -13
57 90 -3
29 28 15
15 93 4
73 34 15
92 84 -4
6 44 20
18 98 1
50 87 8
91 88 13
8 90 9
94 93 -4
66 31 10
11 95 9
85 44 10
24 34 -13
43 47 17
84 85 -12
1 50 12
87 90 -17
59 28 10
4 92 11
45 93 -2
17 31 4
36 44 12
3 96 -4
77 45 5
80 50 -10
38 90 -13
54 34 3
73 47 5
31 50 -9
22 1 11
75 93 -10
66 44 16
33 96 10
24 47 6
84 98 17
1 63 10
58 45 -8
77 58 -12
42 37 -1
61 50 4
80 63 12
19 53 -8
93 2 -6
52 1 2
10 4 6
63 96 -15
51 5 -10
54 47 6
95 48 -2
12 50 -4
31 63 -8
72 64 -9
89 4 10
47 7 6
88 45 20
46 48 5
5 10 19
65 61 12
49 53 -8
82 1 -4
68 66 -10
40 4 4
81 5 -3
26 69 -6
42 50 19
61 63 20
0 53 -9
74 2 2
19 66 -12
93 15 4
32 5 -4
51 18 -10
35 10 -18
95 61 -14
53 64 1
72 77 4
70 4 16
56 69 -13
28 7 -11
88 58 -10
47 20 -10
14 72 7
5 23 14
46 61 -11
49 66 10
68 79 3
21 4 -15
62 5 -16
7 69 17
81 18 -14
26 82 -2
20 8 11
39 21 18
23 13 -15
83 64 -13
0 66 -4
41 67 -12
74 15 -5
60 80 10
13 5 -20
44 72 -19
32 18 -1
16 10 -4
35 23 16
76 24 16
34 64 17
53 77 -6
92 5 -6
37 69 5
56 82 -13
97 83 -7
9 7 -1
50 8 11
69 21 11
14 85 5
27 24 -10
71 67 11
30 29 -15
90 80 13
62 18 11
7 82 11
48 83 4
20 21 -18
39 34 -12
6 86 -1
4 13 -20
23 26 -5
83 77 -15
96 16 -19
41 80 -17
60 93 -10
13 18 -3
99 21 5
44 85 -17
25 72 -5
16 23 2
57 24 -20
2 88 15
76 37 -1
15 27 -1
18 32 -10
92 18 8
78 83 14
97 96 -14
50 21 14
69 34 16
36 86 3
55 99 -5
8 24 -16
27 37 -11
11 29 -17
71 80 -18
30 42 16
84 19 11
29 83 -20
48 96 -14
87 24 20
6 99 7
4 26 11
45 27 15
64 40 -11
96 29 20
22 43 19
25 85 10
99 34 2
66 86 15
85 99 3
38 24 15
57 37 -11
98 38 -5
15 40 15
59 83 3
18 45 4
78 96 19
17 86 -5
91 35 -20
36 99 16
75 27 -5
8 37 10
94 40 -9
11 42 8
52 43 20
10 46 13
29 96 -8
84 32 3
87 37 7
45 40 -15
64 53 6
3 43 -3
22 56 19
66 99 17
38 37 8
79 38 17
98 51 -12
82 43 -7
40 46 7
17 99 5
91 48 -8
75 40 11
94 53 10
33 43 -7
52 56 13
93 57 -4
10 59 7
68 0 -7
26 3 9
67 41 -7
86 54 -7
70 46 -19
3 56 -10
89 59 -11
47 62 12
19 0 -17
79 51 -1
5 65 19
63 43 18
82 56 -16
21 46 9
40 59 -3
72 11 15
56 3 -20
33 56 -3
74 57 -4
93 70 -12
65 8 9
32 60 -20
51 73 -1
49 0 -7
35 65 18
68 13 -20
7 3 -20
67 54 13
26 16 -18
86 67 -7
70 59 5
89 72 10
9 49 -12
28 62 10
47 75 4
41 1 11
60 14 -1
5 78 4
63 56 -13
21 59 20
62 60 10
95 8 -8
81 73 16
53 11 -20
39 76 -8
37 3 -2
56 16 -10
14 19 2
74 70 -1
13 60 -10
32 73 15
51 86 -12
71 1 -3
16 65 3
90 14 -17
35 78 17
7 16 16
48 17 7
92 60 10
9 62 -16
83 11 17
28 75 18
69 76 -14
41 14 9
27 79 16
60 27 11
25 6 9
44 19 20
30 84 7
2 22 -1
62 73 5
81 86 9
34 11 11
20 76 -3
39 89 -4
37 16 2
4 68 -2
23 81 1
97 30 -2
78 17 -18
14 32 -20
55 33 -9
96 71 6
13 73 11
99 76 -15
71 14 -19
16 78 -19
57 79 7
90 27 1
76 92 15
29 17 4
48 30 -17
92 73 20
6 33 -7
50 76 2
69 89 14
8 79 -10
27 92 7
25 19 -4
66 20 8
11 84 -6
85 33 -11
30 97 8
2 35 -2
84 74 -20
43 36 2
87 79 14
20 89 19
59 17 3
4 81 -17
78 30 17
23 94 -5
64 95 13
17 20 -4
36 33 19
55 46 -9
96 84 16
99 89 9
38 79 -10
57 92 7
29 30 -1
15 95 17
73 36 -16
6 46 -20
50 89 -16
91 90 -6
8 92 2
94 95 -6
66 33 -9
11 97 17
85 46 -3
52 98 20
24 36 2
84 87 -1
43 49 -16
87 92 -9
1 52 -4
59 30 4
45 95 -20
17 33 2
3 98 -9
77 47 -2
80 52 2
38 92 -10
79 93 12
82 98 20
54 36 18
73 49 -16
12 39 10
31 52 10
75 95 -11
88 34 15
33 98 -10
24 49 5
65 50 -14
68 55 11
1 65 -7
58 47 -3
77 60 -5
42 39 -5
61 52 15
80 65 -13
19 55 -10
93 4 11
63 98 14
51 7 2
10 6 20
54 49 7
95 50 19
12 52 -14
86 1 -5
31 65 -13
72 66 10
89 6 -16
88 47 18
47 9 4
46 50 2
5 12 -8
65 63 19
49 55 3
7 58 3
81 7 19
26 71 9
40 6 -1
39 10 -19
42 52 14
0 55 20
74 4 13
19 68 -2
60 69 3
93 17 -4
32 7 -19
51 20 4
35 12 11
95 63 -2
67 1 14
34 53 -16
53 66 8
72 79 18
37 58 8
70 6 4
56 71 -19
28 9 -19
69 10 -19
14 74 18
5 25 -15
46 63 3
49 68 20
90 69 -9
62 7 -14
7 71 -8
81 20 -18
26 84 -9
20 10 -1
39 23 12
23 15 -2
83 66 5
0 68 14
41 69 20
96 5 -13
60 82 -14
13 7 3
99 10 -6
44 74 12
32 20 13
16 12 -7
35 25 11
76 26 15
2 77 -7
34 66 13
53 79 -1
92 7 7
37 71 -6
56 84 -17
97 85 -19
50 10 -2
69 23 -4
14 87 7
55 88 17
8 13 -8
27 26 -10
11 18 3
71 69 -11
30 31 17
90 82 -2
29 72 -15
62 20 -9
48 85 14
20 23 -2
6 88 -11
4 15 6
23 28 17
64 29 -10
96 18 -18
41 82 13
25 74 -11
99 23 17
44 87 17
85 88 1
38 13 15
57 26 -1
2 90 14
76 39 -3
15 29 -5
18 34 3
59 72 4
78 85 -8
92 20 -2
97 98 20
50 23 11
91 24 16
36 88 4
8 26 13
94 29 -18
27 39 -6
11 31 -12
30 44 2
71 82 -7
84 21 4
29 85 12
48 98 -13
87 26 5
4 28 20
45 29 -12
64 42 -3
3 32 -8
22 45 -14
25 87 -20
66 88 7
38 26 -13
57 39 4
98 40 19
24 91 -10
15 42 -4
18 47 -4
59 85 12
78 98 6
17 88 -11
91 37 -9
75 29 3
94 42 -19
33 32 12
52 45 3
10 48 15
84 34 10
54 91 -18
87 39 -1
45 42 -8
86 43 12
3 45 -10
89 48 3
22 58 15
79 40 -19
98 53 9
63 32 3
82 45 -15
40 48 -10
72 0 9
75 42 10
33 45 -10
52 58 20
93 59 18
10 61 11
51 62 -13
68 2 19
67 43 -18
26 5 -4
86 56 7
70 48 -12
89 61 -14
28 51 7
47 64 12
19 2 -16
79 53 1
5 67 4
63 45 13
82 58 -13
21 48 -15
40 61 7
81 62 -6
53 0 -2
72 13 -15
56 5 -9
14 8 -20
74 59 7
93 72 -4
32 62 16
51 75 -1
49 2 -19
90 3 17
35 67 -11
7 5 -17
67 56 -12
26 18 10
70 61 15
9 51 1
83 0 15
28 64 -20
47 77 -6
0 2 -9
41 3 -18
60 16 -20
5 80 9
44 8 -15
21 61 13
81 75 -5
34 0 10
53 13 -16
20 65 -7
39 78 14
37 5 -5
23 70 -2
97 19 -7
56 18 -18
14 21 -4
74 72 1
13 62 -8
32 75 4
71 3 14
16 67 5
90 16 -9
35 80 13
76 81 -18
48 19 -6
6 22 -4
92 62 4
9 64 13
50 65 -9
83 13 17
69 78 2
41 16 -1
27 81 11
25 8 -17
44 21 10
30 86 -13
2 24 6
62 75 -6
20 78 -10
39 91 -20
59 6 -3
4 70 -2
78 19 18
23 83 3
97 32 17
36 22 -6
55 35 8
96 73 -3
13 75 8
99 78 -4
71 16 -16
16 80 10
57 81 -10
76 94 7
29 19 -8
15 84 17
48 32 -18
6 35 -7
92 75 -11
50 78 12
69 91 -16
8 81 1
27 94 -19
25 21 -10
66 22 -19
11 86 -15
85 35 -9
30 99 14
2 37 -11
84 76 -10
43 38 -1
1 41 17
87 81 11
59 19 -1
4 83 -11
45 84 16
78 32 -16
64 97 -15
17 22 -13
36 35 4
96 86 13
55 48 -11
99 91 -17
38 81 13
57 94 -5
98 95 -11
15 97 15
73 38 4
31 41 -14
91 92 4
75 84 10
8 94 14
94 97 -17
66 35 11
11 99 -6
24 38 17
43 51 -13
84 89 16
1 54 -2
87 94 -8
45 97 -18
17 35 -20
58 36 12
77 49 10
61 41 16
80 54 14
38 94 1
79 95 -10
54 38 6
73 51 17
12 41 12
31 54 12
75 97 -17
88 36 15
5 1 14
24 51 -4
65 52 -18
68 57 -6
26 60 2
67 98 -3
58 49 -8
77 62 -9
42 41 -14
61 54 3
80 67 -16
0 44 -14
19 57 2
93 6 -18
51 9 15
35 1 -12
95 52 -20
12 54 18
53 55 8
86 3 17
72 68 -20
56 60 -9
89 8 14
88 49 6
47 11 -16
5 14 -7
46 52 -5
49 57 4
68 70 9
7 60 -11
81 9 17
26 73 -12
39 12 19
42 54 5
83 55 -15
0 57 8
74 6 16
19 70 -1
60 71 6
32 9 15
51 22 -19
16 1 -7
35 14 12
95 65 7
34 55 -12
53 68 4
72 81 4
37 60 -14
56 73 2
28 11 -9
69 12 -5
14 76 8
27 15 -10
46 65 -6
30 20 -19
49 70 5
90 71 8
62 9 12
7 73 -9
81 22 13
48 74 -4
20 12 11
39 25 12
23 17 2
83 68 -8
96 7 -18
41 71 -1
60 84 -9
25 63 12
13 9 10
44 76 4
99 12 4
16 14 13
57 15 9
2 79 -11
76 28 -18
34 68 5
92 9 -9
37 73 -7
78 74 2
97 87 13
50 12 -7
69 25 2
14 89 14
55 90 2
8 15 17
27 28 14
11 20 14
30 33 9
90 84 15
84 10 5
29 74 -16
48 87 -20
87 15 2
20 25 9
6 90 -16
4 17 -4
23 30 13
64 31 -15
22 34 -17
96 20 19
41 84 -10
25 76 -16
99 25 -16
44 89 5
85 90 -18
38 15 8
57 28 7
2 92 -9
76 41 -6
43 93 -15
15 31 -13
59 74 18
18 36 -6
78 87 -2
50 25 10
91 26 -14
17 77 3
36 90 -7
8 28 -1
94 31 10
11 33 -12
52 34 15
71 84 15
84 23 -18
29 87 6
87 28 2
73 93 9
45 31 3
64 44 -1
3 34 -16
22 47 -18
66 90 11
38 28 19
79 29 6
24 93 -15
98 42 10
82 34 -18
15 44 -5
18 49 7
59 87 4
17 90 -10
91 39 19
75 31 -18
94 44 -1
33 34 8
52 47 1
10 50 -4
54 93 -16
45 44 17
86 45 8
12 96 4
3 47 10
89 50 13
80 1 6
47 53 18
79 42 10
98 55 -20
63 34 17
82 47 13
21 37 -3
40 50 19
72 2 -8
42 96 19
75 44 -4
33 47 -15
74 48 -1
93 61 -7
10 63 -1
51 64 -8
68 4 14
26 7 -2
67 45 1
86 58 -18
70 50 2
89 63 13
28 53 7
47 66 -20
19 4 -20
60 5 20
5 69 -15
63 47 20
21 50 -1
40 63 -15
81 64 -17
53 2 -15
72 15 -8
56 7 3
14 10 3
74 61 -3
93 74 -12
13 51 15
32 64 7
51 77 -4
16 56 8
90 5 -19
35 69 12
49 4 -20
67 58 -14
26 20 2
70 63 17
9 53 -10
83 2 9
28 66 6
69 67 2
41 5 6
60 18 18
5 82 8
44 10 14
2 13 7
62 64 4
81 77 19
34 2 -5
20 67 -15
39 80 -11
37 7 -8
56 20 11
23 72 -12
97 21 3
14 23 20
55 24 18
96 62 14
13 64 15
99 67 16
32 77 -19
71 5 -7
16 69 -9
90 18 20
35 82 -17
76 83 -16
29 8 -15
48 21 -1
6 24 9
92 64 -7
9 66 -9
50 67 -6
69 80 5
8 70 7
41 18 -14
27 83 -12
25 10 8
44 23 13
85 24 -3
30 88 -15
2 26 -12
62 77 5
20 80 14
59 8 -3
4 72 -20
78 21 -12
23 85 15
97 34 -5
36 24 3
96 75 -14
55 37 9
99 80 -20
38 70 -3
71 18 -19
57 83 -17
76 96 -1
29 21 20
48 34 13
15 86 7
6 37 -8
18 91 5
92 77 -14
50 80 -5
91 81 -11
8 83 -5
94 86 -10
27 96 -8
66 24 -12
11 88 18
85 37 8
24 27 -17
43 40 -1
84 78 -16
87 83 11
1 43 -16
59 21 -18
4 85 9
45 86 12
64 99 1
17 24 18
36 37 9
77 38 -14
80 43 -11
38 83 -16
57 96 -13
98 97 9
15 99 -9
54 27 16
73 40 11
31 43 1
91 94 -1
75 86 -18
94 99 -3
66 37 -15
24 40 11
84 91 11
43 53 7
87 96 5
1 56 17
45 99 -8
17 37 -6
58 38 8
77 51 -3
61 43 -15
80 56 -16
19 46 -13
79 97 -20
63 89 16
54 40 -5
73 53 -8
12 43 3
31 56 -11
72 57 2
75 99 16
88 38 8
47 0 -9
46 41 -6
5 3 -2
65 54 6
49 46 6
68 59 -19
26 62 -7
58 51 -15
42 43 -4
61 56 -4
0 46 18
19 59 -13
93 8 -3
51 11 20
35 3 -9
95 54 16
12 56 -14
53 57 -2
72 70 11
56 62 8
28 0 15
14 65 -14
88 51 16
47 13 -17
5 16 -8
46 54 -15
65 67 -18
49 59 16
68 72 -13
7 62 -20
81 11 3
26 75 -20
20 1 -10
39 14 6
23 6 -5
42 56 12
83 57 17
0 59 6
74 8 -17
41 60 -18
60 73 -2
44 65 -5
32 11 14
16 3 -9
35 16 -7
76 17 -10
95 67 4
34 57 14
53 70 18
37 62 -18
56 75 -1
97 76 15
9 0 -11
50 1 -7
69 14 -4
14 78 -16
27 17 -20
71 60 13
30 22 -5
90 73 18
62 11 17
7 75 -13
48 76 -19
20 14 6
39 27 6
6 79 -6
4 6 -13
23 19 12
83 70 19
96 9 3
41 73 5
60 86 -7
13 11 -6
99 14 -15
44 78 -16
25 65 -9
57 17 -9
2 81 -6
76 30 -16
15 20 -17
34 70 -4
18 25 -15
92 11 6
78 76 10
37 75 -12
97 89 -1
50 14 7
36 79 8
69 27 9
55 92 -6
8 17 7
27 30 18
11 22 -8
71 73 9
30 35 -10
90 86 -1
84 12 -20
29 76 11
48 89 7
87 17 8
6 92 -1
4 19 -2
45 20 12
64 33 12
96 22 -12
22 36 -10
25 78 -13
99 27 -1
66 79 -19
85 92 -3
38 17 -4
57 30 -12
2 94 -11
98 31 -7
43 95 19
15 33 15
1 98 -17
59 76 -12
18 38 10
78 89 1
17 79 4
91 28 -13
36 92 4
75 20 -4
8 30 -2
94 33 -6
11 35 -2
52 36 -9
84 25 -10
29 89 -1
87 30 14
73 95 19
45 33 -17
64 46 -15
31 98 7
3 36 5
22 49 -17
66 92 -16
38 30 20
79 31 13
24 95 -1
98 44 -12
82 36 -13
40 39 -19
59 89 -10
17 92 -13
58 93 13
91 41 -20
75 33 -13
61 98 -14
94 46 -7
33 36 15
52 49 3
93 50 4
10 52 10
54 95 -7
67 34 11
12 98 -8
86 47 16
70 39 11
3 49 -4
89 52 -16
47 55 8
88 93 -7
80 3 -4
79 44 4
63 36 14
82 49 1
21 39 1
40 52 1
72 4 5
42 98 -18
33 49 -1
74 50 10
93 63 -18
32 53 19
65 1 -19
51 66 17
68 6 8
26 9 12
67 47 -9
86 60 -1
70 52 -10
89 65 -19
9 42 -2
28 55 -7
47 68 14
19 6 19
60 7 -13
5 71 -3
63 49 -11
21 52 -14
62 53 -6
95 1 6
81 66 -8
53 4 -2
72 17 19
39 69 20
56 9 -14
14 12 -20
74 63 6
13 53 -3
32 66 12
51 79 -2
16 58 -5
90 7 16
35 71 5
7 9 6
48 10 11
92 53 16
9 55 11
83 4 -14
28 68 4
41 7 6
60 20 -10
5 84 13
44 12 8
2 15 10
62 66 6
81 79 19
34 4 -8
20 69 -10
39 82 -2
37 9 -14
78 10 10
23 74 6
97 23 -16
14 25 15
96 64 8
55 26 7
13 66 5
99 69 14
71 7 20
16 71 14
90 20 7
76 85 14
29 10 -12
48 23 -13
6 26 -4
92 66 -17
50 69 6
69 82 12
41 20 -18
8 72 -9
27 85 6
25 12 12
11 77 -8
85 26 4
30 90 8
44 25 7
2 28 -6
43 29 6
84 67 -19
87 72 -14
20 82 -19
59 10 -10
4 74 4
78 23 10
23 87 -5
64 88 5
97 36 8
17 13 11
36 26 -15
96 77 -5
55 39 3
99 82 -16
38 72 -3
57 85 -12
76 98 8
29 23 15
15 88 7
73 29 -20
6 39 -8
18 93 -8
50 82 18
91 83 -20
8 85 16
94 88 3
27 98 20
66 26 3
11 90 8
85 39 18
24 29 -14
84 80 1
43 42 8
87 85 5
1 45 2
59 23 -17
45 88 -5
17 26 -11
36 39 -7
77 40 -15
3 91 -2
80 45 7
38 85 16
79 86 -13
98 99 -12
54 29 3
73 42 13
12 32 6
31 45 9
91 96 1
75 88 7
66 39 -4
33 91 -15
24 42 -8
65 43 13
68 48 -1
1 58 7
58 40 8
77 53 5
42 32 10
61 45 16
80 58 -8
19 48 15
79 99 9
63 91 -8
51 0 3
54 42 3
95 43 15
12 45 -17
31 58 14
72 59 15
47 2 8
88 40 -7
46 43 -8
65 56 -6
49 48 -1
68 61 5
7 51 6
81 0 -8
26 64 -1
39 3 -17
58 53 -3
42 45 -5
61 58 4
0 48 -14
19 61 14
93 10 -10
60 62 -6
32 0 18
51 13 -4
35 5 -17
95 56 11
34 46 -18
53 59 -7
37 51 -20
56 64 -2
28 2 -10
69 3 -4
14 67 4
88 53 9
46 56 -15
5 18 12
49 61 -10
90 62 -18
62 0 20
7 64 7
81 13 -16
26 77 6
20 3 7
39 16 -5
23 8 -13
83 59 6
0 61 -15
41 62 -1
60 75 -5
13 0 15
99 3 10
44 67 -9
32 13 19
16 5 3
2 70 2
76 19 -2
35 18 6
34 59 -13
53 72 -15
92 0 5
37 64 -20
56 77 3
97 78 -17
9 2 2
50 3 -7
69 16 20
14 80 15
55 81 -10
8 6 -1
27 19 -6
30 24 -10
71 62 -17
90 75 -19
29 65 20
62 13 12
48 78 -5
20 16 17
6 81 20
4 8 13
23 21 -3
64 22 18
83 72 -14
96 11 18
41 75 5
25 67 -2
99 16 -17
44 80 -17
85 81 13
38 6 2
57 19 -17
2 83 5
76 32 -19
15 22 4
59 65 4
92 13 14
18 27 -1
97 91 5
50 16 18
91 17 2
36 81 -2
55 94 -9
8 19 5
94 22 5
27 32 -1
11 24 3
71 75 -3
30 37 5
84 14 17
29 78 -17
48 91 -11
87 19 12
6 94 9
4 21 -14
45 22 -19
64 35 -13
22 38 -6
25 80 19
66 81 -20
85 94 -9
38 19 -5
24 84 -12
98 33 -6
43 97 3
57 32 8
15 35 -20
59 78 -2
18 40 5
78 91 17
17 81 14
91 30 -12
36 94 19
77 95 19
75 22 -8
94 35 -15
33 25 -1
52 38 -14
84 27 10
10 41 -18
87 32 8
54 84 12
73 97 -14
45 35 -7
86 36 -10
3 38 16
89 41 -15
22 51 15
66 94 -6
79 33 2
24 97 -20
98 46 -4
63 25 14
82 38 -18
40 41 -3
17 94 -13
58 95 11
75 35 -14
33 38 7
52 51 7
93 52 -10
10 54 14
54 97 -1
67 36 13
86 49 -2
70 41 -17
89 54 17
88 95 -16
47 57 4
46 98 -11
5 60 -18
79 46 -6
63 38 6
82 51 -14
21 41 -2
40 54 5
72 6 4
14 1 6
74 52 -2
93 65 10
32 55 -20
65 3 -2
51 68 -9
68 8 6
35 60 8
67 49 14
26 11 -10
70 54 -10
9 44 -5
28 57 -17
47 70 3
60 9 4
5 73 -11
44 1 -1
21 54 -8
62 55 -18
81 68 -15
53 6 6
39 71 7
56 11 8
97 12 4
74 65 12
13 55 12
32 68 3
51 81 4
16 60 11
90 9 9
35 73 4
7 11 18
48 12 17
92 55 -7
6 15 6
9 57 -8
50 58 5
83 6 4
69 71 -7
41 9 -16
60 22 3
27 74 4
25 1 -18
44 14 -14
30 79 -8
2 17 -5
62 68 14
34 6 -10
20 71 13
39 84 4
4 63 15
37 11 10
23 76 -5
97 25 10
78 12 4
36 15 -5
55 28 -16
96 66 17
13 68 -1
99 71 8
71 9 -13
16 73 -15
57 74 -20
90 22 16
76 87 6
29 12 2
48 25 4
92 68 6
6 28 -10
50 71 6
69 84 -16
8 74 -13
27 87 18
25 14 6
66 15 5
11 79 -8
85 28 9
30 92 -7
2 30 2
84 69 -12
43 31 -8
1 34 6
87 74 18
59 12 -3
4 76 -13
78 25 -16
23 89 -16
64 90 16
17 15 19
36 28 1
96 79 11
22 93 20
55 41 -13
99 84 -5
38 74 -17
57 87 -11
29 25 1
15 90 8
73 31 4
18 95 16
31 34 8
91 85 5
8 87 -15
94 90 -12
66 28 20
11 92 5
52 93 -7
85 41 -18
24 31 -8
84 82 -6
43 44 -5
1 47 -15
59 25 19
45 90 1
17 28 -16
58 29 2
3 93 -12
77 42 -3
61 34 -6
80 47 -7
38 87 -16
79 88 -3
82 93 12
54 31 13
73 44 19
12 34 4
31 47 -10
91 98 -19
75 90 -11
88 29 13
33 93 20
24 44 6
65 45 -6
68 50 9
26 53 19
58 42 14
77 55 2
42 34 6
61 47 15
80 60 -11
0 37 -10
19 50 5
63 93 -19
51 2 10
21 96 -18
95 45 -20
54 44 12
12 47 -12
53 48 8
72 61 18
56 53 5
89 1 8
88 42 3
47 4 -15
46 45 18
5 7 -20
65 58 4
49 50 7
68 63 12
7 53 1
81 2 1
26 66 13
39 5 -19
42 47 8
83 48 -11
0 50 -12
19 63 -17
60 64 -9
32 2 13
51 15 -4
35 7 -17
95 58 8
34 48 1
53 61 9
72 74 -6
37 53 -12
56 66 5
28 4 11
69 5 -19
14 69 4
46 58 -8
49 63 -18
90 64 -15
62 2 -6
7 66 9
48 67 -10
81 15 13
20 5 -3
39 18 10
23 10 14
83 61 -17
96 0 20
41 64 2
60 77 -9
13 2 11
99 5 5
25 56 11
44 69 1
16 7 15
57 8 -10
2 72 -9
76 21 2
34 61 11
92 2 10
37 66 -10
78 67 -4
97 80 -12
50 5 13
69 18 4
14 82 -8
55 83 3
27 21 13
11 13 -13
71 64 6
30 26 16
90 77 4
84 3 -3
29 67 3
48 80 2
87 8 -11
20 18 -18
6 83 20
4 10 -14
64 24 3
96 13 12
41 77 -13
25 69 -14
99 18 -11
44 82 11
85 83 -6
38 8 -6
57 21 11
2 85 -10
43 86 12
76 34 6
15 24 -12
18 29 1
59 67 -8
78 80 -18
97 93 5
50 18 -16
91 19 20
36 83 15
17 70 -3
55 96 8
8 21 -8
94 24 -2
11 26 -4
71 77 13
84 16 9
29 80 -9
87 21 -2
73 86 -6
6 96 -5
45 24 -16
64 37 -12
3 27 -16
22 40 8
66 83 -11
85 96 10
38 21 -18
79 22 -15
24 86 -9
98 35 -15
43 99 -9
82 27 4
15 37 18
59 80 -20
18 42 13
17 83 -4
91 32 3
36 96 -15
77 97 -13
75 24 -13
94 37 16
33 27 -7
52 40 -16
10 43 -12
54 86 -18
73 99 8
45 37 -6
12 89 -18
86 38 5
3 40 -1
89 43 -17
22 53 -10
66 96 -17
79 35 -15
24 99 14
98 48 -15
63 27 -12
82 40 13
40 43 4
58 97 -13
75 37 15
42 89 -8
33 40 -2
74 41 -17
93 54 14
10 56 18
51 57 15
54 99 -12
67 38 9
26 0 -9
86 51 -1
70 43 13
89 56 -19
28 46 -5
88 97 17
47 59 8
5 62 -12
63 40 16
21 43 -9
40 56 16
81 57 -11
72 8 -19
56 0 4
14 3 15
74 54 -18
93 67 -16
32 57 5
51 70 3
35 62 1
7 0 5
67 51 -18
26 13 -9
70 56 20
9 46 13
28 59 1
47 72 -7
60 11 -15
5 75 20
44 3 16
2 6 12
62 57 -17
81 70 16
20 60 19
53 8 -14
39 73 -19
37 0 -3
23 65 -5
97 14 -17
56 13 6
14 16 -2
96 55 12
55 17 -16
13 57 -4
32 70 3
16 62 -10
90 11 -15
35 75 15
29 1 9
48 14 -13
6 17 4
92 57 -15
9 59 -19
50 60 -2
83 8 11
69 73 -10
41 11 -4
27 76 -17
25 3 -17
44 16 -5
85 17 -1
30 81 14
2 19 -13
62 70 10
20 73 17
39 86 -18
59 1 12
4 65 -11
78 14 6
23 78 -8
97 27 20
36 17 18
96 68 -10
55 30 -18
99 73 19
71 11 6
16 75 -12
57 76 -16
76 89 17
29 14 14
15 79 -1
48 27 -9
18 84 19
6 30 1
92 70 -12
50 73 -13
69 86 -2
8 76 14
27 89 -10
25 16 -1
66 17 3
11 81 10
85 30 -7
30 94 -5
24 20 -13
84 71 20
43 33 20
87 76 -8
1 36 10
59 14 -15
4 78 15
45 79 -8
78 27 1
64 92 6
36 30 -15
77 31 4
22 95 14
80 36 10
38 76 -8
57 89 6
98 90 -15
15 92 7
54 20 -3
73 33 -11
18 97 -3
31 36 1
91 87 5
75 79 -12
8 89 -3
94 92 1
66 30 -16
11 94 -5
52 95 20
24 33 13
43 46 16
10 98 -9
1 49 -7
87 89 4
45 92 19
17 30 -6
58 31 15
3 95 -5
77 44 1
61 36 -8
80 49 2
19 39 -4
79 90 -16
82 95 -15
54 33 14
40 98 19
73 46 -11
12 36 1
31 49 -6
72 50 10
75 92 7
88 31 -11
33 95 16
46 34 -2
65 47 8
49 39 11
68 52 -15
67 93 -8
26 55 11
70 98 -8
58 44 -12
42 36 6
61 49 19
0 39 -15
19 52 -5
93 1 15
63 95 9
51 4 -18
21 98 -6
95 47 7
12 49 5
53 50 -2
72 63 -4
56 55 -12
14 58 5
88 44 -13
47 6 -17
46 47 10
5 9 -10
65 60 10
49 52 -2
68 65 -9
7 55 17
81 4 -11
26 68 9
39 7 -6
42 49 4
83 50 -18
0 52 7
74 1 -20
41 53 15
60 66 19
32 4 17
44 58 -19
35 9 -6
95 60 1
34 50 -12
53 63 -18
37 55 15
56 68 -5
97 69 5
69 7 19
14 71 8
27 10 -9
71 53 -18
30 15 13
90 66 10
62 4 -19
7 68 20
48 69 10
20 7 1
39 20 6
6 72 -1
23 12 7
83 63 7
96 2 19
41 66 -20
60 79 -17
13 4 -1
99 7 14
44 71 -7
25 58 14
16 9 16
57 10 1
2 74 -12
76 23 -4
34 63 4
92 4 1
37 68 -3
78 69 -4
97 82 3
50 7 18
69 20 2
36 72 18
55 85 -1
8 10 20
27 23 -1
11 15 -1
30 28 14
71 66 -1
90 79 13
84 5 11
29 69 16
48 82 -13
87 10 -5
6 85 19
4 12 -13
64 26 -6
96 15 7
22 29 13
25 71 -3
99 20 -10
66 72 -7
38 10 -19
57 23 -17
98 24 11
43 88 -18
2 87 -8
15 26 9
18 31 1
59 69 5
78 82 9
17 72 -20
91 21 5
36 85 -15
55 98 11
75 13 17
8 23 -9
94 26 6
11 28 9
52 29 18
84 18 18
29 82 6
87 23 -19
73 88 16
45 26 7
31 91 9
64 39 17
3 29 15
22 42 -6
66 85 -9
85 98 7
38 23 -2
79 24 16
24 88 -10
98 37 -4
82 29 13
15 39 -17
18 44 8
59 82 -14
17 85 -2
91 34 16
58 86 -4
77 99 12
75 26 11
94 39 18
61 91 4
33 29 -8
52 42 -1
10 45 -18
54 88 4
67 27 -7
12 91 -7
86 40 -10
3 42 6
89 45 -16
47 48 14
88 86 -3
79 37 -14
63 29 -1
82 42 17
21 32 17
40 45 -14
58 99 13
42 91 4
33 42 8
74 43 12
0 94 -6
93 56 20
10 58 -15
51 59 8
26 2 -10
67 40 18
86 53 15
70 45 -9
89 58 -7
28 48 -2
47 61 1
88 99 -1
60 0 -6
5 64 -18
63 42 -14
21 45 -19
40 58 12
81 59 20
39 62 9
72 10 -11
56 2 1
14 5 8
74 56 14
93 69 9
13 46 -8
32 59 17
51 72 2
16 51 14
90 0 -9
35 64 16
7 2 17
48 3 -12
92 46 7
9 48 7
28 61 -8
69 62 13
41 0 9
60 13 10
5 77 -6
44 5 7
2 8 3
62 59 -4
81 72 -6
20 62 -4
39 75 -16
37 2 17
78 3 -16
23 67 -14
97 16 -11
14 18 -10
55 19 -7
96 57 -2
13 59 -20
99 62 5
32 72 11
71 0 2
16 64 -11
90 13 -20
35 77 15
76 78 16
29 3 16
48 16 16
92 59 -9
6 19 -14
9 61 19
50 62 5
69 75 11
41 13 19
8 65 -11
27 78 -12
25 5 -17
44 18 -14
11 70 1
85 19 -5
30 83 2
2 21 13
43 22 12
20 75 7
59 3 7
4 67 -13
78 16 -15
23 80 -16
97 29 2
64 81 -4
17 6 13
36 19 8
96 70 16
55 32 8
99 75 7
71 13 11
38 65 7
57 78 16
76 91 -7
29 16 15
15 81 -14
73 22 -14
18 86 19
6 32 6
50 75 -3
91 76 -2
8 78 20
94 81 3
27 91 -10
66 19 13
11 83 -18
85 32 19
30 96 -16
24 22 -2
43 35 -13
84 73 -8
87 78 9
1 38 -5
59 16 11
4 80 -11
45 81 -6
64 94 10
17 19 -16
3 84 -19
36 32 18
22 97 17
77 33 -1
80 38 -17
38 78 9
57 91 12
98 92 -10
15 94 1
54 22 -3
73 35 13
18 99 -6
12 25 -12
31 38 19
91 89 1
75 81 2
33 84 11
66 32 5
52 97 10
24 35 7
65 36 19
68 41 18
87 91 -16
1 51 14
45 94 20
86 95 7
58 33 6
3 97 20
77 46 -5
42 25 -7
61 38 -11
80 51 -11
19 41 7
79 92 -5
63 84 20
82 97 -4
54 35 -1
95 36 -5
12 38 -20
31 51 -1
72 52 -2
75 94 -7
88 33 10
33 97 -2
46 36 15
65 49 14
49 41 20
68 54 16
7 44 4
26 57 -5
67 95 14
58 46 19
42 38 -8
61 51 9
0 41 -20
19 54 14
93 3 -18
60 55 -20
63 97 11
51 6 -15
95 49 -11
34 39 -11
53 52 12
72 65 13
37 44 9
56 57 -11
88 46 -5
14 60 12
5 11 -13
46 49 1
49 54 -4
90 55 -10
7 57 3
81 6 11
26 70 3
39 9 -1
23 1 6
83 52 12
0 54 -9
41 55 -11
60 68 -16
32 6 10
44 60 -14
2 63 -17
35 11 12
76 12 17
34 52 -12
53 65 2
37 57 1
56 70 8
97 71 -7
69 9 20
14 73 20
55 74 -15
27 12 16
71 55 1
30 17 6
90 68 20
29 58 16
62 6 -18
48 71 -4
20 9 1
39 22 -8
6 74 12
4 1 -16
23 14 -16
83 65 2
96 4 2
41 68 6
25 60 -13
99 9 -5
44 73 4
85 74 3
57 12 2
2 76 5
76 25 17
92 6 -18
18 20 -18
78 71 19
59 58 20
97 84 -15
50 9 2
91 10 6
36 74 -8
55 87 -1
8 12 -15
27 25 3
11 17 -11
71 68 15
84 7 12
29 71 -1
48 84 -4
87 12 4
6 87 19
4 14 -5
45 15 14
64 28 -12
22 31 -12
25 73 8
66 74 -14
85 87 19
38 12 17
57 25 9
98 26 3
24 77 -15
43 90 20
15 28 2
1 93 -5
18 33 -11
59 71 6
78 84 -8
17 74 6
91 23 -7
36 87 -15
77 88 -12
75 15 -14
94 28 16
11 30 -1
52 31 -13
84 20 -20
10 34 10
87 25 13
54 77 4
73 90 -20
45 28 -3
64 41 -5
31 93 18
3 31 -3
22 44 -6
66 87 3
79 26 20
24 90 -10
98 39 -10
82 31 11
40 34 -14
17 87 -3
58 88 -17
75 28 -6
61 93 6
33 31 20
52 44 -15
93 45 7
10 47 -1
54 90 -18
67 29 -6
12 93 -12
86 42 -11
70 34 17
3 44 -4
89 47 -15
47 50 -19
5 53 3
79 39 -18
46 91 5
63 31 8
82 44 -1
49 96 14
21 34 13
40 47 3
42 93 10
0 96 3
33 44 -12
74 45 3
93 58 -15
32 48 4
51 61 -16
68 1 -2
35 53 8
26 4 -16
67 42 19
70 47 -18
89 60 -17
9 37 9
28 50 3
47 63 13
60 2 -2
5 66 -19
21 47 19
62 48 13
81 61 -15
39 64 8
56 4 5
97 5 -19
14 7 1
74 58 9
13 48 -6
32 61 -19
51 74 -1
16 53 -13
90 2 6
35 66 -15
7 4 -16
48 5 -8
6 8 10
92 48 -8
9 50 -16
28 63 7
69 64 4
41 2 -3
60 15 -16
27 67 11
44 7 -12
30 72 16
2 10 13
62 61 20
81 74 15
20 64 -17
39 77 -18
4 56 -19
37 4 1
78 5 -8
97 18 18
23 69 16
36 8 14
96 59 6
55 21 -3
13 61 -15
99 64 -8
71 2 -12
16 66 10
57 67 13
90 15 2
76 80 7
29 5 9
48 18 2
92 61 7
6 21 -17
50 64 2
69 77 4
8 67 -4
27 80 4
25 7 -8
66 8 -2
11 72 16
85 21 -15
30 85 2
2 23 3
84 62 17
43 24 -2
1 27 3
20 77 -19
87 67 -12
59 5 6
4 69 2
78 18 9
23 82 6
64 83 6
17 8 9
36 21 1
22 86 -12
96 72 -5
55 34 -1
99 77 -1
38 67 -9
57 80 5
76 93 19
29 18 6
15 83 -10
73 24 -14
18 88 12
31 27 -4
50 77 15
91 78 19
8 80 -18
94 83 15
66 21 -14
11 85 -3
52 86 -6
85 34 -3
84 75 -8
43 37 6
87 80 -17
1 40 10
59 18 15
45 83 -17
64 96 -4
17 21 19
58 22 -17
3 86 -11
77 35 -11
22 99 20
61 27 -10
80 40 18
38 80 -20
79 81 -19
98 94 2
82 86 -4
15 96 7
54 24 7
73 37 8
12 27 -12
31 40 -8
75 83 2
94 96 13
88 22 -14
33 86 -16
52 99 -11
24 37 17
65 38 3
68 43 5
45 96 7
86 97 -11
58 35 -8
3 99 12
77 48 12
42 27 11
61 40 3
80 53 5
0 30 -8
19 43 -6
79 94 -1
63 86 6
82 99 -9
54 37 -12
21 89 -10
95 38 -17
12 40 -19
53 41 -10
72 54 10
56 46 -5
75 96 -2
88 35 18
33 99 -6
5 0 2
46 38 7
65 51 -9
49 43 -3
68 56 -7
7 46 -3
26 59 13
67 97 -10
42 40 13
83 41 -4
0 43 -15
19 56 -19
60 57 3
63 99 -3
51 8 -15
35 0 -11
95 51 -6
34 41 20
53 54 -2
72 67 -8
37 46 11
56 59 16
14 62 15
46 51 8
5 13 -14
49 56 15
90 57 20
7 59 6
81 8 1
48 60 13
39 11 -2
23 3 12
83 54 -15
41 57 -15
60 70 13
25 49 -7
44 62 3
16 0 -19
35 13 8
76 14 -2
2 65 16
34 54 12
37 59 13
78 60 13
97 73 15
69 11 -6
14 75 -7
55 76 -18
8 1 6
27 14 11
11 6 7
71 57 -11
30 19 4
90 70 10
29 60 1
48 73 4
20 11 1
6 76 11
4 3 2
23 16 15
64 17 9
96 6 18
41 70 12
25 62 18
99 11 -7
44 75 5
85 76 9
38 1 -13
57 14 10
2 78 -15
76 27 12
15 17 -11
59 60 19
18 22 13
78 73 -13
97 86 -7
17 63 -9
91 12 19
50 11 8
36 76 -8
55 89 -2
8 14 -7
94 17 -11
11 19 4
71 70 -4
30 32 8
84 9 -6
29 73 -2
87 14 -6
73 79 19
6 89 3
4 16 11
45 17 11
64 30 -11
3 20 3
22 33 -6
66 76 6
85 89 2
38 14 18
24 79 3
98 28 -20
43 92 9
57 27 13
15 30 -16
1 95 -1
59 73 7
18 35 12
17 76 -10
91 25 13
36 89 11
77 90 -14
75 17 -2
94 30 -2
80 95 14
33 20 -18
52 33 -13
10 36 10
54 79 -13
73 92 10
45 30 3
86 31 2
31 95 20
3 33 -17
89 36 -11
22 46 3
66 89 -1
79 28 -4
24 92 5
98 41 15
63 20 -19
82 33 9
40 36 20
58 90 -18
42 82 -19
75 30 12
61 95 -9
19 98 -13
52 46 -9
93 47 -6
10 49 -3
51 50 4
54 92 -8
95 93 1
67 31 -2
12 95 13
86 44 11
70 36 -9
89 49 -12
28 39 10
47 52 -18
88 90 9
5 55 11
46 93 -18
63 33 -12
82 46 8
49 98 -12
21 36 -14
40 49 -15
81 50 -15
72 1 8
42 95 10
0 98 18
74 47 -9
93 60 -14
32 50 3
51 63 -9
35 55 -10
26 6 12
67 44 -8
70 49 13
9 39 14
28 52 18
47 65 -18
60 4 -5
5 68 15
21 49 13
62 50 9
81 63 12
53 1 3
20 53 1
39 66 -5
56 6 5
97 7 -18
23 58 6
14 9 20
55 10 4
74 60 -18
13 50 -20
32 63 -20
16 55 20
90 4 -14
35 68 -16
76 69 17
48 7 -10
92 50 13
6 10 15
9 52 -19
83 1 -8
50 53 9
69 66 -10
41 4 4
27 69 -6
44 9 -3
85 10 5
30 74 -11
2 12 17
62 63 -13
20 66 -18
39 79 -9
4 58 -9
78 7 5
23 71 -10
97 20 2
36 10 -15
55 23 -1
96 61 9
13 63 2
99 66 5
71 4 -15
16 68 3
57 69 6
76 82 -16
29 7 -6
15 72 -3
48 20 -14
18 77 -10
92 63 -3
6 23 16
50 66 -15
69 79 -19
8 69 6
27 82 -20
25 9 -14
66 10 13
11 74 10
85 23 -7
30 87 4
24 13 3
43 26 -1
84 64 -17
87 69 3
1 29 19
59 7 -2
4 71 -16
78 20 -3
45 72 -19
64 85 -3
17 10 -3
36 23 -18
77 24 5
22 88 3
96 74 -12
80 29 12
99 79 -6
38 69 4
57 82 -16
98 83 -5
15 85 -1
54 13 -15
73 26 -15
18 90 -1
31 29 -8
91 80 4
75 72 18
8 82 1
94 85 2
66 23 -7
11 87 8
52 88 -6
24 26 18
84 77 15
10 91 11
43 39 -4
1 42 19
87 82 8
45 85 20
64 98 16
17 23 20
58 24 -1
3 88 -11
77 37 -13
61 29 -10
80 42 -5
19 32 7
38 82 -20
79 83 -12
98 96 5
82 88 -16
54 26 18
40 91 -2
73 39 -5
12 29 11
31 42 15
72 43 17
91 93 7
75 85 8
94 98 -8
88 24 2
33 88 18
46 27 -5
65 40 20
49 32 -17
68 45 17
67 86 -15
26 48 -6
86 99 -2
58 37 -4
70 91 -12
42 29 20
61 42 15
0 32 -6
19 45 11
79 96 -7
63 88 1
21 91 6
95 40 2
12 42 -7
53 43 6
72 56 -6
56 48 -9
88 37 -2
5 2 -20
46 40 20
65 53 -6
49 45 19
68 58 -5
7 48 13
26 61 -4
67 99 7
39 0 11
9 94 9
83 43 -13
0 45 -12
41 46 13
60 59 10
51 10 20
35 2 -13
95 53 9
34 43 -4
53 56 13
37 48 -4
56 61 4
97 62 -1
69 0 1
14 64 12
27 3 14
71 46 -15
30 8 -17
90 59 15
7 61 -14
81 10 19
48 62 12
20 0 14
39 13 12
23 5 -9
83 56 18
41 59 15
60 72 18
25 51 12
99 0 -17
44 64 11
16 2 -16
57 3 17
2 67 8
76 16 -3
34 56 -11
37 61 -18
78 62 19
97 75 -4
50 0 10
69 13 3
14 77 5
55 78 9
8 3 -12
27 16 -13
11 8 17
71 59 8
30 21 -8
90 72 -15
29 62 -1
48 75 -1
87 3 14
20 13 10
6 78 16
4 5 -12
23 18 11
64 19 -16
96 8 9
25 64 -12
99 13 -1
66 65 11
85 78 2
38 3 8
57 16 10
2 80 18
43 81 -6
76 29 1
15 19 -15
18 24 -14
59 62 14
78 75 -16
17 65 12
91 14 -16
36 78 -6
55 91 1
8 16 -15
94 19 -12
11 21 15
52 22 13
84 11 11
29 75 2
87 16 -16
73 81 -14
6 91 -17
45 19 -19
64 32 -8
3 22 -17
22 35 -14
66 78 -20
85 91 -2
38 16 13
79 17 -9
24 81 19
98 30 -3
43 94 1
82 22 -2
15 32 7
1 97 20
59 75 -10
18 37 9
17 78 -7
91 27 17
77 92 -18
75 19 13
94 32 16
80 97 -12
33 22 2
52 35 -6
10 38 5
54 81 10
73 94 -5
45 32 -7
86 33 8
31 97 18
12 84 20
3 35 1
89 38 9
88 79 11
47 41 -18
79 30 12
24 94 2
65 95 -18
98 43 8
63 22 15
82 35 2
21 25 2
40 38 -14
58 92 11
75 32 1
42 84 9
61 97 -16
33 35 -18
74 36 11
93 49 -9
10 51 -4
51 52 -6
54 94 4
67 33 -15
12 97 6
86 46 20
70 38 13
89 51 -6
28 41 16
47 54 12
88 92 14
5 57 7
46 95 -1
63 35 -15
21 38 1
40 51 1
81 52 18
72 3 5
39 55 1
42 97 8
74 49 3
93 62 -4
13 39 9
32 52 4
51 65 7
16 44 13
35 57 17
34 98 6
67 46 -18
70 51 10
9 41 5
28 54 -19
69 55 13
60 6 -18
5 70 -9
2 1 17
62 52 10
81 65 8
20 55 -19
39 68 18
23 60 13
97 9 -7
14 11 11
55 12 14
96 50 -12
13 52 10
99 55 15
32 65 -11
16 57 -18
90 6 16
35 70 19
76 71 19
48 9 -9
6 12 19
92 52 -8
9 54 -20
50 55 -7
69 68 -20
8 58 17
41 6 -14
27 71 6
44 11 17
11 63 -11
30 76 -14
85 12 6
2 14 -3
43 15 -8
62 65 2
20 68 -2
4 60 6
78 9 12
23 73 14
64 74 -3
97 22 7
36 12 -20
55 25 -5
96 63 -18
99 68 7
71 6 3
38 58 -18
57 71 12
76 84 -16
29 9 16
15 74 6
73 15 -19
18 79 -8
6 25 -8
92 65 17
50 68 8
91 69 19
8 71 1
94 74 6
27 84 -5
66 12 -4
11 76 6
85 25 -13
30 89 17
24 15 12
84 66 16
43 28 7
1 31 -16
87 71 5
59 9 -16
4 73 -9
45 74 -4
64 87 4
17 12 14
3 77 11
77 26 9
22 90 11
36 25 16
80 31 3
38 71 -15
57 84 1
98 85 17
15 87 -16
54 15 -12
73 28 -10
18 92 -19
12 18 -12
91 82 20
75 74 10
94 87 -8
66 25 14
33 77 11
52 90 -13
24 28 20
65 29 -17
84 79 17
10 93 19
87 84 -8
1 44 2
45 87 20
86 88 -17
58 26 8
3 90 -20
89 93 -11
77 39 -1
42 18 2
61 31 13
80 44 -8
19 34 14
79 85 -12
63 77 -4
82 90 -7
54 28 18
95 29 15
40 93 -14
12 31 -13
31 44 -7
72 45 -16
75 87 6
88 26 13
33 90 7
46 29 16
65 42 8
49 34 -13
68 47 -9
67 88 13
26 50 2
70 93 13
58 39 -6
42 31 -1
61 44 20
28 96 -14
0 34 15
19 47 -20
79 98 -16
63 90 2
21 93 -19
95 42 -20
34 32 -11
53 45 16
72 58 -11
56 50 -9
88 39 -9
47 1 -7
14 53 19
5 4 -17
46 42 19
49 47 18
90 48 13
7 50 -15
26 63 20
39 2 11
9 96 -13
83 45 11
0 47 16
41 48 -4
60 61 5
44 53 11
35 4 11
76 5 -14
34 45 -17
53 58 7
37 50 5
56 63 2
97 64 -17
69 2 8
14 66 -1
27 5 -20
30 10 10
71 48 -17
90 61 17
48 64 -11
20 2 -16
6 67 11
39 15 -11
23 7 -3
83 58 -1
41 61 -4
25 53 6
99 2 -3
44 66 17
16 4 -1
57 5 17
2 69 -12
76 18 -9
15 8 14
18 13 2
59 51 11
78 64 -8
97 77 -8
50 2 -13
36 67 11
69 15 -13
55 80 -13
8 5 -9
27 18 -13
11 10 5
71 61 -10
30 23 15
84 0 2
29 64 -5
48 77 10
87 5 -10
6 80 14
4 7 3
45 8 -17
64 21 1
22 24 -5
25 66 -16
66 67 -6
99 15 13
85 80 -15
38 5 -6
57 18 -18
2 82 -12
43 83 12
98 19 -1
15 21 -8
1 86 4
18 26 -12
59 64 15
78 77 -14
17 67 15
91 16 -10
36 80 6
55 93 -11
75 8 -7
8 18 -12
94 21 -13
11 23 -11
52 24 3
10 27 -3
84 13 20
87 18 14
73 83 -14
45 21 19
64 34 4
31 86 -4
3 24 12
22 37 11
66 80 2
38 18 3
79 19 6
24 83 -7
98 32 -3
43 96 3
82 24 -8
1 99 -2
40 27 16
17 80 15
91 29 4
58 81 -13
77 94 -1
75 21 12
61 86 10
94 34 5
80 99 12
33 24 1
52 37 20
93 38 11
10 40 18
54 83 16
73 96 -18
67 22 -12
12 86 -14
86 35 -7
31 99 -19
70 27 -2
3 37 -10
89 40 7
88 81 -15
47 43 -4
79 32 12
24 96 18
65 97 6
5 46 15
63 24 20
82 37 -4
21 27 17
58 94 -12
42 86 -20
61 99 14
0 89 1
74 38 -17
33 37 12
93 51 3
32 41 10
51 54 9
35 46 6
95 97 -5
67 35 -6
12 99 -18
86 48 5
70 40 -4
89 53 -11
9 30 1
28 43 -17
47 56 -20
88 94 -20
46 97 -11
5 59 6
63 37 -7
21 40 4
62 41 13
81 54 -3
39 57 -9
42 99 -10
14 0 -8
74 51 15
13 41 -18
32 54 -6
51 67 -6
16 46 -10
35 59 8
92 41 11
9 43 -9
28 56 -11
69 57 5
60 8 -6
27 60 -19
44 0 5
30 65 2
2 3 -11
62 54 -8
81 67 -1
20 57 -16
39 70 2
4 49 2
23 62 12
97 11 -6
36 1 15
55 14 16
96 52 1
13 54 -5
99 57 15
16 59 -12
90 8 -7
57 60 -1
76 73 -20
48 11 -11
6 14 20
92 54 16
50 57 -7
69 70 19
8 60 1
27 73 9
25 0 10
66 1 -18
11 65 -1
85 14 -4
30 78 -15
2 16 6
43 17 8
84 55 -12
87 60 -8
20 70 -4
4 62 18
78 11 -15
23 75 2
64 76 -14
17 1 -6
36 14 6
96 65 -1
55 27 5
22 79 -4
99 70 5
38 60 -2
57 73 4
76 86 18
29 11 -19
15 76 -15
73 17 1
18 81 -3
50 70 -13
91 71 -6
8 73 12
94 76 -11
66 14 -3
11 78 -9
85 27 18
52 79 20
24 17 -2
43 30 3
84 68 -15
1 33 -13
87 73 -1
59 11 16
45 76 10
64 89 -5
17 14 10
58 15 -9
3 79 19
77 28 6
22 92 -4
61 20 -11
80 33 -11
38 73 -17
79 74 19
98 87 -6
82 79 -1
15 89 14
54 17 -19
73 30 9
18 94 -2
12 20 11
31 33 7
91 84 15
75 76 20
94 89 19
88 15 20
33 79 -7
52 92 16
24 30 -11
65 31 4
10 95 12
68 36 -10
1 46 -18
45 89 14
86 90 -3
58 28 -4
3 92 -14
89 95 -11
77 41 3
42 20 -10
61 33 3
47 98 -18
80 46 -3
19 36 9
79 87 -11
63 79 11
82 92 15
21 82 -12
95 31 18
54 30 11
40 95 -3
12 33 8
72 47 12
75 89 1
88 28 14
33 92 15
74 93 7
46 31 4
65 44 14
49 36 15
68 49 10
7 39 3
26 52 15
67 90 -6
70 95 12
42 33 -11
83 34 -13
28 98 -13
0 36 10
19 49 9
60 50 12
63 92 -9
51 1 -14
21 95 -6
95 44 -5
53 47 -1
72 60 3
37 39 13
56 52 -8
14 55 10
13 96 19
5 6 -4
46 44 -16
90 50 20
7 52 1
81 1 11
26 65 -13
39 4 -19
9 98 -15
83 47 -18
41 50 3
60 63 16
32 1 -12
44 55 8
2 58 -3
76 7 -17
35 6 -2
34 47 13
37 52 13
56 65 6
97 66 -18
69 4 -7
14 68 -1
55 69 -20
27 7 4
30 12 12
71 50 10
90 63 -8
62 1 4
29 53 3
48 66 4
20 4 9
6 69 -16
23 9 10
64 10 2
41 63 -6
25 55 -20
99 4 18
44 68 -16
85 69 -4
57 7 -10
2 71 19
76 20 16
15 10 16
59 53 19
92 1 16
78 66 6
18 15 -8
97 79 -12
50 4 1
91 5 -7
36 69 -7
55 82 -7
8 7 18
94 10 1
27 20 3
11 12 -15
30 25 -15
71 63 5
84 2 12
29 66 -17
48 79 -18
87 7 3
6 82 -3
4 9 -8
45 10 -20
64 23 -5
3 13 3
22 26 16
66 69 -5
85 82 20
38 7 14
57 20 16
98 21 13
43 85 -5
24 72 -9
15 23 -14
1 88 3
18 28 -6
59 66 -1
17 69 -2
91 18 -15
36 82 15
77 83 6
75 10 15
94 23 4
80 88 12
33 13 7
52 26 -7
10 29 -2
84 15 -7
54 72 -20
87 20 -5
73 85 18
45 23 -5
86 24 13
31 88 19
3 26 -11
89 29 -17
22 39 14
66 82 14
79 21 -4
24 85 6
98 34 -3
43 98 4
63 13 18
82 26 15
40 29 -19
17 82 18
58 83 -8
77 96 -8
75 23 18
61 88 -7
33 26 -3
19 91 -6
52 39 -11
93 40 -10
10 42 8
51 43 16
54 85 10
73 98 -7
67 24 -16
12 88 -12
86 37 -13
70 29 -10
89 42 12
28 32 -6
47 45 5
88 83 13
46 86 -20
79 34 20
65 99 -11
5 48 -15
63 26 13
49 91 16
82 39 -9
21 29 9
40 42 2
81 43 -19
58 96 -4
42 88 19
0 91 -5
74 40 9
93 53 5
32 43 6
51 56 9
35 48 -13
95 99 7
67 37 7
70 42 -2
9 32 4
28 45 15
47 58 -15
88 96 7
46 99 -14
5 61 6
21 42 -6
62 43 8
81 56 18
20 46 8
39 59 16
23 51 16
97 0 4
14 2 1
74 53 -4
13 43 -11
32 56 -1
16 48 -7
35 61 10
76 62 -15
48 0 -15
6 3 -2
92 43 9
9 45 -19
50 46 12
69 59 -8
27 62 -5
44 2 15
85 3 -17
30 67 -16
2 5 -4
62 56 12
20 59 -18
39 72 4
4 51 16
78 0 -10
23 64 -8
97 13 7
36 3 -5
96 54 16
55 16 -5
13 56 13
99 59 18
16 61 -7
57 62 -12
76 75 -10
29 0 -12
48 13 4
15 65 12
92 56 -18
18 70 19
6 16 2
50 59 -12
69 72 -9
8 62 18
27 75 1
25 2 12
66 3 -20
11 67 -19
85 16 -5
30 80 -9
2 18 20
84 57 2
43 19 -6
87 62 5
1 22 3
59 0 6
4 64 -11
78 13 8
45 65 2
64 78 9
17 3 2
36 16 5
22 81 18
96 67 -17
99 72 14
38 62 3
57 75 -10
98 76 4
15 78 -14
54 6 -15
73 19 1
18 83 3
31 22 -12
91 73 -11
75 65 14
8 75 -8
94 78 -13
66 16 18
11 80 1
52 81 -7
24 19 -16
84 70 14
43 32 -20
87 75 17
1 35 16
45 78 7
64 91 13
17 16 2
58 17 -6
3 81 -15
77 30 -8
22 94 -7
61 22 -15
80 35 -9
38 75 -18
79 76 2
98 89 -1
82 81 10
54 19 12
73 32 -11
40 84 1
12 22 -19
31 35 9
91 86 -19
75 78 4
94 91 -8
88 17 -10
33 81 -19
52 94 -11
93 95 10
65 33 -9
10 97 -16
68 38 -4
26 41 -11
67 79 -8
86 92 -6
70 84 -6
3 94 18
58 30 2
89 97 -6
42 22 6
61 35 11
80 48 -11
0 25 20
19 38 -14
79 89 6
63 81 -1
82 94 8
21 84 -4
95 33 14
40 97 -4
12 35 12
53 36 -5
72 49 -16
56 41 5
88 30 -10
33 94 -11
74 95 15
46 33 -11
32 98 -5
65 46 2
49 38 4
68 51 19
7 41 -15
67 92 -11
26 54 14
70 97 -10
42 35 12
83 36 -15
9 87 -14
0 38 14
19 51 7
60 52 14
63 94 17
51 3 -15
21 97 -1
95 46 19
62 98 -9
34 36 -16
53 49 -20
72 62 -15
37 41 2
56 54 -14
14 57 -19
13 98 3
30 1 -8
90 52 -7
7 54 11
81 3 -7
48 55 7
39 6 -5
92 98 2
83 49 15
41 52 -16
60 65 19
25 44 -17
44 57 3
2 60 2
76 9 -3
34 49 14
37 54 -4
78 55 6
97 68 -17
69 6 -2
14 70 9
55 71 18
27 9 5
11 1 -11
30 14 2
71 52 -13
90 65 9
29 55 8
48 68 5
20 6 -6
6 71 18
23 11 7
64 12 7
22 15 5
96 1 8
41 65 -20
25 57 9
99 6 -5
44 70 14
85 71 -1
57 9 2
2 73 19
43 74 3
76 22 -17
15 12 18
18 17 2
59 55 16
78 68 -9
97 81 1
17 58 8
91 7 -11
36 71 15
50 6 8
55 84 19
8 9 12
94 12 -19
11 14 -12
52 15 16
84 4 -10
29 68 6
87 9 -8
73 74 -2
6 84 7
45 12 -17
64 25 17
3 15 6
22 28 1
66 71 4
85 84 -8
38 9 -12
79 10 13
24 74 14
98 23 2
43 87 -17
82 15 16
15 25 11
1 90 13
59 68 5
18 30 -20
17 71 -18
91 20 -20
36 84 -2
77 85 -16
75 12 -20
94 25 11
80 90 19
33 15 -2
52 28 -9
10 31 -1
54 74 15
73 87 -18
45 25 -2
86 26 13
31 90 10
12 77 12
3 28 5
89 31 3
47 34 -5
66 84 15
79 23 18
24 87 -6
98 36 -6
65 88 -3
63 15 -18
82 28 -7
68 93 6
21 18 4
40 31 -5
58 85 11
77 98 1
42 77 -13
75 25 -4
61 90 -6
33 28 13
74 29 -19
19 93 17
93 42 18
10 44 20
51 45 -8
54 87 -6
95 88 13
67 26 -12
12 90 12
86 39 7
70 31 -4
89 44 -19
28 34 8
88 85 -17
46 88 18
5 50 19
63 28 -14
49 93 11
21 31 13
7 96 -12
40 44 -5
81 45 -15
39 48 -12
58 98 -11
42 90 -20
0 93 -15
74 42 -17
93 55 -6
13 32 8
32 45 16
51 58 -11
16 37 -7
35 50 14
26 1 -2
34 91 8
67 39 -19
70 44 17
37 96 -1
9 34 -7
28 47 -18
69 48 2
88 98 18
5 63 10
62 45 -7
81 58 -10
20 48 9
39 61 -17
23 53 -14
97 2 5
14 4 7
96 43 13
55 5 -15
13 45 12
99 48 -5
32 58 -14
16 50 -7
35 63 16
76 64 -7
48 2 -17
6 5 14
92 45 13
9 47 -8
50 48 -12
69 61 14
8 51 11
27 64 -16
44 4 20
11 56 14
85 5 7
30 69 -19
2 7 12
62 58 7
20 61 -19
4 53 16
78 2 18
23 66 -10
64 67 -4
97 15 3
36 5 -2
55 18 13
96 56 15
99 61 19
38 51 5
57 64 8
76 77 16
29 2 8
15 67 17
6 18 -17
18 72 1
92 58 12
50 61 -20
91 62 -10
8 64 10
94 67 17
27 77 -18
66 5 1
11 69 8
85 18 12
30 82 18
24 8 -18
43 21 10
84 59 -1
1 24 2
87 64 7
59 2 15
4 66 18
45 67 -16
64 80 7
17 5 -6
36 18 -10
77 19 -12
22 83 10
3 70 -16
80 24 -14
38 64 5
57 77 16
98 78 17
15 80 4
54 8 -20
73 21 17
18 85 14
31 24 12
91 75 -20
75 67 13
94 80 -13
66 18 -11
33 70 7
52 83 14
24 21 14
43 34 3
84 72 4
10 86 20
1 37 -1
87 77 -4
45 80 2
86 81 6
58 19 14
3 83 20
77 32 -13
22 96 1
89 86 -3
61 24 -15
80 37 -3
19 27 -7
79 78 1
98 91 -20
63 70 -20
82 83 -14
54 21 -2
40 86 -3
12 24 3
31 37 -4
72 38 -7
75 80 17
88 19 -19
33 83 -10
52 96 3
93 97 -14
46 22 18
65 35 8
10 99 -18
49 27 -6
68 40 -14
26 43 2
67 81 18
86 94 8
58 32 -5
70 86 -12
89 99 1
42 24 -6
61 37 -5
0 27 12
19 40 -5
79 91 18
63 83 18
82 96 -10
21 86 1
95 35 10
40 99 8
12 37 -2
53 38 -17
72 51 16
56 43 -10
14 46 18
88 32 -19
74 97 -16
46 35 -7
65 48 7
49 40 -2
68 53 9
7 43 -1
26 56 -3
67 94 9
70 99 15
9 89 1
83 38 20
0 40 9
60 54 -17
44 46 -9
21 99 19
34 38 -7
53 51 3
37 43 3
97 57 16
14 59 20
71 41 -7
30 3 2
90 54 19
7 56 -7
48 57 5
6 60 12
39 8 -17
23 0 -17
83 51 -11
41 54 17
60 67 -1
25 46 6
44 59 -13
2 62 -14
76 11 -8
15 1 -12
34 51 -14
18 6 14
37 56 3
78 57 -2
97 70 -11
36 60 9
69 8 -20
55 73 14
27 11 -12
11 3 17
30 16 -17
71 54 -14
90 67 4
29 57 -9
48 70 -4
6 73 10
4 0 -16
45 1 2
64 14 -2
96 3 -9
22 17 19
25 59 -9
99 8 -19
66 60 3
85 73 18
57 11 5
2 75 -9
98 12 -3
43 76 -5
15 14 4
1 79 17
59 57 6
18 19 -8
78 70 18
17 60 -3
91 9 16
36 73 -10
55 86 -20
75 1 -17
8 11 18
94 14 5
11 16 -18
52 17 1
10 20 13
84 6 -10
29 70 -2
87 11 -11
73 76 -11
45 14 -7
64 27 -10
31 79 -16
3 17 -10
22 30 -20
66 73 -10
85 86 1
38 11 13
79 12 -3
24 76 -9
98 25 15
43 89 14
82 17 15
1 92 5
40 20 19
59 70 13
17 73 -16
91 22 8
58 74 -16
77 87 12
75 14 -15
94 27 4
61 79 -4
80 92 14
33 17 -10
52 30 -4
93 31 -19
10 33 19
54 76 13
73 89 -13
67 15 15
12 79 12
86 28 -12
31 92 20
70 20 -7
3 30 20
89 33 14
88 74 -1
47 36 14
79 25 16
24 89 13
65 90 -6
63 17 17
82 30 5
68 95 7
21 20 -14
40 33 -8
26 98 19
58 87 -2
42 79 -12
61 92 1
33 30 -4
74 31 7
19 95 -10
0 82 10
93 44 9
32 34 -6
51 47 17
35 39 -6
54 89 -15
95 90 17
67 28 15
12 92 -1
86 41 -9
53 93 -7
70 33 18
56 98 5
89 46 12
9 23 20
28 36 -9
47 49 -5
88 87 -7
5 52 6
46 90 -16
63 30 3
49 95 9
21 33 -7
62 34 2
7 98 -18
81 47 -11
39 50 -13
42 92 6
83 93 13
0 95 8
74 44 3
13 34 17
32 47 7
51 60 19
16 39 6
35 52 8
34 93 -16
92 34 -9
37 98 -18
9 36 3
28 49 14
69 50 9
60 1 -19
62 47 -13
81 60 2
20 50 -16
39 63 11
4 42 -2
23 55 -7
97 4 10
14 6 12
55 7 20
96 45 5
13 47 -1
99 50 -11
16 52 -13
90 1 -10
57 53 4
76 66 8
48 4 -20
6 7 -15
92 47 3
69 63 5
8 53 1
27 66 -16
44 6 9
85 7 8
11 58 -16
30 71 -8
2 9 10
84 48 -19
43 10 11
87 53 13
20 63 13
4 55 -16
78 4 18
23 68 6
64 69 -7
97 17 -15
36 7 4
55 20 -14
96 58 -14
99 63 -10
38 53 8
57 66 -8
76 79 -7
29 4 -7
15 69 6
73 10 8
6 20 16
18 74 -10
50 63 -4
91 64 -9
8 66 -16
94 69 -6
66 7 19
11 71 -1
85 20 -14
24 10 -16
43 23 -9
84 61 -12
1 26 -18
87 66 -13
59 4 -4
45 69 -7
64 82 2
17 7 -7
3 72 13
77 21 -19
22 85 -5
36 20 -17
80 26 -16
38 66 -11
79 67 -10
98 80 2
82 72 -5
15 82 1
54 10 -6
73 23 -8
18 87 15
12 13 6
31 26 -10
91 77 6
75 69 -7
94 82 -11
33 72 11
52 85 12
24 23 -11
65 24 -8
10 88 -10
68 29 8
1 39 -20
45 82 19
86 83 -9
58 21 -19
3 85 11
89 88 -2
22 98 -10
77 34 12
42 13 -3
61 26 18
80 39 -7
19 29 -12
79 80 -15
98 93 -18
63 72 -19
82 85 -7
54 23 15
95 24 7
40 88 1
12 26 -1
31 39 19
72 40 15
75 82 -14
88 21 -11
33 85 -2
74 86 -18
93 99 15
46 24 -6
65 37 -13
49 29 -6
68 42 2
7 32 -8
26 45 -2
67 83 1
86 96 17
58 34 -7
70 88 -3
42 26 10
61 39 9
28 91 2
0 29 -10
19 42 -1
60 43 18
63 85 6
21 88 -18
95 37 -1
34 27 4
53 40 14
72 53 2
37 32 2
56 45 13
14 48 17
74 99 -10
46 37 4
49 42 8
90 43 20
7 45 -17
67 96 -18
26 58 10
9 91 10
83 40 18
0 42 -2
41 43 10
60 56 -9
44 48 -14
2 51 -10
76 0 14
34 40 19
37 45 11
56 58 2
97 59 -4
14 61 -4
55 62 20
27 0 15
30 5 14
71 43 5
90 56 -2
29 46 9
48 59 16
6 62 15
23 2 17
64 3 -9
83 53 -10
41 56 -12
25 48 -17
44 61 6
85 62 1
57 0 19
2 64 -15
76 13 -7
15 3 -12
18 8 4
59 46 14
78 59 8
97 72 -19
36 62 20
55 75 -19
8 0 -10
94 3 1
27 13 7
11 5 -12
30 18 -2
71 56 -18
29 59 -7
48 72 9
87 0 -14
6 75 -2
4 2 -15
45 3 14
64 16 -2
3 6 8
22 19 1
25 61 -5
66 62 20
85 75 11
38 0 -2
57 13 7
98 14 3
43 78 -16
24 65 6
15 16 10
1 81 15
18 21 5
78 72 19
17 62 18
91 11 16
36 75 3
77 76 -13
75 3 -2
94 16 16
80 81 2
33 6 -4
52 19 17
10 22 -4
84 8 1
87 13 -13
54 65 17
73 78 14
45 16 -10
86 17 -20
31 81 -10
3 19 1
89 22 13
22 32 12
66 75 14
79 14 -17
24 78 7
98 27 10
43 91 -15
63 6 -16
82 19 -11
1 94 7
40 22 19
17 75 -14
58 76 19
77 89 -18
75 16 10
61 81 20
80 94 -5
33 19 -16
52 32 -13
19 84 -15
93 33 19
10 35 -6
54 78 6
73 91 13
67 17 9
12 81 -14
86 30 6
31 94 17
72 95 -5
70 22 -3
89 35 2
28 25 -12
88 76 8
47 38 17
46 79 -3
5 41 -13
65 92 12
79 27 15
63 19 -7
49 84 -19
82 32 4
68 97 18
21 22 -14
40 35 3
81 36 3
58 89 -17
42 81 2
61 94 -16
0 84 -12
74 33 -8
19 97 -17
93 46 -9
32 36 5
51 49 -7
35 41 2
95 92 -9
67 30 1
12 94 7
53 95 3
70 35 5
9 25 4
28 38 -2
47 51 -3
88 89 -17
46 92 9
5 54 15
49 97 -15
21 35 19
62 36 13
81 49 -6
20 39 2
39 52 7
42 94 -18
83 95 5
0 97 15
41 98 -2
74 46 -14
13 36 -2
32 49 1
16 41 2
35 54 5
34 95 -6
92 36 17
9 38 10
50 39 -2
69 52 3
60 3 6
27 55 -18
30 60 16
71 98 7
62 49 18
20 52 11
39 65 2
4 44 14
23 57 -17
97 6 15
55 9 8
96 47 -13
13 49 -17
99 52 13
16 54 11
57 55 10
76 68 16
48 6 11
6 9 1
92 49 -11
50 52 8
69 65 3
8 55 7
27 68 13
11 60 -11
85 9 -4
30 73 -19
2 11 18
43 12 14
84 50 9
1 15 19
87 55 3
4 57 -15
78 6 13
64 71 19
36 9 -4
55 22 16
96 60 -19
22 74 10
99 65 -6
38 55 7
57 68 -20
98 69 15
29 6 2
15 71 20
73 12 11
18 76 2
31 15 -1
91 66 8
75 58 -15
8 68 -9
94 71 20
66 9 -4
11 73 5
85 22 -18
52 74 -17
24 12 19
43 25 17
84 63 17
1 28 11
87 68 8
45 71 15
64 84 14
17 9 -16
58 10 -6
3 74 -8
77 23 -20
22 87 20
61 15 -6
80 28 -14
38 68 -7
79 69 -6
98 82 -12
82 74 -3
54 12 14
73 25 3
18 89 7
12 15 -8
31 28 -3
91 79 15
75 71 10
94 84 13
88 10 4
33 74 -2
52 87 -11
24 25 -5
65 26 -8
10 90 7
68 31 19
26 34 11
67 72 -5
86 85 -7
58 23 -9
3 87 -16
89 90 -12
77 36 -1
42 15 1
61 28 8
47 93 19
80 41 -9
0 18 -14
19 31 -7
79 82 13
63 74 -9
82 87 -20
54 25 -13
95 26 20
40 90 -10
21 77 -1
12 28 9
53 29 -16
72 42 -11
56 34 18
88 23 13
33 87 -10
74 88 13
46 26 14
65 39 4
49 31 3
68 44 -6
7 34 -5
26 47 -19
67 85 8
86 98 14
70 90 9
42 28 -10
83 29 5
28 93 17
0 31 1
19 44 -15
60 45 -18
63 87 -5
21 90 -3
95 39 -17
34 29 14
53 42 -20
72 55 -9
37 34 12
56 47 13
14 50 5
13 91 -2
46 39 13
16 96 -13
90 45 11
49 44 -18
7 47 -1
92 91 -17
9 93 -4
83 42 6
41 45 -9
60 58 -16
25 37 -2
44 50 -13
2 53 -12
76 2 18
34 42 -20
37 47 11
78 48 -11
97 61 -1
14 63 2
55 64 16
27 2 -20
30 7 -7
71 45 -7
90 58 20
29 48 -11
48 61 -6
6 64 14
23 4 4
64 5 6
41 58 19
25 50 -15
44 63 17
85 64 14
57 2 -13
2 66 -4
43 67 -4
76 15 -3
15 5 8
18 10 18
59 48 -20
78 61 11
97 74 20
17 51 7
91 0 -8
36 64 12
55 77 9
8 2 16
94 5 14
11 7 3
52 8 -10
71 58 -9
29 61 -6
87 2 10
73 67 -19
6 77 -19
45 5 -20
64 18 6
3 8 10
22 21 3
66 64 10
85 77 20
38 2 -19
79 3 -9
24 67 13
98 16 18
43 80 14
82 8 3
15 18 -19
1 83 -17
18 23 17
59 61 8
17 64 -19
91 13 15
36 77 13
77 78 -19
75 5 18
94 18 -2
80 83 -17
33 8 -9
52 21 1
10 24 7
54 67 4
73 80 17
12 70 -2
45 18 -7
86 19 -7
31 83 -11
3 21 6
89 24 13
66 77 12
79 16 -18
24 80 18
98 29 7
65 81 20
63 8 5
82 21 1
68 86 2
1 96 20
21 11 -17
40 24 8
58 78 -13
77 91 9
75 18 -19
42 70 -14
61 83 -8
80 96 -5
33 21 -6
74 22 -19
19 86 13
93 35 14
10 37 -12
51 38 -1
54 80 1
95 81 -18
67 19 6
12 83 -15
86 32 -1
31 96 8
72 97 4
70 24 8
89 37 9
28 27 -20
88 78 -19
47 40 11
46 81 -7
5 43 -3
65 94 -8
63 21 7
49 86 -8
68 99 -6
21 24 -13
40 37 4
81 38 -3
7 89 7
58 91 18
42 83 17
61 96 -12
0 86 2
74 35 2
19 99 17
93 48 18
13 25 -2
32 38 -18
35 43 -20
95 94 2
67 32 14
34 84 8
53 97 -2
70 37 11
37 89 -5
9 27 1
28 40 3
88 91 -1
46 94 -13
5 56 11
49 99 -12
62 38 -17
81 51 -3
20 41 -1
39 54 11
23 46 -18
83 97 1
0 99 12
96 36 -7
13 38 -20
99 41 -4
32 51 13
16 43 -16
35 56 3
76 57 2
34 97 12
92 38 9
9 40 9
50 41 20
69 54 17
27 57 -7
30 62 -17
2 0 -6
62 51 13
20 54 14
39 67 -10
4 46 1
23 59 -7
97 8 2
96 49 -9
55 11 -12
99 54 -3
38 44 9
76 70 -8
15 60 2
48 8 -5
6 11 6
92 51 -11
18 65 15
50 54 15
91 55 -2
8 57 9
27 70 3
11 62 1
85 11 19
30 75 15
24 1 -1
84 52 -11
43 14 2
87 57 14
1 17 -20
4 59 -2
45 60 -13
78 8 19
64 73 -4
36 11 19
77 12 5
22 76 -14
80 17 15
38 57 -5
57 70 10
98 71 20
15 73 -14
54 1 -1
73 14 6
18 78 -4
31 17 10
91 68 18
75 60 -4
94 73 6
66 11 -19
11 75 -9
52 76 18
24 14 11
43 27 -1
84 65 2
10 79 15
87 70 -6
1 30 20
45 73 12
64 86 4
17 11 19
58 12 -11
3 76 14
77 25 4
22 89 -19
61 17 5
80 30 3
19 20 -5
79 71 17
98 84 -3
82 76 -7
54 14 -17
40 79 -8
73 27 2
12 17 -18
31 30 -1
72 31 -17
75 73 -11
88 12 -11
33 76 -12
52 89 9
93 90 11
46 15 -17
65 28 -17
10 92 -15
49 20 -19
68 33 3
67 74 13
26 36 13
86 87 5
70 79 7
3 89 -4
89 92 -3
58 25 -10
42 17 -2
61 30 -13
47 95 -14
0 20 6
19 33 18
5 98 1
79 84 -11
63 76 12
82 89 -9
21 79 -19
95 28 -1
40 92 19
12 30 -3
53 31 -15
72 44 18
56 36 19
14 39 -8
33 89 17
74 90 -6
88 25 18
46 28 -13
32 93 -6
65 41 -4
49 33 -9
68 46 -19
35 98 1
7 36 -9
26 49 8
67 87 -10
70 92 1
42 30 16
9 82 -19
83 31 -3
28 95 -16
0 33 -9
41 34 8
60 47 2
44 39 -15
21 92 -18
95 41 6
62 93 1
34 31 -1
53 44 -1
37 36 12
56 49 11
97 50 -9
14 52 7
13 93 -13
71 34 -20
16 98 4
90 47 -18
7 49 18
48 50 -3
92 93 13
6 53 2
39 1 15
9 95 19
83 44 -4
41 47 20
25 39 6
44 52 16
2 55 -17
76 4 12
34 44 17
37 49 -15
78 50 -6
97 63 -13
36 53 10
69 1 -11
55 66 10
27 4 13
71 47 4
30 9 -16
90 60 -19
29 50 8
48 63 15
6 66 20
64 7 15
22 10 -3
25 52 -7
99 1 -9
66 53 4
85 66 -10
57 4 -10
98 5 11
43 69 17
2 68 -15
15 7 7
1 72 20
18 12 3
59 50 13
78 63 -16
17 53 -14
91 2 13
36 66 -16
55 79 8
8 4 4
94 7 -10
11 9 -16
52 10 -12
29 63 17
87 4 -7
73 69 13
45 7 -13
31 72 10
64 20 -2
3 10 5
22 23 1
85 79 -7
38 4 17
79 5 1
24 69 16
98 18 1
43 82 -6
82 10 5
1 85 -12
59 63 -1
17 66 -6
91 15 16
58 67 -12
77 80 18
75 7 10
94 20 5
61 72 9
80 85 17
33 10 14
52 23 8
10 26 -16
54 69 -17
73 82 -6
67 8 -5
12 72 -18
86 21 -18
31 85 -18
70 13 -10
3 23 -19
89 26 3
47 29 2
88 67 3
79 18 -11
24 82 -6
65 83 -12
63 10 -4
82 23 7
68 88 -17
21 13 -16
40 26 16
58 80 11
77 93 8
42 72 2
61 85 -16
80 98 7
0 75 -11
74 24 18
19 88 12
93 37 -9
33 23 -10
10 39 16
51 40 -16
54 82 4
95 83 20
67 21 19
12 85 -15
86 34 14
53 86 10
72 99 6
70 26 11
89 39 6
56 91 14
28 29 -14
47 42 16
88 80 12
5 45 12
46 83 -10
65 96 -14
63 23 -1
49 88 15
21 26 -11
62 27 -18
7 91 -14
81 40 -10
39 43 4
42 85 7
83 86 12
0 88 2
74 37 -2
13 27 -8
32 40 -3
51 53 5
16 32 1
35 45 7
95 96 12
34 86 8
53 99 -20
92 27 -3
37 91 13
9 29 -9
28 42 3
69 43 -4
46 96 -3
5 58 -4
62 40 -4
81 53 -18
20 43 10
39 56 13
23 48 17
83 99 -6
96 38 -17
55 0 -15
13 40 5
99 43 13
25 94 10
16 45 -16
35 58 -16
76 59 -7
34 99 5
6 0 5
92 40 -2
50 43 -12
69 56 2
8 46 -3
27 59 12
11 51 -13
85 0 -19
30 64 -9
84 41 -5
43 3 -13
20 56 14
4 48 16
23 61 12
97 10 -19
64 62 -8
36 0 14
96 51 -11
55 13 -9
99 56 5
38 46 9
57 59 -8
76 72 1
15 62 -4
73 3 14
18 67 -13
6 13 4
50 56 18
91 57 -5
8 59 10
94 62 -16
27 72 18
66 0 11
11 64 15
85 13 -1
30 77 -11
24 3 -17
84 54 -7
43 16 -15
87 59 -7
1 19 9
4 61 7
45 62 4
64 75 12
17 0 14
36 13 -5
77 14 -1
3 65 -4
22 78 20
80 19 -16
38 59 16
57 72 6
98 73 19
15 75 -11
54 3 -14
73 16 -10
18 80 -5
12 6 -6
31 19 3
91 70 14
75 62 18
94 75 12
33 65 -15
66 13 6
52 78 20
24 16 -12
65 17 -19
10 81 12
68 22 -12
1 32 11
45 75 -20
86 76 7
58 14 4
3 78 4
77 27 -10
89 81 -3
22 91 4
42 6 8
61 19 5
80 32 -5
19 22 -18
79 73 -20
98 86 -6
63 65 -18
82 78 15
54 16 17
95 17 -12
40 81 -18
12 19 -6
31 32 -13
72 33 12
88 14 -5
33 78 8
52 91 -2
93 92 -12
46 17 12
65 30 15
10 94 -14
51 95 -12
49 22 7
68 35 6
7 25 13
67 76 -8
26 38 16
86 89 -9
70 81 1
58 27 10
89 94 20
42 19 10
28 84 -16
61 32 -19
47 97 -17
0 22 20
19 35 13
60 36 -16
63 78 20
82 91 17
21 81 8
95 30 5
40 94 15
81 95 12
34 20 8
53 33 -12
72 46 8
37 25 18
56 38 14
14 41 6
88 27 8
74 92 8
46 30 18
32 95 -13
49 35 -11
90 36 -4
7 38 15
67 89 5
26 51 -15
70 94 9
9 84 -12
83 33 14
28 97 5
0 35 18
41 36 8
60 49 18
44 41 -7
2 44 4
21 94 -10
62 95 -11
34 33 12
20 98 -12
53 46 -9
37 38 -14
56 51 -6
97 52 14
14 54 18
13 95 -17
71 36 6
90 49 20
29 39 -13
48 52 -1
92 95 -12
6 55 -3
9 97 3
50 98 -1
83 46 -20
41 49 3
25 41 13
44 54 6
85 55 -16
2 57 16
76 6 16
18 1 15
59 39 20
78 52 -5
97 65 -16
36 55 3
55 68 11
27 6 5
71 49 -6
30 11 14
29 52 -8
48 65 -14
6 68 -7
64 9 -4
22 12 17
25 54 -1
66 55 8
85 68 20
24 58 -17
98 7 -19
43 71 -18
57 6 14
15 9 2
1 74 -10
59 52 8
18 14 -4
78 65 5
17 55 -19
91 4 12
36 68 -5
77 69 -16
94 9 5
80 74 8
52 12 -7
10 15 -13
84 1 -3
54 58 -13
87 6 -20
73 71 -11
45 9 11
86 10 -7
31 74 2
3 12 -19
22 25 -5
66 68 -6
79 7 -14
24 71 17
98 20 15
43 84 -18
82 12 15
1 87 -20
40 15 -6
17 68 7
58 69 -18
77 82 -14
75 9 16
61 74 14
80 87 -12
33 12 -10
19 77 15
93 26 -14
52 25 -1
10 28 8
54 71 -7
73 84 3
67 10 11
12 74 3
86 23 -11
31 87 4
72 88 4
70 15 9
3 25 -3
89 28 -19
47 31 -15
88 69 -11
79 20 -4
5 34 -7
46 72 -5
65 85 9
63 12 11
49 77 -10
82 25 4
68 90 -3
21 15 14
40 28 7
26 93 17
58 82 4
42 74 13
61 87 19
0 77 12
74 26 -19
19 90 6
93 39 -4
32 29 -16
51 42 10
35 34 -10
95 85 -1
67 23 2
12 87 -1
53 88 -15
70 28 -15
56 93 -16
9 18 3
28 31 15
88 82 17
47 44 3
46 85 7
5 47 -11
65 98 -4
49 90 -4
21 28 -14
62 29 2
7 93 14
81 42 -5
39 45 -1
42 87 -11
83 88 -20
0 90 -14
41 91 7
74 39 16
13 29 -9
32 42 2
51 55 -1
16 34 -19
35 47 17
95 98 9
34 88 17
92 29 -16
37 93 -16
9 31 17
28 44 16
69 45 1
27 48 17
30 53 12
71 91 5
62 42 7
81 55 19
20 45 8
39 58 -8
4 37 3
23 50 3
96 40 -3
55 2 -19
13 42 4
99 45 14
25 96 -6
16 47 1
57 48 -14
76 61 11
92 42 -20
6 2 4
50 45 20
69 58 14
8 48 3
27 61 -4
11 53 20
85 2 3
30 66 13
2 4 17
84 43 -11
43 5 -7
1 8 -10
20 58 19
87 48 -5
4 50 -14
23 63 -5
36 2 14
22 67 14
55 15 6
96 53 9
99 58 4
38 48 10
57 61 -16
76 74 -17
15 64 -1
73 5 7
18 69 20
31 8 4
91 59 5
8 61 16
94 64 16
66 2 -20
11 66 1
52 67 8
85 15 18
24 5 18
84 56 -19
43 18 -5
1 21 6
87 61 -15
45 64 -9
64 77 18
17 2 -9
58 3 11
3 67 7
77 16 6
22 80 -16
61 8 3
80 21 -10
38 61 -16
79 62 -10
98 75 4
82 67 -17
15 77 1
54 5 -11
73 18 2
18 82 -17
12 8 15
31 21 -13
91 72 5
75 64 -4
94 77 -6
88 3 18
33 67 -16
52 80 10
24 18 -4
65 19 -20
10 83 6
68 24 -7
26 27 -1
45 77 -12
86 78 6
58 16 -7
3 80 4
89 83 -17
77 29 11
42 8 -3
61 21 -13
47 86 -16
80 34 -19
0 11 15
19 24 20
79 75 9
98 88 13
63 67 -15
82 80 16
21 70 -14
95 19 -19
40 83 -17
54 18 8
12 21 17
53 22 4
72 35 -14
56 27 15
75 77 -1
88 16 19
33 80 16
74 81 -2
93 94 4
46 19 13
65 32 2
10 96 -5
51 97 5
49 24 -1
68 37 14
7 27 10
26 40 1
67 78 -15
86 91 -10
70 83 16
89 96 -9
42 21 -4
83 22 -8
28 86 8
47 99 9
0 24 -10
19 37 14
60 38 3
63 80 -19
21 83 2
95 32 -2
40 96 -13
81 97 15
34 22 -16
53 35 -17
72 48 9
37 27 -1
56 40 -13
14 43 -12
74 94 4
13 84 16
46 32 -14
32 97 11
49 37 -11
16 89 -1
90 38 7
7 40 -18
48 41 6
67 91 8
70 96 -17
9 86 13
83 35 -18
28 99 -12
41 38 -20
60 51 -10
25 30 -19
44 43 15
2 46 2
62 97 -13
34 35 13
37 40 -13
78 41 -17
97 54 6
14 56 -17
55 57 -15
96 95 -16
13 97 -1
30 0 10
71 38 18
90 51 -5
29 41 1
48 54 14
6 57 -15
92 97 -15
9 99 -20
41 51 5
25 43 14
44 56 3
85 57 -11
2 59 17
43 60 -15
76 8 -8
59 41 -11
18 3 -20
78 54 -4
97 67 18
17 44 4
36 57 9
55 70 12
27 8 18
11 0 7
71 51 17
30 13 -13
29 54 4
73 60 10
6 70 20
64 11 -17
3 1 -11
22 14 4
66 57 -16
85 70 5
24 60 -2
98 9 -8
43 73 12
15 11 -9
1 76 -13
18 16 -8
59 54 -3
17 57 -6
91 6 6
36 70 -5
77 71 5
94 11 4
80 76 12
33 1 20
52 14 3
10 17 15
54 60 12
45 11 -10
12 63 -9
31 76 15
86 12 18
3 14 9
89 17 -15
22 27 -2
66 70 -16
79 9 -11
24 73 -8
65 74 -11
98 22 -10
63 1 -18
82 14 -1
1 89 1
40 17 19
58 71 11
77 84 1
75 11 14
42 63 5
61 76 12
80 89 -13
33 14 -20
19 79 -2
93 28 -2
52 27 18
10 30 5
51 31 18
54 73 15
95 74 -3
67 12 20
12 76 -3
86 25 -6
31 89 10
72 90 -5
70 17 -17
89 30 -1
28 20 -16
88 71 4
47 33 -8
5 36 2
46 74 8
65 87 6
63 14 8
49 79 -5
68 92 16
21 17 -2
40 30 -14
81 31 -9
26 95 -13
58 84 -16
42 76 -8
61 89 15
0 79 10
74 28 -16
19 92 -3
93 41 -17
32 31 -13
51 44 18
35 36 -6
95 87 2
67 25 7
34 77 17
53 90 11
70 30 -3
37 82 1
56 95 -9
9 20 -15
28 33 17
14 98 20
88 84 -8
47 46 6
46 87 14
5 49 20
49 92 15
90 93 -15
21 30 -17
62 31 6
7 95 -17
81 44 -17
20 34 -9
39 47 5
23 39 2
83 90 19
0 92 15
41 93 -13
13 31 18
32 44 -1
44 98 2
16 36 -12
35 49 2
76 50 9
34 90 -17
92 31 16
37 95 -13
9 33 -12
50 34 -8
69 47 -16
27 50 20
71 93 15
30 55 12
62 44 10
20 47 17
39 60 7
4 39 13
23 52 11
97 1 12
55 4 -11
96 42 18
13 44 13
25 98 10
99 47 4
16 49 20
57 50 15
76 63 6
15 53 -1
48 1 20
6 4 -16
18 58 9
59 96 8
92 44 2
50 47 20
69 60 -20
8 50 1
27 63 1
11 55 -6
85 4 1
30 68 -8
84 45 19
43 7 -10
87 50 17
1 10 -1
4 52 16
45 53 6
78 1 12
64 66 7
36 4 18
77 5 -19
22 69 9
80 10 -18
99 60 19
38 50 18
57 63 -1
98 64 -14
15 66 -5
73 7 2
18 71 17
31 10 -10
91 61 -19
75 53 18
8 63 -9
94 66 -2
66 4 13
11 68 -11
52 69 -15
24 7 12
84 58 17
10 72 14
43 20 -3
87 63 -6
1 23 -5
45 66 20
64 79 16
17 4 4
58 5 11
3 69 -11
77 18 18
22 82 -14
61 10 8
80 23 16
19 13 -1
38 63 -14
79 64 -6
98 77 -4
82 69 -13
54 7 -3
73 20 -2
40 72 -3
12 10 3
31 23 14
72 24 2
91 74 8
75 66 -7
94 79 9
88 5 4
33 69 4
52 82 12
93 83 -4
46 8 10
65 21 8
10 85 19
49 13 4
68 26 -13
26 29 4
86 80 3
58 18 13
3 82 -18
89 85 5
70 72 -12
42 10 -3
61 23 -19
47 88 5
0 13 -13
19 26 1
79 77 -8
5 91 1
63 69 19
21 72 -15
95 21 12
40 85 -6
12 23 11
53 24 20
72 37 8
56 29 -3
88 18 20
33 82 1
74 83 8
93 96 -5
46 21 2
32 86 18
65 34 1
51 99 -3
49 26 -10
35 91 -2
68 39 -10
7 29 -15
67 80 7
26 42 -1
86 93 3
70 85 -20
89 98 6
9 75 -5
83 24 4
28 88 6
42 23 -9
0 26 -12
41 27 -13
60 40 -1
44 32 16
63 82 -6
21 85 -2
62 86 -18
95 34 -10
81 99 6
34 24 -18
53 37 8
37 29 18
56 42 16
97 43 -4
14 45 7
74 96 3
13 86 -2
32 99 1
71 27 -2
16 91 15
90 40 -12
7 42 15
48 43 -8
92 86 -1
9 88 -12
83 37 -4
41 40 -11
60 53 -16
25 32 -1
44 45 -1
2 48 6
62 99 8
34 37 6
4 94 -13
37 42 9
78 43 4
97 56 -1
36 46 -4
55 59 -19
96 97 -17
13 99 -4
30 2 7
71 40 -8
90 53 2
29 43 7
48 56 16
92 99 -4
6 59 6
64 0 -17
22 3 -9
25 45 -20
66 46 -18
85 59 -11
2 61 7
43 62 20
76 10 15
15 0 -9
18 5 12
59 43 -7
78 56 -19
17 46 7
36 59 12
55 72 -3
94 0 -10
11 2 -17
52 3 -15
29 56 10
73 62 18
45 0 -4
64 13 12
22 16 -2
66 59 9
85 72 -11
24 62 12
98 11 15
43 75 8
82 3 -7
15 13 16
1 78 14
59 56 17
17 59 11
91 8 16
58 60 -12
77 73 16
75 0 11
61 65 -12
94 13 15
80 78 -14
33 3 -18
52 16 -11
10 19 16
54 62 5
73 75 20
12 65 -13
86 14 1
31 78 -2
45 13 5
3 16 11
89 19 6
88 60 -20
47 22 5
79 11 -11
24 75 -9
65 76 -2
63 3 19
82 16 18
68 81 -13
1 91 19
21 6 -14
40 19 -2
58 73 1
77 86 -15
42 65 11
61 78 14
80 91 -9
33 16 -7
74 17 6
19 81 11
93 30 -17
10 32 -11
51 33 8
54 75 6
95 76 1
67 14 -6
12 78 16
86 27 -14
72 92 1
70 19 -4
89 32 20
28 22 7
88 73 -20
47 35 -12
5 38 -15
46 76 9
65 89 -12
63 16 -2
49 81 16
68 94 15
21 19 -11
40 32 -17
81 33 -2
7 84 -16
26 97 -1
39 36 20
42 78 7
83 79 -9
0 81 4
74 30 -4
19 94 9
93 43 17
60 95 -19
13 20 8
32 33 -18
51 46 1
16 25 17
35 38 -16
95 89 -14
34 79 13
53 92 8
37 84 -3
70 32 20
56 97 19
9 22 4
28 35 -12
69 36 3
5 51 20
46 89 -5
49 94 -1
90 95 5
62 33 17
7 97 -1
81 46 7
20 36 4
39 49 -6
23 41 -10
83 92 -9
96 31 -16
41 95 4
13 33 -2
99 36 6
32 46 -12
16 38 4
35 51 -18
76 52 -11
34 92 7
92 33 -9
37 97 13
9 35 -12
50 36 -11
69 49 7
8 39 9
27 52 12
11 44 -12
71 95 -20
30 57 4
62 46 5
29 98 -12
20 49 -17
4 41 -19
23 54 -11
64 55 3
97 3 -16
55 6 11
96 44 9
99 49 19
38 39 3
57 52 8
76 65 -8
15 55 -18
18 60 -14
59 98 18
50 49 -19
91 50 -10
8 52 -4
94 55 -20
27 65 17
11 57 4
85 6 -8
30 70 11
43 9 -8
84 47 1
87 52 -17
1 12 15
4 54 16
45 55 19
64 68 -6
3 58 2
36 6 -18
22 71 -5
77 7 -5
80 12 17
38 52 -1
57 65 -3
98 66 3
15 68 -20
73 9 20
18 73 -20
31 12 11
91 63 -14
75 55 9
94 68 19
66 6 -19
33 58 -13
52 71 12
24 9 -19
65 10 19
84 60 6
10 74 4
68 15 -9
87 65 -4
1 25 5
45 68 14
86 69 -4
58 7 -17
3 71 20
77 20 -18
89 74 -9
22 84 -19
61 12 -16
80 25 -3
19 15 18
79 66 19
98 79 -16
63 58 -4
82 71 19
54 9 -15
95 10 15
40 74 9
31 25 11
72 26 -16
75 68 -16
88 7 14
33 71 4
52 84 15
93 85 -12
46 10 12
65 23 1
10 87 -16
51 88 4
49 15 12
68 28 -11
7 18 -3
26 31 -7
67 69 -6
86 82 -19
70 74 10
58 20 3
89 87 12
42 12 7
61 25 15
28 77 9
47 90 -12
0 15 13
19 28 -8
60 29 17
5 93 3
63 71 -19
82 84 -18
21 74 1
95 23 16
40 87 -6
81 88 -10
34 13 13
53 26 6
72 39 -9
37 18 -13
56 31 1
88 20 -17
14 34 -10
74 85 13
93 98 -15
46 23 -9
32 88 -18
49 28 3
90 29 13
35 93 -10
7 31 -4
26 44 16
67 82 11
70 87 15
9 77 -4
83 26 -9
28 90 16
0 28 -17
41 29 20
60 42 -14
44 34 18
21 87 -12
62 88 -6
34 26 19
20 91 8
53 39 4
37 31 9
56 44 -1
97 45 -16
23 96 14
14 47 -1
74 98 -3
