100 4950 1
16 93 19
48 45 7
6 48 2
50 91 -5
44 47 -19
97 58 15
48 58 9
6 61 -6
25 47 10
66 48 -19
85 61 -13
43 64 -1
18 7 -8
78 58 12
94 2 12
11 4 20
52 5 13
10 8 18
73 64 1
45 2 2
64 15 10
31 67 -7
3 5 -19
22 18 -16
24 64 -8
1 80 -15
40 8 -11
17 61 3
77 75 -1
75 2 12
94 15 -1
61 67 -16
33 5 15
52 18 -15
93 19 -11
10 21 -19
73 77 18
3 18 14
88 62 8
5 27 1
79 13 7
65 78 4
26 86 -15
42 67 4
80 93 10
93 32 12
86 29 -11
53 81 7
72 94 -18
28 24 19
88 75 -18
47 37 -19
46 78 19
63 18 -14
49 83 -1
81 35 -6
42 80 -20
0 83 8
74 32 3
60 97 2
13 22 11
51 48 -19
16 27 18
53 94 -2
92 22 12
37 86 -9
56 99 18
69 38 -20
27 41 -15
30 46 9
62 35 16
81 48 -14
20 38 14
39 51 1
23 43 -19
83 94 7
34 94 13
37 99 -10
50 38 8
69 51 2
8 41 -14
11 46 4
30 59 -18
71 97 -12
84 36 4
87 41 5
4 43 17
96 46 -18
99 51 -9
76 67 10
15 57 -10
31 1 -15
50 51 2
91 52 -1
8 54 13
11 59 20
52 60 -8
87 54 13
22 73 14
80 14 -20
79 55 5
82 60 16
75 57 2
33 60 -15
52 73 -11
24 11 -10
45 70 -9
58 9 1
3 73 -2
77 22 -2
42 1 -12
47 79 14
0 4 13
19 17 16
79 68 -16
82 73 -12
21 63 2
54 11 -9
53 15 14
72 28 7
75 70 5
33 73 3
65 25 17
51 90 -19
49 17 -6
68 30 -10
7 20 -5
26 33 15
67 71 -20
0 17 -19
19 30 -15
5 95 -12
63 73 -6
21 76 11
40 89 14
81 90 -18
37 20 -12
46 25 -2
49 30 -16
16 82 -19
7 33 8
28 92 -3
25 23 11
44 36 17
2 39 -15
62 90 10
37 33 18
78 34 2
97 47 11
14 49 1
55 50 10
99 93 -2
16 95 -8
29 34 9
48 47 7
6 50 -2
92 90 17
9 92 -14
8 96 18
41 44 16
85 50 7
59 34 17
97 60 -15
27 1 -1
29 47 -2
64 4 5
85 63 -17
24 53 -4
43 66 -14
15 4 10
17 50 19
52 7 17
87 1 -15
73 66 -16
45 4 -5
86 5 11
31 69 -8
22 20 14
66 63 17
1 82 -20
58 64 -1
75 4 -10
61 69 -15
80 82 -3
33 7 8
19 72 3
52 20 16
10 23 -15
51 24 -16
67 5 15
12 69 14
86 18 -13
31 82 16
88 64 18
47 26 -2
65 80 -8
68 85 4
21 10 8
40 23 -20
42 69 12
19 85 2
93 34 -2
95 80 7
70 23 -15
9 13 -15
88 77 -17
46 80 20
65 93 1
68 98 -3
21 23 1
62 24 14
23 32 -13
0 85 -20
74 34 15
60 99 -2
13 24 17
32 37 -12
44 91 -2
16 29 13
35 42 -20
76 43 16
34 83 -20
92 24 -5
37 88 14
9 26 16
30 48 -15
71 86 -5
20 40 -8
39 53 -9
4 32 -19
23 45 -3
83 96 10
96 35 15
13 37 -20
99 40 -19
16 42 -5
34 96 5
92 37 13
50 40 -12
8 43 14
27 56 12
11 48 2
84 38 20
1 3 -5
87 43 -20
4 45 -3
22 62 -12
99 53 12
38 43 1
57 56 9
98 57 13
15 59 -2
31 3 5
8 56 11
11 61 -17
52 62 5
43 13 13
77 11 4
61 3 2
73 13 10
40 65 6
12 3 2
31 16 -20
75 59 13
94 72 17
33 62 12
52 75 14
93 76 3
46 1 -1
65 14 -14
49 6 13
26 22 -11
86 73 8
58 11 8
3 75 -19
47 81 -20
0 6 -7
79 70 20
63 62 -18
82 75 19
95 14 -20
53 17 -8
72 30 12
88 11 4
33 75 14
93 89 -13
65 27 7
32 79 -14
49 19 -13
35 84 -3
68 32 20
26 35 14
89 91 13
9 68 -11
42 16 11
28 81 6
47 94 9
0 19 -3
5 97 18
63 75 -9
21 78 15
34 17 20
53 30 -13
39 95 -1
37 22 16
56 35 -9
14 38 15
13 79 9
32 92 7
71 20 -15
16 84 -11
90 33 -6
7 35 6
41 33 8
62 92 15
20 95 19
97 49 -19
14 51 -4
96 90 19
71 33 -20
29 36 11
6 52 -17
8 98 -1
44 51 7
85 52 2
2 54 -9
78 49 -8
55 65 4
38 98 4
29 49 -2
73 55 -18
64 6 -3
22 9 16
66 52 -6
24 55 -13
1 71 -2
59 49 -2
17 52 -20
91 1 -7
36 65 -5
94 6 -20
80 71 18
10 12 8
54 55 5
12 58 6
86 7 -11
31 71 4
3 9 19
89 12 -12
47 15 -20
24 68 -10
68 74 -9
1 84 11
40 12 7
58 66 -12
77 79 11
61 71 -12
33 9 9
19 74 -11
93 23 6
51 26 17
54 68 5
95 69 6
31 84 -8
70 12 -20
89 25 -1
46 69 13
63 9 4
7 77 10
81 26 1
42 71 5
61 84 6
74 23 -14
19 87 8
93 36 -10
51 39 -2
16 18 -8
35 31 7
34 72 -20
53 85 14
72 98 5
70 25 6
14 93 2
49 87 -4
7 90 12
81 39 8
23 34 17
0 87 -11
96 24 -16
41 88 18
13 26 9
34 85 15
92 26 18
71 88 12
62 39 1
20 42 4
4 34 -7
64 48 2
99 42 14
38 32 -2
57 45 -2
76 58 2
92 39 -8
59 91 7
18 53 17
50 42 -14
91 43 -19
94 48 -8
1 5 16
4 47 -2
45 48 8
64 61 2
80 5 -6
57 58 -14
98 59 -12
15 61 18
31 5 5
33 51 19
52 64 -13
24 2 -16
84 53 -3
1 18 -18
86 62 -12
58 0 11
77 13 11
19 8 4
63 51 17
82 64 16
54 2 8
31 18 7
72 19 -13
75 61 16
33 64 5
52 77 -5
93 78 16
46 3 -8
65 16 -18
10 80 -18
49 8 -8
68 21 -13
26 24 -1
67 62 -6
86 75 10
70 67 -5
61 18 -12
47 83 7
19 21 -6
5 86 1
63 64 7
82 77 10
53 19 12
56 24 -18
88 13 -6
93 91 11
46 16 -19
32 81 9
49 21 10
35 86 7
7 24 7
26 37 5
70 80 5
9 70 3
28 83 -12
0 21 5
41 22 -18
5 99 -11
44 27 14
62 81 15
81 94 11
34 19 13
20 84 -20
56 37 -3
14 40 6
74 91 -15
32 94 -18
35 99 14
7 37 5
48 38 -13
6 41 -2
9 83 -11
50 84 1
69 97 -1
41 35 -2
44 40 12
2 43 3
20 97 8
4 89 20
78 38 -5
97 51 -10
36 41 -5
13 94 5
99 97 -1
71 35 -1
29 38 19
48 51 17
6 54 -11
50 97 16
25 40 -18
85 54 15
2 56 9
1 60 13
78 51 -4
36 54 -12
55 67 14
29 51 7
22 11 -6
85 67 10
1 73 -12
40 1 -19
17 54 5
58 55 -3
61 60 20
80 73 5
52 11 19
93 12 -3
12 60 -5
31 73 11
89 14 16
47 17 15
88 55 -1
5 20 3
24 70 -3
65 71 6
82 11 -16
68 76 -6
21 1 -10
40 14 1
58 68 9
42 60 -14
74 12 -18
32 15 12
51 28 -18
54 70 3
67 9 -17
86 22 -10
72 87 4
88 68 -10
63 11 -13
49 76 18
68 89 11
21 14 12
7 79 -19
39 31 -1
42 73 -8
83 74 -12
0 76 3
19 89 -17
60 90 13
51 41 11
16 20 1
35 33 19
34 74 -12
53 87 -12
92 15 1
37 79 -10
9 17 4
28 30 12
14 95 -11
27 34 13
46 84 8
30 39 -15
62 28 -1
48 93 20
20 31 8
83 87 13
41 90 6
13 28 -8
99 31 1
44 95 -10
25 82 14
16 33 -1
57 34 -5
2 98 -7
76 47 -13
34 87 -9
92 28 -20
37 92 13
78 93 -16
69 44 -9
8 34 -2
11 39 -10
30 52 -14
84 29 11
20 44 -7
55 1 20
15 50 -19
59 93 -2
18 55 10
50 44 -14
91 45 18
52 53 11
84 42 -12
3 53 10
77 2 1
22 66 3
38 47 -9
79 48 3
82 53 -17
75 50 -1
94 63 7
52 66 -17
24 4 12
65 5 1
68 10 -8
45 63 -10
3 66 -2
89 69 -16
40 69 17
12 7 -10
31 20 -4
74 67 5
46 5 -15
49 10 3
68 23 -8
7 13 7
67 64 14
86 77 10
89 82 -8
42 7 20
28 72 4
47 85 8
19 23 8
5 88 3
63 66 3
21 69 -18
81 83 8
34 8 -19
53 21 -7
72 34 6
14 29 20
74 80 -13
35 88 8
7 26 -6
67 77 3
9 72 -1
83 21 -11
0 23 18
41 24 -6
60 37 -6
2 32 -5
62 83 -15
20 86 -8
39 99 8
37 26 12
56 39 -10
14 42 -20
55 43 -18
96 81 18
13 83 -2
71 24 8
90 37 13
29 27 -14
48 40 -1
50 86 2
41 37 19
25 29 -1
2 45 5
62 96 -11
20 99 -13
78 40 -9
97 53 4
36 43 2
55 56 3
96 94 -19
38 89 -18
29 40 20
48 53 8
92 96 12
6 56 5
50 99 -10
22 0 -15
66 43 -11
85 56 -11
84 97 6
36 56 5
80 62 16
52 0 10
10 3 -6
31 62 16
22 13 -10
66 56 7
82 0 -14
1 75 16
17 56 -7
77 70 12
61 62 1
19 65 17
10 16 -8
73 72 -1
86 11 -2
31 75 -2
70 3 -14
65 73 17
63 0 1
49 65 5
21 3 6
81 17 -15
58 70 18
0 65 -3
74 14 -18
19 78 1
67 11 15
72 89 4
70 16 -10
56 81 5
28 19 -9
14 84 12
5 35 -10
65 86 -9
49 78 -6
68 91 -4
62 17 8
81 30 -17
26 94 8
83 76 7
60 92 6
32 30 8
44 84 -11
16 22 12
76 36 3
95 86 -19
34 76 -17
56 94 -18
9 19 -8
50 20 -5
30 41 -17
7 94 -11
39 46 -9
4 25 18
23 38 2
83 89 -15
96 28 7
25 84 15
13 30 4
44 97 5
57 36 -9
76 49 8
34 89 -12
92 30 -18
50 33 12
69 46 10
8 36 20
27 49 13
30 54 -1
71 92 9
29 95 -13
87 36 6
45 39 9
64 52 3
96 41 -9
55 3 3
18 57 -19
59 95 1
75 39 19
1 9 -20
87 49 17
22 68 -3
38 49 -7
98 63 6
73 6 13
33 55 -18
10 71 14
68 12 12
26 15 12
86 66 19
58 4 -2
70 58 -4
89 71 12
61 9 7
80 22 20
79 63 -1
21 58 20
95 7 -10
12 9 4
53 10 8
72 23 -6
33 68 -3
46 7 6
65 20 19
10 84 13
51 85 16
26 28 3
67 66 -3
86 79 -12
83 10 13
47 87 19
60 26 -15
5 90 -15
63 68 -10
34 10 18
53 23 14
37 15 2
14 31 11
74 82 5
46 20 10
32 85 -12
49 25 -13
48 29 5
83 23 -14
28 87 -5
69 88 -12
41 26 -5
25 18 -5
44 31 16
81 98 -7
34 23 12
20 88 16
37 28 1
78 29 -16
97 42 15
13 85 -12
16 90 17
90 39 12
48 42 11
92 85 14
50 88 11
41 39 -19
2 47 3
43 48 -18
78 42 5
17 32 17
36 45 -20
55 58 13
71 39 4
29 42 -10
73 48 6
66 45 -17
84 99 4
1 64 -3
18 4 -3
77 59 8
12 51 20
31 64 19
24 61 7
98 10 14
68 67 18
58 59 -14
77 72 5
61 64 -8
74 3 -10
19 67 -18
51 19 20
54 61 10
95 62 -14
67 0 -15
86 13 -14
63 2 7
40 18 12
81 19 -19
7 70 10
26 83 -17
60 81 -3
93 29 -16
13 6 9
32 19 -18
35 24 -19
95 75 -6
67 13 -6
53 78 14
72 91 -7
56 83 -12
88 72 14
14 86 -5
46 75 -15
5 37 2
90 81 3
7 83 -19
81 32 18
20 22 7
23 27 -15
0 80 3
41 81 -13
60 94 -6
99 22 -7
44 86 -12
35 37 13
34 78 14
53 91 -16
92 19 16
50 22 5
14 99 -4
8 25 -8
62 32 -6
20 35 -11
4 27 11
23 40 -4
83 91 -13
96 30 -16
25 86 -10
44 99 19
38 25 -15
76 51 9
18 46 5
92 32 7
91 36 -11
94 41 6
11 43 -6
71 94 -5
84 33 -19
87 38 -2
45 41 19
64 54 17
22 57 -7
25 99 20
57 51 18
98 52 11
75 41 18
43 8 -7
87 51 -3
86 55 20
3 57 -1
77 6 -17
22 70 -15
80 11 -17
19 1 -8
79 52 1
98 65 -18
63 44 2
73 8 -1
31 11 6
72 12 -12
75 54 -17
33 57 18
10 73 -4
49 1 -6
86 68 -20
89 73 19
47 76 -1
79 65 3
5 79 -17
95 9 -1
40 73 -16
74 71 -13
46 9 -7
51 87 -18
49 14 -9
68 27 -2
7 17 1
26 30 4
67 68 -1
70 73 -12
9 63 -19
83 12 8
28 76 3
0 14 8
5 92 1
62 74 -9
95 22 15
97 31 -15
14 33 10
13 74 13
16 79 -4
35 92 -19
48 31 -1
92 74 8
83 25 13
28 89 4
27 93 20
44 33 8
30 98 6
2 36 17
34 25 16
20 90 18
37 30 11
23 95 -7
97 44 -13
36 34 9
96 85 15
99 90 18
71 28 -20
29 31 16
92 87 5
50 90 7
8 93 -5
25 33 -1
66 34 16
85 47 -20
2 49 17
84 88 -4
78 44 -13
17 34 19
36 47 5
96 98 -12
29 44 5
64 1 19
85 60 5
24 50 -13
43 63 -12
1 66 -15
17 47 4
58 48 19
61 53 15
52 4 -13
93 5 -3
10 7 7
12 53 -15
31 66 -2
89 7 8
88 48 13
82 4 -17
77 74 -19
42 53 -1
61 66 -2
93 18 18
67 2 -6
72 80 9
89 20 13
28 10 5
5 26 10
63 4 14
49 69 -1
68 82 -1
21 7 -7
7 72 19
81 21 3
26 85 -12
39 24 1
42 66 20
0 69 15
74 18 1
19 82 -2
13 8 -6
16 13 12
95 77 -5
53 80 -18
72 93 -5
56 85 2
14 88 7
46 77 -11
49 82 9
62 21 14
7 85 -1
48 86 -17
23 29 -16
83 80 -16
96 19 -15
41 83 -2
60 96 1
25 75 20
13 21 14
44 88 12
2 91 -19
76 40 4
34 80 6
92 21 -12
37 85 15
97 99 -16
50 24 -17
11 32 -9
30 45 -20
48 99 4
87 27 16
20 37 9
41 96 -10
38 27 17
57 40 -11
91 38 6
8 40 -8
94 43 6
27 53 17
1 0 -11
87 40 -6
64 56 -4
22 59 -2
80 0 -15
79 41 9
15 56 4
59 99 -18
75 43 -6
33 46 -18
52 59 2
1 13 2
22 72 17
82 59 18
12 0 -19
33 59 -2
65 11 -13
68 16 -15
7 6 17
67 57 9
26 19 4
89 75 17
42 0 -11
61 13 6
60 17 -2
21 62 18
40 75 16
34 1 -20
53 14 1
37 6 2
88 8 -14
74 73 16
51 89 -8
49 16 20
67 70 -17
26 32 4
70 75 -7
9 65 -12
28 78 -15
41 17 11
5 94 19
44 22 13
2 25 -6
21 75 19
62 76 13
81 89 -14
34 14 19
53 27 -14
39 92 12
37 19 12
23 84 12
97 33 11
14 35 7
55 36 19
13 76 9
32 89 -10
71 17 -6
90 30 -11
35 94 14
76 95 -6
48 33 -16
6 36 -1
83 27 6
50 79 6
69 92 12
25 22 10
62 89 -7
59 20 20
4 84 9
78 33 19
96 87 6
13 89 7
71 30 2
57 95 14
6 49 1
25 35 -7
66 36 -14
24 39 -19
43 52 -5
1 55 3
87 95 -9
4 97 4
78 46 16
36 49 10
77 50 1
80 55 20
22 6 -3
75 98 -5
24 52 -14
1 68 18
17 49 16
61 55 10
54 52 3
73 65 -3
72 69 11
5 15 -8
46 53 -1
82 6 -4
68 71 -6
26 74 -15
61 68 -8
0 58 -6
93 20 -18
35 15 19
72 82 -18
70 9 9
88 63 -5
46 66 3
65 79 15
68 84 -1
21 9 -4
62 10 13
7 74 -10
26 87 20
42 68 -15
83 69 -12
41 72 -6
13 10 18
32 23 -15
16 15 15
95 79 -11
37 74 -3
56 87 18
97 88 19
9 12 -18
27 29 -20
71 72 -4
62 23 -19
7 87 -9
23 31 -11
96 21 -10
41 85 16
13 23 17
25 77 -4
44 90 -7
57 29 -5
76 42 17
50 26 -2
69 39 -11
8 29 -2
71 85 19
90 98 17
84 24 -8
23 44 8
64 45 -20
22 48 -11
25 90 -19
66 91 2
76 55 -19
18 50 -3
17 91 9
91 40 -20
8 42 -12
94 45 15
84 37 -15
64 58 13
22 61 14
80 2 1
79 43 -1
15 58 -18
18 63 -8
31 2 -8
91 53 -6
68 5 15
45 58 -8
86 59 -5
3 61 13
77 10 14
47 67 -17
19 5 -19
79 56 -6
82 61 -20
53 3 -9
72 16 4
93 75 -11
65 13 -20
10 77 8
7 8 3
86 72 10
83 3 14
0 5 -16
19 18 9
5 83 20
95 13 18
81 78 -16
34 3 -16
53 16 -6
39 81 -19
37 8 5
56 21 15
14 24 -6
93 88 -6
13 65 16
46 13 -20
51 91 16
49 18 5
16 70 7
48 22 -3
70 77 -17
9 67 19
28 80 12
5 96 -7
25 11 10
44 24 -10
2 27 11
81 91 -3
20 81 -16
39 94 -19
37 21 -19
78 22 11
96 76 2
32 91 13
71 19 -6
16 83 11
90 32 -15
35 96 -4
76 97 7
29 22 -5
48 35 6
6 38 18
92 78 -9
50 81 6
69 94 -14
41 32 -20
27 97 5
85 38 12
2 40 -17
62 91 2
4 86 8
78 35 -2
23 99 -3
97 48 5
17 25 -19
96 89 -7
29 35 19
73 41 -2
6 51 13
50 94 4
66 38 17
84 92 -10
1 57 -2
59 35 -2
4 99 18
36 51 2
54 41 7
73 54 7
31 57 19
22 8 -17
66 51 16
65 55 4
98 3 -16
68 60 17
1 70 -1
77 65 5
42 44 -6
80 70 -14
10 11 14
95 55 14
12 57 -20
86 6 -13
89 11 6
47 14 12
46 55 -15
65 68 18
7 63 19
58 65 -16
42 57 -6
0 60 -9
60 74 -12
93 22 3
51 25 8
95 68 17
72 84 12
70 11 13
9 1 9
28 14 -11
14 79 -16
88 65 -5
5 30 9
46 68 10
90 74 3
81 25 14
26 89 -16
20 15 -6
39 28 -12
23 20 6
0 73 -12
60 87 1
13 12 -3
32 25 -4
16 17 4
35 30 1
76 31 13
53 84 -17
56 89 11
71 74 -5
90 87 8
20 28 -10
39 41 9
83 84 6
96 23 -4
99 28 -11
44 92 10
2 95 -10
59 77 6
78 90 4
36 93 7
8 31 -7
27 44 -20
11 36 -1
84 26 12
87 31 -16
22 50 9
25 92 7
98 45 -7
17 93 4
75 34 -12
52 50 16
84 39 16
10 53 4
54 96 -4
45 47 -13
64 60 2
3 50 6
22 63 14
79 45 -7
98 58 -8
82 50 13
73 1 -20
40 53 -20
31 4 -14
72 5 -14
75 47 -1
33 50 -20
52 63 -15
65 2 20
10 66 1
68 7 18
26 10 10
67 48 -2
86 61 -8
70 53 -19
3 63 8
5 72 18
63 50 18
82 63 -12
21 53 4
95 2 7
12 4 -12
53 5 18
72 18 17
56 10 -18
33 63 -12
74 64 3
93 77 -10
65 15 16
51 80 -16
7 10 4
67 61 11
89 79 -4
42 4 18
83 5 -13
28 69 -13
9 56 -16
47 82 -15
41 8 -20
60 21 -9
5 85 6
95 15 -11
34 5 -4
53 18 6
56 23 -18
97 24 8
14 26 -17
74 77 -9
13 67 -12
32 80 -14
51 93 -5
71 8 10
7 23 -7
92 67 -8
6 27 -20
9 69 -15
60 34 -6
25 13 3
2 29 6
62 80 -5
81 93 -8
34 18 5
20 83 -16
39 96 16
4 75 9
23 88 -8
16 85 12
57 86 20
29 24 4
48 37 1
92 80 20
25 26 11
66 27 -8
85 40 -7
20 96 20
4 88 -20
78 37 -3
36 40 -11
96 91 4
55 53 -11
38 86 11
73 43 18
50 96 5
8 99 -3
85 53 10
24 43 -11
87 99 -3
1 59 15
59 37 -8
77 54 -13
61 46 17
80 59 -4
38 99 12
54 43 7
73 56 2
31 59 -18
89 0 2
88 41 -6
47 3 -20
24 56 1
65 57 -8
68 62 -13
40 0 3
42 46 -7
61 59 11
80 72 -2
0 49 16
19 62 -14
95 57 7
86 8 3
53 60 -5
72 73 -11
70 0 -9
89 13 -12
46 57 -2
5 19 7
49 62 10
21 0 -13
40 13 19
42 59 -8
0 62 -12
19 75 17
13 1 3
35 19 4
34 60 -19
53 73 3
72 86 13
56 78 9
9 3 -10
28 16 -17
46 70 -7
81 27 11
39 30 -16
83 73 -3
13 14 -16
99 17 -9
44 81 -2
25 68 11
2 84 19
76 33 -12
34 73 -20
50 17 1
14 94 9
55 95 -4
8 20 -10
71 76 -17
30 38 -14
20 30 -16
6 95 14
4 22 -4
64 36 -1
41 89 14
44 94 11
76 46 8
15 36 -4
18 41 -2
59 79 8
78 92 15
50 30 1
91 31 4
36 95 19
8 33 4
94 36 6
27 46 18
84 28 19
29 92 9
64 49 1
66 95 -7
24 98 -19
57 46 9
15 49 -4
18 54 -16
17 95 -10
91 44 -14
75 36 -18
94 49 -11
33 39 15
54 98 -2
3 52 15
89 55 -6
80 6 10
82 52 -15
40 55 -2
72 7 13
33 52 -6
52 65 17
65 4 -12
10 68 3
26 12 19
67 50 2
86 63 -14
58 1 -14
70 55 -10
28 58 -11
60 10 13
79 60 -1
5 74 16
21 55 1
81 69 15
53 7 -16
72 20 1
56 12 15
88 1 -2
14 15 -5
74 66 16
46 4 -14
32 69 -16
51 82 -2
49 9 17
90 10 -3
35 74 -15
26 25 2
67 63 -6
9 58 -5
83 7 14
28 71 16
60 23 17
5 87 -18
44 15 -6
21 68 18
62 69 5
53 20 17
20 72 -20
39 85 18
97 26 2
13 69 -12
35 87 -10
76 88 20
6 29 -11
92 69 -4
50 72 -16
69 85 -16
85 29 -17
2 31 -15
62 82 -10
20 85 -2
39 98 -18
59 13 15
4 77 15
78 26 15
23 90 -8
36 29 -17
55 42 -18
13 82 -2
16 87 -18
57 88 8
48 39 7
50 85 -4
69 98 14
66 29 5
11 93 -7
43 45 4
84 83 -15
4 90 10
45 91 -9
77 43 -19
96 93 -6
99 98 -20
54 32 17
31 48 -14
91 99 4
66 42 14
43 58 -12
17 42 5
61 48 -13
10 2 -10
12 48 -12
31 61 18
88 43 12
5 8 -19
40 2 5
58 56 13
42 48 16
74 0 10
19 64 16
93 13 -18
51 16 10
35 8 6
95 59 4
53 62 10
56 67 -8
28 5 -3
88 56 -7
47 18 -16
5 21 -19
68 77 -1
21 2 6
81 16 13
26 80 -19
83 62 -6
60 78 12
51 29 3
35 21 18
37 67 -2
28 18 -16
14 83 2
27 22 20
30 27 12
71 65 16
62 16 -10
48 81 15
4 11 -12
23 24 -8
41 78 9
60 91 16
99 19 -19
44 83 -20
16 21 -1
2 86 3
37 80 -8
78 81 -17
97 94 -1
69 32 -5
27 35 -14
11 27 19
71 78 -14
30 40 19
90 91 -15
29 81 -9
48 94 2
87 22 5
20 32 19
6 97 11
4 24 3
64 38 20
96 27 -6
22 41 6
25 83 -14
99 32 9
44 96 -5
85 97 14
2 99 14
59 81 -4
18 43 13
78 94 11
17 84 6
50 32 -16
8 35 -6
94 38 -12
11 40 -17
52 41 1
84 30 15
29 94 2
87 35 11
45 38 14
64 51 18
22 54 -5
38 35 -1
79 36 12
15 51 4
91 46 -1
33 41 -1
52 54 7
10 57 15
45 51 19
77 3 -20
80 8 9
63 41 -20
21 44 15
72 9 -19
56 1 -11
75 51 -16
33 54 16
93 68 5
10 70 -1
51 71 -4
68 11 -13
7 1 -2
26 14 -10
70 57 -8
47 73 -8
19 11 -9
60 12 -13
95 6 14
40 70 3
81 71 -1
72 22 -16
37 1 -8
14 17 11
13 58 -8
90 12 -17
35 76 -6
7 14 -20
48 15 8
67 65 -11
28 73 11
69 74 -14
5 89 7
44 17 -1
2 20 -20
20 74 -18
78 15 -9
23 79 -5
96 69 8
32 84 19
16 76 -15
90 25 4
92 71 13
6 31 10
8 77 14
27 90 10
44 30 14
11 82 -12
20 87 11
59 15 -8
64 93 -15
97 41 2
17 18 -6
55 44 -11
99 87 19
71 25 -19
38 77 2
57 90 19
92 84 15
6 44 -11
94 93 20
85 44 -11
43 47 -17
1 50 19
4 92 4
17 31 -8
36 44 6
80 50 -12
54 34 5
73 47 -4
84 98 -19
1 63 -13
77 58 -3
42 37 -13
61 50 -12
52 1 -18
93 2 -1
63 96 -10
51 5 -20
54 47 -12
89 4 5
47 7 6
88 45 -13
65 61 18
40 4 10
42 50 5
61 63 11
74 2 -4
95 61 -15
72 77 3
14 72 18
68 79 2
62 5 1
20 8 -14
83 64 -6
74 15 -4
60 80 4
13 5 4
44 72 -13
16 10 15
35 23 2
76 24 -4
97 83 -9
50 8 3
69 21 -16
27 24 -5
30 29 20
90 80 8
7 82 2
48 83 -8
20 21 6
6 86 -6
83 77 1
25 72 -14
99 21 -15
2 88 12
76 37 9
15 27 4
18 32 -8
97 96 17
55 99 -12
8 24 -3
11 29 -13
71 80 -2
30 42 7
84 19 -17
29 83 4
87 24 5
45 27 2
96 29 -4
38 24 16
15 40 2
18 45 -16
59 83 5
17 86 16
91 35 -19
36 99 -11
75 27 8
8 37 3
11 42 -7
52 43 17
10 46 -9
84 32 9
45 40 -5
22 56 -13
66 99 -3
98 51 20
75 40 -1
52 56 -19
93 57 2
10 59 3
68 0 -8
67 41 -8
26 3 -15
70 46 11
63 43 12
72 11 -19
93 70 1
7 3 3
67 54 -18
86 67 -12
89 72 -8
28 62 -4
81 73 -16
39 76 20
56 16 -10
74 70 15
32 73 14
51 86 14
71 1 20
16 65 4
90 14 8
35 78 16
7 16 20
69 76 -8
60 27 2
27 79 8
44 19 6
30 84 -10
34 11 6
39 89 -10
37 16 -3
78 17 -3
23 81 -12
4 68 -20
96 71 -14
13 73 9
99 76 19
71 14 12
57 79 4
48 30 6
6 33 -17
92 73 -16
8 79 -20
25 19 -16
11 84 -4
43 36 -16
87 79 -1
59 17 -5
23 94 12
64 95 20
99 89 -2
38 79 -19
57 92 -1
29 30 -4
15 95 -3
73 36 19
6 46 -14
50 89 7
11 97 19
52 98 -14
24 36 20
84 87 -12
43 49 -1
87 92 14
17 33 -13
80 52 10
82 98 -11
54 36 -12
73 49 7
12 39 -9
75 95 1
88 34 18
33 98 -2
65 50 19
58 47 9
77 60 -19
42 39 -1
61 52 -6
80 65 7
93 4 2
10 6 -9
54 49 -12
95 50 -12
12 52 -11
88 47 13
47 9 18
5 12 -12
65 63 -8
49 55 -13
81 7 -20
42 52 -20
0 55 8
19 68 9
60 69 4
51 20 10
95 63 2
34 53 -3
53 66 -7
72 79 4
70 6 19
5 25 -4
62 7 19
81 20 -1
23 15 1
96 5 20
0 68 17
13 7 2
99 10 -5
44 74 -13
16 12 -17
2 77 -15
97 85 14
69 23 7
14 87 -6
55 88 3
8 13 -4
11 18 15
71 69 -2
48 85 -8
4 15 7
64 29 5
41 82 6
99 23 20
44 87 5
38 13 -12
76 39 -1
15 29 -10
92 20 4
59 72 4
78 85 -19
97 98 -10
50 23 11
91 24 -6
94 29 18
71 82 -6
30 44 16
66 88 -18
38 26 -19
24 91 -2
17 88 2
75 29 17
94 42 18
33 32 -5
52 45 15
10 48 2
87 39 -7
54 91 -12
3 45 17
89 48 1
40 48 -3
72 0 -12
52 58 -7
93 59 -17
26 5 -17
86 56 -8
89 61 2
47 64 8
79 53 -10
82 58 -17
40 61 -16
81 62 -20
53 0 9
72 13 11
56 5 18
32 62 4
51 75 1
90 3 -5
35 67 17
9 51 20
0 2 -11
41 3 20
5 80 14
44 8 3
21 61 1
20 65 -9
37 5 -3
56 18 2
23 70 15
74 72 -20
13 62 18
48 19 20
92 62 6
50 65 16
83 13 -1
25 8 4
62 75 2
20 78 16
59 6 -18
4 70 -10
97 32 19
36 22 -13
71 16 20
16 80 7
57 81 -1
29 19 20
48 32 14
69 91 11
8 81 -8
66 22 18
2 37 11
84 76 19
59 19 -15
45 84 20
64 97 2
36 35 -12
55 48 12
96 86 -13
99 91 2
98 95 -14
15 97 -9
73 38 1
8 94 -12
66 35 13
11 99 -15
84 89 16
43 51 -6
1 54 17
45 97 2
17 35 20
58 36 10
61 41 -4
38 94 -6
54 38 -17
12 41 -14
31 54 -18
5 1 -12
65 52 15
67 98 -2
26 60 15
58 49 -16
80 67 1
93 6 1
95 52 -8
86 3 -3
46 52 -13
5 14 14
68 70 -2
7 60 -20
39 12 14
42 54 -14
83 55 1
74 6 4
19 70 -5
60 71 3
51 22 11
16 1 7
35 14 13
69 12 -19
27 15 -14
30 20 -1
62 9 7
7 73 -15
23 17 10
83 68 16
99 12 7
16 14 10
57 15 -20
78 74 -18
50 12 -12
69 25 -16
14 89 -19
11 20 -11
90 84 16
29 74 -13
87 15 2
20 25 7
6 90 -14
64 31 -13
22 34 -8
44 89 -7
38 15 -20
2 92 8
76 41 -6
43 93 17
18 36 1
50 25 -11
36 90 -11
94 31 -1
84 23 1
87 28 3
45 31 6
64 44 -6
22 47 17
79 29 -18
24 93 9
17 90 2
91 39 15
75 31 -4
94 44 11
33 34 -7
52 47 9
45 44 -6
86 45 20
3 47 15
89 50 -16
98 55 -11
63 34 -5
82 47 -9
74 48 3
93 61 20
67 45 15
26 7 -10
86 58 -5
28 53 3
47 66 -13
19 4 -19
60 5 -20
63 47 5
53 2 10
72 15 17
56 7 14
74 61 -19
13 51 7
16 56 13
35 69 7
67 58 -3
70 63 1
83 2 -3
69 67 -19
5 82 5
44 10 8
62 64 -5
56 20 19
97 21 -13
14 23 -10
13 64 -7
99 67 -6
71 5 -19
16 69 -4
90 18 -18
9 66 3
41 18 -2
27 83 -13
25 10 -1
44 23 -1
85 24 15
62 77 -2
78 21 -8
23 85 -19
96 75 5
55 37 -2
99 80 -16
57 83 -3
18 91 -3
6 37 -10
8 83 1
66 24 -2
85 37 -2
24 27 -5
84 78 17
43 40 -12
59 21 20
4 85 9
17 24 -18
38 83 13
57 96 9
98 97 4
73 40 -19
91 94 10
75 86 -18
24 40 -10
84 91 -14
87 96 -4
1 56 4
45 99 2
17 37 -17
77 51 -10
61 43 -5
63 89 4
54 40 -8
31 56 -20
75 99 6
88 38 -13
5 3 7
65 54 11
58 51 -10
0 46 19
93 8 10
51 11 11
35 3 8
53 57 -20
56 62 -7
28 0 -15
14 65 17
47 13 -17
46 54 -16
26 75 6
39 14 -14
0 59 17
41 60 -15
74 8 10
60 73 -7
44 65 19
16 3 15
35 16 -6
95 67 -12
34 57 -20
37 62 -9
97 76 -1
9 0 -2
69 14 7
27 17 -7
30 22 16
71 60 20
62 11 4
7 75 -13
48 76 2
20 14 -11
6 79 -13
23 19 -3
83 70 14
96 9 3
41 73 17
60 86 -20
25 65 -11
13 11 -12
44 78 2
76 30 7
15 20 -2
18 25 -2
37 75 9
36 79 18
69 27 11
8 17 -17
84 12 -1
29 76 20
4 19 -11
45 20 -16
22 36 -6
96 22 -19
99 27 -13
57 30 -5
98 31 -13
15 33 -5
11 35 -12
52 36 10
29 89 -10
73 95 -9
45 33 -19
3 36 -8
66 92 -4
24 95 -6
82 36 -9
40 39 -9
58 93 -8
91 41 -17
75 33 -9
61 98 5
94 46 -7
33 36 -17
52 49 -15
93 50 19
54 95 13
67 34 -12
12 98 4
70 39 17
3 49 1
88 93 15
47 55 19
80 3 -3
79 44 4
63 36 2
82 49 1
21 39 -3
40 52 4
42 98 1
74 50 14
93 63 -2
65 1 -3
51 66 18
26 9 19
67 47 -5
86 60 -12
89 65 10
28 55 9
19 6 11
60 7 -2
5 71 17
21 52 -17
62 53 3
53 4 -12
56 9 6
74 63 12
13 53 1
16 58 -11
7 9 11
48 10 20
9 55 18
83 4 14
60 20 1
2 15 5
62 66 10
34 4 6
20 69 13
39 82 4
96 64 -8
99 69 18
16 71 -8
90 20 12
76 85 -10
29 10 -6
92 66 18
50 69 -7
41 20 9
11 77 11
87 72 11
20 82 -17
78 23 -10
97 36 13
64 88 -18
17 13 19
36 26 18
99 82 18
76 98 11
29 23 9
15 88 -1
91 83 12
94 88 -7
11 90 13
85 39 18
84 80 19
87 85 -1
1 45 1
59 23 -1
45 88 -7
36 39 -3
77 40 19
3 91 -8
79 86 4
98 99 -4
12 32 10
31 45 -3
1 58 8
77 53 -1
80 58 -13
19 48 -9
79 99 3
51 0 -2
54 42 -7
95 43 2
12 45 -4
72 59 6
47 2 -7
88 40 18
46 43 12
65 56 15
49 48 1
68 61 2
7 51 15
81 0 5
58 53 15
61 58 11
60 62 -7
32 0 15
51 13 13
95 56 -17
53 59 -6
56 64 5
69 3 -16
14 67 -13
5 18 -3
49 61 -6
0 61 -12
41 62 15
60 75 19
13 0 3
99 3 6
16 5 -15
2 70 -15
76 19 12
53 72 -6
97 78 11
69 16 -12
55 81 19
8 6 3
27 19 7
29 65 15
6 81 -13
4 8 -19
23 21 11
99 16 16
44 80 -2
85 81 4
2 83 5
76 32 -6
18 27 -11
36 81 -8
55 94 2
27 32 -10
11 24 -1
30 37 18
71 75 -7
84 14 -13
48 91 9
87 19 11
6 94 -15
4 21 18
45 22 16
64 35 -17
22 38 -6
25 80 20
17 81 20
36 94 11
52 38 -18
84 27 -17
22 51 12
79 33 18
63 25 -18
40 41 13
33 38 -10
52 51 10
10 54 1
54 97 -12
86 49 -8
70 41 8
89 54 12
47 57 -17
88 95 10
79 46 -12
5 60 9
46 98 13
63 38 10
82 51 5
21 41 -14
14 1 11
65 3 -18
51 68 12
26 11 -13
70 54 4
5 73 -16
21 54 -1
62 55 -14
56 11 -17
74 65 3
51 81 12
90 9 3
7 11 13
92 55 -20
69 71 -2
41 9 5
25 1 -12
30 79 4
2 17 3
4 63 19
97 25 -4
36 15 -8
96 66 10
55 28 -20
71 9 16
29 12 -10
48 25 -6
50 71 -17
25 14 -6
66 15 13
30 92 -6
84 69 16
1 34 5
87 74 -3
59 12 15
78 25 -5
64 90 -16
17 15 -19
96 79 14
22 93 -8
57 87 19
29 25 17
8 87 -2
94 90 18
11 92 7
52 93 11
45 90 -9
58 29 20
77 42 16
61 34 -10
80 47 -11
38 87 -10
79 88 20
54 31 -3
12 34 -5
31 47 -3
58 42 10
77 55 -7
61 47 1
0 37 -18
63 93 19
54 44 -15
21 96 -16
95 45 -11
12 47 -14
56 53 4
88 42 12
5 7 15
49 50 -9
26 66 -19
42 47 10
32 2 13
51 15 6
35 7 5
34 48 -10
53 61 -5
72 74 1
56 66 5
28 4 -6
69 5 1
14 69 19
49 63 -16
7 66 -5
48 67 16
39 18 -16
23 10 16
60 77 -4
13 2 -18
25 56 6
99 5 5
76 21 -3
34 61 10
37 66 -6
69 18 9
27 21 20
11 13 15
30 26 -2
71 64 -3
84 3 -19
29 67 -8
48 80 2
6 83 5
4 10 -18
64 24 -15
96 13 19
41 77 -15
99 18 -1
44 82 -6
85 83 -12
38 8 -12
57 21 4
2 85 -9
76 34 -9
18 29 -14
97 93 20
50 18 2
36 83 -12
8 21 10
94 24 -3
87 21 -16
6 96 -5
45 24 -4
64 37 -20
22 40 13
66 83 -16
85 96 -19
38 21 20
79 22 19
98 35 2
43 99 7
15 37 -5
18 42 -18
59 80 -4
91 32 7
36 96 18
77 97 -5
94 37 2
52 40 -2
54 86 10
45 37 1
86 38 17
89 43 3
79 35 -18
63 27 -9
82 40 19
58 97 -12
75 37 -16
42 89 1
33 40 4
74 41 -17
54 99 -2
67 38 -15
47 59 5
63 40 -2
21 43 -20
40 56 -11
81 57 7
93 67 4
51 70 -19
35 62 -12
7 0 12
70 56 -8
9 46 13
47 72 -11
60 11 18
5 75 4
44 3 20
2 6 4
81 70 15
20 60 8
37 0 -18
23 65 -13
56 13 -18
97 14 -8
14 16 10
96 55 -7
55 17 -13
32 70 -18
90 11 -11
35 75 19
48 14 1
6 17 6
9 59 -12
50 60 20
25 3 4
44 16 -5
85 17 -4
2 19 11
20 73 -13
4 65 -1
23 78 -1
97 27 -10
36 17 -20
96 68 4
99 73 6
16 75 -20
57 76 -7
48 27 15
18 84 6
8 76 -16
25 16 -8
11 81 11
84 71 -7
1 36 3
59 14 10
78 27 -16
45 79 2
64 92 -17
36 30 4
80 36 10
38 76 -2
57 89 -2
54 20 14
73 33 -13
18 97 3
66 30 1
10 98 14
87 89 -18
1 49 16
17 30 -9
58 31 12
61 36 16
79 90 11
82 95 13
73 46 5
75 92 -16
88 31 12
46 34 11
65 47 -11
49 39 -17
68 52 -17
67 93 7
58 44 16
42 36 -18
61 49 20
0 39 -19
93 1 1
51 4 -10
21 98 11
95 47 -3
12 49 16
56 55 5
5 9 1
65 60 -17
68 65 -13
7 55 -11
81 4 5
26 68 -1
39 7 -8
74 1 19
41 53 -6
60 66 -11
32 4 4
35 9 18
34 50 -18
53 63 -16
56 68 16
14 71 -1
30 15 1
62 4 -3
7 68 -15
39 20 -4
23 12 -7
83 63 -12
96 2 9
25 58 -15
44 71 -19
57 10 5
2 74 15
76 23 -10
34 63 19
50 7 -11
69 20 16
36 72 11
71 66 11
87 10 -13
64 26 -8
25 71 8
66 72 1
99 20 -18
2 87 -5
98 24 -9
43 88 -17
36 85 11
55 98 -11
75 13 -2
8 23 3
94 26 -2
52 29 8
31 91 -12
3 29 -10
66 85 -12
85 98 -5
38 23 -9
79 24 -10
24 88 -10
98 37 10
15 39 -20
18 44 1
17 85 6
58 86 14
94 39 -14
61 91 -2
10 45 -20
67 27 -12
3 42 -5
88 86 -13
79 37 -1
63 29 -14
82 42 -15
21 32 -17
33 42 -17
74 43 11
0 94 19
93 56 -12
70 45 -11
28 48 -16
88 99 13
47 61 -1
81 59 -19
72 10 10
39 62 5
14 5 8
35 64 8
92 46 1
9 48 -13
28 61 -4
41 0 -9
60 13 12
5 77 19
81 72 -5
39 75 8
37 2 -2
78 3 7
23 67 15
96 57 5
55 19 11
13 59 4
99 62 -19
32 72 10
71 0 19
76 78 14
9 61 14
50 62 2
8 65 -11
41 13 4
27 78 4
78 16 -13
97 29 -4
17 6 4
36 19 -2
96 70 -6
99 75 12
57 78 -1
73 22 14
94 81 12
27 91 16
66 19 19
11 83 -3
30 96 3
24 22 -14
43 35 10
87 78 15
4 80 6
45 81 -8
64 94 6
17 19 2
36 32 -16
57 91 1
18 99 -5
12 25 -14
31 38 3
91 89 -15
75 81 -10
66 32 16
1 51 -18
87 91 17
45 94 -15
86 95 11
58 33 -4
3 97 15
61 38 3
19 41 -11
79 92 -9
63 84 2
82 97 18
54 35 -7
95 36 4
72 52 -14
75 94 -18
88 33 8
33 97 -17
46 36 -3
65 49 18
49 41 12
68 54 -16
58 46 4
42 38 7
19 54 -2
72 65 -18
56 57 7
88 46 -14
5 11 -8
46 49 -7
49 54 17
90 55 -1
7 57 2
81 6 8
23 1 -8
0 54 19
41 55 14
44 60 4
2 63 -19
35 11 -18
34 52 16
53 65 19
37 57 13
56 70 4
14 73 18
20 9 -10
39 22 11
4 1 -8
23 14 -15
83 65 -17
41 68 1
44 73 -14
85 74 18
92 6 5
18 20 5
97 84 11
91 10 1
55 87 16
27 25 10
11 17 -15
29 71 8
48 84 -11
87 12 -4
22 31 -3
66 74 13
85 87 -14
38 12 16
15 28 7
1 93 -8
59 71 -17
17 74 20
91 23 -15
77 88 -14
75 15 16
94 28 -19
52 31 3
54 77 10
87 25 7
45 28 12
64 41 11
79 26 -10
24 90 8
17 87 19
75 28 -8
33 31 15
52 44 -19
54 90 3
47 50 6
79 39 14
46 91 7
49 96 -9
82 44 10
21 34 -10
42 93 2
33 44 18
93 58 -3
32 48 -12
51 61 -17
26 4 -16
9 37 14
5 66 -13
21 47 20
13 48 -3
32 61 -20
51 74 -18
16 53 11
6 8 -17
27 67 -20
44 7 18
30 72 12
2 10 -15
62 61 15
81 74 -8
55 21 -7
96 59 8
13 61 7
16 66 13
76 80 19
92 61 7
6 21 9
8 67 -7
66 8 14
85 21 -3
2 23 -10
84 62 3
1 27 9
87 67 -9
20 77 -1
59 5 1
4 69 -5
78 18 -20
64 83 17
17 8 9
22 86 -5
96 72 17
99 77 -5
38 67 -13
57 80 17
15 83 -12
91 78 -19
8 80 -11
94 83 9
11 85 16
52 86 20
85 34 15
43 37 -6
87 80 -12
59 18 -8
45 83 10
64 96 14
17 21 2
58 22 -9
3 86 -8
77 35 7
22 99 -17
38 80 12
79 81 18
98 94 -8
82 86 20
54 24 -9
73 37 -12
12 27 -19
31 40 17
75 83 18
94 96 -2
88 22 -9
24 37 5
68 43 -4
45 96 5
61 40 -13
80 53 -16
19 43 -12
79 94 -8
63 86 12
72 54 11
56 46 13
65 51 6
49 43 12
68 56 -18
7 46 -17
26 59 -4
42 40 -7
0 43 -2
19 56 12
95 51 -9
34 41 14
37 46 4
56 59 -13
49 56 -20
48 60 5
81 8 -8
39 11 7
83 54 -16
60 70 8
2 65 16
76 14 -20
35 13 20
37 59 9
78 60 -5
97 73 -12
69 11 -13
14 75 6
8 1 16
27 14 6
90 70 -13
29 60 -20
48 73 -10
20 11 13
6 76 -14
64 17 -8
96 6 20
25 62 -4
44 75 2
85 76 -12
38 1 -19
57 14 -9
2 78 1
18 22 -11
97 86 1
50 11 11
36 76 20
8 14 16
71 70 -8
84 9 6
6 89 -14
4 16 7
45 17 -12
3 20 -11
22 33 16
38 14 7
24 79 -15
98 28 16
43 92 -6
15 30 19
1 95 10
18 35 20
80 95 -14
52 33 -19
10 36 19
73 92 -9
45 30 -11
86 31 -14
89 36 4
66 89 7
98 41 -5
40 36 20
42 82 5
61 95 -1
10 49 18
51 50 15
95 93 -2
67 31 -1
12 95 -15
86 44 1
47 52 13
46 93 1
49 98 13
82 46 -18
81 50 15
74 47 14
67 44 -11
26 6 17
9 39 -10
60 4 -8
21 49 17
62 50 16
53 1 20
20 53 -11
39 66 16
14 9 11
55 10 12
32 63 17
16 55 2
35 68 12
76 69 2
6 10 5
92 50 5
9 52 -10
69 66 14
41 4 -20
27 69 6
85 10 12
62 63 -6
39 79 -19
4 58 11
23 71 16
97 20 -6
36 10 -3
99 66 3
71 4 -4
16 68 -3
57 69 11
76 82 -12
29 7 9
15 72 11
48 20 -10
6 23 10
18 77 1
8 69 -2
27 82 -15
25 9 -16
66 10 -9
11 74 10
30 87 16
24 13 -13
1 29 12
45 72 -11
64 85 3
36 23 5
77 24 8
22 88 10
57 82 11
98 83 -8
31 29 5
75 72 11
66 23 9
52 88 -7
24 26 6
84 77 18
1 42 -18
87 82 19
45 85 6
17 23 4
3 88 -1
77 37 19
80 42 -8
19 32 3
54 26 18
73 39 15
12 29 -6
91 93 -9
94 98 -8
88 24 -16
33 88 -13
46 27 1
65 40 12
26 48 -14
58 37 14
61 42 -19
0 32 -1
19 45 -11
63 88 17
72 56 16
88 37 20
46 40 19
49 45 -7
68 58 -4
7 48 -9
83 43 8
41 46 1
60 59 11
51 10 -20
53 56 -3
37 48 -11
56 61 -19
14 64 -3
27 3 17
48 62 -5
83 56 -17
41 59 2
99 0 -1
57 3 14
2 67 -2
76 16 11
34 56 -1
37 61 18
50 0 -17
8 3 -13
27 16 -12
30 21 -6
48 75 -3
20 13 -19
4 5 9
23 18 15
25 64 18
66 65 2
38 3 7
57 16 -13
76 29 15
43 81 20
36 78 -2
8 16 2
52 22 7
29 75 -17
6 91 15
64 32 -4
85 91 9
79 17 7
43 94 7
91 27 -1
94 32 3
80 97 -1
33 22 -3
54 81 17
73 94 -20
45 32 -10
86 33 13
31 97 -17
12 84 13
89 38 -17
88 79 18
82 35 6
58 92 14
61 97 -16
33 35 -13
74 36 20
10 51 -13
54 94 8
12 97 17
70 38 -15
89 51 -13
28 41 -6
88 92 -8
47 54 7
46 95 14
5 57 -3
21 38 -2
40 51 5
39 55 -19
93 62 14
13 39 5
51 65 13
16 44 10
34 98 -20
67 46 -19
70 51 4
9 41 -7
2 1 -18
62 52 -4
23 60 15
97 9 -4
14 11 -9
96 50 -17
55 12 -14
13 52 -1
16 57 4
6 12 -2
92 52 8
50 55 2
69 68 3
41 6 8
27 71 1
44 11 -3
2 14 -2
43 15 16
62 65 -19
20 68 -3
78 9 -2
23 73 -3
97 22 5
96 63 -2
55 25 -14
38 58 -17
29 9 10
15 74 -15
18 79 1
6 25 -8
91 69 -9
8 71 13
94 74 -9
27 84 -17
30 89 -16
24 15 1
84 66 7
59 9 -9
45 74 -11
17 12 2
36 25 -2
77 26 18
22 90 -14
57 84 -8
98 85 16
54 15 -2
91 82 4
66 25 14
52 90 -4
24 28 -11
65 29 16
84 79 17
87 84 -9
1 44 18
89 93 -11
77 39 10
42 18 -15
79 85 -10
54 28 3
72 45 9
75 87 12
65 42 8
70 93 -11
58 39 11
19 47 4
95 42 -1
34 32 -15
72 58 -15
56 50 19
47 1 -14
88 39 -5
90 48 -2
9 96 11
83 45 -5
0 47 -8
44 53 -19
35 4 19
76 5 9
34 45 11
37 50 -5
56 63 -7
69 2 -1
71 48 8
90 61 -9
20 2 11
39 15 -9
6 67 -3
83 58 -3
41 61 19
44 66 -4
15 8 -8
18 13 -17
59 51 -13
78 64 -5
97 77 -8
50 2 -9
36 67 12
55 80 7
71 61 -20
84 0 -10
29 64 -4
48 77 -12
87 5 -11
6 80 -14
4 7 18
25 66 -11
99 15 -19
66 67 18
57 18 11
2 82 14
78 77 11
36 80 12
75 8 19
8 18 -16
94 21 3
11 23 -13
52 24 19
10 27 6
84 13 9
73 83 -7
45 21 13
64 34 9
31 86 1
22 37 12
66 80 -8
38 18 -1
79 19 8
24 83 -12
43 96 4
1 99 10
40 27 -9
77 94 4
94 34 -6
80 99 -17
33 24 5
52 37 -18
54 83 -2
73 96 17
12 86 12
86 35 -17
31 99 3
88 81 -2
65 97 5
63 24 1
42 86 10
61 99 3
93 51 -14
51 54 -20
95 97 10
86 48 2
70 40 11
89 53 20
88 94 11
47 56 -13
5 59 -12
62 41 14
39 57 -13
51 67 -5
16 46 10
9 43 -14
28 56 16
81 67 -2
39 70 7
4 49 14
55 14 -15
16 59 -7
90 8 16
57 60 19
76 73 11
48 11 14
92 54 -12
50 57 -5
69 70 10
8 60 -12
66 1 20
11 65 -19
85 14 -18
30 78 20
84 55 -19
43 17 -8
87 60 -20
78 11 -20
23 75 -12
64 76 -9
96 65 19
57 73 10
18 81 8
50 70 2
91 71 20
8 73 -18
94 76 -1
52 79 11
87 73 -17
59 11 14
17 14 -1
58 15 -4
61 20 6
79 74 4
82 79 -2
54 17 -16
73 30 14
91 84 20
94 89 -14
52 92 -11
3 92 -13
89 95 1
77 41 -7
61 33 17
80 46 7
19 36 6
79 87 -3
82 92 -20
54 30 -7
72 47 9
33 92 -1
68 49 -19
26 52 -16
60 50 20
63 92 -11
72 60 11
37 39 16
56 52 15
5 6 -13
13 96 3
81 1 11
41 50 -19
35 6 -18
34 47 16
56 65 4
97 66 -2
69 4 15
27 7 12
30 12 -20
90 63 -2
29 53 -10
62 1 6
2 71 8
76 20 14
15 10 -2
92 1 -5
59 53 19
78 66 1
18 15 13
50 4 18
91 5 4
55 82 -15
27 20 2
71 63 -15
48 79 3
6 82 -20
66 69 -6
85 82 -8
38 7 13
57 20 -9
98 21 5
43 85 17
15 23 15
18 28 -9
59 66 -2
17 69 -16
91 18 -11
77 83 13
94 23 15
80 88 -9
52 26 -5
84 15 10
54 72 17
87 20 3
73 85 -6
45 23 3
86 24 -4
31 88 14
89 29 4
22 39 -11
79 21 14
24 85 2
98 34 4
63 13 1
82 26 12
40 29 16
52 39 2
19 91 -11
86 37 14
5 48 3
82 39 -10
21 29 -7
93 53 -13
32 43 -18
51 56 4
95 99 11
70 42 3
28 45 15
88 96 -12
47 58 12
5 61 7
62 43 -18
20 46 -3
23 51 16
97 0 -18
14 2 10
74 53 -1
13 43 -7
16 48 1
48 0 -8
92 43 14
69 59 19
62 56 -6
20 59 20
4 51 -12
55 16 5
13 56 -12
99 59 -4
57 62 -11
48 13 10
6 16 13
18 70 -20
69 72 1
8 62 -11
85 16 3
43 19 -12
87 62 14
1 22 -8
59 0 19
78 13 9
45 65 -4
64 78 -14
99 72 7
38 62 19
57 75 10
73 19 -17
91 73 -14
75 65 -5
94 78 14
11 80 4
52 81 4
84 70 -18
87 75 4
1 35 11
64 91 8
17 16 7
58 17 -17
3 81 6
22 94 18
61 22 17
79 76 -17
98 89 8
82 81 18
40 84 -10
73 32 9
12 22 11
31 35 15
94 91 8
52 94 -4
10 97 -1
68 38 19
26 41 -5
58 30 -2
70 84 -3
89 97 12
42 22 -12
80 48 18
0 25 2
79 89 -20
82 94 10
95 33 -16
12 35 5
88 30 8
74 95 14
46 33 -10
65 46 15
7 41 -6
26 54 -16
70 97 16
42 35 16
9 87 -18
0 38 -4
19 51 -7
63 94 -6
21 97 15
95 46 -10
34 36 -2
53 49 17
72 62 20
37 41 -6
56 54 3
13 98 18
30 1 7
81 3 5
92 98 -16
25 44 15
44 57 3
97 68 10
14 70 11
55 71 -17
27 9 19
29 55 -2
6 71 2
22 15 -19
25 57 -10
99 6 16
44 70 -1
57 9 19
2 73 -19
43 74 -11
18 17 4
78 68 18
50 6 -9
36 71 -11
55 84 -16
8 9 -11
94 12 -18
84 4 -12
73 74 -18
45 12 -1
64 25 -11
22 28 2
66 71 14
38 9 18
43 87 19
82 15 11
15 25 13
1 90 -13
18 30 17
36 84 -20
75 12 15
80 90 -20
33 15 10
73 87 -3
12 77 -10
86 26 -12
3 28 -12
89 31 18
98 36 -17
65 88 -9
63 15 11
68 93 -13
40 31 -13
58 85 3
77 98 -11
61 90 -3
74 29 13
93 42 7
51 45 -3
54 87 14
95 88 -11
67 26 -13
86 39 -7
70 31 -20
89 44 -18
5 50 6
46 88 1
63 28 -19
49 93 -1
40 44 -8
7 96 -13
81 45 10
39 48 -6
58 98 4
42 90 -9
0 93 20
32 45 -5
51 58 19
16 37 -15
26 1 19
70 44 -4
88 98 20
81 58 7
20 48 13
39 61 -13
97 2 -17
99 48 -10
32 58 17
8 51 11
44 4 -14
85 5 16
30 69 -19
11 56 20
2 7 -1
20 61 -7
64 67 11
97 15 -1
36 5 -13
99 61 -13
38 51 7
15 67 20
6 18 13
18 72 -4
50 61 5
91 62 -8
94 67 17
27 77 18
11 69 -11
85 18 -10
24 8 -6
4 66 -20
45 67 -2
36 18 -2
38 64 2
73 21 -20
18 85 16
91 75 -11
94 80 5
10 86 -8
87 77 11
58 19 20
89 86 -6
61 24 7
79 78 -18
54 21 15
72 38 -14
88 19 17
93 97 -17
65 35 1
49 27 -18
68 40 7
67 81 10
58 32 8
0 27 20
82 96 -15
21 86 -20
95 35 15
12 37 10
72 51 12
88 32 -13
46 35 11
49 40 4
9 89 20
83 38 -7
0 40 -14
37 43 -1
97 57 16
14 59 1
30 3 -16
90 54 -7
48 57 9
6 60 4
23 0 8
83 51 -2
41 54 5
60 67 -1
34 51 6
78 57 19
97 70 -8
36 60 15
69 8 14
11 3 6
30 16 -12
90 67 -19
29 57 4
48 70 -19
6 73 8
4 0 5
22 17 -4
66 60 -10
85 73 9
98 12 18
43 76 6
91 9 -19
55 86 -19
94 14 18
11 16 -15
87 11 4
31 79 -1
3 17 -20
85 86 15
98 25 4
43 89 -1
82 17 -3
17 73 16
58 74 16
77 87 -7
75 14 -2
80 92 15
33 17 11
10 33 20
54 76 14
86 28 14
31 92 2
3 30 -9
47 36 4
88 74 4
79 25 9
24 89 13
65 90 3
68 95 -12
42 79 -4
61 92 -7
0 82 6
74 31 -8
19 95 -7
93 44 17
32 34 13
67 28 3
12 92 -9
53 93 -18
86 41 1
70 33 19
89 46 1
9 23 -18
28 36 18
5 52 -7
63 30 19
49 95 -6
62 34 -16
7 98 -13
81 47 11
39 50 -2
42 92 -12
83 93 -8
74 44 5
16 39 11
34 93 -16
92 34 11
60 1 10
62 47 -9
20 50 16
4 42 9
97 4 -14
14 6 4
96 45 -9
99 50 -13
57 53 -16
90 1 -1
76 66 14
92 47 -15
6 7 7
69 63 19
8 53 -14
27 66 -18
44 6 4
85 7 -9
30 71 -3
2 9 -11
43 10 -14
87 53 -9
4 55 -13
78 4 -14
23 68 15
97 17 9
55 20 -3
96 58 14
38 53 18
76 79 -9
15 69 20
73 10 -13
50 63 -20
94 69 6
66 7 1
11 71 -20
87 66 -14
45 69 -8
64 82 20
36 20 -18
3 72 11
22 85 7
38 66 -19
54 10 -13
73 23 -9
52 85 15
24 23 -4
65 24 7
1 39 2
86 83 -1
58 21 11
22 98 -7
42 13 -16
80 39 15
19 29 17
79 80 18
63 72 20
54 23 -18
12 26 14
74 86 -5
65 37 -10
68 42 -14
7 32 -3
67 83 -15
58 34 -4
28 91 17
61 39 7
60 43 -1
63 85 -1
95 37 10
53 40 -19
56 45 5
14 48 -11
74 99 6
90 43 -10
7 45 18
67 96 -20
9 91 -7
83 40 19
44 48 -8
76 0 12
37 45 5
97 59 5
55 62 -13
71 43 5
30 5 -6
90 56 -14
48 59 -6
6 62 6
23 2 13
64 3 13
83 53 -17
41 56 -10
57 0 5
76 13 17
15 3 -13
18 8 3
78 59 5
11 5 -6
29 59 13
87 0 5
4 2 -16
45 3 -14
3 6 15
22 19 -3
38 0 -16
24 65 13
98 14 9
43 78 16
15 16 -15
1 81 -12
18 21 -10
17 62 5
36 75 3
77 76 17
94 16 -18
84 8 -12
10 22 4
87 13 -18
45 16 19
86 17 14
31 81 -14
3 19 17
89 22 20
22 32 13
66 75 2
24 78 -13
98 27 7
63 6 -18
82 19 -4
77 89 6
61 81 18
80 94 -14
33 19 14
52 32 -16
93 33 19
10 35 -5
12 81 -8
72 95 -1
70 22 -7
89 35 1
5 41 5
46 79 -14
79 27 19
49 84 16
82 32 -19
68 97 7
21 22 -7
40 35 -3
58 89 4
74 33 -13
19 97 -10
93 46 7
32 36 14
67 30 -4
12 94 -9
53 95 15
9 25 -4
47 51 10
88 89 3
21 35 -13
39 52 -13
42 94 -9
16 41 -7
92 36 16
69 52 3
60 3 -20
27 55 -4
62 49 13
20 52 2
39 65 15
55 9 16
13 49 1
76 68 -7
92 49 4
69 65 -9
8 55 16
11 60 16
85 9 -16
2 11 -16
84 50 12
1 15 -15
64 71 -17
36 9 12
22 74 -3
96 60 -4
99 65 -5
38 55 19
29 6 5
31 15 7
8 68 9
94 71 -2
11 73 11
85 22 -19
24 12 14
84 63 -11
1 28 -16
64 84 14
22 87 14
61 15 19
54 12 -3
73 25 -19
18 89 -12
12 15 -5
91 79 4
94 84 -5
88 10 -16
52 87 -3
24 25 6
65 26 -17
10 90 -14
58 23 -3
3 87 -18
47 93 -10
0 18 -14
19 31 -1
63 74 -7
21 77 -16
95 26 -19
54 25 13
56 34 -9
88 23 8
68 44 15
67 85 19
42 28 -6
83 29 -8
95 39 -14
53 42 -19
56 47 18
14 50 3
46 39 13
13 91 10
16 96 18
90 45 -11
49 44 -17
7 47 -17
92 91 16
83 42 -18
41 45 -4
25 37 20
44 50 -10
2 53 -3
76 2 -4
34 42 -7
37 47 -3
14 63 2
27 2 -15
30 7 -18
71 45 8
29 48 9
48 61 -20
6 64 -4
23 4 -1
25 50 -15
2 66 -19
43 67 -6
18 10 3
36 64 4
55 77 -12
52 8 -19
71 58 -11
73 67 -11
3 8 -19
22 21 -20
66 64 15
85 77 17
79 3 -1
98 16 -9
43 80 7
17 64 5
36 77 -2
75 5 -10
94 18 14
10 24 13
54 67 -19
86 19 -10
89 24 -6
66 77 16
79 16 20
24 80 20
98 29 -5
82 21 -5
40 24 -13
61 83 -5
10 37 -14
54 80 16
67 19 5
86 32 -19
72 97 -9
89 37 -3
88 78 -6
5 43 -12
65 94 17
63 21 -20
49 86 5
21 24 7
40 37 -17
81 38 -16
58 91 11
61 96 -16
93 48 -14
13 25 19
35 43 1
95 94 11
34 84 -10
70 37 3
37 89 -10
9 27 -10
28 40 15
88 91 16
46 94 10
49 99 8
62 38 -14
81 51 -14
20 41 13
23 46 11
83 97 -13
0 99 12
96 36 20
9 40 2
50 41 -10
69 54 10
2 0 4
62 51 -20
20 54 7
4 46 13
38 44 -14
76 70 -4
48 8 15
18 65 17
50 54 -8
8 57 17
11 62 4
85 11 -15
30 75 18
78 8 2
77 12 -19
22 76 -8
80 17 12
38 57 17
15 73 11
73 14 -9
31 17 1
75 60 17
94 73 3
24 14 -13
10 79 9
43 27 8
1 30 12
45 73 7
64 86 -8
58 12 -2
77 25 -12
19 20 10
98 84 -1
72 31 -9
75 73 -5
88 12 15
33 76 -1
52 89 -4
46 15 11
68 33 -17
67 74 20
86 87 18
58 25 -16
3 89 15
89 92 -7
42 17 19
61 30 11
47 95 3
19 33 -10
79 84 7
5 98 -6
63 76 16
21 79 18
95 28 16
12 30 10
53 31 -15
14 39 3
33 89 5
46 28 -18
32 93 17
49 33 -2
35 98 15
26 49 11
67 87 2
70 92 9
42 30 -8
83 31 18
28 95 -1
9 82 12
0 33 15
60 47 -9
44 39 -17
95 41 1
34 31 10
53 44 -8
14 52 10
71 34 -14
16 98 -13
90 47 10
92 93 -15
83 44 16
41 47 -1
44 52 11
34 44 -6
37 49 -11
69 1 -2
27 4 -20
30 9 -13
29 50 18
48 63 1
6 66 -12
25 52 11
99 1 -13
85 66 -19
98 5 3
43 69 -18
2 68 -14
1 72 12
17 53 -2
55 79 4
11 9 -11
29 63 -10
45 7 1
85 79 -13
59 63 -1
17 66 -13
58 67 -19
94 20 -4
61 72 -12
33 10 -9
73 82 9
31 85 -8
47 29 -9
79 18 10
82 23 13
68 88 1
58 80 8
33 23 10
19 88 -2
51 40 14
54 82 14
67 21 16
28 29 -11
88 80 -8
5 45 -20
46 83 -13
63 23 -14
49 88 4
21 26 15
7 91 20
81 40 -19
42 85 8
83 86 -10
0 88 15
74 37 -3
13 27 10
51 53 8
95 96 11
92 27 8
37 91 12
62 40 -9
81 53 17
83 99 11
55 0 -20
25 94 12
99 43 5
6 0 -15
92 40 -11
50 43 3
69 56 14
27 59 -8
30 64 -8
43 3 12
84 41 -2
23 61 11
97 10 -3
55 13 2
8 59 18
11 64 10
30 77 10
24 3 -15
45 62 -6
36 13 -14
80 19 18
38 59 -5
98 73 -10
73 16 -9
91 70 -5
75 62 1
94 75 13
66 13 19
65 17 -20
68 22 -6
86 76 -19
58 14 -13
77 27 4
61 19 6
19 22 -2
79 73 -3
98 86 7
82 78 18
12 19 10
72 33 -4
52 91 -14
93 92 -12
46 17 2
68 35 -10
86 89 4
70 81 -12
42 19 16
28 84 19
47 97 20
0 22 10
60 36 18
95 30 -8
40 94 -10
81 95 -9
34 20 13
53 33 14
72 46 10
14 41 -15
46 30 18
67 89 12
9 84 -8
83 33 18
60 49 8
62 95 16
34 33 -14
37 38 5
97 52 7
14 54 16
13 95 -19
48 52 -19
92 95 1
9 97 -8
83 46 -5
41 49 7
25 41 -10
44 54 15
59 39 -5
78 52 4
97 65 5
36 55 14
55 68 -19
27 6 -13
71 49 12
30 11 -8
25 54 18
66 55 9
85 68 -15
57 6 -3
98 7 -12
18 14 16
59 52 19
17 55 -6
36 68 -1
77 69 -10
80 74 13
52 12 -12
10 15 4
87 6 -11
31 74 2
24 71 7
43 84 -3
1 87 19
40 15 9
58 69 20
77 82 -2
61 74 11
80 87 18
33 12 -4
52 25 -13
93 26 -7
67 10 13
86 23 18
47 31 -8
46 72 -15
65 85 -13
82 25 16
68 90 16
58 82 9
42 74 17
61 87 7
0 77 -16
74 26 -2
19 90 10
67 23 -9
28 31 17
49 90 11
21 28 9
62 29 12
7 93 -20
81 42 -10
39 45 -16
42 87 -3
83 88 -10
74 39 -4
13 29 -3
32 42 14
16 34 15
95 98 18
92 29 -18
9 31 3
27 48 -2
62 42 -13
81 55 16
20 45 -11
39 58 -7
96 40 18
55 2 7
13 42 -2
99 45 17
57 48 -8
76 61 3
6 2 -6
69 58 14
11 53 -15
85 2 17
30 66 3
2 4 -20
43 5 -4
20 58 6
4 50 15
96 53 6
22 67 -19
99 58 5
38 48 -15
57 61 -17
76 74 13
15 64 11
18 69 -1
8 61 1
94 64 -14
11 66 12
85 15 -15
52 67 -5
24 5 -14
43 18 7
1 21 -14
87 61 15
64 77 7
17 2 9
58 3 -16
3 67 -17
22 80 7
38 61 -8
15 77 2
54 5 9
18 82 -15
12 8 15
75 64 17
88 3 -12
33 67 6
52 80 -3
24 18 -2
65 19 -19
10 83 -15
68 24 -11
26 27 -6
45 77 17
86 78 20
58 16 -19
42 8 -13
80 34 -20
0 11 8
21 70 16
12 21 -19
53 22 6
56 27 -8
75 77 16
88 16 -13
33 80 -20
93 94 16
65 32 3
68 37 4
7 27 -10
26 40 -3
89 96 -17
28 86 -18
21 83 -6
81 97 1
72 48 6
56 40 10
14 43 -18
74 94 -6
13 84 14
32 97 -17
49 37 -4
90 38 8
48 41 17
67 91 5
70 96 2
83 35 14
28 99 18
44 43 1
62 97 13
34 35 -9
14 56 -10
55 57 -9
96 95 -10
71 38 6
30 0 20
6 57 18
41 51 1
44 56 -6
85 57 -19
76 8 -5
18 3 -2
78 54 3
17 44 -19
36 57 10
27 8 19
11 0 2
71 51 -12
30 13 12
29 54 -4
22 14 20
98 9 11
1 76 -6
18 16 20
59 54 6
33 1 -4
45 11 20
22 27 -17
24 73 -17
98 22 -6
63 1 12
40 17 11
58 71 -10
77 84 -7
33 14 -13
52 27 -19
10 30 17
95 74 -5
67 12 -18
86 25 -19
89 30 -18
47 33 -6
46 74 8
5 36 10
65 87 -4
63 14 1
49 79 1
68 92 1
21 17 -3
40 30 2
81 31 8
26 95 18
42 76 -15
61 89 -5
0 79 -9
19 92 3
32 31 -5
95 87 -15
67 25 -18
34 77 -4
70 30 -1
56 95 1
28 33 3
47 46 -10
90 93 -15
21 30 5
7 95 -19
81 44 -18
83 90 19
0 92 14
41 93 7
13 31 14
32 44 -18
16 36 -1
35 49 -11
76 50 5
34 90 -11
92 31 7
50 34 14
69 47 9
71 93 -2
62 44 6
96 42 -16
16 49 12
57 50 9
15 53 8
59 96 14
18 58 -13
92 44 -8
6 4 -18
69 60 17
11 55 3
30 68 -5
84 45 7
78 1 -12
64 66 -4
36 4 19
77 5 13
22 69 -16
99 60 -12
15 66 20
73 7 -4
18 71 -16
31 10 -10
75 53 19
8 63 10
94 66 20
11 68 3
43 20 -4
1 23 -10
45 66 9
58 5 -3
77 18 -7
19 13 -13
38 63 -20
79 64 14
82 69 -7
40 72 -15
73 20 11
12 10 11
72 24 20
91 74 -1
75 66 2
94 79 9
33 69 -14
52 82 -13
65 21 -15
10 85 -4
49 13 13
68 26 19
58 18 17
3 82 15
70 72 -18
42 10 1
61 23 -10
47 88 -2
19 26 -19
5 91 -13
79 77 11
95 21 14
12 23 10
56 29 1
33 82 3
74 83 -8
65 34 1
51 99 8
26 42 15
67 80 -1
86 93 -12
42 23 11
44 32 -18
63 82 12
21 85 -19
62 86 -6
95 34 16
81 99 -20
34 24 -20
53 37 -5
37 29 9
74 96 -11
71 27 -16
16 91 9
90 40 17
7 42 -10
48 43 -5
9 88 12
2 48 18
62 99 -20
34 37 -8
4 94 14
78 43 9
36 46 -8
55 59 -4
13 99 12
64 0 1
22 3 -13
25 45 -13
18 5 14
59 43 9
78 56 -11
36 59 -9
55 72 16
94 0 16
73 62 -16
45 0 16
64 13 5
15 13 1
58 60 12
61 65 11
54 62 15
73 75 1
45 13 18
12 65 -1
31 78 -3
3 16 -3
88 60 5
79 11 9
65 76 19
82 16 10
68 81 20
1 91 7
61 78 -11
80 91 -10
33 16 10
74 17 4
93 30 -19
10 32 -8
51 33 -12
54 75 14
67 14 -12
72 92 20
70 19 9
89 32 -13
28 22 17
47 35 -15
88 73 -7
46 76 -18
65 89 -3
63 16 11
21 19 -18
40 32 -11
39 36 -1
42 78 8
83 79 -13
74 30 -3
60 95 20
32 33 -7
16 25 18
35 38 -14
95 89 -17
34 79 -2
53 92 -9
70 32 -18
37 84 -13
28 35 -5
69 36 -16
46 89 -15
49 94 2
62 33 -4
81 46 19
83 92 -10
13 33 3
99 36 -6
34 92 1
27 52 1
11 44 16
30 57 -12
71 95 -15
20 49 -16
4 41 5
23 54 -9
64 55 -18
38 39 -13
57 52 -12
59 98 8
8 52 -10
27 65 -19
11 57 8
85 6 -4
30 70 -16
1 12 -16
87 52 -20
45 55 20
64 68 -4
3 58 -1
36 6 -7
22 71 14
80 12 7
38 52 -9
73 9 9
33 58 1
24 9 -10
84 60 20
68 15 7
87 65 -12
1 25 -19
3 71 -11
77 20 10
80 25 16
79 66 8
98 79 16
82 71 17
54 9 11
40 74 -1
31 25 -12
72 26 -7
75 68 -16
88 7 13
52 84 10
46 10 3
65 23 -17
10 87 4
51 88 -15
68 28 17
67 69 -6
86 82 -18
70 74 -7
42 12 6
61 25 -6
0 15 -19
60 29 3
63 71 -19
40 87 -4
81 88 4
56 31 7
74 85 -13
93 98 4
46 23 8
32 88 -13
49 28 6
90 29 -5
35 93 7
7 31 6
9 77 5
41 29 8
44 34 -13
62 88 5
34 26 1
20 91 13
56 44 8
14 47 -13
