100 200 1
62 8 15
86 72 -13
7 17 -5
7 81 9
78 13 -19
88 45 6
55 20 3
37 6 9
63 25 -6
64 32 -20
9 72 -12
77 90 -10
58 40 3
9 35 13
15 69 13
72 2 13
60 46 -16
40 77 -14
67 61 10
87 18 -9
82 95 16
42 4 -4
36 18 -1
77 19 -13
75 65 -5
19 75 -9
60 76 8
69 24 -16
83 23 -3
84 52 3
3 97 -17
5 94 -5
38 18 18
13 15 -15
44 31 -9
82 79 -19
34 5 -19
45 69 4
47 75 -15
3 17 17
54 99 -4
80 81 17
9 12 -11
92 28 -20
15 0 -17
7 51 3
70 34 10
1 19 -11
93 38 -9
44 42 9
39 21 -10
65 40 -12
86 17 19
83 0 3
58 10 20
12 22 14
3 19 -19
41 3 -13
84 93 -2
55 29 11
85 79 -19
43 91 6
53 59 12
79 32 9
73 25 13
2 47 14
84 31 8
58 12 -9
87 27 -7
21 91 5
78 24 19
98 57 -1
67 24 -9
14 30 -13
89 33 -19
44 65 15
60 73 -4
38 61 -7
66 77 -5
75 80 4
72 56 -11
81 59 13
79 7 11
90 71 -12
88 19 18
1 23 17
89 60 -14
19 93 -4
16 21 9
99 28 -7
45 57 5
18 82 18
9 46 -17
34 11 2
69 5 -12
67 17 -4
6 95 -2
12 26 -9
19 13 19
42 15 -5
59 40 -11
52 89 20
82 5 15
30 31 16
0 82 -14
74 31 20
9 94 15
0 91 -7
73 20 -17
31 69 2
32 34 14
39 82 8
37 64 -20
6 24 8
77 75 -18
76 55 -2
35 39 -20
3 16 15
96 55 -16
4 79 -16
27 74 -12
73 50 10
33 78 -6
50 94 19
24 75 19
90 11 -3
40 1 -4
97 62 -17
67 12 -10
89 85 -11
58 27 3
61 78 -6
26 1 17
93 85 10
25 67 -9
17 29 -16
30 26 11
27 39 8
77 43 -10
94 93 -17
71 73 11
85 35 8
14 48 -10
29 12 -14
94 47 -19
54 75 8
20 18 -2
49 33 19
49 42 18
4 74 -20
66 58 -14
76 62 -7
62 45 -5
30 74 -18
25 60 -5
46 85 5
68 85 -13
95 14 -2
75 54 -12
6 94 -15
50 9 4
89 25 9
35 54 -19
90 54 18
30 12 -18
46 60 8
85 76 17
5 22 -12
28 33 -18
5 95 3
29 62 9
85 94 -13
20 13 -16
5 58 3
92 63 1
53 10 -8
40 89 20
15 99 -7
61 11 -20
58 79 -7
34 79 20
40 46 10
23 39 5
31 52 -14
5 97 11
9 31 -13
48 13 8
7 6 -16
32 99 -7
16 82 -9
87 14 -20
34 72 -6
25 48 4
55 27 -4
85 7 20
8 71 -10
5 72 -20
68 9 -8
40 66 -15
35 79 7
