100 9900 1
13 88 20
71 29 -20
16 93 -12
90 42 -7
29 32 14
48 45 11
92 88 -5
6 48 -13
9 90 17
50 91 -19
83 39 -4
41 42 4
25 34 -18
44 47 -19
85 48 3
2 50 -1
59 32 -8
4 96 -1
78 45 7
97 58 1
36 48 -13
55 61 5
96 99 -10
30 4 -9
71 42 19
29 45 -2
48 58 7
6 61 -16
64 2 17
22 5 -14
25 47 18
66 48 -3
85 61 19
98 0 -19
43 64 15
15 2 -6
1 67 15
59 45 11
18 7 -9
78 58 13
17 48 2
36 61 -4
94 2 -4
11 4 8
52 5 8
10 8 11
54 51 15
73 64 -3
45 2 -6
31 67 -1
64 15 -10
3 5 7
22 18 -13
66 61 12
79 0 15
24 64 -4
98 13 -12
43 77 11
82 5 -15
1 80 5
40 8 16
17 61 -2
58 62 -15
77 75 -1
75 2 3
61 67 5
94 15 -3
33 5 -15
52 18 2
93 19 -6
10 21 -18
54 64 6
73 77 4
67 3 17
12 67 13
86 16 -2
31 80 1
70 8 12
3 18 20
89 21 20
88 62 -17
47 24 15
79 13 8
5 27 12
65 78 11
63 5 -14
82 18 11
68 83 5
21 8 8
40 21 5
26 86 17
58 75 -13
42 67 -15
61 80 -9
80 93 -16
0 70 -20
74 19 15
19 83 2
33 18 -14
93 32 7
32 22 10
51 35 -9
35 27 10
95 78 -7
67 16 20
12 80 13
53 81 10
86 29 5
72 94 7
70 21 -8
56 86 7
89 34 -2
9 11 -6
28 24 19
47 37 -7
88 75 6
46 78 -6
5 40 4
65 91 -14
63 18 20
49 83 -17
68 96 -3
62 22 6
7 86 -14
81 35 4
26 99 8
39 38 -9
42 80 9
83 81 -15
0 83 5
74 32 -5
19 96 -9
60 97 20
13 22 6
32 35 18
51 48 -1
16 27 20
35 40 12
95 91 15
34 81 17
53 94 -10
92 22 -3
37 86 -13
56 99 20
9 24 12
28 37 -7
69 38 11
27 41 6
30 46 -19
90 97 -12
62 35 -6
7 99 12
81 48 7
20 38 2
39 51 4
4 30 2
23 43 -3
83 94 -11
96 33 -1
41 97 -14
25 89 -6
99 38 -13
13 35 -9
16 40 19
57 41 -9
76 54 17
34 94 -14
92 35 5
37 99 2
50 38 -13
69 51 11
8 41 -5
27 54 17
11 46 -10
71 97 6
30 59 7
84 36 12
87 41 -10
20 51 16
4 43 -8
23 56 -1
64 57 -13
22 60 -9
96 46 13
55 8 8
99 51 -18
38 41 -5
57 54 16
76 67 -1
15 57 -8
18 62 11
31 1 -12
50 51 -8
91 52 -3
8 54 9
94 57 7
11 59 20
52 60 8
85 8 -18
43 11 10
84 49 8
87 54 -2
1 14 16
45 57 13
64 70 -5
3 60 10
77 9 -15
22 73 17
61 1 5
80 14 10
38 54 16
79 55 -7
98 68 9
82 60 20
15 70 10
73 11 5
18 75 -4
12 1 -10
31 14 6
91 65 15
75 57 13
94 70 -18
33 60 -19
52 73 14
24 11 5
65 12 7
10 76 -4
68 17 -11
45 70 -14
86 71 -11
58 9 8
3 73 19
77 22 -18
89 76 15
42 1 6
61 14 13
47 79 4
80 27 9
0 4 11
19 17 -12
79 68 -10
98 81 9
63 60 12
82 73 -2
54 11 -11
21 63 -5
95 12 -15
40 76 20
12 14 2
53 15 -18
72 28 7
75 70 1
88 9 3
33 73 -11
93 87 10
46 12 -11
65 25 11
10 89 20
51 90 1
49 17 9
68 30 -15
7 20 -13
26 33 -7
67 71 15
86 84 -7
70 76 20
42 14 6
83 15 -9
28 79 16
47 92 -9
0 17 5
19 30 -12
60 31 -10
5 95 -2
63 73 3
21 76 -4
95 25 7
40 89 -4
81 90 14
34 15 -9
53 28 -1
39 93 3
72 41 7
37 20 -9
56 33 -6
14 36 -11
74 87 -3
13 77 10
46 25 -13
32 90 -9
49 30 -16
90 31 -14
35 95 15
16 82 -3
7 33 -5
26 46 12
67 84 -19
70 89 17
9 79 5
83 28 17
28 92 -11
69 93 -1
41 31 -17
60 44 -4
25 23 -10
44 36 20
2 39 -6
62 90 -17
34 28 17
20 93 -8
37 33 -6
78 34 -14
23 98 -1
97 47 -1
14 49 -19
55 50 -20
96 88 15
13 90 11
99 93 9
71 31 6
16 95 10
90 44 -5
29 34 -9
48 47 20
6 50 -14
92 90 -18
9 92 17
50 93 20
41 44 18
8 96 -16
25 36 -18
44 49 -4
85 50 -18
2 52 -12
76 1 -1
59 34 -12
4 98 9
78 47 -16
97 60 -4
36 50 -13
55 63 7
27 1 -5
38 96 11
71 44 -6
30 6 18
29 47 -15
6 63 -20
64 4 -13
22 7 -10
66 50 -14
85 63 -1
24 53 -1
98 2 4
43 66 -6
57 1 -7
15 4 12
1 69 -6
59 47 19
18 9 12
17 50 -2
36 63 5
77 64 3
94 4 -10
80 69 -20
52 7 13
54 53 -1
87 1 -18
73 66 -19
45 4 12
86 5 9
31 69 -13
3 7 -7
89 10 8
22 20 -9
66 63 -10
79 2 -4
24 66 -15
98 15 -10
43 79 -1
82 7 -8
1 82 -20
40 10 16
58 64 -19
75 4 7
61 69 5
80 82 11
33 7 2
52 20 -12
93 21 6
19 72 -7
10 23 -15
51 24 -8
54 66 13
67 5 -9
12 69 13
86 18 4
31 82 12
72 83 10
70 10 -1
89 23 -20
28 13 3
88 64 -13
47 26 3
79 15 -20
46 67 -4
65 80 -11
5 29 14
63 7 16
49 72 20
82 20 6
68 85 9
21 10 -17
40 23 10
81 24 -7
26 88 17
58 77 -18
42 69 3
61 82 -6
0 72 -14
74 21 11
19 85 18
93 34 19
32 24 -7
51 37 2
35 29 -9
95 80 -20
67 18 -20
12 82 17
53 83 13
72 96 -4
70 23 6
56 88 -20
9 13 17
28 26 -5
88 77 17
14 91 -8
47 39 -13
46 80 -1
5 42 -11
65 93 8
49 85 -19
68 98 3
21 23 17
62 24 -14
7 88 -2
81 37 -13
20 27 -14
39 40 2
23 32 1
0 85 20
74 34 -10
41 86 6
60 99 -6
13 24 17
32 37 -2
44 91 -15
16 29 -10
35 42 -8
76 43 -12
34 83 2
53 96 5
92 24 17
37 88 -18
9 26 -3
50 27 -12
69 40 -13
27 43 -20
30 48 -1
71 86 -10
90 99 2
62 37 13
20 40 8
39 53 -8
4 32 1
23 45 -19
83 96 -6
96 35 -11
41 99 15
25 91 20
13 37 -6
99 40 18
16 42 -15
57 43 -17
76 56 11
15 46 10
34 96 -10
92 37 2
18 51 15
50 40 -12
69 53 -17
8 43 9
27 56 2
11 48 19
30 61 7
71 99 1
84 38 -11
43 0 10
87 43 1
1 3 -19
4 45 2
45 46 -17
64 59 3
22 62 -14
96 48 9
99 53 -12
38 43 3
57 56 -11
98 57 2
15 59 -15
73 0 20
18 64 -9
31 3 -17
91 54 -8
75 46 -15
8 56 17
94 59 11
11 61 11
52 62 -14
24 0 3
10 65 20
43 13 -12
84 51 6
87 56 9
1 16 20
45 59 20
64 72 -1
3 62 11
77 11 13
22 75 -10
61 3 11
80 16 -2
38 56 -20
79 57 2
98 70 -17
82 62 -3
54 0 -4
73 13 11
40 65 11
12 3 1
31 16 -3
91 67 3
75 59 8
94 72 -18
33 62 -9
52 75 -16
93 76 -14
46 1 17
65 14 5
10 78 11
49 6 -18
68 19 -6
67 60 -1
26 22 4
86 73 11
70 65 -8
58 11 19
3 75 2
89 78 10
42 3 -1
61 16 -11
47 81 -11
0 6 -15
79 70 1
63 62 -2
82 75 1
21 65 6
95 14 10
40 78 4
12 16 -7
53 17 13
72 30 -11
56 22 -5
88 11 -15
33 75 13
74 76 2
93 89 -8
46 14 14
65 27 19
32 79 -16
51 92 18
49 19 10
35 84 7
68 32 -20
7 22 -5
26 35 -18
67 73 8
70 78 -13
89 91 -4
42 16 11
9 68 9
83 17 -8
28 81 4
47 94 1
0 19 20
60 33 11
5 97 -2
63 75 18
21 78 -2
95 27 2
62 79 -19
81 92 6
34 17 -12
53 30 -6
39 95 -19
37 22 -13
56 35 -14
14 38 -1
74 89 7
13 79 7
32 92 9
71 20 -14
16 84 -10
90 33 -10
35 97 6
7 35 -6
48 36 6
92 79 18
9 81 20
83 30 -17
28 94 -5
69 95 10
41 33 10
60 46 -1
44 38 -16
2 41 12
62 92 -15
34 30 17
20 95 -15
4 87 6
78 36 18
37 35 10
97 49 -18
14 51 8
55 52 -18
96 90 17
13 92 19
99 95 -19
71 33 11
16 97 -10
57 98 13
90 46 18
29 36 -16
48 49 17
6 52 8
50 95 -12
8 98 -13
25 38 -7
44 51 19
85 52 -14
2 54 9
84 93 6
43 55 -9
76 3 7
87 98 -11
59 36 -1
78 49 -11
17 39 7
36 52 -2
55 65 -2
38 98 -17
29 49 -15
73 55 -19
6 65 6
64 6 -1
22 9 8
66 52 18
85 65 -10
24 55 7
98 4 -4
43 68 18
15 6 4
1 71 -3
18 11 14
59 49 1
17 52 -20
91 1 -19
36 65 9
77 66 4
94 6 -9
80 71 9
52 9 11
10 12 -13
54 55 4
73 68 20
45 6 -9
86 7 -18
31 71 -1
12 58 -18
3 9 -10
89 12 16
47 15 20
79 4 5
24 68 8
65 69 18
98 17 16
82 9 -5
68 74 -20
1 84 -3
40 12 -4
58 66 -17
77 79 7
42 58 -7
75 6 20
61 71 -9
80 84 -17
33 9 16
74 10 -13
19 74 8
93 23 -3
10 25 -18
51 26 -9
54 68 13
95 69 10
67 7 10
12 71 -12
86 20 -18
31 84 8
72 85 -19
70 12 -11
89 25 7
28 15 6
47 28 18
88 66 12
5 31 -19
46 69 -5
65 82 14
63 9 19
49 74 -19
68 87 -2
21 12 14
7 77 -16
40 25 -20
26 90 4
81 26 -10
39 29 -16
58 79 7
42 71 -10
61 84 -20
0 74 -8
74 23 3
19 87 6
60 88 2
93 36 2
32 26 -13
51 39 -1
16 18 -20
35 31 -7
95 82 10
67 20 13
34 72 12
53 85 12
72 98 12
70 25 -17
37 77 5
56 90 18
9 15 -14
69 29 11
14 93 -4
5 44 -13
46 82 5
49 87 2
90 88 20
62 26 9
7 90 -3
81 39 9
20 29 11
39 42 -19
23 34 9
83 85 -4
0 87 -10
41 88 -14
96 24 -8
13 26 8
99 29 -13
32 39 4
44 93 11
16 31 -14
35 44 -2
2 96 13
76 45 3
34 85 -6
53 98 -14
92 26 -16
37 90 -17
9 28 -4
50 29 -19
69 42 -16
8 32 10
27 45 10
11 37 16
71 88 20
30 50 -2
29 91 14
62 39 9
20 42 -9
4 34 18
23 47 -17
64 48 17
83 98 -17
96 37 12
25 93 -11
99 42 -8
38 32 5
57 45 13
76 58 13
15 48 5
92 39 10
18 53 13
59 91 8
50 42 7
91 43 -20
8 45 -13
94 48 6
27 58 10
11 50 -18
30 63 -1
84 40 -7
43 2 5
1 5 -19
87 45 16
4 47 -19
45 48 -18
64 61 -15
3 51 -7
77 0 -6
22 64 -7
80 5 15
38 45 13
57 58 19
98 59 -10
15 61 -3
73 2 -18
18 66 -7
31 5 -19
91 56 9
75 48 -15
94 61 18
33 51 11
52 64 8
24 2 2
10 67 4
84 53 12
87 58 -6
1 18 -6
45 61 -16
86 62 -6
58 0 -13
3 64 -13
89 67 -1
22 77 -16
77 13 10
61 5 -8
80 18 -2
19 8 -17
79 59 8
98 72 2
63 51 -12
82 64 3
54 2 -4
95 3 -15
40 67 -9
12 5 16
31 18 20
72 19 -9
75 61 -18
88 0 -5
33 64 -13
52 77 -2
93 78 -17
46 3 19
65 16 -3
10 80 -1
49 8 -8
68 21 1
26 24 -7
67 62 14
86 75 -1
70 67 -2
58 13 -16
89 80 -9
42 5 14
28 70 -17
61 18 7
47 83 -11
0 8 6
19 21 -2
5 86 -14
79 72 15
63 64 -7
82 77 -1
21 67 17
95 16 17
40 80 -20
53 19 -13
72 32 15
56 24 11
88 13 20
14 27 1
74 78 -20
93 91 5
46 16 -10
32 81 6
51 94 14
49 21 -16
68 34 15
35 86 1
7 24 16
67 75 18
26 37 12
70 80 5
9 70 -2
83 19 -19
28 83 -10
47 96 -19
0 21 18
41 22 -12
60 35 -13
5 99 -14
44 27 11
21 80 12
62 81 -14
81 94 6
34 19 20
53 32 -8
20 84 -19
39 97 -7
37 24 -9
56 37 -7
97 38 -2
14 40 -13
74 91 -19
13 81 7
32 94 -15
71 22 -15
16 86 -10
90 35 13
35 99 -2
7 37 -6
48 38 -14
6 41 19
92 81 1
9 83 -16
50 84 1
83 32 -11
69 97 9
41 35 19
60 48 15
25 27 13
44 40 12
2 43 5
62 94 20
20 97 9
4 89 -2
78 38 9
97 51 -20
36 41 10
55 54 -7
96 92 9
13 94 17
99 97 -7
71 35 1
16 99 6
29 38 12
48 51 7
6 54 -10
92 94 18
50 97 -14
25 40 -11
66 41 -4
85 54 11
2 56 17
84 95 -9
43 57 -18
1 60 8
59 38 3
18 0 -13
78 51 7
17 41 12
36 54 5
55 67 -19
10 1 -6
29 51 12
73 57 14
64 8 13
31 60 -11
22 11 -13
66 54 8
85 67 12
24 57 -9
98 6 -14
43 70 -9
1 73 -9
40 1 -3
17 54 -11
58 55 -6
91 3 10
77 68 19
94 8 11
61 60 5
80 73 19
52 11 -18
93 12 -16
10 14 8
54 57 19
73 70 17
12 60 -11
86 9 2
31 73 9
70 1 18
3 11 -7
89 14 -18
47 17 4
88 55 10
5 20 4
24 70 3
65 71 -12
79 6 -11
82 11 7
68 76 15
21 1 4
40 14 18
26 79 -19
58 68 7
77 81 -12
42 60 17
61 73 12
80 86 -18
0 63 18
74 12 -7
33 11 -12
93 25 -11
19 76 5
32 15 -20
51 28 -6
35 20 -16
54 70 -9
95 71 -5
67 9 15
12 73 -1
53 74 20
86 22 19
72 87 -6
70 14 19
56 79 -9
89 27 -7
9 4 7
28 17 -7
88 68 18
47 30 -5
46 71 -12
5 33 -14
65 84 6
63 11 -14
49 76 18
68 89 2
21 14 -20
62 15 1
7 79 -14
81 28 -5
26 92 1
39 31 9
42 73 -15
83 74 17
0 76 -10
74 25 13
19 89 -6
60 90 1
13 15 -4
32 28 12
51 41 -7
16 20 -18
35 33 4
95 84 10
34 74 -8
53 87 -4
92 15 16
37 79 -19
56 92 -13
9 17 18
28 30 13
69 31 -1
14 95 -3
27 34 -19
46 84 -16
30 39 5
49 89 20
62 28 -2
7 92 -6
48 93 -14
81 41 -18
20 31 7
39 44 10
4 23 4
23 36 -10
83 87 -7
96 26 4
41 90 -8
25 82 16
13 28 -9
99 31 -16
44 95 11
16 33 -20
57 34 8
2 98 3
76 47 -17
34 87 -16
92 28 -16
37 92 3
78 93 -1
50 31 -16
69 44 -16
8 34 -16
27 47 7
11 39 -15
30 52 14
71 90 -3
84 29 -6
29 93 20
87 34 -2
20 44 1
4 36 11
23 49 -4
64 50 19
96 39 15
55 1 7
25 95 2
99 44 -18
38 34 2
57 47 8
76 60 -12
15 50 -6
18 55 -14
59 93 -12
6 1 4
50 44 -12
17 96 -20
91 45 4
8 47 -8
94 50 -16
11 52 16
85 1 -9
52 53 -11
84 42 7
43 4 20
87 47 20
1 7 17
45 50 17
64 63 13
3 53 19
77 2 16
22 66 -11
80 7 8
38 47 3
79 48 8
98 61 -2
82 53 3
15 63 -7
73 4 -18
18 68 -9
31 7 -16
91 58 7
75 50 -18
94 63 11
33 53 -16
52 66 -9
24 4 -7
65 5 8
10 69 -2
68 10 18
1 20 13
45 63 -14
86 64 -14
58 2 5
3 66 -4
77 15 -2
89 69 -16
61 7 -5
80 20 13
19 10 19
79 61 -2
98 74 -15
63 53 7
82 66 -2
54 4 8
21 56 13
40 69 17
95 5 3
12 7 19
31 20 14
72 21 -20
75 63 2
88 2 11
33 66 20
74 67 -6
93 80 -20
46 5 1
65 18 4
10 82 4
51 83 -3
49 10 16
68 23 9
7 13 16
67 64 6
86 77 -11
70 69 7
89 82 -17
42 7 3
28 72 19
47 85 -14
0 10 -7
19 23 -16
60 24 -3
5 88 6
63 66 9
21 69 -1
95 18 15
40 82 3
81 83 19
34 8 -5
53 21 7
72 34 -7
37 13 -16
56 26 -3
14 29 -7
74 80 16
13 70 12
46 18 -12
32 83 13
51 96 -8
49 23 -18
90 24 -8
35 88 -13
7 26 5
67 77 -14
26 39 -3
70 82 7
9 72 -6
83 21 -4
28 85 12
0 23 -6
41 24 12
60 37 -11
44 29 -15
2 32 -8
62 83 12
81 96 1
34 21 -15
20 86 -10
53 34 15
39 99 -16
37 26 15
23 91 10
97 40 -20
56 39 7
14 42 -16
96 81 -4
55 43 -17
13 83 5
99 86 -17
32 96 9
71 24 -20
16 88 17
90 37 -15
29 27 -6
48 40 -19
6 43 15
92 83 14
9 85 14
50 86 -16
69 99 -4
41 37 -16
25 29 15
44 42 -8
85 43 -18
2 45 -16
62 96 20
20 99 -12
59 27 -7
4 91 -12
78 40 -17
97 53 18
36 43 -10
55 56 -12
96 94 14
38 89 9
71 37 17
29 40 10
48 53 -13
6 56 8
92 96 -3
50 99 6
22 0 -1
25 42 -9
66 43 -10
85 56 -10
24 46 11
84 97 -19
43 59 -3
1 62 13
18 2 1
59 40 4
78 53 14
17 43 17
36 56 16
77 57 9
80 62 5
52 0 -9
10 3 -3
54 46 5
73 59 20
31 62 11
3 0 -8
89 3 -16
22 13 1
66 56 -12
24 59 -15
98 8 -6
43 72 8
82 0 -20
1 75 9
40 3 -4
17 56 -9
58 57 -10
77 70 -19
61 62 -15
80 75 3
33 0 8
19 65 7
52 13 2
93 14 10
10 16 -19
51 17 20
54 59 3
73 72 10
12 62 15
86 11 -20
31 75 -3
72 76 15
70 3 12
89 16 11
28 6 -3
47 19 1
88 57 1
5 22 -17
46 60 -7
65 73 20
79 8 -3
63 0 1
82 13 20
49 65 15
68 78 -18
21 3 3
40 16 11
81 17 2
26 81 12
58 70 -5
42 62 -19
61 75 4
0 65 -8
74 14 -2
19 78 -17
93 27 -16
32 17 13
51 30 -2
35 22 13
95 73 -20
67 11 10
12 75 6
53 76 14
72 89 9
70 16 16
56 81 -16
9 6 19
28 19 4
47 32 3
88 70 1
14 84 20
46 73 -20
5 35 -10
65 86 8
49 78 -3
68 91 6
21 16 -19
62 17 19
7 81 7
81 30 1
26 94 10
39 33 4
23 25 -6
42 75 7
83 76 3
0 78 20
41 79 20
74 27 17
60 92 -12
13 17 -1
44 84 -5
32 30 -8
16 22 1
76 36 7
95 86 18
34 76 19
53 89 -9
92 17 -2
37 81 12
56 94 -15
97 95 -4
9 19 16
50 20 -9
69 33 -15
14 97 -1
27 36 11
71 79 -16
30 41 -20
90 92 -18
62 30 9
7 94 17
48 95 8
20 33 15
6 98 2
39 46 18
4 25 5
23 38 -12
83 89 12
96 28 -18
41 92 13
25 84 -13
13 30 -2
44 97 9
99 33 10
16 35 -5
57 36 15
76 49 -7
34 89 10
92 30 -2
37 94 20
78 95 16
50 33 -12
36 98 -8
69 46 -6
8 36 -17
27 49 17
11 41 7
30 54 -9
71 92 -17
84 31 17
29 95 -17
87 36 8
4 38 -8
45 39 14
64 52 -1
96 41 -15
22 55 -8
55 3 16
25 97 -7
66 98 -5
99 46 -15
38 36 7
57 49 -5
98 50 -15
15 52 -18
18 57 8
59 95 -18
17 98 11
91 47 -14
75 39 18
8 49 -3
94 52 16
11 54 9
52 55 -5
43 6 19
84 44 -18
1 9 -8
87 49 17
45 52 15
64 65 -17
3 55 3
77 4 -12
22 68 4
80 9 16
38 49 13
79 50 14
98 63 -7
82 55 -2
73 6 -18
31 9 -2
91 60 -15
75 52 -4
94 65 19
33 55 -14
52 68 -8
24 6 -17
65 7 -1
10 71 8
68 12 12
26 15 -12
67 53 -4
86 66 -2
58 4 15
3 68 -3
89 71 4
77 17 -15
70 58 16
61 9 -20
80 22 3
47 74 -14
19 12 -14
79 63 -8
63 55 8
82 68 15
21 58 5
95 7 -9
40 71 2
12 9 15
53 10 19
72 23 -11
56 15 16
88 4 -5
33 68 17
74 69 2
93 82 3
46 7 19
65 20 1
10 84 16
51 85 7
49 12 -4
68 25 -14
7 15 -8
67 66 -11
26 28 -4
86 79 12
70 71 -16
89 84 -16
42 9 1
83 10 14
28 74 -9
47 87 -8
0 12 -12
19 25 1
60 26 6
5 90 11
63 68 2
21 71 -14
62 72 -15
95 20 4
81 85 16
34 10 6
53 23 -19
39 88 11
72 36 12
37 15 11
56 28 13
14 31 -7
74 82 -13
46 20 7
13 72 -17
32 85 8
51 98 -1
49 25 -8
16 77 14
35 90 -20
90 26 -14
7 28 2
48 29 -4
92 72 -19
9 74 -19
83 23 -3
28 87 16
69 88 3
41 26 5
60 39 -5
25 18 -5
44 31 15
2 34 18
62 85 -8
81 98 1
34 23 -6
20 88 13
37 28 3
78 29 -16
23 93 -5
97 42 -15
14 44 -16
55 45 -1
96 83 20
13 85 -12
99 88 2
71 26 -13
16 90 -12
90 39 -14
48 42 7
6 45 -16
92 85 5
50 88 15
8 91 3
41 39 12
25 31 2
11 96 17
85 45 -10
2 47 -7
43 48 -1
84 86 4
59 29 -16
4 93 14
78 42 17
97 55 4
17 32 -19
36 45 11
55 58 -16
38 91 19
71 39 -16
29 42 17
73 48 19
6 58 4
22 2 20
66 45 -10
85 58 -10
24 48 -13
43 61 -18
84 99 18
1 64 -4
59 42 6
18 4 -8
17 45 -3
36 58 17
77 59 2
80 64 17
52 2 -20
10 5 16
54 48 12
73 61 9
12 51 11
86 0 6
31 64 5
3 2 14
89 5 -17
47 8 -11
66 58 13
24 61 -18
98 10 12
65 62 -3
82 2 19
68 67 -18
1 77 7
40 5 -6
58 59 -7
77 72 17
42 51 15
61 64 -17
80 77 -4
33 2 3
74 3 4
19 67 -11
93 16 20
10 18 6
51 19 -7
54 61 -18
95 62 4
67 0 7
12 64 11
86 13 -10
31 77 -15
72 78 8
70 5 13
89 18 8
28 8 11
47 21 11
88 59 17
46 62 -20
5 24 8
65 75 3
63 2 1
49 67 -7
68 80 3
21 5 13
40 18 18
81 19 14
26 83 -2
7 70 -9
58 72 -16
42 64 14
61 77 2
0 67 -7
74 16 12
19 80 -4
93 29 9
60 81 -8
13 6 6
32 19 -15
51 32 14
16 11 11
35 24 -17
95 75 11
34 65 -10
67 13 -9
53 78 -20
72 91 -15
37 70 -6
70 18 -13
56 83 19
9 8 -13
28 21 -16
69 22 19
14 86 -1
88 72 14
5 37 -18
46 75 17
49 80 -8
90 81 4
62 19 -20
7 83 1
81 32 -6
26 96 -14
20 22 13
39 35 -19
23 27 -4
83 78 6
0 80 2
96 17 -1
41 81 13
60 94 3
13 19 -7
99 22 -18
44 86 1
16 24 -11
35 37 -19
76 38 4
2 89 -15
34 78 5
53 91 -18
92 19 -8
37 83 9
56 96 5
9 21 9
50 22 -2
69 35 -18
14 99 -2
8 25 -13
27 38 13
71 81 19
30 43 -1
90 94 -9
62 32 8
29 84 -19
48 97 8
20 35 -16
4 27 -18
23 40 19
83 91 -10
96 30 14
41 94 18
25 86 -1
99 35 6
44 99 -9
38 25 9
57 38 15
76 51 14
15 41 -20
59 84 -2
18 46 -1
78 97 2
92 32 3
50 35 -1
91 36 -8
8 38 9
94 41 6
27 51 20
11 43 3
30 56 -17
71 94 -6
84 33 18
29 97 -11
87 38 -10
4 40 -1
45 41 -20
64 54 -11
22 57 13
25 99 3
57 51 11
98 52 20
15 54 17
59 97 -3
18 59 -11
91 49 13
75 41 -19
94 54 4
52 57 3
10 60 -15
43 8 20
84 46 -12
87 51 -4
1 11 16
45 54 -4
86 55 -11
3 57 7
77 6 3
22 70 -4
80 11 8
19 1 -18
79 52 17
98 65 -5
63 44 -8
82 57 -13
73 8 -10
40 60 -18
31 11 -20
72 12 -20
75 54 8
33 57 1
52 70 -16
93 71 -10
65 9 -6
10 73 -16
49 1 -8
68 14 -15
26 17 11
67 55 2
86 68 3
58 6 12
70 60 -9
89 73 -11
61 11 13
47 76 -6
0 1 -3
19 14 14
5 79 -3
79 65 16
63 57 7
82 70 14
21 60 11
95 9 4
40 73 -10
12 11 11
53 12 1
72 25 13
56 17 11
14 20 18
88 6 -11
74 71 -1
93 84 -16
46 9 -20
32 74 1
65 22 -14
51 87 -4
49 14 5
35 79 8
68 27 11
7 17 -17
67 68 -13
26 30 -5
70 73 -1
42 11 -12
83 12 -10
28 76 -19
9 63 13
47 89 8
0 14 -11
41 15 10
60 28 10
5 92 10
44 20 19
21 73 19
62 74 8
95 22 -17
81 87 5
34 12 15
53 25 19
39 90 -9
37 17 -10
56 30 16
97 31 5
14 33 -5
74 84 -4
13 74 17
32 87 -8
71 15 -19
16 79 13
90 28 12
35 92 16
7 30 18
48 31 13
6 34 -3
92 74 18
9 76 6
83 25 8
28 89 -5
69 90 -4
41 28 12
60 41 -2
27 93 -18
25 20 8
44 33 17
30 98 19
2 36 -14
62 87 -1
34 25 -12
20 90 14
4 82 -11
78 31 2
23 95 19
37 30 10
97 44 -18
36 34 1
96 85 -10
55 47 -10
13 87 -2
99 90 -2
71 28 19
16 92 -6
90 41 -10
57 93 -16
29 31 15
48 44 19
6 47 10
92 87 14
50 90 3
8 93 -5
25 33 13
66 34 -9
11 98 -4
85 47 20
2 49 -6
84 88 15
43 50 6
1 53 -6
87 93 -18
59 31 -8
4 95 15
78 44 12
17 34 6
36 47 3
55 60 19
96 98 -14
38 93 -3
29 44 5
73 50 -3
31 53 11
64 1 12
22 4 -1
66 47 -3
85 60 4
24 50 -7
43 63 -1
1 66 14
59 44 -11
17 47 7
58 48 -17
77 61 -12
94 1 -19
61 53 -4
80 66 -6
52 4 10
93 5 3
10 7 -5
54 50 -7
73 63 3
12 53 -7
86 2 -20
31 66 -7
3 4 -3
89 7 -16
88 48 12
47 10 -1
24 63 12
65 64 11
82 4 -14
68 69 -12
40 7 5
26 72 10
58 61 -17
77 74 -2
42 53 9
61 66 6
80 79 8
0 56 -3
74 5 -8
19 69 18
93 18 7
33 4 -18
32 8 9
51 21 20
54 63 8
95 64 11
67 2 -1
12 66 8
53 67 -15
86 15 -4
72 80 13
70 7 -7
56 72 -10
89 20 -7
28 10 10
47 23 4
88 61 6
46 64 -1
5 26 4
65 77 -15
63 4 9
49 69 10
68 82 -1
21 7 -6
62 8 6
7 72 13
81 21 16
26 85 -4
39 24 -5
42 66 13
83 67 11
0 69 20
74 18 14
19 82 9
60 83 -9
13 8 -8
32 21 -20
51 34 14
16 13 -8
35 26 -2
95 77 -5
34 67 -5
53 80 -11
72 93 -1
92 8 18
37 72 -18
56 85 -15
9 10 9
28 23 -12
69 24 -11
14 88 20
46 77 18
5 39 12
49 82 16
90 83 -2
62 21 -19
7 85 18
48 86 11
81 34 6
20 24 13
39 37 7
23 29 -14
83 80 3
96 19 -15
41 83 8
60 96 10
13 21 -9
99 24 15
44 88 -4
25 75 -9
16 26 -19
2 91 -18
76 40 18
34 80 17
92 21 -17
37 85 -11
78 86 17
97 99 -10
50 24 -14
69 37 -20
8 27 -10
27 40 18
11 32 -18
71 83 3
30 45 -12
90 96 -1
84 22 -3
29 86 13
48 99 15
87 27 -15
20 37 -2
4 29 1
23 42 16
64 43 -3
96 32 6
41 96 -13
25 88 -13
99 37 1
38 27 11
57 40 -6
76 53 -19
15 43 1
59 86 -1
18 48 3
78 99 7
17 89 -18
91 38 -20
50 37 20
8 40 -6
94 43 14
27 53 -2
11 45 15
71 96 -14
30 58 19
84 35 -16
29 99 7
1 0 -17
87 40 -2
45 43 15
64 56 -18
3 46 -18
22 59 -14
80 0 -2
38 40 -20
79 41 15
98 54 -19
15 56 -17
59 99 18
18 61 -3
31 0 4
91 51 9
75 43 -17
94 56 -12
33 46 15
52 59 14
10 62 17
68 3 17
1 13 -3
45 56 -20
86 57 5
3 59 -3
89 62 3
22 72 -4
77 8 -10
61 0 14
80 13 14
19 3 16
79 54 -20
98 67 8
63 46 12
82 59 7
40 62 6
12 0 16
31 13 -8
72 14 15
75 56 -19
33 59 19
52 72 5
93 73 -18
65 11 19
10 75 -4
51 76 -20
49 3 19
68 16 11
7 6 -10
67 57 -6
26 19 6
86 70 13
58 8 5
70 62 -9
89 75 -8
42 0 10
61 13 14
28 65 -19
47 78 -11
0 3 -12
19 16 -19
60 17 -20
5 81 7
63 59 -15
21 62 2
95 11 12
40 75 -1
81 76 1
34 1 4
53 14 -3
72 27 -1
37 6 -2
56 19 -15
14 22 -4
88 8 10
74 73 11
93 86 -2
46 11 -15
32 76 7
51 89 -5
49 16 -20
90 17 -13
35 81 -2
7 19 11
67 70 -18
26 32 2
70 75 -5
9 65 6
83 14 6
28 78 -16
47 91 -2
0 16 8
41 17 13
60 30 -19
5 94 14
44 22 -4
2 25 -13
21 75 19
62 76 14
81 89 -1
34 14 -19
20 79 -10
53 27 16
39 92 -1
37 19 18
56 32 -2
97 33 -3
23 84 8
14 35 20
55 36 8
13 76 -5
32 89 -10
71 17 -12
16 81 12
90 30 -15
35 94 -18
76 95 -1
29 20 -8
48 33 -13
6 36 -12
92 76 -14
9 78 -4
83 27 2
50 79 14
69 92 -4
41 30 7
27 95 9
25 22 -20
44 35 2
85 36 9
2 38 -20
62 89 -1
20 92 -17
59 20 -14
4 84 1
78 33 -13
23 97 -2
97 46 -8
96 87 -3
55 49 9
13 89 6
99 92 -13
71 30 12
16 94 12
57 95 -14
29 33 -5
15 98 -7
48 46 19
6 49 15
92 89 -10
50 92 -5
8 95 4
25 35 4
66 36 13
85 49 20
24 39 -11
84 90 -5
43 52 19
1 55 -17
87 95 -14
59 33 -17
4 97 -2
45 98 -12
78 46 -4
17 36 -4
36 49 14
77 50 -15
80 55 10
38 95 17
54 39 7
73 52 2
31 55 8
75 98 13
22 6 5
66 49 10
24 52 11
98 1 18
43 65 -5
1 68 -16
17 49 -20
58 50 -17
77 63 18
61 55 -17
80 68 -2
52 6 -16
19 58 11
93 7 -18
10 9 -6
54 52 13
73 65 -1
12 55 -10
86 4 -11
31 68 -20
72 69 18
89 9 -3
88 50 -14
47 12 -18
46 53 17
5 15 -19
65 66 12
79 1 14
49 58 11
82 6 -9
68 71 13
40 9 3
26 74 10
58 63 -11
42 55 10
61 68 -2
0 58 11
74 7 -11
19 71 -3
93 20 -20
32 10 2
51 23 -12
35 15 8
95 66 -8
67 4 -6
12 68 -10
53 69 10
72 82 -9
70 9 -9
56 74 -13
28 12 -4
88 63 3
47 25 4
46 66 15
5 28 5
65 79 5
49 71 6
68 84 -13
21 9 20
62 10 -17
7 74 1
81 23 -12
26 87 5
39 26 -13
42 68 7
83 69 19
0 71 -8
41 72 -9
74 20 16
60 85 1
13 10 10
44 77 6
32 23 17
51 36 -18
16 15 -9
35 28 -10
95 79 19
34 69 -17
53 82 2
92 10 14
37 74 -4
56 87 7
97 88 -20
9 12 -19
50 13 -17
69 26 13
14 90 14
27 29 15
30 34 -11
71 72 12
90 85 -14
62 23 -2
7 87 -14
48 88 -7
20 26 -19
4 18 -2
23 31 6
83 82 -1
96 21 -17
41 85 -18
60 98 -6
25 77 12
13 23 -15
44 90 12
99 26 -18
16 28 -4
57 29 9
2 93 -1
76 42 14
34 82 20
92 23 19
37 87 -18
78 88 19
50 26 18
69 39 -19
36 91 -8
8 29 14
27 42 -9
11 34 -11
30 47 17
71 85 -16
90 98 20
84 24 13
29 88 -1
87 29 -15
4 31 20
23 44 -10
64 45 -11
22 48 6
96 34 -1
25 90 3
99 39 -18
66 91 5
38 29 6
57 42 9
76 55 7
15 45 -11
18 50 13
59 88 -16
17 91 16
91 40 -7
8 42 5
94 45 -9
11 47 -9
52 48 -10
84 37 -15
1 2 3
87 42 12
64 58 -12
3 48 19
22 61 -20
80 2 -3
38 42 2
79 43 -19
98 56 -8
82 48 -5
15 58 -7
18 63 6
31 2 -19
91 53 10
75 45 -2
94 58 17
33 48 4
52 61 12
65 0 -12
10 64 7
68 5 -19
26 8 -17
45 58 -18
86 59 -17
3 61 18
77 10 -6
89 64 -17
61 2 -7
80 15 -15
47 67 -2
19 5 14
79 56 10
63 48 20
82 61 8
21 51 -10
95 0 -7
40 64 -11
12 2 14
53 3 3
72 16 -8
56 8 -15
33 61 11
74 62 -9
93 75 -2
46 0 -9
65 13 -8
10 77 20
51 78 11
49 5 -20
68 18 -7
7 8 19
67 59 -7
26 21 -14
86 72 -9
70 64 -7
89 77 -18
42 2 -20
83 3 7
28 67 16
47 80 -1
0 5 -1
19 18 -17
60 19 -5
5 83 -2
63 61 1
21 64 -3
95 13 -13
40 77 -11
81 78 6
34 3 3
53 16 2
72 29 3
39 81 20
37 8 8
56 21 5
14 24 3
74 75 -9
93 88 -6
13 65 13
46 13 9
32 78 -1
51 91 -15
16 70 -9
90 19 2
35 83 -2
49 18 14
7 21 12
48 22 14
70 77 14
9 67 -19
83 16 -2
28 80 11
69 81 -5
41 19 10
60 32 -9
5 96 -20
25 11 -15
44 24 -4
2 27 -4
62 78 -12
81 91 -7
34 16 9
20 81 -2
39 94 -8
37 21 19
78 22 18
23 86 15
97 35 -9
14 37 16
96 76 1
55 38 8
13 78 -10
99 81 4
32 91 1
71 19 -13
16 83 19
90 32 -9
35 96 7
76 97 19
29 22 -19
48 35 13
6 38 1
92 78 10
9 80 17
50 81 14
69 94 19
41 32 3
8 84 -11
27 97 19
25 24 -17
44 37 8
85 38 -18
11 89 19
2 40 -13
43 41 1
62 91 19
20 94 11
59 22 -1
4 86 14
78 35 4
23 99 13
97 48 -15
17 25 -9
36 38 6
55 51 7
96 89 14
99 94 19
38 84 13
71 32 -4
57 97 -12
29 35 -6
73 41 5
6 51 -8
50 94 -1
91 95 -13
8 97 13
66 38 -14
85 51 17
24 41 -17
84 92 -16
43 54 -14
87 97 11
1 57 -7
59 35 11
4 99 -2
17 38 -14
36 51 16
77 52 10
80 57 7
38 97 9
54 41 15
73 54 3
12 44 19
31 57 -18
22 8 19
66 51 -1
24 54 -8
98 3 10
65 55 18
68 60 11
1 70 -13
58 52 -20
77 65 -3
42 44 1
61 57 -3
80 70 -20
19 60 1
93 9 -9
10 11 1
51 12 -13
95 55 -5
12 57 -12
86 6 17
31 70 -18
72 71 13
89 11 -7
28 1 -11
88 52 -17
47 14 -6
5 17 -19
46 55 2
65 68 1
49 60 2
68 73 11
7 63 -12
81 12 10
40 11 -3
26 76 -17
58 65 -6
42 57 20
61 70 8
0 60 -14
74 9 -13
19 73 19
60 74 -2
93 22 -13
32 12 15
51 25 8
35 17 -18
95 68 5
67 6 -3
34 58 -16
53 71 8
72 84 -9
70 11 -13
37 63 9
56 76 8
9 1 9
28 14 -2
88 65 3
14 79 10
47 27 1
5 30 15
46 68 4
49 73 -17
90 74 -12
62 12 -11
7 76 -4
81 25 17
26 89 -7
20 15 -5
39 28 1
23 20 12
83 71 -12
0 73 -9
96 10 15
41 74 17
60 87 16
13 12 -15
44 79 -2
32 25 -9
16 17 -10
35 30 9
76 31 -10
34 71 2
53 84 9
92 12 -19
37 76 -19
56 89 8
97 90 -20
9 14 -4
50 15 -12
69 28 -11
14 92 7
27 31 -10
71 74 -2
30 36 -9
90 87 -18
29 77 18
62 25 -4
48 90 6
20 28 -9
39 41 -10
6 93 -19
4 20 13
23 33 18
83 84 -9
96 23 -20
41 87 12
25 79 -6
99 28 14
44 92 6
85 93 15
16 30 -8
57 31 -13
2 95 16
76 44 4
15 34 12
92 25 11
59 77 11
78 90 -13
18 39 8
50 28 20
36 93 12
69 41 -16
8 31 9
27 44 15
11 36 7
71 87 9
30 49 13
84 26 12
29 90 16
87 31 4
4 33 9
45 34 13
64 47 7
22 50 11
25 92 -16
66 93 -16
38 31 17
57 44 -11
98 45 -10
15 47 11
59 90 -11
18 52 -2
17 93 18
91 42 -14
75 34 14
8 44 13
94 47 -17
11 49 -10
52 50 14
43 1 5
10 53 -3
84 39 -15
87 44 15
1 4 -6
54 96 8
45 47 -19
64 60 6
3 50 7
22 63 13
80 4 12
79 45 1
98 58 8
82 50 -11
40 53 4
73 1 9
31 4 16
72 5 2
75 47 15
94 60 19
33 50 -9
52 63 -5
93 64 5
65 2 -9
10 66 -12
68 7 3
67 48 19
26 10 -13
86 61 11
70 53 -6
3 63 -3
89 66 -4
61 4 12
47 69 -7
19 7 15
5 72 12
79 58 -15
63 50 16
82 63 -16
21 53 -10
95 2 6
40 66 10
12 4 -19
53 5 2
72 18 11
56 10 -15
14 13 -8
33 63 -7
74 64 -6
93 77 20
46 2 10
65 15 -17
32 67 15
51 80 -3
49 7 -3
35 72 1
68 20 18
7 10 9
26 23 -2
67 61 19
86 74 10
70 66 -4
89 79 -17
9 56 -17
83 5 16
28 69 -18
42 4 -12
47 82 -3
0 7 -15
41 8 5
60 21 -11
5 85 -19
44 13 7
21 66 -19
95 15 -8
62 67 2
81 80 4
34 5 -9
53 18 18
39 83 14
37 10 -1
56 23 7
97 24 17
14 26 10
74 77 2
13 67 -11
32 80 16
51 93 -18
71 8 7
16 72 -2
90 21 -1
35 85 -20
7 23 16
48 24 -5
6 27 -12
92 67 8
9 69 -4
83 18 4
28 82 -12
69 83 -2
41 21 -9
27 86 -1
60 34 10
25 13 17
44 26 -14
30 91 14
2 29 -10
62 80 -17
81 93 -3
34 18 -6
20 83 7
39 96 8
4 75 6
78 24 14
23 88 8
97 37 19
37 23 -5
36 27 13
55 40 -4
96 78 18
13 80 9
99 83 -19
71 21 14
16 85 -6
90 34 8
57 86 14
76 99 1
29 24 13
48 37 -11
92 80 16
6 40 3
50 83 -16
69 96 15
8 86 -9
27 99 -17
25 26 -20
66 27 -14
11 91 3
85 40 1
2 42 -16
84 81 6
87 86 12
20 96 3
59 24 -5
4 88 -19
78 37 5
17 27 15
36 40 15
96 91 3
55 53 -18
99 96 17
38 86 13
57 99 20
29 37 11
73 43 7
31 46 13
50 96 -10
91 97 1
8 99 -15
66 40 12
85 53 -2
24 43 11
43 56 18
84 94 -9
87 99 -18
1 59 -7
59 37 13
17 40 -15
58 41 3
77 54 -6
61 46 7
80 59 -11
38 99 9
10 0 10
54 43 11
73 56 -10
12 46 -9
31 59 -3
89 0 -15
88 41 2
47 3 2
24 56 5
65 57 18
68 62 18
40 0 -8
58 54 -2
77 67 -2
42 46 7
61 59 -19
80 72 -3
0 49 -7
19 62 -13
93 11 5
10 13 -6
51 14 -19
54 56 -4
95 57 -4
12 59 -10
86 8 -2
53 60 7
72 73 17
70 0 20
89 13 5
28 3 -8
47 16 5
88 54 3
5 19 3
46 57 -20
65 70 10
49 62 16
68 75 -19
21 0 3
7 65 -3
81 14 -17
26 78 -7
40 13 5
39 17 -12
42 59 1
83 60 7
0 62 13
74 11 -5
19 75 -7
60 76 13
93 24 2
13 1 3
32 14 -7
51 27 -14
16 6 -13
35 19 -6
95 70 11
34 60 9
53 73 -10
72 86 -9
37 65 13
56 78 1
9 3 -9
28 16 -14
69 17 9
14 81 15
5 32 4
46 70 -13
49 75 19
90 76 -4
62 14 10
7 78 -14
81 27 -11
26 91 14
20 17 -6
39 30 -3
23 22 -10
83 73 -8
96 12 -5
41 76 -6
60 89 14
13 14 18
25 68 1
32 27 9
44 81 -12
99 17 -17
16 19 -1
35 32 -13
76 33 -12
2 84 18
34 73 -1
92 14 19
37 78 -11
78 79 14
97 92 2
9 16 -18
50 17 -11
69 30 -20
14 94 17
55 95 -8
8 20 18
27 33 -7
11 25 2
30 38 -15
71 76 -6
90 89 9
29 79 8
48 92 -5
20 30 -6
6 95 -11
4 22 2
23 35 -2
64 36 5
96 25 -11
41 89 -10
25 81 -14
99 30 18
44 94 17
85 95 -20
38 20 -5
57 33 8
2 97 -14
76 46 -8
15 36 18
59 79 -1
18 41 11
78 92 10
50 30 6
91 31 8
36 95 3
8 33 -5
94 36 -3
27 46 8
11 38 8
71 89 -10
30 51 17
84 28 -6
29 92 4
87 33 13
4 35 -5
45 36 8
64 49 15
3 39 17
22 52 -11
66 95 3
38 33 19
57 46 1
24 98 -14
98 47 -8
15 49 -4
18 54 16
59 92 -12
17 95 -19
91 44 -12
75 36 -20
94 49 8
33 39 16
10 55 13
1 6 -19
87 46 -2
54 98 -6
45 49 8
86 50 -6
3 52 10
77 1 -2
22 65 6
89 55 -13
80 6 4
79 47 14
98 60 5
63 39 10
82 52 16
40 55 8
31 6 -19
72 7 -1
75 49 14
33 52 9
52 65 -1
93 66 7
65 4 -13
10 68 2
51 69 17
68 9 -6
26 12 -14
67 50 5
86 63 12
58 1 3
70 55 -13
89 68 1
28 58 11
61 6 5
47 71 17
19 9 12
60 10 -20
5 74 -2
79 60 15
63 52 -1
82 65 7
21 55 13
95 4 13
40 68 -6
81 69 2
53 7 3
72 20 11
56 12 -12
14 15 -19
88 1 13
74 66 -5
93 79 -19
46 4 -10
32 69 7
51 82 -20
49 9 4
90 10 -6
35 74 -11
7 12 -15
26 25 -14
67 63 -5
70 68 20
9 58 11
83 7 14
28 71 -16
47 84 6
0 9 7
41 10 9
60 23 -1
5 87 -1
44 15 18
21 68 6
62 69 16
81 82 4
34 7 -17
20 72 -6
53 20 -4
39 85 -20
37 12 -11
23 77 -15
97 26 3
56 25 16
14 28 -5
55 29 5
74 79 -6
13 69 19
32 82 9
71 10 15
16 74 -14
90 23 15
35 87 -18
76 88 9
29 13 -6
48 26 -18
92 69 -18
6 29 7
9 71 9
83 20 20
50 72 7
69 85 -20
41 23 20
27 88 11
25 15 -2
44 28 -15
85 29 11
30 93 -15
2 31 12
62 82 8
20 85 -13
39 98 5
59 13 -7
4 77 7
78 26 13
23 90 -2
97 39 4
36 29 -11
96 80 14
55 42 15
13 82 5
99 85 18
71 23 3
16 87 -3
57 88 -17
29 26 -1
48 39 -8
15 91 17
18 96 10
92 82 10
6 42 -14
50 85 12
69 98 -6
8 88 18
25 28 -18
66 29 -8
11 93 -1
85 42 -14
24 32 -9
43 45 5
84 83 -16
87 88 9
1 48 -7
59 26 1
4 90 12
78 39 -14
45 91 -19
17 29 4
36 42 18
77 43 -20
96 93 3
99 98 -3
38 88 17
54 32 3
73 45 11
31 48 -16
91 99 -3
75 91 -3
66 42 20
24 45 -1
43 58 9
84 96 9
1 61 9
17 42 -9
58 43 -8
77 56 17
61 48 -20
80 61 20
93 0 8
10 2 -8
54 45 -10
73 58 1
12 48 -8
31 61 -12
89 2 -16
47 5 9
88 43 15
5 8 12
65 59 -8
49 51 -19
68 64 13
40 2 11
26 67 11
58 56 -5
42 48 -17
0 51 -17
74 0 -15
19 64 20
93 13 5
32 3 10
51 16 2
35 8 -1
95 59 -3
12 61 6
53 62 -6
72 75 -16
70 2 -5
89 15 -4
56 67 14
28 5 -7
88 56 -14
47 18 20
5 21 6
46 59 4
65 72 9
49 64 17
68 77 2
21 2 12
62 3 5
7 67 14
81 16 3
26 80 -20
39 19 20
42 61 9
83 62 -13
0 64 14
74 13 14
60 78 -18
13 3 -10
32 16 -18
51 29 20
16 8 -8
35 21 10
95 72 14
34 62 -3
53 75 17
92 3 -9
37 67 -2
56 80 18
9 5 7
28 18 15
69 19 15
14 83 9
27 22 -3
30 27 15
71 65 2
90 78 -3
62 16 20
7 80 -6
81 29 -8
48 81 14
20 19 4
39 32 15
4 11 20
23 24 19
83 75 8
96 14 1
41 78 5
60 91 20
25 70 -8
99 19 -14
44 83 5
13 16 -18
16 21 -8
57 22 -16
2 86 -10
76 35 5
34 75 14
92 16 13
37 80 -20
78 81 4
97 94 2
50 19 -7
69 32 -16
14 96 20
55 97 -6
8 22 -16
27 35 -2
11 27 9
71 78 5
30 40 -18
90 91 -13
84 17 7
29 81 8
48 94 2
87 22 1
20 32 -9
6 97 -16
4 24 -20
23 37 8
64 38 12
96 27 7
22 41 2
25 83 14
99 32 10
44 96 18
85 97 9
38 22 -3
57 35 14
2 99 11
76 48 9
15 38 -8
59 81 19
18 43 -3
78 94 -14
17 84 -5
91 33 -10
36 97 7
50 32 16
8 35 -12
94 38 -16
11 40 7
52 41 -2
84 30 16
29 94 10
87 35 5
45 38 4
64 51 10
3 41 -5
22 54 9
66 97 -5
38 35 -3
79 36 -3
98 49 -2
82 41 13
15 51 19
59 94 14
18 56 9
17 97 -14
91 46 -16
75 38 -11
94 51 -14
33 41 2
52 54 5
10 57 -3
45 51 11
86 52 -18
3 54 -20
77 3 -14
89 57 1
47 60 1
80 8 5
79 49 8
98 62 -9
63 41 -17
82 54 19
21 44 15
40 57 -19
72 9 -7
56 1 -11
75 51 2
33 54 -3
74 55 14
93 68 -15
65 6 -19
10 70 -8
51 71 14
68 11 10
7 1 -15
26 14 -19
67 52 3
86 65 -3
70 57 -2
89 70 -12
28 60 16
47 73 3
19 11 -13
60 12 18
5 76 -1
63 54 5
21 57 13
95 6 -13
40 70 -6
81 71 17
53 9 11
39 74 9
72 22 -7
37 1 17
56 14 -19
14 17 12
74 68 6
93 81 16
13 58 -10
46 6 10
32 71 -8
51 84 17
49 11 2
16 63 2
35 76 -12
90 12 -17
7 14 6
48 15 -12
67 65 20
9 60 3
83 9 -11
28 73 1
69 74 -13
41 12 6
60 25 -4
5 89 19
25 4 -17
44 17 18
2 20 -17
62 71 4
81 84 -4
34 9 9
20 74 3
39 87 12
37 14 10
78 15 -8
23 79 -17
97 28 -14
14 30 3
96 69 -20
55 31 -14
13 71 -13
99 74 8
32 84 -20
71 12 -13
16 76 7
90 25 19
35 89 17
76 90 16
29 15 10
48 28 -8
92 71 10
6 31 -8
9 73 -5
50 74 -7
69 87 -10
8 77 9
41 25 -14
27 90 19
25 17 16
44 30 -19
11 82 -8
30 95 1
85 31 16
2 33 -5
62 84 19
20 87 9
59 15 8
4 79 -15
78 28 -13
23 92 -19
64 93 18
97 41 6
17 18 -9
36 31 -15
96 82 14
55 44 -5
99 87 10
71 25 -9
38 77 9
57 90 -18
29 28 -8
15 93 -2
73 34 2
92 84 -10
6 44 -14
18 98 -2
50 87 -18
91 88 20
8 90 -19
94 93 7
66 31 -11
11 95 10
85 44 8
24 34 4
43 47 -2
84 85 4
87 90 -6
1 50 -10
59 28 19
4 92 11
45 93 18
17 31 3
3 96 15
36 44 -3
77 45 17
80 50 -12
38 90 19
54 34 20
73 47 -16
31 50 -15
75 93 -18
22 1 -3
66 44 9
33 96 10
24 47 -2
84 98 -16
1 63 4
58 45 10
77 58 -11
42 37 19
61 50 6
80 63 18
19 53 19
52 1 -18
93 2 19
10 4 -12
51 5 -8
63 96 2
54 47 -4
95 48 -3
12 50 6
31 63 -11
72 64 -7
89 4 -5
88 45 -18
47 7 13
5 10 1
46 48 16
65 61 8
82 1 18
49 53 -6
68 66 14
40 4 14
81 5 7
26 69 11
42 50 -12
61 63 -9
0 53 -7
74 2 13
19 66 -5
93 15 -9
32 5 -9
51 18 16
35 10 3
95 61 -15
53 64 -20
72 77 -20
70 4 -20
56 69 9
28 7 -15
88 58 17
47 20 -8
14 72 -1
46 61 -9
5 23 6
49 66 -3
68 79 2
21 4 -7
62 5 13
7 69 4
81 18 -3
26 82 -11
20 8 19
39 21 17
23 13 -9
83 64 -10
0 66 -1
74 15 -10
41 67 -9
60 80 -20
13 5 -5
44 72 -11
32 18 -4
16 10 -4
35 23 1
76 24 16
34 64 18
53 77 16
92 5 -3
37 69 3
56 82 5
97 83 14
9 7 -15
50 8 -1
69 21 1
14 85 13
27 24 18
30 29 16
71 67 -10
90 80 4
62 18 -19
7 82 -6
48 83 8
20 21 -4
6 86 9
39 34 12
4 13 6
23 26 -18
83 77 15
96 16 -15
41 80 -16
60 93 -13
25 72 13
13 18 1
44 85 -20
99 21 17
16 23 1
57 24 -1
2 88 -16
76 37 -20
15 27 11
18 32 -18
92 18 2
78 83 9
97 96 7
50 21 -2
36 86 1
69 34 -8
55 99 2
8 24 -13
27 37 14
11 29 -16
30 42 10
71 80 -5
84 19 3
29 83 20
48 96 1
87 24 6
6 99 -20
4 26 -19
45 27 -7
64 40 -9
22 43 14
96 29 -15
25 85 -18
99 34 19
66 86 -5
85 99 -9
38 24 15
57 37 12
98 38 -17
15 40 -2
59 83 -14
18 45 2
78 96 6
17 86 -15
91 35 13
36 99 11
75 27 7
8 37 17
94 40 16
11 42 1
52 43 -9
10 46 15
84 32 6
29 96 9
87 37 -1
45 40 -10
64 53 -14
3 43 18
22 56 16
66 99 -20
38 37 -16
79 38 13
98 51 -5
82 43 18
40 46 -9
17 99 -14
91 48 -7
75 40 5
94 53 -13
33 43 -12
52 56 -1
93 57 13
10 59 -15
68 0 -10
67 41 -11
26 3 -6
86 54 -7
70 46 -20
3 56 -5
89 59 -5
47 62 5
19 0 -8
79 51 6
5 65 14
63 43 -7
82 56 2
21 46 16
40 59 -9
72 11 -4
56 3 -2
33 56 12
74 57 6
93 70 2
65 8 -14
32 60 -15
51 73 -6
49 0 20
68 13 -14
35 65 -14
7 3 4
67 54 13
26 16 -3
86 67 -20
70 59 13
89 72 -6
9 49 19
28 62 -18
47 75 7
41 1 4
60 14 12
5 78 14
63 56 -1
21 59 -11
62 60 15
95 8 -17
81 73 -14
53 11 4
39 76 -13
37 3 -18
56 16 2
14 19 -8
74 70 3
13 60 -7
32 73 -9
51 86 -10
71 1 16
16 65 -14
90 14 3
35 78 1
7 16 1
48 17 -12
92 60 -17
9 62 -4
83 11 -12
28 75 6
69 76 8
41 14 -19
27 79 4
60 27 13
25 6 -3
44 19 -17
30 84 -5
2 22 -15
62 73 18
81 86 2
34 11 2
20 76 -14
39 89 6
4 68 1
37 16 -2
23 81 -12
78 17 -13
97 30 19
14 32 14
96 71 5
55 33 -20
13 73 -16
99 76 9
71 14 -19
16 78 -19
90 27 6
57 79 -9
76 92 12
29 17 -16
48 30 -13
92 73 1
6 33 -16
50 76 16
69 89 -13
8 79 6
27 92 18
25 19 -2
66 20 -2
11 84 -1
85 33 -5
30 97 -18
2 35 4
43 36 14
84 74 18
87 79 -9
20 89 4
59 17 8
4 81 17
78 30 -6
23 94 -3
64 95 19
17 20 -9
36 33 -14
55 46 -3
96 84 16
99 89 10
38 79 -13
57 92 -10
29 30 14
15 95 -2
73 36 -13
6 46 19
50 89 -19
91 90 4
8 92 -3
94 95 -15
66 33 3
11 97 -10
85 46 -9
52 98 -16
24 36 -15
43 49 -4
84 87 11
1 52 14
87 92 -19
59 30 -15
45 95 -5
17 33 -4
3 98 9
77 47 10
80 52 -3
38 92 -19
79 93 20
82 98 6
54 36 -15
73 49 -3
12 39 11
31 52 -8
75 95 -13
88 34 -18
33 98 3
24 49 14
65 50 -19
68 55 -9
1 65 1
58 47 -10
77 60 10
42 39 1
61 52 -7
80 65 11
19 55 -12
93 4 12
10 6 -16
51 7 18
63 98 -13
54 49 -19
95 50 -12
12 52 -7
86 1 15
31 65 14
72 66 -9
89 6 16
88 47 8
47 9 -5
46 50 17
5 12 -10
65 63 -6
49 55 15
7 58 -8
40 6 11
81 7 1
26 71 16
39 10 -2
42 52 10
0 55 -20
74 4 1
19 68 18
93 17 1
60 69 3
32 7 -4
51 20 18
35 12 7
95 63 10
34 53 -7
67 1 -1
53 66 16
72 79 12
70 6 -20
37 58 12
56 71 -3
28 9 -13
69 10 -15
14 74 18
5 25 -5
46 63 6
49 68 -11
90 69 14
62 7 3
7 71 -3
81 20 19
26 84 11
20 10 20
39 23 16
23 15 -18
83 66 8
96 5 -8
41 69 -16
0 68 -1
60 82 -18
13 7 -9
99 10 20
44 74 20
32 20 17
16 12 19
35 25 17
76 26 -19
2 77 -11
34 66 -2
53 79 -18
92 7 -18
37 71 19
56 84 17
97 85 2
50 10 14
69 23 13
14 87 13
55 88 1
8 13 -1
27 26 -2
11 18 4
71 69 -17
30 31 7
90 82 7
29 72 -8
62 20 -12
48 85 -13
20 23 19
6 88 16
4 15 8
23 28 16
64 29 -6
96 18 -8
41 82 10
25 74 17
99 23 11
44 87 -8
85 88 -9
38 13 -3
57 26 12
2 90 -20
76 39 -3
15 29 5
92 20 -20
59 72 8
78 85 -15
18 34 -3
97 98 2
50 23 17
91 24 -9
36 88 13
8 26 9
94 29 -6
27 39 -13
11 31 -6
71 82 19
30 44 -5
84 21 8
29 85 -16
48 98 8
87 26 6
4 28 11
45 29 -8
64 42 11
3 32 -4
22 45 13
25 87 -1
66 88 -20
38 26 -10
24 91 10
98 40 13
57 39 11
15 42 16
18 47 10
59 85 18
78 98 -15
17 88 1
91 37 -14
75 29 4
94 42 -6
33 32 18
52 45 -4
10 48 1
84 34 -12
54 91 -3
87 39 3
45 42 11
86 43 20
3 45 -7
89 48 -1
22 58 -18
79 40 8
98 53 -19
63 32 6
82 45 16
40 48 7
72 0 15
75 42 -4
33 45 14
52 58 17
93 59 -3
10 61 15
51 62 -6
68 2 3
26 5 20
67 43 1
86 56 -4
70 48 14
89 61 13
28 51 -12
47 64 11
19 2 -10
79 53 4
5 67 12
63 45 10
82 58 7
21 48 3
40 61 -1
81 62 -10
53 0 16
72 13 -2
56 5 9
14 8 -2
74 59 12
93 72 -7
32 62 -1
51 75 13
49 2 -1
90 3 -11
35 67 -2
7 5 14
26 18 -14
67 56 -8
70 61 -19
9 51 -5
83 0 7
28 64 -7
47 77 -19
0 2 11
41 3 -3
60 16 -18
5 80 3
44 8 16
21 61 14
81 75 13
34 0 17
20 65 7
53 13 7
39 78 16
37 5 -17
56 18 19
97 19 -3
23 70 10
14 21 2
74 72 11
13 62 -9
32 75 7
71 3 3
16 67 -7
90 16 -12
35 80 16
76 81 -10
48 19 -13
6 22 -15
92 62 1
9 64 -16
83 13 -15
50 65 -14
69 78 -6
41 16 -19
27 81 -20
25 8 -1
44 21 11
30 86 17
2 24 -9
62 75 14
20 78 -18
39 91 2
59 6 -10
4 70 17
78 19 19
23 83 -3
97 32 5
36 22 -13
55 35 16
96 73 13
13 75 1
99 78 10
71 16 11
16 80 -8
57 81 -15
76 94 -19
29 19 3
15 84 -20
48 32 4
6 35 -9
92 75 7
50 78 19
69 91 -19
8 81 15
27 94 -14
25 21 19
66 22 -6
11 86 1
85 35 -5
30 99 -4
2 37 -9
84 76 12
43 38 11
1 41 18
87 81 7
59 19 -9
4 83 7
78 32 -17
45 84 18
64 97 8
17 22 19
36 35 -5
55 48 -18
96 86 -18
99 91 -9
38 81 -7
57 94 10
98 95 -6
15 97 -7
73 38 20
31 41 9
91 92 10
75 84 5
8 94 -16
94 97 -1
66 35 -14
11 99 3
24 38 15
84 89 15
43 51 19
1 54 -9
87 94 2
45 97 9
17 35 17
58 36 4
77 49 11
61 41 -9
80 54 15
38 94 19
79 95 -1
54 38 -16
73 51 16
12 41 -10
31 54 -20
75 97 -17
88 36 -16
5 1 -6
24 51 -14
65 52 -17
68 57 -7
67 98 19
26 60 -13
58 49 2
77 62 7
42 41 16
61 54 11
80 67 18
0 44 16
19 57 -5
93 6 -7
51 9 -10
35 1 -19
95 52 11
12 54 -17
86 3 -7
53 55 7
72 68 -20
89 8 -3
56 60 -9
47 11 -2
88 49 12
5 14 -16
46 52 1
49 57 -6
68 70 2
7 60 8
81 9 20
26 73 -1
39 12 9
42 54 -3
83 55 12
0 57 -6
74 6 -11
19 70 -16
60 71 -14
32 9 -20
51 22 3
16 1 -15
35 14 19
95 65 -3
34 55 -4
53 68 -10
72 81 -12
37 60 -11
56 73 7
28 11 11
69 12 10
14 76 -14
27 15 -16
46 65 -17
30 20 8
49 70 18
90 71 -6
62 9 11
7 73 8
81 22 -10
48 74 -1
20 12 16
39 25 -12
23 17 -7
83 68 12
96 7 -11
41 71 5
60 84 8
13 9 -10
99 12 -9
44 76 -15
25 63 -13
16 14 6
57 15 -2
2 79 -9
76 28 -18
34 68 15
92 9 8
37 73 -12
78 74 12
97 87 7
50 12 7
69 25 -18
14 89 14
55 90 5
8 15 18
27 28 -17
11 20 13
30 33 -18
90 84 3
84 10 -12
29 74 -16
48 87 -5
87 15 9
20 25 -2
6 90 -3
4 17 9
23 30 16
64 31 12
22 34 -19
41 84 -12
96 20 -12
25 76 -11
99 25 1
44 89 -10
85 90 -16
38 15 3
57 28 -13
2 92 4
43 93 -12
76 41 3
15 31 19
59 74 12
18 36 16
78 87 -5
50 25 -6
91 26 5
17 77 1
36 90 1
8 28 -9
94 31 -3
11 33 20
52 34 -7
71 84 -16
84 23 5
29 87 -18
87 28 19
73 93 8
45 31 18
64 44 -12
3 34 -2
22 47 -8
66 90 -17
38 28 -6
79 29 -18
24 93 9
98 42 -20
82 34 8
15 44 20
18 49 17
59 87 4
17 90 -9
91 39 16
75 31 4
94 44 20
33 34 9
52 47 1
10 50 -16
54 93 2
45 44 -1
86 45 -14
12 96 -6
3 47 14
89 50 10
80 1 -10
47 53 11
79 42 -5
98 55 -11
63 34 2
82 47 -2
21 37 11
40 50 16
72 2 12
75 44 -15
42 96 12
33 47 8
74 48 12
93 61 -19
10 63 10
51 64 1
68 4 16
67 45 -6
26 7 14
86 58 8
70 50 -18
89 63 7
28 53 -14
47 66 5
19 4 -10
60 5 -20
5 69 4
63 47 -7
21 50 10
40 63 -19
81 64 15
53 2 9
72 15 -19
56 7 -20
14 10 5
74 61 13
93 74 10
13 51 4
32 64 -17
51 77 1
16 56 3
90 5 -4
35 69 -7
49 4 5
26 20 -4
67 58 16
70 63 19
9 53 3
83 2 6
28 66 7
69 67 1
41 5 -13
60 18 -8
5 82 16
44 10 -18
2 13 -8
62 64 -9
81 77 -6
34 2 -10
20 67 4
39 80 -8
37 7 -8
56 20 1
97 21 11
23 72 -1
14 23 -6
96 62 20
55 24 -3
13 64 18
99 67 14
32 77 12
71 5 14
16 69 -1
90 18 8
35 82 10
76 83 5
29 8 2
48 21 -3
92 64 -12
6 24 -13
9 66 1
50 67 -4
69 80 -9
8 70 14
41 18 4
27 83 -9
25 10 -7
44 23 20
85 24 8
30 88 20
2 26 16
62 77 -14
20 80 7
59 8 -12
4 72 3
78 21 -19
23 85 13
97 34 17
36 24 -5
55 37 16
96 75 13
99 80 -3
38 70 4
71 18 -14
57 83 -15
76 96 -6
29 21 16
48 34 -5
15 86 -20
6 37 19
18 91 -18
92 77 17
50 80 -11
91 81 20
8 83 -15
94 86 -6
27 96 10
66 24 -6
11 88 -13
85 37 -11
24 27 10
84 78 -10
43 40 17
87 83 4
1 43 5
59 21 1
4 85 -6
45 86 -1
64 99 -8
17 24 2
36 37 1
77 38 -20
80 43 -4
38 83 -20
57 96 -9
98 97 -3
15 99 -10
54 27 18
73 40 2
31 43 16
91 94 18
75 86 18
94 99 -12
66 37 9
24 40 10
43 53 14
84 91 7
87 96 8
1 56 -1
45 99 10
17 37 -2
58 38 -18
77 51 16
61 43 9
80 56 -6
19 46 -1
79 97 6
63 89 -11
54 40 -16
73 53 8
12 43 -8
31 56 14
72 57 10
75 99 -16
88 38 -11
47 0 -3
46 41 -16
5 3 19
65 54 7
49 46 1
68 59 18
26 62 -20
58 51 -12
42 43 15
61 56 -5
0 46 -10
19 59 13
93 8 10
51 11 8
35 3 -4
95 54 -5
12 56 -1
53 57 -13
72 70 -17
56 62 20
28 0 -20
47 13 -9
88 51 7
14 65 -18
5 16 -10
46 54 -16
65 67 3
49 59 -7
68 72 -10
7 62 5
81 11 12
26 75 5
20 1 11
39 14 -8
23 6 16
42 56 -13
83 57 -13
0 59 -2
74 8 -2
41 60 19
60 73 -15
44 65 16
32 11 -14
16 3 12
35 16 20
76 17 -5
95 67 -1
34 57 18
53 70 16
37 62 -17
56 75 15
97 76 -20
9 0 -19
50 1 9
69 14 20
14 78 -18
27 17 18
30 22 6
71 60 4
90 73 10
62 11 -16
7 75 6
48 76 19
20 14 -3
6 79 12
39 27 17
4 6 17
23 19 -16
83 70 -7
96 9 -6
41 73 -13
60 86 17
25 65 15
99 14 13
44 78 18
13 11 17
57 17 -3
2 81 13
76 30 -4
15 20 2
34 70 8
18 25 18
37 75 14
78 76 -19
92 11 11
97 89 -4
50 14 -16
36 79 10
69 27 19
55 92 10
8 17 -5
27 30 -12
11 22 15
30 35 -19
71 73 18
90 86 -14
84 12 12
29 76 -8
48 89 20
87 17 -15
6 92 12
4 19 9
45 20 -12
64 33 19
96 22 19
22 36 -13
25 78 -8
99 27 9
66 79 10
85 92 -6
38 17 2
57 30 20
98 31 -16
43 95 11
2 94 20
15 33 -16
1 98 5
59 76 9
18 38 2
78 89 -13
17 79 12
91 28 -4
36 92 17
75 20 -17
8 30 11
94 33 18
11 35 7
52 36 2
84 25 15
29 89 11
87 30 -10
73 95 -1
45 33 8
64 46 5
31 98 20
3 36 -19
22 49 19
66 92 -5
38 30 17
79 31 -12
24 95 4
98 44 -13
82 36 -20
40 39 -14
59 89 -9
17 92 -17
91 41 3
58 93 5
75 33 -3
61 98 -11
94 46 6
33 36 19
52 49 -9
93 50 4
10 52 2
54 95 6
67 34 -14
12 98 8
86 47 -15
70 39 7
3 49 1
89 52 20
88 93 20
80 3 -18
47 55 -4
79 44 2
63 36 -14
82 49 -11
21 39 2
40 52 -8
72 4 19
42 98 19
33 49 6
74 50 14
93 63 1
32 53 15
65 1 9
51 66 -2
68 6 -3
26 9 -13
67 47 18
86 60 -19
70 52 10
89 65 5
9 42 12
28 55 -18
47 68 10
19 6 7
60 7 -3
5 71 -9
63 49 -5
21 52 3
95 1 -20
62 53 -12
81 66 -15
53 4 -4
72 17 -19
39 69 1
56 9 -7
14 12 -4
74 63 9
13 53 -1
32 66 -5
51 79 -14
16 58 18
90 7 8
35 71 -10
7 9 -3
48 10 -19
92 53 13
9 55 6
83 4 12
28 68 1
41 7 3
60 20 12
5 84 7
44 12 17
2 15 -12
62 66 14
81 79 14
34 4 -5
20 69 9
39 82 -6
37 9 -2
78 10 -5
23 74 20
97 23 6
14 25 4
96 64 4
55 26 13
13 66 5
99 69 12
71 7 4
16 71 -18
90 20 11
76 85 -4
29 10 -18
48 23 5
92 66 19
6 26 -13
50 69 -15
69 82 6
8 72 18
41 20 11
27 85 -18
25 12 9
44 25 -6
85 26 -2
30 90 -11
11 77 -16
2 28 -9
43 29 -15
84 67 -6
87 72 -20
20 82 18
59 10 5
4 74 -13
78 23 7
23 87 -9
97 36 8
64 88 19
17 13 20
36 26 12
96 77 16
55 39 -19
99 82 13
38 72 -16
57 85 5
76 98 -3
29 23 -13
15 88 2
73 29 -11
6 39 -12
18 93 9
50 82 -4
91 83 3
8 85 6
94 88 -4
27 98 7
66 26 10
11 90 -8
85 39 6
24 29 4
43 42 -20
84 80 -3
1 45 11
87 85 10
59 23 19
45 88 12
17 26 12
36 39 2
77 40 -10
3 91 10
80 45 9
38 85 -5
79 86 18
98 99 16
54 29 -16
73 42 19
12 32 -1
31 45 1
91 96 -11
75 88 -1
66 39 1
33 91 14
24 42 3
65 43 -6
68 48 5
1 58 -15
58 40 20
77 53 13
42 32 -16
61 45 8
80 58 -12
19 48 15
79 99 16
63 91 -9
51 0 16
54 42 -19
95 43 2
12 45 -2
31 58 -19
72 59 -11
47 2 -14
88 40 -7
46 43 -14
65 56 -5
49 48 5
68 61 12
7 51 3
81 0 9
26 64 -2
39 3 20
58 53 -17
42 45 -9
61 58 -19
0 48 9
19 61 -10
93 10 1
60 62 13
32 0 -10
51 13 -12
35 5 -14
95 56 -18
34 46 -12
53 59 -19
37 51 -13
56 64 6
28 2 17
69 3 11
14 67 17
88 53 -20
5 18 -9
46 56 11
49 61 -10
90 62 -11
62 0 -15
7 64 -20
81 13 8
26 77 -16
20 3 4
39 16 -1
23 8 15
83 59 -19
0 61 -10
41 62 8
60 75 -14
13 0 14
99 3 12
32 13 -9
44 67 14
16 5 1
2 70 -16
35 18 4
76 19 1
34 59 7
53 72 13
92 0 -18
37 64 -15
56 77 14
97 78 -2
9 2 14
50 3 -13
69 16 16
14 80 4
55 81 20
8 6 16
27 19 -1
71 62 -7
30 24 14
90 75 -11
62 13 11
29 65 -9
48 78 12
20 16 -3
6 81 -1
4 8 11
23 21 8
64 22 -7
83 72 9
96 11 17
41 75 15
25 67 -17
99 16 -7
44 80 -8
85 81 2
38 6 13
57 19 -10
2 83 9
76 32 20
15 22 20
59 65 1
92 13 12
18 27 -5
97 91 15
50 16 -6
91 17 12
36 81 -12
55 94 -16
8 19 -1
94 22 12
27 32 18
11 24 7
71 75 -16
30 37 16
84 14 -4
29 78 -3
48 91 8
87 19 -4
6 94 11
4 21 -19
45 22 -4
64 35 -17
22 38 9
25 80 11
66 81 -1
85 94 17
38 19 13
24 84 11
57 32 20
43 97 10
98 33 -10
15 35 2
59 78 12
18 40 -17
78 91 -11
17 81 10
91 30 -9
36 94 -8
77 95 -7
75 22 10
94 35 3
33 25 13
52 38 9
84 27 19
10 41 6
87 32 -13
54 84 2
73 97 9
45 35 17
86 36 6
3 38 5
89 41 7
22 51 -10
66 94 14
79 33 -8
24 97 3
98 46 2
63 25 9
82 38 -12
40 41 8
17 94 5
58 95 -4
75 35 10
33 38 12
52 51 -11
93 52 -19
10 54 -5
54 97 -3
67 36 20
86 49 7
70 41 -2
89 54 17
47 57 -6
88 95 9
46 98 11
79 46 14
5 60 13
63 38 -7
82 51 -14
21 41 -14
40 54 3
72 6 2
14 1 2
74 52 20
93 65 14
32 55 20
65 3 2
51 68 -11
35 60 13
68 8 20
26 11 8
67 49 -8
70 54 13
9 44 -17
28 57 -11
47 70 -5
60 9 -3
5 73 -16
44 1 -6
21 54 14
62 55 16
81 68 10
53 6 19
39 71 -18
56 11 -15
97 12 -11
74 65 18
13 55 -19
32 68 18
51 81 -8
16 60 5
90 9 -12
35 73 -11
7 11 -3
48 12 -10
92 55 -10
6 15 -6
9 57 -10
83 6 14
50 58 20
69 71 -14
41 9 -13
27 74 -5
60 22 18
25 1 -8
44 14 -19
30 79 1
2 17 -18
62 68 -1
34 6 9
20 71 -5
39 84 11
37 11 15
78 12 -3
23 76 11
97 25 6
4 63 -12
36 15 -9
55 28 10
96 66 17
13 68 -16
99 71 15
71 9 -7
16 73 19
57 74 9
90 22 -10
76 87 -3
29 12 9
48 25 11
6 28 -19
92 68 -11
50 71 -9
69 84 11
8 74 -3
27 87 14
25 14 -4
66 15 -4
11 79 1
85 28 11
30 92 13
2 30 -7
84 69 -2
43 31 19
1 34 -5
87 74 -19
59 12 8
4 76 17
78 25 3
23 89 13
64 90 -6
17 15 -9
36 28 -12
96 79 -1
55 41 -8
22 93 -7
99 84 -16
38 74 -4
57 87 -5
29 25 -9
15 90 1
73 31 -18
18 95 15
31 34 -9
91 85 -8
8 87 3
94 90 9
66 28 14
11 92 -4
85 41 11
52 93 -8
24 31 -11
43 44 19
84 82 6
1 47 11
59 25 -3
45 90 -11
17 28 -7
58 29 -4
3 93 6
77 42 -3
61 34 8
80 47 14
38 87 9
79 88 4
82 93 17
54 31 -1
73 44 5
12 34 19
31 47 2
91 98 5
75 90 8
88 29 -17
33 93 20
24 44 5
65 45 2
68 50 6
26 53 1
58 42 12
77 55 6
42 34 5
61 47 16
80 60 9
0 37 20
19 50 5
63 93 -14
51 2 13
54 44 15
95 45 8
21 96 3
12 47 1
53 48 7
72 61 -16
56 53 1
89 1 -18
88 42 -16
47 4 -5
5 7 7
46 45 -13
65 58 -7
49 50 10
68 63 -8
7 53 -16
81 2 19
26 66 11
39 5 -13
42 47 -20
83 48 18
0 50 -16
19 63 -1
60 64 -14
32 2 10
51 15 8
35 7 -3
95 58 -20
34 48 14
53 61 10
72 74 -1
37 53 4
56 66 4
28 4 13
69 5 15
14 69 -3
46 58 -14
49 63 20
90 64 19
62 2 16
7 66 8
81 15 9
48 67 1
20 5 18
39 18 15
23 10 -15
83 61 7
96 0 -12
41 64 10
60 77 5
25 56 8
99 5 -9
13 2 -9
44 69 7
16 7 -7
57 8 -2
2 72 -14
76 21 7
34 61 13
92 2 1
37 66 -13
78 67 -1
97 80 -7
50 5 5
69 18 -1
14 82 -18
55 83 1
27 21 -10
11 13 7
71 64 -18
30 26 14
90 77 8
84 3 11
29 67 12
48 80 -15
87 8 -9
20 18 -9
6 83 17
4 10 -12
64 24 13
96 13 9
41 77 -14
25 69 -16
99 18 -4
44 82 5
85 83 18
38 8 12
57 21 3
2 85 -2
76 34 20
43 86 3
15 24 19
59 67 12
18 29 -11
78 80 6
97 93 -10
50 18 -1
17 70 20
36 83 11
91 19 -4
55 96 -9
8 21 -9
94 24 9
11 26 14
71 77 19
84 16 -18
29 80 -4
87 21 -17
73 86 11
6 96 17
45 24 6
64 37 7
3 27 5
22 40 -11
66 83 2
85 96 -20
38 21 4
79 22 19
24 86 -6
98 35 -12
43 99 -9
82 27 15
15 37 -17
59 80 3
18 42 -13
17 83 -2
91 32 10
36 96 -16
77 97 19
75 24 18
94 37 17
33 27 -17
52 40 16
10 43 -5
54 86 -4
73 99 -6
45 37 18
12 89 -15
86 38 -14
3 40 9
89 43 -7
22 53 -15
66 96 -5
79 35 -8
24 99 -12
98 48 -13
63 27 -1
82 40 -9
40 43 -1
58 97 16
75 37 -6
42 89 10
33 40 -3
74 41 -9
93 54 -15
10 56 -11
51 57 17
54 99 11
67 38 14
26 0 3
86 51 -20
70 43 -18
89 56 -3
28 46 -5
88 97 3
47 59 -2
5 62 13
63 40 -15
21 43 -3
40 56 -7
81 57 -3
72 8 9
56 0 -13
14 3 19
74 54 2
93 67 17
32 57 -19
51 70 8
35 62 15
7 0 -4
26 13 -19
67 51 8
70 56 9
9 46 1
28 59 -7
47 72 12
60 11 -16
5 75 6
44 3 -1
2 6 -14
62 57 -15
81 70 15
53 8 -15
20 60 -6
39 73 20
37 0 14
23 65 11
97 14 3
56 13 17
14 16 -9
96 55 7
55 17 20
13 57 16
32 70 10
16 62 2
90 11 1
35 75 20
29 1 5
48 14 -3
92 57 -10
6 17 -14
9 59 -11
50 60 -14
83 8 -19
69 73 -17
41 11 -13
27 76 -13
25 3 -19
44 16 -15
85 17 16
30 81 -2
2 19 19
62 70 11
20 73 13
39 86 7
59 1 2
4 65 -1
78 14 14
23 78 -9
97 27 17
36 17 -1
55 30 -7
96 68 -1
99 73 17
71 11 14
16 75 16
57 76 -15
76 89 16
29 14 -15
48 27 -19
15 79 -12
92 70 -13
6 30 -15
18 84 18
50 73 -6
69 86 -19
8 76 20
27 89 19
25 16 -7
66 17 -20
11 81 -1
85 30 -17
30 94 20
24 20 11
43 33 1
84 71 -13
87 76 7
1 36 -6
59 14 -15
4 78 -20
78 27 7
45 79 -4
64 92 -15
36 30 -19
77 31 16
22 95 11
80 36 -12
38 76 -11
57 89 -13
98 90 -20
15 92 -8
54 20 19
73 33 -19
18 97 10
31 36 -1
91 87 15
75 79 14
8 89 -16
94 92 19
66 30 9
11 94 -10
52 95 -18
24 33 18
43 46 -19
10 98 -18
1 49 4
87 89 19
45 92 1
17 30 -12
58 31 -12
3 95 -1
77 44 18
61 36 10
80 49 11
19 39 20
79 90 1
82 95 -3
54 33 -3
40 98 -13
73 46 20
12 36 -7
31 49 -18
72 50 -19
75 92 14
88 31 -10
33 95 13
46 34 3
65 47 -2
49 39 5
68 52 -7
67 93 8
26 55 -10
58 44 9
70 98 -16
42 36 17
61 49 -12
0 39 -9
19 52 17
93 1 -10
63 95 -7
51 4 -18
21 98 -11
95 47 -4
12 49 -7
53 50 -8
72 63 13
56 55 15
14 58 16
88 44 -5
47 6 5
46 47 9
5 9 -8
65 60 -3
49 52 2
68 65 -16
7 55 18
81 4 -12
26 68 -5
39 7 3
42 49 10
83 50 20
0 52 3
74 1 8
41 53 -3
60 66 12
32 4 3
44 58 8
35 9 1
95 60 2
34 50 -9
53 63 14
37 55 16
56 68 2
97 69 18
69 7 10
14 71 -15
27 10 -20
30 15 -6
71 53 20
90 66 1
62 4 17
7 68 17
48 69 11
20 7 12
6 72 -11
39 20 12
23 12 11
83 63 -10
96 2 14
41 66 11
60 79 -18
25 58 -12
13 4 19
44 71 -20
99 7 -18
16 9 -14
57 10 6
2 74 -13
76 23 10
34 63 4
92 4 -20
37 68 11
78 69 -12
97 82 -2
50 7 -16
69 20 14
36 72 -18
55 85 20
8 10 6
27 23 -13
11 15 1
30 28 6
71 66 3
90 79 14
84 5 -6
29 69 -19
48 82 7
87 10 13
6 85 11
4 12 -13
64 26 -17
96 15 -1
22 29 -15
25 71 -16
99 20 11
66 72 -5
38 10 -8
57 23 -13
98 24 -13
43 88 3
2 87 -13
15 26 18
18 31 5
59 69 -7
78 82 -11
17 72 -18
91 21 -20
36 85 -20
55 98 8
75 13 -8
8 23 -2
94 26 17
11 28 19
52 29 6
84 18 -20
29 82 -17
87 23 13
73 88 -10
45 26 5
64 39 -4
31 91 7
3 29 -19
22 42 -5
66 85 3
85 98 10
38 23 16
79 24 13
24 88 6
98 37 15
82 29 8
15 39 5
59 82 -16
18 44 -18
17 85 -9
91 34 -7
58 86 19
77 99 7
75 26 -4
94 39 20
61 91 -2
33 29 -12
52 42 12
10 45 6
54 88 12
67 27 12
12 91 -10
86 40 -7
3 42 -16
89 45 -18
47 48 16
88 86 -1
79 37 11
63 29 19
82 42 -18
21 32 5
40 45 -19
58 99 -3
42 91 -14
0 94 -9
74 43 6
33 42 -9
93 56 -19
10 58 15
51 59 1
67 40 3
26 2 3
86 53 -10
70 45 4
89 58 -10
28 48 -10
47 61 10
88 99 6
60 0 13
5 64 19
63 42 -2
21 45 -13
40 58 17
81 59 -12
72 10 -15
39 62 18
56 2 19
14 5 2
74 56 -5
93 69 -14
13 46 -7
32 59 -10
51 72 6
16 51 -14
90 0 9
35 64 1
7 2 11
48 3 20
92 46 1
9 48 18
28 61 10
69 62 -20
41 0 -19
60 13 -18
5 77 19
44 5 16
2 8 7
62 59 -2
81 72 -10
20 62 -18
39 75 -3
37 2 -4
78 3 2
23 67 -8
97 16 4
14 18 -10
55 19 3
96 57 -6
13 59 -3
99 62 9
32 72 -5
71 0 -10
16 64 -14
90 13 -19
35 77 9
76 78 -11
29 3 1
48 16 12
6 19 -12
92 59 -20
9 61 -18
50 62 1
69 75 -20
8 65 20
41 13 6
27 78 -9
25 5 3
44 18 19
85 19 -20
11 70 7
30 83 10
2 21 -6
43 22 14
20 75 3
59 3 -14
4 67 18
78 16 -4
23 80 11
64 81 -3
97 29 13
17 6 -2
36 19 -10
96 70 9
55 32 9
99 75 -14
71 13 17
38 65 -18
57 78 -16
76 91 7
29 16 -6
15 81 16
73 22 -5
6 32 19
18 86 8
50 75 8
91 76 -9
8 78 20
94 81 10
27 91 -6
66 19 -2
11 83 6
85 32 17
30 96 16
24 22 -20
84 73 5
43 35 -1
87 78 -20
1 38 14
59 16 14
4 80 -1
45 81 -18
64 94 -4
17 19 19
36 32 -16
77 33 -4
22 97 7
3 84 -9
80 38 3
38 78 14
57 91 -2
98 92 -20
15 94 19
54 22 -20
73 35 -6
18 99 -5
12 25 2
31 38 8
91 89 12
75 81 7
33 84 -18
66 32 7
52 97 5
24 35 10
65 36 -6
68 41 12
87 91 -1
1 51 18
45 94 -19
86 95 -14
58 33 -20
3 97 20
77 46 -18
42 25 10
61 38 -4
80 51 3
19 41 7
79 92 15
63 84 20
82 97 14
54 35 17
95 36 -3
12 38 -2
31 51 3
72 52 -13
75 94 3
88 33 16
33 97 5
46 36 -1
65 49 7
49 41 6
68 54 8
7 44 -4
26 57 -7
67 95 -4
58 46 -11
42 38 -3
61 51 17
0 41 3
19 54 18
93 3 -13
60 55 -5
63 97 -16
51 6 12
95 49 -16
34 39 4
53 52 6
72 65 -16
37 44 9
56 57 6
14 60 5
88 46 14
5 11 5
46 49 -11
49 54 -14
90 55 -2
7 57 7
81 6 19
26 70 2
39 9 18
23 1 -20
83 52 -19
0 54 18
41 55 12
60 68 7
44 60 19
32 6 -14
35 11 -15
76 12 -18
2 63 11
34 52 -17
53 65 18
37 57 15
56 70 20
97 71 4
69 9 19
14 73 -10
55 74 9
27 12 15
30 17 -7
71 55 5
90 68 -9
29 58 14
62 6 2
48 71 16
20 9 -11
6 74 -3
39 22 10
4 1 -3
23 14 -5
83 65 8
96 4 -9
41 68 4
25 60 -12
99 9 19
44 73 -12
85 74 20
57 12 5
2 76 5
76 25 -17
18 20 19
59 58 -2
78 71 6
92 6 -5
97 84 18
50 9 17
91 10 14
36 74 -20
55 87 -15
8 12 -17
27 25 3
11 17 -12
71 68 7
84 7 -8
29 71 5
48 84 7
87 12 15
6 87 4
4 14 -2
45 15 4
64 28 -16
22 31 -11
25 73 -20
66 74 -1
85 87 -12
38 12 6
57 25 6
24 77 -5
43 90 8
98 26 12
15 28 19
1 93 20
59 71 20
18 33 14
78 84 -12
17 74 20
91 23 1
36 87 16
77 88 -3
75 15 -19
94 28 10
11 30 12
52 31 -19
10 34 -3
84 20 -15
54 77 -1
87 25 17
73 90 -20
45 28 20
64 41 9
31 93 -10
3 31 14
22 44 -16
66 87 20
79 26 15
24 90 16
98 39 -20
82 31 -12
40 34 20
17 87 19
58 88 9
75 28 7
61 93 -5
33 31 9
52 44 2
93 45 17
10 47 9
54 90 -2
67 29 18
12 93 19
86 42 -20
70 34 -17
3 44 -5
89 47 -8
47 50 -11
79 39 10
46 91 6
5 53 -1
63 31 20
49 96 -16
82 44 14
21 34 5
40 47 -18
42 93 20
0 96 -13
33 44 -7
74 45 4
93 58 13
32 48 1
51 61 -12
68 1 -8
35 53 6
67 42 14
26 4 -2
70 47 10
89 60 8
9 37 2
28 50 20
47 63 -18
60 2 19
5 66 -9
21 47 2
62 48 -20
81 61 2
39 64 12
56 4 19
97 5 -3
14 7 8
74 58 10
13 48 1
32 61 -11
51 74 -20
16 53 3
90 2 9
35 66 20
7 4 16
48 5 7
6 8 13
92 48 -19
9 50 2
28 63 5
69 64 -7
41 2 -15
27 67 8
60 15 18
44 7 1
30 72 -19
2 10 -1
62 61 -16
81 74 6
20 64 14
39 77 -5
4 56 -6
78 5 3
23 69 10
97 18 -16
37 4 -3
36 8 -5
96 59 4
55 21 8
13 61 1
99 64 -6
71 2 12
16 66 19
57 67 13
90 15 -7
76 80 11
29 5 -3
48 18 -8
6 21 -3
92 61 12
50 64 14
69 77 20
8 67 11
27 80 -7
25 7 14
66 8 -10
11 72 15
85 21 -19
30 85 -14
2 23 -1
84 62 9
43 24 15
87 67 -10
1 27 14
20 77 18
59 5 15
4 69 -12
78 18 -19
23 82 8
64 83 -3
17 8 -15
36 21 19
96 72 4
55 34 -12
22 86 -7
99 77 6
38 67 11
57 80 -7
76 93 -15
29 18 -1
15 83 15
73 24 -2
18 88 16
31 27 -20
50 77 -20
91 78 -6
8 80 -5
94 83 5
66 21 -20
11 85 14
85 34 -11
52 86 -16
84 75 18
43 37 -7
87 80 6
1 40 -2
59 18 -2
45 83 13
64 96 -19
17 21 2
58 22 17
3 86 12
77 35 -12
22 99 -12
61 27 19
80 40 19
38 80 -7
79 81 2
98 94 -14
82 86 -6
15 96 -3
54 24 10
73 37 7
12 27 6
31 40 -8
75 83 9
94 96 -9
88 22 5
33 86 -6
52 99 10
24 37 1
65 38 -8
68 43 19
45 96 9
86 97 14
58 35 -7
3 99 -6
77 48 4
42 27 13
61 40 12
80 53 -17
0 30 13
19 43 -14
79 94 12
63 86 -19
82 99 10
21 89 19
95 38 4
54 37 -12
12 40 -8
53 41 13
72 54 -4
56 46 5
75 96 -2
88 35 -12
33 99 9
5 0 3
46 38 9
65 51 -16
49 43 -1
68 56 16
7 46 -4
26 59 -16
67 97 13
42 40 19
83 41 7
0 43 -7
19 56 -1
60 57 -18
63 99 5
51 8 -15
35 0 -7
95 51 -15
34 41 16
53 54 -10
72 67 -20
37 46 7
56 59 -2
14 62 13
46 51 -7
5 13 -17
49 56 -9
90 57 -2
7 59 20
48 60 -12
81 8 18
39 11 13
23 3 5
83 54 -1
41 57 4
60 70 6
25 49 13
44 62 -19
16 0 20
2 65 14
76 14 -17
35 13 20
34 54 -9
37 59 -17
78 60 20
97 73 -5
69 11 -5
14 75 17
55 76 -15
8 1 1
27 14 -8
11 6 20
71 57 3
30 19 10
90 70 -7
29 60 15
48 73 18
20 11 -12
6 76 2
4 3 -20
23 16 -4
64 17 17
96 6 17
41 70 13
25 62 15
99 11 11
44 75 -18
85 76 2
38 1 -4
57 14 1
2 78 18
76 27 8
15 17 9
59 60 -5
18 22 -5
78 73 17
97 86 -13
17 63 14
50 11 6
91 12 -14
36 76 -5
55 89 -16
8 14 -5
94 17 -19
11 19 -6
30 32 -4
71 70 -13
84 9 -20
29 73 12
87 14 -2
73 79 -12
6 89 -6
4 16 -15
45 17 19
64 30 9
3 20 -19
22 33 -19
66 76 -18
85 89 -15
38 14 1
24 79 3
57 27 14
43 92 -2
98 28 15
15 30 -20
1 95 -6
59 73 -15
18 35 15
17 76 5
91 25 10
36 89 -20
77 90 -14
75 17 -1
94 30 -4
80 95 8
33 20 -9
52 33 17
10 36 -18
54 79 -15
73 92 11
45 30 -1
86 31 -14
31 95 11
3 33 19
89 36 10
22 46 3
66 89 13
79 28 -15
24 92 6
98 41 11
63 20 -18
82 33 14
40 36 13
58 90 8
75 30 -12
42 82 1
61 95 -19
19 98 2
52 46 -3
93 47 6
10 49 3
51 50 -1
54 92 16
95 93 -4
67 31 13
12 95 -7
86 44 5
70 36 11
89 49 7
28 39 -19
47 52 -5
88 90 9
5 55 20
46 93 -10
63 33 -17
82 46 -6
49 98 19
21 36 13
40 49 20
81 50 -14
72 1 6
42 95 4
0 98 9
74 47 -16
93 60 -14
32 50 5
51 63 -2
35 55 20
26 6 16
67 44 4
70 49 -10
9 39 16
28 52 3
47 65 5
60 4 -6
5 68 1
21 49 4
62 50 -17
81 63 -1
53 1 -6
20 53 18
39 66 -15
23 58 -19
56 6 -10
97 7 -10
14 9 -10
55 10 2
74 60 16
13 50 -18
32 63 3
16 55 -6
90 4 -3
35 68 20
76 69 -6
48 7 17
92 50 5
6 10 -18
9 52 13
50 53 -3
83 1 -4
69 66 -17
41 4 -4
27 69 -19
44 9 4
85 10 20
30 74 -11
2 12 -11
62 63 -13
20 66 -7
39 79 -20
4 58 19
78 7 7
23 71 -18
97 20 -9
36 10 9
96 61 -10
55 23 4
13 63 14
99 66 -14
71 4 -11
16 68 16
57 69 -18
76 82 2
29 7 -15
15 72 -20
48 20 20
18 77 -2
6 23 -11
92 63 11
50 66 13
69 79 7
8 69 5
27 82 -9
25 9 -5
66 10 10
11 74 14
85 23 -12
30 87 -5
24 13 1
43 26 5
84 64 -15
87 69 -10
1 29 9
59 7 11
4 71 -13
78 20 5
45 72 -14
64 85 5
17 10 -13
36 23 12
77 24 -11
22 88 1
96 74 -19
80 29 16
99 79 12
38 69 -7
57 82 -1
98 83 -7
15 85 -10
54 13 -1
73 26 -14
18 90 -20
31 29 -18
91 80 -6
75 72 5
8 82 -6
94 85 15
66 23 1
11 87 19
52 88 3
24 26 3
10 91 18
43 39 -6
84 77 7
87 82 -4
1 42 5
45 85 12
64 98 -18
17 23 10
58 24 -4
3 88 4
77 37 -16
61 29 -1
80 42 -12
19 32 5
38 82 18
79 83 -14
98 96 13
82 88 5
54 26 -5
40 91 1
73 39 -19
12 29 4
31 42 19
72 43 13
91 93 6
75 85 -15
94 98 11
88 24 14
33 88 -1
46 27 -11
65 40 -11
49 32 4
68 45 5
26 48 9
67 86 10
86 99 -14
58 37 13
70 91 17
42 29 -8
61 42 13
0 32 1
19 45 6
79 96 -10
63 88 -19
21 91 -14
95 40 1
12 42 16
53 43 -7
72 56 -3
56 48 10
88 37 10
5 2 14
46 40 -16
65 53 -14
49 45 18
68 58 -14
7 48 -11
26 61 11
67 99 19
39 0 14
9 94 -8
83 43 20
0 45 9
41 46 -14
60 59 -18
51 10 -12
35 2 18
95 53 10
34 43 18
53 56 4
37 48 2
56 61 2
97 62 15
69 0 3
14 64 -4
27 3 13
71 46 -15
30 8 5
90 59 1
7 61 14
48 62 -7
81 10 9
20 0 -11
39 13 19
23 5 12
83 56 11
41 59 -12
60 72 -7
25 51 -9
99 0 20
44 64 13
16 2 -12
57 3 -14
2 67 9
76 16 12
34 56 -7
37 61 16
78 62 17
97 75 2
50 0 -2
69 13 4
14 77 -10
55 78 -15
8 3 -4
27 16 10
11 8 -6
30 21 11
71 59 -5
90 72 -19
29 62 13
48 75 -3
87 3 3
20 13 -20
6 78 16
4 5 3
23 18 14
64 19 1
96 8 3
25 64 -9
99 13 -17
66 65 15
85 78 -18
38 3 19
57 16 -4
2 80 -18
43 81 8
76 29 -19
15 19 -10
59 62 -13
18 24 -16
78 75 6
17 65 -14
91 14 17
36 78 -10
55 91 1
8 16 -3
94 19 6
11 21 13
52 22 -19
84 11 -12
29 75 7
87 16 9
73 81 9
6 91 -7
45 19 18
64 32 4
3 22 -6
22 35 17
66 78 -11
85 91 -5
38 16 -20
79 17 -6
24 81 -14
98 30 -7
43 94 -20
82 22 5
15 32 -9
1 97 3
59 75 15
18 37 -1
17 78 9
91 27 -13
77 92 15
75 19 7
94 32 9
80 97 20
33 22 14
52 35 16
10 38 16
54 81 6
73 94 -3
45 32 -7
86 33 10
31 97 -15
12 84 -9
3 35 -20
89 38 13
88 79 -6
47 41 -8
79 30 -14
24 94 19
65 95 -5
98 43 20
63 22 5
82 35 8
21 25 14
40 38 -2
58 92 -4
42 84 2
75 32 -7
61 97 -16
33 35 -5
74 36 -16
93 49 -12
10 51 10
51 52 1
54 94 -7
67 33 -12
12 97 -6
86 46 -18
70 38 18
89 51 14
28 41 -4
47 54 -13
88 92 -9
5 57 -14
46 95 -13
63 35 -17
21 38 -10
40 51 19
81 52 -4
39 55 -2
72 3 -6
42 97 -1
74 49 -19
93 62 1
13 39 -19
32 52 18
51 65 -17
16 44 11
35 57 -8
67 46 -3
34 98 14
70 51 19
9 41 -2
28 54 20
69 55 -9
60 6 -14
5 70 6
2 1 7
62 52 1
81 65 -19
20 55 -15
39 68 -13
23 60 -4
97 9 8
14 11 14
96 50 -3
55 12 -2
13 52 16
99 55 -12
32 65 -2
16 57 -14
90 6 -13
35 70 1
76 71 20
48 9 -14
6 12 3
92 52 -4
9 54 4
50 55 3
69 68 -4
41 6 9
8 58 18
27 71 -15
44 11 19
85 12 -12
30 76 -17
11 63 -5
2 14 11
43 15 -10
62 65 8
20 68 16
4 60 18
78 9 -1
23 73 16
64 74 -14
97 22 -19
36 12 -13
55 25 -8
96 63 -19
99 68 3
38 58 -4
71 6 -3
57 71 5
76 84 -3
29 9 -15
15 74 -5
73 15 12
92 65 6
18 79 -5
6 25 10
50 68 -20
91 69 -9
8 71 11
94 74 16
27 84 7
66 12 -11
11 76 16
85 25 -8
30 89 -9
24 15 -13
43 28 11
84 66 17
87 71 -1
1 31 -13
59 9 -2
4 73 -19
45 74 -15
64 87 -8
17 12 -19
3 77 20
77 26 -10
22 90 17
36 25 -16
80 31 -17
38 71 6
57 84 18
98 85 -5
15 87 -4
54 15 -11
73 28 -18
18 92 18
12 18 4
91 82 -10
75 74 -3
94 87 -12
33 77 6
66 25 7
52 90 -2
24 28 -7
65 29 20
84 79 -3
10 93 -12
87 84 -1
1 44 -5
45 87 -8
86 88 10
58 26 17
3 90 17
89 93 -7
77 39 -9
42 18 4
61 31 -15
80 44 -4
19 34 7
79 85 -17
63 77 10
82 90 -10
54 28 10
95 29 3
40 93 1
12 31 14
31 44 3
72 45 20
75 87 15
88 26 19
33 90 2
46 29 15
65 42 17
49 34 2
68 47 -7
26 50 20
67 88 7
58 39 2
70 93 10
42 31 -6
61 44 -2
28 96 -12
0 34 19
19 47 -4
79 98 16
63 90 -14
21 93 7
95 42 -3
34 32 17
53 45 2
72 58 -11
56 50 -16
14 53 -2
47 1 6
88 39 -8
5 4 -5
46 42 -3
49 47 9
90 48 2
7 50 -11
26 63 -18
39 2 17
9 96 -12
83 45 -7
0 47 20
41 48 10
60 61 -7
44 53 4
35 4 -6
76 5 -16
34 45 -4
53 58 -9
37 50 -20
56 63 -7
97 64 -18
69 2 10
14 66 18
27 5 -16
71 48 -7
30 10 6
90 61 15
48 64 8
20 2 -1
39 15 17
6 67 -5
23 7 -9
83 58 20
41 61 2
25 53 4
99 2 6
44 66 14
16 4 -12
57 5 19
2 69 17
76 18 -7
15 8 3
18 13 4
59 51 13
78 64 3
97 77 -1
50 2 -6
69 15 18
36 67 1
55 80 -9
8 5 8
27 18 -3
11 10 -19
71 61 -3
30 23 3
84 0 13
29 64 3
48 77 7
87 5 20
6 80 -13
4 7 17
45 8 8
64 21 -3
22 24 -16
25 66 5
66 67 12
99 15 3
85 80 13
38 5 -14
57 18 15
98 19 -14
43 83 -20
2 82 -19
15 21 19
1 86 -14
59 64 16
18 26 -15
78 77 15
17 67 -12
91 16 3
36 80 2
55 93 -7
75 8 1
8 18 5
94 21 7
11 23 8
52 24 12
84 13 20
10 27 -17
87 18 -8
73 83 -7
45 21 11
31 86 14
64 34 3
3 24 -16
22 37 13
66 80 9
38 18 -1
79 19 -8
24 83 17
98 32 1
43 96 -9
82 24 11
1 99 -7
40 27 -4
17 80 -2
91 29 18
58 81 -15
77 94 -10
75 21 -17
61 86 -11
94 34 14
80 99 17
33 24 -4
52 37 -4
93 38 8
10 40 -17
54 83 -5
73 96 19
67 22 -14
12 86 19
86 35 12
31 99 2
70 27 9
3 37 4
89 40 16
88 81 -6
47 43 -10
79 32 12
24 96 19
65 97 -11
5 46 5
63 24 -16
82 37 -6
21 27 7
58 94 -5
42 86 14
61 99 18
0 89 12
74 38 -16
33 37 -17
93 51 -12
32 41 9
51 54 20
35 46 14
95 97 -2
67 35 -1
12 99 4
86 48 8
70 40 -19
89 53 -8
9 30 17
28 43 6
47 56 5
88 94 -19
46 97 -1
5 59 13
63 37 -19
21 40 -13
62 41 20
81 54 12
39 57 1
42 99 -20
14 0 11
74 51 5
13 41 2
32 54 -2
51 67 -1
16 46 4
35 59 -8
92 41 -9
9 43 18
28 56 2
69 57 1
60 8 -17
27 60 20
44 0 -20
30 65 5
2 3 4
62 54 9
81 67 8
20 57 -15
39 70 14
4 49 12
23 62 -20
97 11 18
36 1 11
96 52 -1
55 14 -1
13 54 -20
99 57 10
16 59 7
90 8 -16
57 60 2
76 73 1
48 11 12
6 14 -13
92 54 -8
50 57 -5
69 70 12
8 60 17
27 73 -7
25 0 4
66 1 14
11 65 12
85 14 1
30 78 -13
2 16 -10
43 17 2
84 55 9
87 60 6
20 70 17
4 62 20
78 11 -15
23 75 18
64 76 -10
17 1 1
36 14 -20
55 27 17
22 79 7
96 65 12
99 70 11
38 60 -15
57 73 14
76 86 -18
29 11 15
15 76 -3
73 17 5
18 81 -9
50 70 -16
91 71 1
8 73 17
94 76 -16
66 14 17
11 78 -18
85 27 -7
52 79 -6
24 17 -9
84 68 5
43 30 -9
87 73 -4
1 33 10
59 11 -9
45 76 -3
64 89 -3
17 14 -14
58 15 19
3 79 6
77 28 18
22 92 -9
61 20 10
80 33 11
38 73 -1
79 74 -11
98 87 6
82 79 -6
15 89 9
54 17 -5
73 30 14
18 94 17
12 20 11
31 33 10
91 84 3
75 76 17
94 89 10
88 15 13
33 79 11
52 92 17
24 30 -20
65 31 -8
10 95 19
68 36 -3
1 46 8
45 89 -5
86 90 -5
58 28 -8
3 92 19
89 95 10
77 41 -18
42 20 17
61 33 10
80 46 -1
47 98 18
19 36 17
79 87 -4
63 79 -8
82 92 -9
21 82 15
95 31 8
40 95 19
54 30 10
12 33 3
72 47 -5
75 89 -4
88 28 -17
33 92 -10
74 93 -19
46 31 18
65 44 13
49 36 -8
68 49 -19
7 39 -10
67 90 -17
26 52 -6
70 95 16
42 33 7
83 34 7
28 98 10
0 36 1
19 49 14
60 50 7
63 92 -9
51 1 18
21 95 3
95 44 19
53 47 7
72 60 19
37 39 -11
56 52 -12
14 55 -4
46 44 7
13 96 16
5 6 15
90 50 -9
7 52 7
81 1 8
26 65 3
39 4 10
9 98 -11
83 47 -14
41 50 -15
60 63 -4
44 55 -17
32 1 -7
35 6 3
76 7 -8
2 58 4
34 47 -20
37 52 -19
56 65 9
97 66 -11
69 4 8
14 68 3
55 69 -17
27 7 -6
71 50 -19
30 12 -8
90 63 -11
62 1 -3
29 53 -17
48 66 -8
20 4 -17
6 69 13
23 9 3
64 10 11
41 63 -5
25 55 -4
99 4 19
44 68 3
85 69 5
57 7 -3
2 71 -10
76 20 15
15 10 -19
59 53 -14
92 1 18
78 66 -5
18 15 6
97 79 -18
50 4 13
91 5 17
36 69 -11
55 82 -20
8 7 12
94 10 -13
27 20 9
11 12 -18
30 25 17
71 63 -3
84 2 -1
29 66 -11
48 79 -3
87 7 6
6 82 -12
4 9 13
45 10 -2
64 23 13
3 13 -2
22 26 9
66 69 2
85 82 2
38 7 2
24 72 13
98 21 2
57 20 3
43 85 18
15 23 20
1 88 5
18 28 -3
59 66 19
17 69 -2
91 18 18
36 82 -17
77 83 -20
75 10 13
94 23 11
80 88 -6
33 13 14
52 26 -8
84 15 10
10 29 4
87 20 18
54 72 -9
73 85 16
45 23 -14
86 24 18
31 88 5
3 26 15
89 29 -17
22 39 -17
66 82 -12
79 21 2
24 85 -6
98 34 -9
43 98 20
63 13 18
82 26 -8
40 29 -16
17 82 10
58 83 -9
77 96 15
75 23 1
61 88 9
33 26 19
52 39 -2
93 40 9
19 91 -19
10 42 4
51 43 -7
54 85 14
73 98 -15
67 24 3
12 88 -18
86 37 -1
70 29 -3
89 42 1
28 32 -16
88 83 -12
47 45 14
46 86 -15
79 34 -6
65 99 -12
5 48 19
63 26 18
49 91 19
82 39 1
21 29 11
40 42 8
81 43 -11
58 96 12
42 88 3
0 91 17
74 40 8
93 53 -4
32 43 2
51 56 -17
35 48 -2
95 99 3
67 37 -11
70 42 -12
9 32 -7
28 45 -4
47 58 -17
88 96 -10
46 99 9
5 61 -18
21 42 3
62 43 9
81 56 17
20 46 14
39 59 2
23 51 12
97 0 9
14 2 -12
74 53 -20
13 43 15
32 56 -14
16 48 11
35 61 1
76 62 -12
48 0 -15
6 3 -15
92 43 11
9 45 12
50 46 1
69 59 -4
27 62 18
44 2 18
85 3 12
30 67 -4
2 5 -17
62 56 7
20 59 -13
39 72 -14
4 51 3
78 0 -6
23 64 -9
97 13 -16
36 3 3
96 54 8
55 16 -14
13 56 -8
99 59 17
16 61 -8
57 62 -19
76 75 -13
29 0 19
48 13 9
15 65 -8
18 70 -17
6 16 6
92 56 -1
50 59 14
69 72 9
8 62 17
27 75 11
25 2 -19
66 3 19
11 67 10
85 16 -16
30 80 3
2 18 -15
84 57 9
43 19 -12
87 62 -7
1 22 9
59 0 -9
4 64 -7
45 65 6
78 13 -1
64 78 10
17 3 -1
36 16 -17
22 81 16
96 67 -5
99 72 -17
38 62 -7
57 75 7
98 76 11
15 78 15
54 6 -9
73 19 1
18 83 7
31 22 13
91 73 -2
75 65 3
8 75 -12
94 78 11
66 16 -6
11 80 -17
52 81 -16
24 19 16
84 70 15
43 32 14
1 35 18
87 75 5
45 78 16
64 91 11
17 16 2
58 17 -9
3 81 13
77 30 15
22 94 17
61 22 11
80 35 16
38 75 19
79 76 -19
98 89 3
82 81 5
54 19 11
73 32 8
40 84 15
12 22 -15
31 35 15
91 86 -13
75 78 19
94 91 6
88 17 -14
33 81 -11
52 94 -9
93 95 -14
65 33 6
10 97 10
68 38 4
26 41 -3
67 79 -16
86 92 7
58 30 -4
70 84 -20
89 97 8
3 94 17
42 22 -14
61 35 5
80 48 19
0 25 12
19 38 19
79 89 11
63 81 13
82 94 13
21 84 3
95 33 13
40 97 17
12 35 -14
53 36 -4
72 49 -18
56 41 -4
88 30 16
33 94 -7
74 95 20
46 33 13
32 98 10
65 46 12
49 38 17
68 51 1
7 41 -15
67 92 -7
26 54 -11
70 97 14
42 35 19
9 87 -14
83 36 1
0 38 20
19 51 -14
60 52 -16
63 94 11
51 3 -11
21 97 1
95 46 19
62 98 -7
34 36 9
53 49 -20
72 62 2
37 41 -12
56 54 4
14 57 -14
13 98 -18
30 1 14
90 52 -15
7 54 12
48 55 1
81 3 -8
92 98 19
39 6 10
83 49 -8
41 52 3
60 65 14
25 44 -9
44 57 -13
2 60 8
76 9 -2
34 49 9
37 54 11
78 55 -5
97 68 -12
69 6 8
14 70 15
55 71 -15
27 9 13
11 1 -20
71 52 15
30 14 -19
90 65 3
29 55 16
48 68 19
20 6 4
6 71 13
23 11 -8
64 12 6
22 15 -18
96 1 -17
41 65 -2
25 57 19
99 6 7
44 70 11
85 71 5
57 9 16
2 73 8
43 74 -16
76 22 -1
15 12 -9
59 55 -10
18 17 3
78 68 14
97 81 7
17 58 11
91 7 13
36 71 16
50 6 -5
55 84 -2
8 9 -2
94 12 9
11 14 -3
52 15 -14
84 4 8
29 68 -4
87 9 -10
73 74 4
6 84 2
45 12 -7
64 25 17
3 15 -9
22 28 5
66 71 -7
85 84 -6
38 9 14
79 10 9
24 74 12
98 23 -5
43 87 11
82 15 12
15 25 -13
1 90 10
18 30 -6
59 68 14
17 71 17
91 20 -13
36 84 -3
77 85 1
75 12 9
94 25 19
80 90 9
33 15 -9
52 28 -8
10 31 5
54 74 -14
73 87 3
45 25 -12
86 26 15
12 77 4
31 90 1
3 28 -11
89 31 -11
47 34 12
66 84 -9
79 23 -10
24 87 -18
98 36 10
65 88 18
63 15 -14
82 28 12
68 93 -20
21 18 -19
40 31 -9
58 85 -3
77 98 1
42 77 20
75 25 4
61 90 -3
33 28 6
74 29 19
19 93 11
93 42 -3
10 44 -17
51 45 4
54 87 -8
95 88 16
67 26 -16
12 90 4
86 39 12
70 31 18
89 44 5
28 34 8
88 85 6
5 50 15
46 88 -19
63 28 -19
49 93 11
21 31 -6
40 44 13
81 45 -11
7 96 4
39 48 3
58 98 -20
42 90 11
0 93 -10
74 42 6
93 55 -6
13 32 -9
32 45 -14
51 58 -13
16 37 -13
35 50 18
34 91 -6
67 39 10
26 1 20
70 44 20
37 96 2
9 34 -11
28 47 2
69 48 -1
88 98 -14
5 63 -16
62 45 4
81 58 -1
20 48 17
39 61 15
23 53 4
97 2 -6
14 4 13
96 43 8
55 5 15
13 45 19
99 48 -16
32 58 10
16 50 12
35 63 14
76 64 19
48 2 7
92 45 9
6 5 -8
9 47 -8
50 48 11
69 61 1
8 51 20
27 64 -17
44 4 1
11 56 -13
30 69 6
85 5 -19
2 7 -12
62 58 -14
20 61 9
4 53 2
78 2 -6
23 66 10
64 67 -20
97 15 10
36 5 -10
96 56 -8
55 18 -7
99 61 13
38 51 -9
57 64 -7
76 77 12
29 2 10
15 67 -5
6 18 20
92 58 -14
18 72 17
50 61 13
91 62 14
8 64 -19
94 67 -10
27 77 15
66 5 -20
11 69 -2
85 18 11
30 82 19
24 8 -18
84 59 5
43 21 15
1 24 15
87 64 2
59 2 14
4 66 -14
45 67 15
64 80 17
17 5 -10
36 18 15
77 19 20
3 70 6
22 83 -3
80 24 -14
38 64 4
57 77 -13
98 78 -15
15 80 -8
54 8 -16
73 21 -15
18 85 -1
31 24 -18
91 75 2
75 67 -12
94 80 -10
66 18 8
33 70 17
52 83 -6
24 21 10
43 34 4
10 86 17
84 72 12
87 77 -2
1 37 9
45 80 -12
86 81 -9
58 19 -4
3 83 4
89 86 -7
22 96 -2
77 32 15
61 24 -17
80 37 4
19 27 -2
79 78 -17
98 91 3
63 70 20
82 83 17
54 21 -18
40 86 -9
12 24 -4
31 37 6
72 38 -11
75 80 -2
88 19 17
33 83 -9
52 96 -18
93 97 3
46 22 -12
65 35 1
10 99 -11
49 27 -18
68 40 12
67 81 12
26 43 -17
86 94 1
58 32 -13
70 86 -13
89 99 11
42 24 -17
61 37 17
0 27 -19
19 40 1
79 91 9
63 83 16
82 96 4
21 86 -6
95 35 18
40 99 -15
12 37 -2
53 38 3
72 51 -5
56 43 17
88 32 -13
14 46 -3
74 97 -20
46 35 -3
65 48 4
49 40 -14
68 53 -11
7 43 4
26 56 -9
67 94 -2
70 99 -12
9 89 -17
83 38 14
0 40 -19
60 54 -20
44 46 13
21 99 9
34 38 -9
53 51 -13
37 43 2
97 57 4
14 59 -11
30 3 -9
71 41 -5
90 54 20
7 56 12
48 57 -17
39 8 14
6 60 1
23 0 4
83 51 15
41 54 -1
60 67 -14
25 46 -6
44 59 14
2 62 11
76 11 -3
15 1 -3
34 51 16
18 6 19
37 56 -16
78 57 16
97 70 1
36 60 -4
69 8 -12
55 73 13
27 11 12
11 3 10
71 54 -18
30 16 1
90 67 8
29 57 12
48 70 2
6 73 4
4 0 10
45 1 -5
64 14 8
96 3 -16
22 17 14
25 59 -6
66 60 -13
99 8 -8
85 73 19
57 11 -6
98 12 3
43 76 8
2 75 1
15 14 1
1 79 12
18 19 -20
59 57 12
78 70 -17
17 60 -14
91 9 7
36 73 -8
55 86 -14
75 1 -15
8 11 15
94 14 7
11 16 -5
52 17 -20
10 20 18
84 6 -15
29 70 -17
87 11 10
73 76 4
45 14 13
64 27 -9
31 79 14
3 17 -15
22 30 12
66 73 14
85 86 -7
38 11 -11
79 12 14
24 76 -6
98 25 8
43 89 -15
82 17 -17
1 92 3
40 20 -16
59 70 -18
17 73 -3
91 22 11
58 74 18
77 87 18
75 14 2
94 27 -8
61 79 10
80 92 -15
33 17 15
52 30 15
93 31 15
10 33 -12
54 76 5
73 89 -5
67 15 3
12 79 13
86 28 10
31 92 6
70 20 -16
3 30 -16
89 33 -11
88 74 4
47 36 15
79 25 1
24 89 -17
65 90 -7
63 17 -9
82 30 -16
68 95 -6
21 20 2
40 33 9
26 98 -13
58 87 18
42 79 17
61 92 18
0 82 10
74 31 -18
19 95 8
93 44 1
33 30 -8
32 34 16
51 47 -4
35 39 -9
54 89 4
95 90 -10
67 28 3
12 92 9
86 41 11
53 93 -3
70 33 11
56 98 -15
89 46 18
9 23 -18
28 36 -15
88 87 -9
47 49 17
5 52 1
46 90 19
63 30 16
49 95 14
21 33 -17
62 34 11
7 98 -10
81 47 -11
39 50 11
42 92 19
83 93 20
0 95 17
74 44 -12
13 34 -15
32 47 -6
51 60 -14
16 39 -10
35 52 15
34 93 12
92 34 2
37 98 19
9 36 -1
28 49 -4
69 50 9
60 1 2
62 47 -13
81 60 -16
20 50 -2
39 63 11
4 42 -6
23 55 -2
97 4 3
14 6 2
96 45 19
55 7 10
13 47 7
99 50 14
16 52 19
90 1 8
57 53 -12
76 66 9
48 4 -13
6 7 -8
92 47 -5
69 63 -8
8 53 -16
27 66 -4
11 58 6
44 6 13
30 71 3
85 7 13
2 9 -11
84 48 12
43 10 18
87 53 -9
20 63 11
4 55 11
78 4 16
23 68 18
64 69 -16
97 17 -13
36 7 16
96 58 -12
55 20 6
99 63 -3
38 53 -12
57 66 8
76 79 12
29 4 -6
15 69 -14
73 10 10
18 74 -2
6 20 -13
50 63 -20
91 64 8
8 66 -9
94 69 -5
66 7 17
11 71 -15
85 20 -10
24 10 8
43 23 15
84 61 -7
1 26 -9
87 66 6
59 4 -6
45 69 -13
64 82 2
17 7 -1
3 72 -9
36 20 -14
22 85 -4
77 21 19
80 26 -15
38 66 -7
79 67 -1
98 80 15
82 72 -10
15 82 -4
54 10 -13
73 23 7
18 87 -8
12 13 -5
31 26 13
91 77 -11
75 69 -6
94 82 -8
33 72 4
52 85 10
24 23 -4
65 24 -6
10 88 7
68 29 -5
1 39 20
45 82 -12
86 83 -8
58 21 -18
3 85 -18
77 34 -11
22 98 5
89 88 -4
42 13 -16
61 26 18
80 39 14
19 29 -10
79 80 -8
98 93 -19
63 72 -8
82 85 9
54 23 10
95 24 8
40 88 3
12 26 -15
31 39 18
72 40 -13
75 82 -5
88 21 17
33 85 10
74 86 -5
93 99 -19
46 24 4
65 37 -20
49 29 10
68 42 1
7 32 11
67 83 1
26 45 5
86 96 18
70 88 -7
58 34 -19
42 26 9
28 91 3
61 39 20
0 29 -17
19 42 13
60 43 7
63 85 -11
21 88 -8
95 37 17
34 27 -1
53 40 -8
72 53 -3
37 32 12
56 45 20
14 48 -3
74 99 16
46 37 10
49 42 -8
90 43 8
7 45 18
26 58 -20
67 96 -10
9 91 -11
83 40 -6
0 42 -11
41 43 -3
60 56 3
44 48 16
2 51 13
76 0 3
34 40 16
37 45 19
56 58 4
97 59 9
14 61 -11
55 62 -6
27 0 8
30 5 20
71 43 16
90 56 -19
29 46 -2
48 59 -14
6 62 8
23 2 -17
64 3 9
83 53 -13
41 56 -8
25 48 13
44 61 -4
85 62 9
57 0 -4
2 64 -7
76 13 -20
15 3 -9
59 46 11
18 8 -18
78 59 13
97 72 18
36 62 -14
55 75 3
8 0 1
94 3 -12
27 13 -1
11 5 11
30 18 4
71 56 5
29 59 5
48 72 -8
87 0 -4
6 75 -14
4 2 -19
45 3 -20
64 16 -3
3 6 3
22 19 -6
25 61 3
66 62 -14
85 75 -14
38 0 7
57 13 14
98 14 -6
43 78 -19
24 65 11
15 16 5
1 81 -20
18 21 -13
78 72 -17
17 62 1
91 11 -3
36 75 13
77 76 6
75 3 2
94 16 -6
80 81 -12
33 6 17
52 19 -8
84 8 12
10 22 -12
54 65 13
87 13 -4
73 78 -4
45 16 17
86 17 -18
31 81 8
3 19 -12
89 22 -13
22 32 -10
66 75 13
79 14 16
24 78 -8
98 27 -5
43 91 -12
63 6 -19
82 19 -1
1 94 -8
40 22 -9
17 75 -2
58 76 -3
77 89 12
75 16 -11
61 81 -2
80 94 6
33 19 11
52 32 -4
93 33 -3
19 84 -6
10 35 -17
54 78 -3
73 91 19
67 17 14
12 81 20
86 30 -2
31 94 2
72 95 5
70 22 14
89 35 -16
28 25 -17
88 76 3
47 38 -9
79 27 18
5 41 -8
65 92 18
46 79 17
63 19 -8
82 32 15
49 84 -17
68 97 -13
21 22 15
40 35 -5
81 36 17
58 89 3
42 81 -14
61 94 3
0 84 20
74 33 12
19 97 -2
93 46 -14
32 36 -1
51 49 -20
35 41 -19
95 92 1
67 30 -5
12 94 -3
53 95 3
70 35 17
9 25 -15
28 38 6
88 89 -6
47 51 16
46 92 -20
5 54 -18
49 97 2
21 35 -10
62 36 14
81 49 -14
20 39 -13
39 52 7
42 94 -10
83 95 -14
0 97 6
74 46 -7
41 98 13
13 36 -3
32 49 4
16 41 16
35 54 -19
34 95 15
92 36 -17
9 38 18
50 39 -17
69 52 -2
60 3 8
27 55 -1
30 60 5
71 98 16
62 49 5
20 52 -10
39 65 -12
4 44 6
23 57 4
97 6 -11
55 9 -20
96 47 16
13 49 -11
99 52 -8
16 54 -4
57 55 -10
76 68 3
48 6 6
6 9 15
92 49 3
50 52 -12
69 65 -12
8 55 7
27 68 8
11 60 1
85 9 3
30 73 8
2 11 11
43 12 9
84 50 16
1 15 20
87 55 10
4 57 -19
78 6 9
64 71 -18
36 9 18
22 74 13
55 22 8
96 60 7
99 65 -16
38 55 6
57 68 16
98 69 3
29 6 -18
15 71 15
73 12 8
18 76 -13
31 15 18
91 66 -9
75 58 5
8 68 12
94 71 -15
66 9 -19
11 73 15
85 22 -6
52 74 -1
24 12 -3
43 25 9
84 63 18
1 28 -10
87 68 -2
45 71 -20
64 84 1
17 9 -14
58 10 -5
3 74 -17
77 23 -9
22 87 12
61 15 1
80 28 -1
38 68 15
79 69 -16
98 82 -12
82 74 7
54 12 4
73 25 -7
18 89 -13
12 15 6
31 28 -16
91 79 -15
75 71 20
94 84 7
88 10 -10
33 74 11
52 87 16
24 25 6
65 26 -2
10 90 20
68 31 -18
67 72 -16
26 34 6
86 85 7
58 23 6
3 87 -10
89 90 -12
77 36 -1
42 15 10
61 28 1
80 41 8
47 93 16
0 18 -4
19 31 -10
79 82 -20
63 74 -9
82 87 18
54 25 8
21 77 9
40 90 9
95 26 -17
12 28 -13
53 29 -15
72 42 -19
56 34 -4
88 23 -13
33 87 -8
74 88 -13
46 26 -3
65 39 -2
49 31 9
68 44 -16
7 34 -12
67 85 10
26 47 -16
86 98 6
70 90 -18
42 28 -10
83 29 -13
28 93 17
0 31 -20
19 44 -7
60 45 9
63 87 -9
21 90 18
95 39 -14
34 29 -16
53 42 19
72 55 -15
37 34 19
56 47 -19
14 50 9
13 91 3
46 39 7
16 96 -19
90 45 -11
49 44 -16
7 47 14
92 91 20
9 93 9
83 42 -19
41 45 -19
60 58 -11
25 37 -15
44 50 -12
2 53 5
76 2 -15
34 42 -7
37 47 18
78 48 -8
97 61 5
14 63 3
55 64 -14
27 2 -20
71 45 9
30 7 5
90 58 18
29 48 19
48 61 -2
6 64 8
23 4 7
64 5 19
41 58 -4
25 50 -14
44 63 -4
85 64 5
57 2 13
2 66 -9
43 67 16
76 15 20
15 5 13
18 10 -16
59 48 10
78 61 6
97 74 -4
17 51 3
91 0 10
36 64 8
55 77 -10
8 2 17
94 5 11
11 7 20
52 8 9
71 58 -17
29 61 7
87 2 14
73 67 -3
6 77 -18
45 5 -5
64 18 20
3 8 10
22 21 7
66 64 -13
85 77 -11
38 2 -9
79 3 -19
24 67 19
98 16 -8
43 80 -2
82 8 -7
15 18 3
1 83 3
59 61 -7
18 23 9
17 64 16
91 13 -2
36 77 -4
77 78 -14
75 5 -11
94 18 -12
80 83 13
33 8 14
52 21 -1
10 24 14
54 67 -14
73 80 2
12 70 6
86 19 -15
31 83 -10
45 18 18
3 21 -13
89 24 10
66 77 7
79 16 16
24 80 -17
98 29 3
65 81 -20
63 8 -12
82 21 -6
68 86 -2
1 96 17
21 11 7
40 24 -11
58 78 14
77 91 -8
42 70 -14
75 18 -20
61 83 -11
80 96 9
33 21 15
74 22 15
19 86 18
93 35 20
10 37 3
51 38 -20
54 80 -9
95 81 -18
67 19 -12
12 83 -14
86 32 -6
31 96 -8
72 97 -3
70 24 -13
89 37 -18
28 27 12
88 78 -15
47 40 -14
5 43 -13
46 81 10
65 94 16
63 21 6
49 86 6
68 99 -9
21 24 -6
7 89 -15
81 38 19
40 37 15
58 91 3
42 83 2
61 96 2
0 86 9
74 35 -17
19 99 18
93 48 16
13 25 19
32 38 5
35 43 -14
95 94 17
34 84 19
67 32 -18
53 97 -11
70 37 -18
37 89 -10
9 27 12
28 40 9
88 91 -16
46 94 -12
5 56 -3
49 99 -2
62 38 11
81 51 -17
20 41 11
39 54 -11
23 46 -17
83 97 -6
0 99 14
96 36 -14
13 38 -13
99 41 17
32 51 11
16 43 -13
35 56 -20
76 57 7
34 97 13
92 38 -3
9 40 6
50 41 5
69 54 -6
27 57 11
30 62 -16
2 0 -10
62 51 -9
20 54 17
39 67 -14
4 46 10
23 59 13
97 8 15
96 49 -3
55 11 -6
99 54 -20
38 44 -6
76 70 3
48 8 17
15 60 -12
92 51 1
18 65 -13
6 11 1
50 54 -12
91 55 -13
8 57 -3
27 70 12
11 62 -1
85 11 -7
30 75 -19
24 1 12
84 52 -11
43 14 -9
87 57 13
1 17 -2
4 59 -19
78 8 -5
45 60 -13
64 73 4
36 11 -11
77 12 -6
22 76 -3
80 17 1
38 57 -9
57 70 18
98 71 -13
15 73 6
54 1 -3
73 14 -5
18 78 -13
31 17 -4
91 68 -4
75 60 -14
94 73 -6
66 11 -9
11 75 11
52 76 7
24 14 -4
10 79 -5
84 65 9
43 27 1
87 70 -2
1 30 5
45 73 9
64 86 -12
17 11 -12
58 12 20
3 76 3
77 25 19
22 89 2
61 17 -6
80 30 -19
19 20 1
79 71 19
98 84 -1
82 76 9
54 14 -5
40 79 20
73 27 7
12 17 -1
31 30 -8
72 31 18
75 73 4
88 12 -5
33 76 -8
52 89 13
93 90 -6
46 15 -20
65 28 -20
10 92 -7
49 20 4
68 33 10
67 74 16
26 36 -11
86 87 -11
58 25 8
3 89 17
89 92 -8
70 79 -14
42 17 -5
61 30 10
47 95 2
0 20 17
19 33 8
79 84 13
5 98 -2
63 76 13
82 89 12
21 79 -5
95 28 -4
40 92 7
12 30 16
53 31 -17
72 44 12
56 36 -17
14 39 5
33 89 7
74 90 6
88 25 3
46 28 -19
32 93 3
65 41 -10
49 33 15
35 98 -12
68 46 19
7 36 16
26 49 2
67 87 -13
70 92 5
42 30 2
83 31 -16
28 95 -11
9 82 -14
0 33 -1
41 34 -7
60 47 11
44 39 -14
21 92 -11
95 41 13
62 93 12
34 31 -5
53 44 -19
37 36 4
56 49 16
97 50 -10
14 52 -1
13 93 16
71 34 -14
16 98 12
90 47 -14
7 49 -17
48 50 13
39 1 11
6 53 -18
92 93 15
9 95 -17
83 44 4
41 47 20
25 39 10
44 52 -8
2 55 6
76 4 11
34 44 3
37 49 -12
78 50 7
97 63 -14
69 1 -9
36 53 19
55 66 -9
27 4 -15
30 9 11
71 47 9
90 60 -14
29 50 17
48 63 -3
6 66 -13
64 7 14
22 10 9
25 52 4
66 53 7
99 1 -8
85 66 16
57 4 7
2 68 14
43 69 -14
98 5 5
15 7 -7
1 72 20
18 12 -3
59 50 2
78 63 8
17 53 8
91 2 -4
36 66 20
55 79 7
8 4 11
94 7 16
11 9 20
52 10 -20
29 63 13
87 4 9
73 69 -4
45 7 6
64 20 6
31 72 16
3 10 -10
22 23 -17
85 79 5
38 4 14
79 5 11
24 69 -2
98 18 -2
43 82 11
82 10 6
1 85 9
59 63 17
17 66 13
58 67 6
91 15 14
77 80 -9
75 7 -13
61 72 17
94 20 3
80 85 -6
33 10 4
52 23 -1
10 26 11
54 69 -9
73 82 14
67 8 -4
12 72 -12
86 21 5
31 85 19
70 13 -17
3 23 3
89 26 -10
47 29 -4
88 67 5
79 18 -14
24 82 8
65 83 9
63 10 13
82 23 3
68 88 -12
21 13 10
40 26 -8
58 80 4
77 93 7
42 72 -10
61 85 -8
80 98 -12
33 23 -19
74 24 -16
19 88 -4
93 37 -10
0 75 6
10 39 -6
51 40 8
54 82 -20
95 83 11
67 21 -16
12 85 12
86 34 10
53 86 5
72 99 -13
70 26 -9
89 39 -17
56 91 19
28 29 8
88 80 -19
47 42 -10
5 45 6
46 83 -20
65 96 -16
63 23 19
49 88 -11
21 26 15
62 27 5
7 91 -3
81 40 14
39 43 10
42 85 -16
83 86 20
0 88 12
74 37 7
13 27 -18
32 40 9
51 53 -8
16 32 -3
35 45 4
95 96 17
34 86 1
53 99 -9
92 27 11
37 91 -2
9 29 16
28 42 18
69 43 8
5 58 -15
46 96 12
62 40 -9
81 53 9
20 43 -6
39 56 3
23 48 -16
83 99 12
96 38 6
55 0 3
25 94 5
13 40 8
99 43 -19
16 45 -1
35 58 19
76 59 4
34 99 -6
92 40 -1
6 0 5
50 43 -13
69 56 -19
8 46 -15
27 59 6
11 51 17
85 0 7
30 64 14
43 3 2
84 41 -13
20 56 1
4 48 -8
23 61 20
64 62 -16
97 10 15
36 0 2
55 13 -2
96 51 11
99 56 10
38 46 -5
57 59 5
76 72 -18
15 62 -8
73 3 3
6 13 2
18 67 17
50 56 5
91 57 -14
8 59 -2
94 62 3
27 72 -20
66 0 -18
11 64 -11
85 13 1
30 77 -19
24 3 -16
43 16 10
84 54 6
87 59 -9
1 19 13
4 61 -8
45 62 6
64 75 1
17 0 13
36 13 10
3 65 -9
22 78 4
77 14 -10
80 19 -13
38 59 18
57 72 -11
98 73 -7
15 75 1
54 3 -9
73 16 -17
18 80 -15
12 6 12
31 19 -12
91 70 4
75 62 11
94 75 -10
33 65 -3
66 13 -16
52 78 -6
24 16 18
65 17 -15
10 81 -3
68 22 10
1 32 8
45 75 -7
86 76 -2
58 14 -4
3 78 -19
77 27 10
22 91 18
89 81 -12
42 6 7
61 19 -7
80 32 -7
19 22 -2
79 73 3
98 86 -6
63 65 -5
82 78 13
54 16 16
95 17 13
40 81 -19
12 19 -7
31 32 20
72 33 1
88 14 13
33 78 -8
52 91 -6
93 92 5
46 17 14
65 30 -14
10 94 -3
51 95 19
49 22 14
68 35 8
7 25 -1
26 38 -2
67 76 -13
86 89 12
70 81 20
58 27 4
89 94 -3
42 19 -19
61 32 -5
28 84 5
47 97 11
0 22 9
19 35 -14
60 36 16
63 78 11
82 91 -13
21 81 13
95 30 3
40 94 -16
81 95 -5
34 20 11
53 33 14
72 46 17
37 25 5
56 38 -4
88 27 8
14 41 -11
74 92 2
46 30 7
32 95 -9
49 35 -17
90 36 5
7 38 -20
26 51 -1
67 89 14
70 94 -4
9 84 -17
83 33 -19
28 97 2
0 35 9
41 36 -5
60 49 18
44 41 2
2 44 -6
21 94 -18
62 95 -19
34 33 -16
20 98 18
53 46 6
37 38 11
56 51 -5
97 52 -3
14 54 -17
13 95 -20
71 36 -20
90 49 -3
29 39 -15
48 52 -7
92 95 -14
6 55 -20
9 97 8
83 46 12
50 98 -1
41 49 15
25 41 1
44 54 -19
85 55 7
2 57 -3
76 6 4
59 39 -20
18 1 12
78 52 7
97 65 -4
36 55 -15
55 68 18
27 6 20
30 11 17
71 49 -7
29 52 18
48 65 1
6 68 13
64 9 -2
22 12 4
25 54 -10
66 55 4
85 68 -18
24 58 -16
98 7 -4
57 6 -11
43 71 -16
15 9 -16
1 74 -9
18 14 14
59 52 18
78 65 -7
17 55 -19
91 4 14
36 68 -15
77 69 17
94 9 6
80 74 3
52 12 14
10 15 -7
84 1 1
87 6 -2
54 58 11
73 71 -1
45 9 -10
86 10 -15
31 74 17
3 12 -15
22 25 -3
66 68 9
79 7 -6
24 71 15
98 20 1
43 84 -20
82 12 11
1 87 -7
40 15 2
17 68 15
58 69 7
77 82 -19
75 9 6
61 74 -2
80 87 -8
33 12 12
19 77 7
93 26 20
52 25 -19
10 28 9
54 71 19
73 84 -3
67 10 5
12 74 -2
86 23 -12
31 87 -11
72 88 -14
70 15 -11
3 25 18
89 28 18
88 69 7
47 31 11
79 20 19
46 72 18
65 85 -19
5 34 -2
63 12 -6
49 77 17
82 25 4
68 90 3
21 15 -5
40 28 1
26 93 -2
58 82 -20
42 74 -16
61 87 6
0 77 12
74 26 -6
19 90 -19
93 39 -5
32 29 -18
51 42 12
35 34 2
95 85 -16
67 23 -9
12 87 8
53 88 4
70 28 5
56 93 14
9 18 15
28 31 9
47 44 14
88 82 -16
46 85 14
5 47 19
65 98 -12
49 90 14
21 28 2
62 29 -8
7 93 6
81 42 -16
39 45 -17
42 87 -4
83 88 -2
0 90 -15
41 91 -11
74 39 -14
13 29 -17
32 42 3
51 55 -9
16 34 18
35 47 -4
95 98 18
34 88 8
92 29 -15
37 93 -5
9 31 14
28 44 19
69 45 -6
27 48 -5
71 91 14
30 53 19
62 42 2
81 55 -5
20 45 16
39 58 6
4 37 -13
23 50 -19
55 2 17
96 40 -17
13 42 20
99 45 -3
25 96 -12
16 47 6
57 48 11
76 61 -4
6 2 -19
92 42 19
50 45 -6
69 58 -5
8 48 18
27 61 -19
11 53 -1
85 2 1
30 66 20
2 4 -14
43 5 -10
84 43 17
87 48 -1
20 58 -1
1 8 -1
4 50 13
23 63 -20
36 2 -6
55 15 6
96 53 11
22 67 2
99 58 12
38 48 -1
57 61 7
76 74 -13
15 64 17
73 5 18
18 69 -8
31 8 -18
91 59 -10
8 61 -16
94 64 13
66 2 5
11 66 19
85 15 20
52 67 12
24 5 -11
84 56 7
43 18 -12
1 21 19
87 61 14
45 64 11
64 77 2
17 2 -17
58 3 -19
3 67 -9
77 16 -5
22 80 -10
61 8 20
80 21 11
38 61 -10
79 62 -13
98 75 13
82 67 4
15 77 -8
54 5 5
73 18 15
18 82 -10
12 8 -7
31 21 -19
91 72 -4
75 64 -17
94 77 17
88 3 9
33 67 -14
52 80 6
24 18 -11
65 19 -5
10 83 -13
68 24 -18
26 27 -8
45 77 10
86 78 7
58 16 10
3 80 -2
77 29 -15
89 83 18
42 8 -10
61 21 17
47 86 6
80 34 8
0 11 20
19 24 20
79 75 5
98 88 1
63 67 16
82 80 -9
21 70 -3
95 19 12
40 83 20
54 18 2
12 21 -17
53 22 -10
72 35 15
56 27 16
75 77 -10
88 16 12
33 80 20
74 81 12
93 94 -10
46 19 13
65 32 -7
10 96 9
51 97 16
49 24 -10
68 37 10
7 27 20
26 40 -9
67 78 -16
86 91 13
70 83 20
89 96 -16
42 21 4
83 22 6
28 86 -20
47 99 -18
0 24 17
19 37 -7
60 38 -18
63 80 -20
21 83 17
95 32 4
40 96 6
81 97 -1
34 22 -18
53 35 4
72 48 12
37 27 19
56 40 -7
14 43 -18
74 94 -3
13 84 -2
46 32 9
32 97 -6
49 37 -7
16 89 -3
90 38 -18
7 40 13
48 41 -13
67 91 -3
70 96 -15
9 86 19
83 35 7
28 99 -1
41 38 12
60 51 18
25 30 15
44 43 -17
2 46 18
62 97 -19
34 35 -9
37 40 14
78 41 -5
97 54 8
14 56 9
55 57 10
96 95 -6
13 97 -5
30 0 9
71 38 -14
90 51 2
29 41 -2
48 54 -9
6 57 13
92 97 13
9 99 -10
41 51 -16
25 43 18
44 56 -6
85 57 -10
2 59 -14
76 8 3
43 60 -1
59 41 -20
18 3 -3
78 54 -18
97 67 15
17 44 20
36 57 4
55 70 14
27 8 -6
11 0 -17
30 13 -17
71 51 11
29 54 19
73 60 -7
6 70 -4
64 11 4
3 1 1
22 14 5
66 57 2
85 70 -19
24 60 14
98 9 2
43 73 11
15 11 -1
1 76 -16
18 16 -7
59 54 -8
17 57 13
91 6 6
36 70 15
77 71 -16
94 11 1
80 76 -18
33 1 -9
52 14 -19
10 17 7
54 60 20
12 63 -8
86 12 19
31 76 9
45 11 1
3 14 18
89 17 -16
22 27 4
66 70 16
79 9 -2
24 73 4
98 22 8
65 74 16
63 1 7
82 14 17
1 89 -2
40 17 -11
58 71 16
77 84 -2
42 63 -18
75 11 6
61 76 5
80 89 11
33 14 -5
52 27 -11
93 28 -6
19 79 10
10 30 1
51 31 -5
54 73 13
95 74 4
67 12 -11
12 76 -4
86 25 -20
31 89 -17
72 90 -8
70 17 -5
89 30 -3
28 20 -10
47 33 -18
88 71 -7
5 36 -13
46 74 19
65 87 -9
63 14 12
49 79 -4
68 92 -6
21 17 18
40 30 -4
81 31 10
26 95 -11
58 84 2
42 76 -11
61 89 -9
0 79 14
74 28 19
19 92 -11
93 41 -14
32 31 -8
51 44 3
35 36 4
95 87 18
34 77 19
67 25 -2
53 90 -20
70 30 -6
37 82 -10
56 95 13
9 20 -1
28 33 -7
88 84 -14
14 98 -17
47 46 -6
5 49 6
46 87 2
49 92 -16
90 93 -9
21 30 15
62 31 7
7 95 14
81 44 2
20 34 -14
39 47 17
23 39 -16
83 90 7
0 92 -19
41 93 1
13 31 11
32 44 4
44 98 -20
16 36 -8
35 49 12
76 50 13
34 90 7
92 31 7
37 95 -7
9 33 -11
50 34 -3
69 47 -2
27 50 -1
30 55 -3
71 93 -7
62 44 -4
20 47 1
39 60 7
4 39 -20
23 52 -10
97 1 20
96 42 13
55 4 9
25 98 -5
99 47 9
13 44 -20
16 49 -15
57 50 2
76 63 20
15 53 15
48 1 -14
18 58 5
59 96 -10
6 4 -8
92 44 -17
50 47 9
69 60 9
8 50 -9
27 63 16
11 55 -11
85 4 9
30 68 15
43 7 -5
84 45 2
1 10 6
87 50 5
4 52 19
45 53 -11
78 1 2
64 66 -8
36 4 -9
77 5 11
22 69 5
80 10 7
99 60 8
38 50 -12
57 63 -7
98 64 10
15 66 8
73 7 -1
18 71 10
31 10 -5
91 61 8
75 53 16
8 63 -12
94 66 12
66 4 15
11 68 10
52 69 -8
24 7 18
10 72 18
43 20 3
84 58 -13
87 63 15
1 23 3
45 66 6
64 79 9
17 4 -6
58 5 -5
3 69 9
77 18 7
22 82 -5
61 10 10
80 23 3
19 13 8
38 63 11
79 64 14
98 77 -4
82 69 -11
54 7 -10
40 72 -16
73 20 16
12 10 19
31 23 -19
72 24 -2
91 74 -17
75 66 -11
94 79 -5
88 5 5
33 69 17
52 82 10
93 83 -10
46 8 8
65 21 -15
10 85 -2
49 13 12
68 26 13
26 29 14
86 80 7
70 72 -4
3 82 -17
58 18 -3
89 85 7
42 10 -19
61 23 3
47 88 -13
0 13 -1
19 26 19
5 91 18
79 77 7
63 69 -13
21 72 -5
95 21 9
40 85 -4
12 23 -19
53 24 -19
72 37 -5
56 29 -6
88 18 -3
33 82 -6
74 83 10
93 96 -5
46 21 -8
32 86 -11
65 34 -18
51 99 17
49 26 -3
68 39 -3
35 91 -7
7 29 -8
26 42 -9
67 80 17
86 93 -1
70 85 -12
89 98 14
9 75 11
42 23 -1
28 88 9
83 24 16
0 26 4
41 27 2
60 40 13
44 32 18
63 82 19
21 85 -7
95 34 11
62 86 -13
81 99 -6
34 24 2
53 37 -12
37 29 -3
56 42 -8
97 43 19
14 45 17
74 96 -18
13 86 7
32 99 17
71 27 -10
16 91 2
90 40 -1
7 42 -5
48 43 19
92 86 -5
9 88 10
83 37 4
41 40 2
60 53 -8
25 32 3
44 45 -14
2 48 -10
62 99 8
34 37 2
37 42 8
78 43 -8
4 94 -20
97 56 -10
36 46 -20
96 97 8
55 59 -6
13 99 15
71 40 6
30 2 -9
90 53 7
29 43 -3
48 56 13
92 99 -15
6 59 -18
64 0 -15
22 3 5
25 45 8
66 46 6
85 59 -8
2 61 18
43 62 -19
76 10 17
15 0 -10
59 43 5
18 5 2
78 56 -2
17 46 -5
36 59 -15
55 72 6
94 0 14
11 2 3
52 3 -8
29 56 -3
73 62 -11
45 0 -17
64 13 -8
22 16 -19
66 59 -7
85 72 -1
24 62 -20
98 11 -7
43 75 2
82 3 -6
15 13 -10
1 78 -10
59 56 -3
17 59 19
58 60 19
91 8 -15
77 73 -1
75 0 -15
94 13 -4
61 65 1
80 78 -2
33 3 18
52 16 10
10 19 8
54 62 -8
73 75 -4
12 65 1
45 13 -16
31 78 7
86 14 -12
3 16 -4
89 19 16
88 60 -20
47 22 -20
79 11 -2
24 75 12
65 76 -8
63 3 10
82 16 -5
68 81 -16
1 91 -4
21 6 5
40 19 -2
58 73 17
77 86 -16
42 65 7
61 78 11
80 91 -6
33 16 -7
74 17 14
19 81 -4
93 30 -20
10 32 7
51 33 18
54 75 -11
95 76 5
67 14 -18
12 78 9
86 27 2
72 92 -7
70 19 -11
89 32 -6
28 22 -6
88 73 15
47 35 5
5 38 -10
46 76 8
65 89 -20
63 16 -1
49 81 -18
68 94 -8
21 19 -6
40 32 -10
81 33 6
26 97 4
7 84 -2
39 36 -10
42 78 9
83 79 18
0 81 16
74 30 16
19 94 3
60 95 -13
93 43 3
13 20 14
32 33 -3
51 46 8
16 25 -9
35 38 -3
95 89 4
34 79 -14
53 92 -11
70 32 7
37 84 -2
56 97 -20
9 22 18
28 35 -9
69 36 18
46 89 -6
5 51 18
49 94 16
90 95 -14
62 33 -4
7 97 -5
81 46 -10
20 36 -3
39 49 18
23 41 -19
83 92 19
96 31 20
41 95 -17
13 33 4
99 36 18
32 46 19
16 38 11
35 51 -18
76 52 -8
34 92 9
92 33 4
37 97 -12
9 35 11
50 36 9
69 49 -12
8 39 -15
27 52 3
11 44 8
71 95 20
30 57 15
62 46 -20
29 98 -2
20 49 8
4 41 -1
23 54 18
64 55 -12
97 3 17
96 44 18
55 6 -6
99 49 20
38 39 -3
57 52 20
76 65 9
15 55 -1
59 98 -15
18 60 11
50 49 -8
91 50 19
8 52 -11
94 55 -5
27 65 -12
11 57 5
85 6 18
30 70 -12
43 9 7
84 47 -17
87 52 7
1 12 -3
4 54 3
45 55 -4
64 68 17
36 6 17
77 7 -12
22 71 -1
3 58 -13
80 12 13
38 52 -8
57 65 -15
98 66 1
15 68 -4
73 9 -12
18 73 -17
31 12 -7
91 63 2
75 55 6
94 68 -1
33 58 -7
66 6 -17
52 71 8
24 9 7
65 10 7
84 60 -10
10 74 -17
68 15 -14
87 65 -1
1 25 16
45 68 -19
86 69 -14
58 7 9
3 71 13
89 74 -14
77 20 -6
22 84 15
61 12 -2
80 25 -5
19 15 -20
79 66 6
98 79 -12
63 58 -12
82 71 5
54 9 9
95 10 -9
40 74 -16
31 25 10
72 26 -6
75 68 12
88 7 -8
33 71 -19
52 84 3
93 85 17
46 10 13
65 23 6
10 87 1
51 88 -4
49 15 -11
68 28 -15
7 18 10
67 69 -2
26 31 20
86 82 10
70 74 -2
58 20 15
89 87 -17
42 12 12
28 77 -16
61 25 -17
47 90 -4
0 15 -2
19 28 -10
60 29 18
5 93 -16
63 71 19
82 84 -17
21 74 17
95 23 14
40 87 -17
81 88 3
34 13 -8
53 26 7
72 39 18
37 18 18
56 31 7
14 34 18
88 20 11
74 85 17
93 98 -13
46 23 -9
32 88 9
49 28 -7
90 29 14
35 93 -11
7 31 -14
26 44 -11
67 82 -19
70 87 -5
9 77 9
83 26 2
28 90 -11
0 28 13
41 29 13
60 42 8
44 34 -2
21 87 17
62 88 10
34 26 10
20 91 -18
53 39 -3
37 31 -12
56 44 -12
23 96 1
97 45 2
14 47 12
74 98 -3
