100 200 1
53 5 11
87 71 -14
67 13 18
37 6 -11
45 19 3
36 16 -9
8 64 19
46 48 -2
17 12 16
69 22 -8
56 37 10
46 2 -13
76 15 -12
94 85 17
94 30 -14
14 95 -15
40 4 -7
6 2 -18
41 42 2
86 74 10
42 50 -20
87 82 8
28 69 2
91 18 -15
39 99 -1
22 28 -12
43 69 -20
98 69 19
11 80 7
72 50 18
57 77 -2
6 77 -3
15 25 15
30 41 12
7 85 5
74 50 2
55 79 -19
5 14 -18
52 10 -17
15 0 -20
60 87 -12
18 51 -13
81 64 -3
4 52 16
82 26 12
76 40 -15
77 5 13
19 52 -9
30 6 -12
30 70 -1
60 16 20
53 50 13
62 71 -12
34 0 -3
96 48 -19
54 12 9
9 44 -12
73 25 14
45 18 15
91 70 1
65 60 3
38 43 18
94 20 16
4 84 15
58 85 -4
42 13 2
4 38 -18
26 68 12
19 84 -1
76 81 18
22 55 8
59 56 17
2 86 17
71 76 13
31 67 -16
40 15 -9
64 15 7
90 98 -13
5 48 5
45 75 11
4 68 -9
15 98 -11
60 11 3
59 13 -13
29 42 5
9 64 -5
69 14 2
14 87 17
42 6 -12
23 99 8
19 22 19
91 38 13
87 1 8
48 67 8
37 46 -17
17 43 19
73 75 -1
53 72 16
88 94 -3
34 68 6
56 13 -12
86 78 13
77 75 19
92 73 -1
6 97 6
35 48 4
69 80 -14
97 41 12
79 2 -9
42 17 -15
93 19 -7
56 43 2
90 75 -19
91 40 11
48 69 5
29 1 -1
79 84 -12
73 77 18
58 0 8
52 48 -17
41 48 -18
52 57 3
23 94 12
30 8 -19
41 75 6
42 74 20
82 0 20
28 29 -10
33 89 3
9 89 -6
66 86 -18
86 64 -18
13 25 6
6 19 -10
57 37 -17
4 56 2
61 53 -7
41 50 17
24 52 10
18 45 19
1 4 4
20 48 17
27 96 -18
8 37 18
99 91 -2
75 91 -3
86 2 6
32 58 -9
4 76 -18
34 22 19
62 38 -16
19 67 1
47 28 1
2 60 11
11 8 -4
2 5 -19
17 79 17
56 95 -15
99 20 14
60 95 -19
85 94 -9
46 78 9
38 83 6
98 97 17
90 93 -6
26 99 14
26 44 -6
99 59 -17
55 89 6
85 69 15
83 17 14
83 81 -9
97 43 19
38 58 13
49 3 -20
45 51 -20
66 28 -17
9 95 1
95 73 -7
59 53 -9
64 67 7
27 48 -12
32 44 13
1 29 -5
15 92 -1
70 62 -18
30 53 -10
17 1 1
24 49 -1
21 87 -12
62 42 -12
90 58 6
53 39 15
14 20 20
22 33 -3
62 51 16
17 83 -20
30 80 -12
39 58 6
74 98 -13
