100 200 1
32 37 11
81 21 -11
60 53 -5
27 50 -17
18 90 5
87 25 -9
34 74 20
82 38 9
90 51 -12
93 13 -6
63 98 4
58 86 4
83 85 1
46 66 -4
68 66 -7
26 5 5
35 72 -5
86 56 4
24 72 -4
31 65 -3
15 69 -14
96 33 18
60 37 -4
42 32 11
43 94 3
44 29 17
79 17 19
15 87 -3
13 35 2
16 86 -17
49 89 -13
1 97 -17
70 11 -5
3 15 8
17 78 -13
67 27 -12
22 37 -16
5 30 5
89 45 12
25 82 5
13 28 -16
7 76 -1
21 75 14
73 76 -8
82 24 -1
91 57 -5
93 8 -6
46 43 -1
13 3 12
86 51 -8
73 60 7
1 19 -18
80 53 8
13 85 16
13 30 -14
22 69 -16
44 51 -4
10 49 7
40 29 -20
92 12 -16
51 4 -5
28 82 9
41 67 16
89 31 -3
70 27 -10
40 56 9
1 67 14
60 98 12
95 65 -13
5 46 -2
90 96 9
46 93 10
47 70 -17
12 70 1
17 75 -2
46 56 18
32 66 1
46 65 3
13 62 -2
60 27 -4
72 56 11
42 22 16
67 51 18
88 83 -18
33 28 1
31 3 -18
94 41 -19
11 34 20
29 79 8
46 95 -20
73 91 -17
84 24 -6
65 53 12
97 21 6
66 52 2
48 46 -4
69 14 -5
84 42 17
1 53 -7
87 93 2
32 68 -5
96 71 -6
67 44 -10
69 41 14
81 6 15
90 9 -8
61 92 10
27 35 -16
0 27 -9
56 68 -4
75 48 -5
52 64 -8
16 44 -19
50 21 -10
90 66 -18
2 72 9
37 39 -2
79 20 6
10 85 -15
53 65 20
73 13 1
80 0 -1
68 44 7
78 21 8
75 4 -4
44 53 6
97 98 16
58 27 4
1 2 12
30 72 -8
29 3 14
49 15 14
17 56 -16
5 54 15
21 17 16
38 97 -7
87 26 -4
18 91 5
70 19 -15
44 0 -18
42 12 -11
45 29 2
98 74 -1
39 52 -1
85 19 -1
83 86 -8
19 28 -2
91 99 -20
90 79 -11
51 26 16
30 37 17
31 2 2
38 17 19
95 69 -10
82 84 7
98 31 -6
68 30 -5
23 7 -18
84 96 7
16 41 -13
96 70 -14
34 31 7
64 99 -12
2 60 -8
7 56 1
74 21 2
22 47 6
0 26 -13
95 7 -16
63 73 -2
40 71 16
51 46 10
20 77 -6
33 96 -7
38 37 10
56 79 -20
45 79 4
96 8 13
55 34 1
91 30 11
40 0 4
85 32 -12
17 99 14
42 37 -5
32 99 15
24 40 -3
43 53 -3
96 56 -8
27 2 -18
41 65 16
36 78 9
25 57 15
34 90 -16
11 67 -1
20 45 -13
86 45 3
66 76 -3
40 2 -6
6 64 -18
27 41 14
