100 4950 1
71 29 -20
90 42 -3
29 32 15
48 45 -7
41 42 -15
25 34 -1
44 47 3
85 48 -4
2 50 10
4 96 11
78 45 11
97 58 5
30 4 -15
29 45 3
48 58 18
6 61 5
64 2 2
22 5 4
98 0 -7
15 2 1
59 45 -6
78 58 2
17 48 -9
36 61 13
11 4 -16
52 5 -8
54 51 18
45 2 -16
64 15 9
3 5 4
22 18 15
66 61 -14
24 64 -11
98 13 2
82 5 -1
40 8 -10
61 67 -18
94 15 5
33 5 -7
52 18 7
93 19 -18
54 64 -1
70 8 -3
89 21 15
5 27 -14
65 78 -15
63 5 -12
40 21 -3
0 70 -8
74 19 17
33 18 3
32 22 -2
51 35 20
95 78 -1
12 80 -20
86 29 3
53 81 13
72 94 8
70 21 13
89 34 -18
28 24 4
47 37 10
88 75 -9
46 78 20
65 91 6
63 18 13
49 83 -2
62 22 1
39 38 5
42 80 -20
83 81 -16
0 83 11
74 32 -16
60 97 -2
35 40 -14
37 86 -1
56 99 2
69 38 3
27 41 17
7 99 -2
81 48 -15
4 30 1
23 43 18
41 97 4
25 89 13
13 35 4
57 41 -7
34 94 -20
37 99 -4
50 38 15
8 41 -4
27 54 5
11 46 -15
84 36 4
23 56 3
64 57 4
96 46 -20
55 8 15
38 41 20
18 62 13
31 1 -11
50 51 3
91 52 -15
43 11 5
1 14 -19
87 54 -2
45 57 -14
64 70 2
77 9 3
22 73 1
61 1 -12
80 14 -10
79 55 -10
82 60 17
15 70 15
73 11 2
31 14 -11
91 65 15
75 57 6
94 70 4
52 73 12
68 17 -17
86 71 -1
89 76 -11
77 22 4
47 79 -18
19 17 -3
79 68 -3
82 73 -5
72 28 -17
75 70 -16
88 9 -3
93 87 10
46 12 6
65 25 -4
51 90 -6
49 17 3
7 20 -4
67 71 3
42 14 2
28 79 2
0 17 15
19 30 2
60 31 -13
63 73 -11
95 25 8
81 90 9
34 15 18
53 28 -10
39 93 -19
56 33 -9
14 36 -1
13 77 2
49 30 15
7 33 -10
26 46 -7
67 84 -13
83 28 -7
28 92 -10
41 31 7
60 44 -4
25 23 -18
2 39 19
34 28 -12
20 93 -1
23 98 -12
97 47 -16
55 50 -4
13 90 -15
99 93 -11
16 95 3
9 92 1
41 44 -9
8 96 17
25 36 14
2 52 -3
59 34 11
4 98 7
78 47 -20
97 60 3
27 1 -20
38 96 -19
64 4 12
66 50 -11
98 2 13
43 66 3
15 4 20
1 69 -7
18 9 10
17 50 -20
77 64 20
94 4 -16
54 53 18
31 69 4
3 7 -5
66 63 -19
79 2 -11
43 79 -17
1 82 -13
58 64 18
80 82 -16
52 20 15
93 21 19
10 23 5
51 24 11
67 5 -8
72 83 5
28 13 -15
88 64 14
5 29 -8
46 67 -13
63 7 -8
49 72 -4
81 24 -20
58 77 -5
93 34 -10
51 37 -6
35 29 -11
72 96 8
70 23 13
9 13 15
14 91 10
47 39 -12
5 42 3
49 85 6
62 24 14
7 88 1
81 37 -20
20 27 11
60 99 10
32 37 15
44 91 17
16 29 2
35 42 3
92 24 15
37 88 -11
27 43 -9
62 37 9
39 53 -15
96 35 8
16 42 -19
76 56 -6
15 46 18
18 51 20
92 37 9
8 43 4
84 38 15
87 43 -4
1 3 -10
4 45 -4
45 46 7
64 59 -14
38 43 -5
15 59 -5
91 54 14
75 46 2
8 56 -2
94 59 7
11 61 -1
24 0 2
1 16 -5
45 59 -14
61 3 18
38 56 -16
40 65 16
73 13 -4
75 59 5
94 72 -9
52 75 -17
46 1 18
65 14 4
10 78 -18
68 19 -13
67 60 13
86 73 15
70 65 -12
3 75 -13
89 78 -18
42 3 -5
61 16 -9
0 6 -16
63 62 4
21 65 -9
40 78 19
12 16 8
53 17 -1
88 11 -17
46 14 12
32 79 -2
49 19 -17
35 84 -9
7 22 -19
70 78 -3
9 68 -9
83 17 -12
42 16 -11
47 94 9
5 97 19
62 79 -4
34 17 7
39 95 9
56 35 -19
32 92 5
16 84 11
35 97 -19
48 36 -9
9 81 -4
4 87 12
37 35 -11
97 49 9
96 90 -1
13 92 18
71 33 11
16 97 5
90 46 17
48 49 9
6 52 -19
8 98 9
25 38 -9
44 51 15
85 52 20
43 55 -3
78 49 19
29 49 -5
64 6 -4
22 9 -4
24 55 -14
43 68 14
15 6 -1
1 71 2
18 11 20
17 52 -4
91 1 -10
36 65 17
80 71 1
45 6 -20
12 58 -18
86 7 12
3 9 -10
79 4 -15
65 69 10
68 74 11
58 66 13
77 79 7
61 71 -7
33 9 13
93 23 -12
10 25 -13
51 26 4
54 68 16
67 7 4
86 20 4
31 84 18
72 85 -5
70 12 -15
89 25 -7
28 15 -4
47 28 -6
88 66 8
46 69 4
63 9 5
68 87 5
21 12 10
40 25 1
81 26 -15
26 90 -17
7 77 -1
39 29 20
58 79 -19
42 71 -4
0 74 -3
74 23 -17
19 87 1
51 39 18
16 18 -15
35 31 4
67 20 17
34 72 5
53 85 10
72 98 -18
70 25 -18
69 29 -5
14 93 -4
46 82 12
90 88 -14
62 26 2
81 39 2
20 29 -18
39 42 -9
83 85 1
96 24 -13
99 29 -19
16 31 3
35 44 -10
34 85 3
9 28 9
50 29 -11
69 42 7
11 37 10
71 88 -4
29 91 -16
4 34 7
23 47 17
96 37 -1
99 42 -19
76 58 -1
15 48 -14
18 53 4
59 91 18
50 42 -7
91 43 -12
94 48 13
11 50 17
30 63 -13
1 5 -13
4 47 -12
3 51 -4
77 0 -7
57 58 -1
15 61 14
73 2 -1
18 66 10
33 51 -5
52 64 -14
24 2 -20
84 53 1
10 67 9
87 58 -17
86 62 2
3 64 16
89 67 8
22 77 -15
77 13 -9
80 18 -5
98 72 14
54 2 -13
95 3 14
12 5 4
65 16 12
10 80 -5
49 8 9
67 62 -13
26 24 -16
86 75 -10
70 67 -1
61 18 -20
79 72 -8
5 86 5
82 77 -4
21 67 6
95 16 19
40 80 2
53 19 1
88 13 6
74 78 16
93 91 19
46 16 6
32 81 -7
49 21 -18
35 86 -11
68 34 2
7 24 6
67 75 -9
70 80 8
83 19 14
28 83 19
41 22 -2
60 35 -9
62 81 4
81 94 -4
34 19 -1
53 32 3
39 97 -12
37 24 -7
56 37 -9
97 38 -10
14 40 17
13 81 -9
32 94 -13
71 22 -11
90 35 -19
6 41 -3
92 81 -19
9 83 7
69 97 -15
60 48 4
62 94 1
4 89 8
13 94 -5
71 35 19
29 38 -6
92 94 11
50 97 14
25 40 15
2 56 17
84 95 -19
43 57 -20
1 60 -11
59 38 -4
17 41 8
36 54 11
55 67 -10
10 1 -13
29 51 9
73 57 2
31 60 8
22 11 4
66 54 12
85 67 -10
24 57 -1
58 55 -7
80 73 -12
52 11 5
93 12 -10
54 57 20
73 70 -10
31 73 1
3 11 -8
5 20 -4
79 6 -18
82 11 8
26 79 9
42 60 2
61 73 9
80 86 16
93 25 -19
51 28 17
35 20 -8
54 70 -4
53 74 -8
72 87 9
70 14 -15
89 27 -16
47 30 19
46 71 -16
65 84 -5
63 11 2
68 89 -20
62 15 -2
7 79 4
81 28 -1
26 92 17
39 31 7
83 74 -2
19 89 -9
32 28 -13
51 41 -17
16 20 -17
95 84 3
34 74 -17
37 79 15
14 95 14
62 28 4
81 41 18
23 36 19
25 82 19
99 31 8
44 95 14
16 33 -10
57 34 -9
2 98 19
76 47 -17
34 87 -8
37 92 1
78 93 10
50 31 11
69 44 -14
8 34 13
11 39 20
30 52 2
29 93 17
87 34 5
20 44 -14
23 49 8
96 39 -1
38 34 7
57 47 -20
76 60 -17
59 93 9
6 1 -16
94 50 1
85 1 -4
52 53 12
43 4 -11
84 42 14
1 7 11
64 63 -10
80 7 -1
79 48 -7
98 61 -17
73 4 18
75 50 -5
33 53 -14
52 66 6
24 4 11
68 10 12
1 20 -8
45 63 -2
3 66 -10
89 69 -20
77 15 -16
98 74 5
31 20 -14
72 21 -6
75 63 -2
33 66 -17
74 67 18
93 80 -7
68 23 -2
67 64 17
86 77 -2
70 69 4
89 82 12
60 24 -13
95 18 1
40 82 -9
53 21 16
37 13 5
56 26 14
74 80 -2
51 96 -17
90 24 -9
35 88 4
70 82 11
28 85 14
44 29 -8
81 96 -9
53 34 -7
39 99 9
23 91 -1
56 39 -10
97 40 -2
14 42 9
55 43 -20
13 83 19
99 86 5
90 37 7
29 27 19
92 83 9
6 43 -15
25 29 1
44 42 4
85 43 -11
2 45 6
20 99 -6
4 91 -17
78 40 13
36 43 -13
55 56 -20
29 40 -8
48 53 -2
6 56 -14
50 99 12
22 0 -9
85 56 12
43 59 8
84 97 -17
1 62 3
18 2 -12
17 43 -12
36 56 -4
80 62 -5
10 3 3
3 0 -17
66 56 8
40 3 11
58 57 -6
77 70 -19
61 62 -15
33 0 5
19 65 3
93 14 -8
10 16 -12
51 17 11
54 59 -13
12 62 6
86 11 -19
31 75 15
70 3 -9
65 73 -11
82 13 -8
49 65 4
26 81 11
58 70 1
42 62 3
61 75 -2
0 65 3
19 78 -12
93 27 -19
51 30 17
35 22 14
67 11 9
12 75 17
53 76 11
47 32 -6
5 35 -13
65 86 -9
49 78 -14
21 16 -8
7 81 -7
26 94 -19
23 25 -16
83 76 -2
41 79 -3
74 27 2
44 84 2
32 30 6
16 22 -12
97 95 -12
9 19 7
30 41 -8
90 92 8
7 94 -11
20 33 -1
6 98 -14
39 46 -15
96 28 -17
41 92 -11
25 84 -11
44 97 7
16 35 15
92 30 -8
37 94 18
78 95 -17
69 46 -15
8 36 10
27 49 -18
30 54 -19
71 92 -3
84 31 17
29 95 -12
87 36 6
4 38 -11
45 39 18
55 3 -5
66 98 10
99 46 -8
57 49 -2
98 50 10
75 39 -7
8 49 5
94 52 9
52 55 20
87 49 2
1 9 -3
77 4 19
22 68 3
38 49 13
98 63 4
82 55 9
73 6 3
31 9 9
94 65 17
33 55 -11
52 68 17
65 7 19
10 71 -19
26 15 17
86 66 11
89 71 14
77 17 13
80 22 -3
19 12 -13
95 7 -17
12 9 -20
53 10 -18
33 68 13
74 69 20
93 82 -12
10 84 -10
26 28 -15
67 66 -9
70 71 -15
47 87 12
0 12 15
19 25 16
60 26 -7
63 68 8
95 20 -4
81 85 6
34 10 8
53 23 10
14 31 -4
32 85 11
16 77 2
35 90 13
9 74 6
83 23 -20
69 88 13
60 39 9
25 18 18
44 31 -15
2 34 11
81 98 -11
34 23 -10
96 83 -14
71 26 14
90 39 -7
48 42 17
6 45 -10
50 88 17
41 39 11
25 31 14
11 96 1
2 47 9
59 29 -4
4 93 -12
78 42 -7
97 55 10
55 58 -19
71 39 -8
29 42 -8
73 48 14
6 58 -15
22 2 10
85 58 14
84 99 7
59 42 1
36 58 -13
73 61 -12
31 64 -4
3 2 -18
89 5 -9
24 61 -18
65 62 8
68 67 -3
58 59 -5
61 64 -1
80 77 17
33 2 -15
54 61 -3
95 62 15
86 13 -10
72 78 8
5 24 20
65 75 15
49 67 -1
68 80 -2
21 5 18
40 18 9
42 64 -14
61 77 10
19 80 -8
93 29 -19
32 19 9
35 24 20
67 13 1
37 70 14
28 21 -16
69 22 5
88 72 -19
5 37 -12
90 81 -4
62 19 6
81 32 8
96 17 -14
13 19 14
44 86 8
2 89 -20
76 38 8
37 83 -5
8 25 -6
27 38 -7
71 81 7
48 97 8
4 27 -13
83 91 -20
96 30 -1
25 86 -19
57 38 -1
76 51 18
15 41 -2
50 35 8
91 36 -10
8 38 8
11 43 -2
30 56 -17
71 94 11
4 40 17
45 41 -3
64 54 -3
22 57 -11
75 41 -6
94 54 12
52 57 13
84 46 -12
10 60 9
1 11 -16
87 51 17
45 54 10
86 55 2
77 6 -18
80 11 -1
19 1 20
98 65 6
82 57 17
40 60 -10
31 11 12
72 12 19
75 54 6
52 70 -11
10 73 11
49 1 11
68 14 -9
26 17 4
67 55 -1
89 73 3
19 14 -3
79 65 -15
5 79 -13
95 9 -16
12 11 20
72 25 11
88 6 -1
14 20 -4
46 9 -12
32 74 -18
51 87 -12
49 14 -2
35 79 -20
68 27 -12
26 30 5
67 68 -5
42 11 -9
83 12 1
47 89 9
0 14 -4
60 28 3
44 20 -10
21 73 -19
62 74 -4
37 17 -12
14 33 -16
13 74 -13
35 92 5
7 30 -14
9 76 9
41 28 -7
25 20 11
44 33 5
2 36 17
20 90 9
37 30 -10
23 95 8
97 44 1
96 85 3
55 47 -20
13 87 7
99 90 -2
71 28 -15
48 44 18
25 33 19
85 47 -8
2 49 -9
43 50 -18
84 88 -11
59 31 -4
36 47 -17
55 60 13
96 98 -4
31 53 20
64 1 -13
85 60 4
24 50 9
43 63 15
59 44 -3
58 48 -20
77 61 -3
61 53 -11
10 7 20
73 63 -12
31 66 -7
3 4 -6
88 48 6
24 63 -11
65 64 2
26 72 4
77 74 -11
42 53 2
61 66 1
80 79 -15
0 56 1
33 4 1
93 18 8
51 21 -20
95 64 8
86 15 -9
53 67 6
28 10 -2
47 23 9
88 61 -2
5 26 18
46 64 2
63 4 14
49 69 -10
68 82 -16
21 7 18
7 72 11
81 21 -16
42 66 6
83 67 12
60 83 8
32 21 2
35 26 -12
95 77 -16
34 67 9
53 80 5
92 8 5
37 72 -2
56 85 -8
9 10 1
69 24 3
46 77 3
5 39 4
49 82 4
7 85 -1
20 24 12
39 37 8
96 19 7
25 75 -4
13 21 -5
44 88 -4
99 24 -8
2 91 -1
76 40 -5
34 80 19
69 37 -9
11 32 18
90 96 14
84 22 -3
29 86 16
87 27 -8
4 29 13
64 43 19
96 32 -15
41 96 3
78 99 14
17 89 -5
91 38 4
94 43 12
27 53 18
71 96 14
30 58 -19
29 99 -8
1 0 12
3 46 -11
22 59 19
38 40 -12
98 54 16
15 56 15
59 99 7
75 43 -10
52 59 2
10 62 20
45 56 -3
77 8 9
22 72 7
61 0 13
80 13 5
79 54 2
12 0 -11
31 13 -10
33 59 18
52 72 -18
10 75 11
51 76 13
67 57 -2
58 8 7
70 62 18
89 75 -20
42 0 -10
61 13 -9
28 65 -7
0 3 -6
19 16 -13
60 17 -12
21 62 -13
40 75 2
34 1 18
53 14 -1
72 27 14
37 6 -5
88 8 15
74 73 12
93 86 20
32 76 4
35 81 16
47 91 -2
0 16 -9
41 17 15
5 94 -15
44 22 15
2 25 -19
21 75 -6
62 76 -6
81 89 -19
53 27 2
39 92 -20
56 32 -17
23 84 15
97 33 13
55 36 13
13 76 15
71 17 -3
90 30 -17
76 95 -20
48 33 16
9 78 8
50 79 -5
83 27 -6
27 95 -18
44 35 -14
2 38 -15
62 89 3
20 92 18
59 20 -19
4 84 17
78 33 9
97 46 12
96 87 1
13 89 -2
16 94 -15
15 98 4
50 92 -15
8 95 9
25 35 4
85 49 -12
43 52 6
87 95 10
1 55 5
59 33 8
45 98 -4
17 36 16
36 49 -3
77 50 10
31 55 -5
24 52 20
98 1 19
17 49 2
77 63 15
61 55 5
19 58 -9
10 9 -18
54 52 -8
73 65 9
12 55 8
86 4 1
72 69 -10
5 15 19
79 1 -15
65 66 17
46 53 12
49 58 -1
68 71 -19
58 63 -8
61 68 8
19 71 -5
32 10 2
35 15 1
67 4 2
12 68 -7
70 9 5
46 66 -7
65 79 11
21 9 16
7 74 17
81 23 -7
26 87 11
39 26 19
42 68 -12
83 69 3
74 20 -2
41 72 -16
13 10 13
16 15 -10
34 69 11
97 88 -14
9 12 15
90 85 5
62 23 -19
20 26 6
23 31 17
41 85 1
60 98 16
13 23 -2
99 26 -5
76 42 -14
37 87 5
78 88 -17
50 26 7
36 91 -16
71 85 11
90 98 -2
22 48 20
96 34 -1
99 39 16
38 29 11
57 42 10
76 55 -20
18 50 -11
17 91 -20
8 42 -7
52 48 -9
87 42 19
64 58 6
22 61 9
98 56 8
15 58 -13
18 63 6
75 45 -2
94 58 11
33 48 16
65 0 1
45 58 -3
89 64 12
80 15 -16
19 5 18
79 56 -12
95 0 1
53 3 -19
56 8 -1
74 62 12
93 75 -9
65 13 17
10 77 -11
51 78 2
49 5 -15
67 59 1
26 21 -4
70 64 14
42 2 -18
83 3 12
28 67 1
47 80 -9
0 5 -17
60 19 -10
63 61 -17
81 78 -14
34 3 7
46 13 20
13 65 20
32 78 -1
51 91 1
49 18 3
35 83 -3
48 22 -10
9 67 -18
28 80 -4
69 81 -13
41 19 -11
60 32 2
5 96 -9
25 11 13
44 24 13
2 27 -19
62 78 -17
81 91 5
37 21 -13
78 22 19
23 86 -1
97 35 -7
13 78 16
99 81 -14
32 91 5
16 83 -17
35 96 3
76 97 15
29 22 -1
48 35 13
92 78 -1
9 80 13
50 81 -1
69 94 1
8 84 19
27 97 20
11 89 -15
59 22 16
4 86 -8
23 99 8
99 94 10
57 97 -19
29 35 11
6 51 -8
50 94 17
66 38 -10
85 51 11
24 41 -7
84 92 16
1 57 -2
87 97 18
4 99 -11
17 38 -3
77 52 -1
80 57 -15
38 97 -1
54 41 4
31 57 -6
22 8 -15
66 51 13
65 55 -7
68 60 8
77 65 4
42 44 3
61 57 5
80 70 17
86 6 -15
31 70 5
89 11 14
46 55 -19
5 17 5
81 12 -17
26 76 -14
58 65 -17
42 57 11
60 74 -12
32 12 2
35 17 4
67 6 14
72 84 -7
56 76 2
9 1 19
14 79 2
88 65 10
47 27 2
5 30 -11
49 73 9
90 74 20
26 89 -5
20 15 20
0 73 -20
41 74 -4
96 10 -18
44 79 3
16 17 13
35 30 -14
34 71 -14
53 84 -3
92 12 -2
97 90 -17
27 31 -1
30 36 7
71 74 2
90 87 -10
62 25 18
48 90 -19
20 28 -15
39 41 5
4 20 -13
23 33 20
96 23 -11
85 93 1
16 30 -11
76 44 -1
78 90 1
36 93 13
69 41 15
8 31 16
27 44 -7
11 36 8
84 26 6
29 90 5
45 34 2
38 31 -16
98 45 -9
59 90 -12
17 93 4
94 47 -11
52 50 9
84 39 -1
43 1 -19
1 4 15
22 63 -2
79 45 2
98 58 -8
40 53 13
72 5 -20
75 47 -9
33 50 -6
52 63 16
65 2 5
68 7 15
67 48 -16
26 10 -5
70 53 19
89 66 -13
61 4 18
82 63 19
21 53 -13
95 2 15
12 4 -8
53 5 17
72 18 7
33 63 8
74 64 12
93 77 -20
46 2 10
65 15 -16
49 7 -15
67 61 -12
26 23 -11
86 74 19
70 66 15
89 79 -13
42 4 -20
9 56 -15
28 69 12
0 7 -19
60 21 -18
44 13 11
95 15 17
62 67 -17
34 5 -11
53 18 -13
56 23 -11
14 26 -6
74 77 -11
71 8 -20
48 24 -10
6 27 9
9 69 -17
83 18 -10
69 83 14
27 86 -1
44 26 12
30 91 5
62 80 -3
81 93 -9
37 23 -18
4 75 7
23 88 -8
97 37 -20
78 24 9
55 40 2
13 80 9
16 85 6
90 34 11
29 24 -17
6 40 -4
50 83 11
69 96 15
27 99 4
25 26 19
66 27 -18
85 40 -3
87 86 9
20 96 -4
59 24 -6
4 88 -17
17 27 20
55 53 -3
96 91 -19
99 96 18
57 99 -15
31 46 -11
91 97 -16
66 40 -3
84 94 -9
43 56 14
87 99 -3
61 46 -13
38 99 -6
10 0 -20
73 56 -18
12 46 3
47 3 -20
88 41 -7
24 56 16
65 57 10
77 67 13
61 59 19
80 72 -3
0 49 -15
54 56 -19
12 59 20
53 60 -18
72 73 5
70 0 -10
28 3 6
49 62 -13
68 75 -2
39 17 -15
42 59 -14
74 11 11
19 75 -7
93 24 -4
16 6 -11
95 70 -6
72 86 15
9 3 -20
49 75 16
90 76 7
62 14 8
81 27 7
26 91 3
39 30 -5
23 22 1
16 19 1
35 32 -8
76 33 -10
34 73 -19
37 78 -16
14 94 4
8 20 15
90 89 -16
29 79 -14
4 22 -1
23 35 -6
99 30 -1
44 94 -15
85 95 -15
38 20 4
57 33 15
2 97 -8
76 46 6
8 33 -6
94 36 -2
84 28 7
29 92 -11
64 49 19
22 52 -9
57 46 -4
59 92 9
18 54 12
17 95 7
91 44 13
75 36 8
10 55 11
1 6 -20
86 50 -12
22 65 -5
79 47 -12
63 39 -14
82 52 -8
40 55 7
75 49 -12
52 65 -20
93 66 -6
68 9 -15
26 12 -20
86 63 20
58 1 1
89 68 12
61 6 -17
47 71 18
79 60 -10
5 74 1
82 65 -14
21 55 8
88 1 14
74 66 4
32 69 1
51 82 15
49 9 -18
90 10 -17
7 12 -12
26 25 -5
83 7 4
41 10 -13
44 15 2
21 68 -5
34 7 -6
39 85 -10
14 28 -1
55 29 9
74 79 13
32 82 -20
71 10 -17
16 74 18
90 23 8
35 87 8
76 88 12
29 13 5
6 29 1
69 85 5
41 23 19
25 15 -5
39 98 9
59 13 -18
78 26 20
36 29 19
96 80 16
57 88 -1
29 26 4
18 96 -3
92 82 9
25 28 2
87 88 -16
1 48 18
59 26 -14
4 90 10
17 29 14
36 42 -7
77 43 -6
96 93 -20
38 88 -15
31 48 2
91 99 -9
43 58 -9
77 56 5
80 61 -13
93 0 -8
73 58 -20
89 2 -20
88 43 -17
47 5 2
5 8 -4
65 59 -17
68 64 8
40 2 -3
26 67 -18
58 56 7
42 48 1
0 51 -12
35 8 19
95 59 19
70 2 4
89 15 -9
56 67 7
47 18 -11
46 59 -8
49 64 -5
7 67 17
26 80 -20
39 19 -19
42 61 -15
0 64 4
60 78 -14
13 3 -6
51 29 19
92 3 4
37 67 5
28 18 -5
14 83 -7
71 65 5
7 80 -15
20 19 -16
23 24 -15
83 75 2
96 14 -15
41 78 -18
60 91 8
44 83 12
16 21 -6
2 86 5
34 75 14
92 16 -14
37 80 14
97 94 -11
69 32 1
55 97 5
8 22 -8
27 35 19
71 78 20
29 81 18
48 94 -8
20 32 5
6 97 -4
4 24 -3
23 37 -17
96 27 5
25 83 -10
99 32 -13
15 38 16
59 81 7
18 43 -15
50 32 -3
91 33 -12
36 97 -6
94 38 17
11 40 -17
45 38 -15
64 51 14
22 54 -10
38 35 3
98 49 -8
82 41 -10
18 56 18
59 94 17
17 97 -10
91 46 5
75 38 -6
52 54 -12
10 57 8
3 54 -20
89 57 14
77 3 -11
80 8 -20
47 60 -13
79 49 -2
82 54 -7
7 1 7
86 65 3
28 60 -5
47 73 -14
60 12 -18
5 76 -10
63 54 19
21 57 16
81 71 11
39 74 -16
72 22 19
14 17 -15
93 81 -8
46 6 7
13 58 -5
51 84 16
49 11 -12
90 12 14
35 76 14
7 14 -3
67 65 -12
9 60 3
83 9 14
28 73 1
25 4 -16
44 17 9
34 9 12
37 14 -13
78 15 -17
97 28 -7
55 31 -9
96 69 14
99 74 -19
76 90 8
92 71 18
9 73 4
50 74 16
69 87 -4
8 77 -6
27 90 -15
44 30 -2
11 82 -8
85 31 1
30 95 5
62 84 -18
59 15 20
4 79 -1
78 28 7
23 92 11
97 41 5
64 93 -1
38 77 -17
29 28 9
73 34 3
18 98 9
6 44 -5
92 84 15
91 88 3
8 90 -5
11 95 13
85 44 -13
84 85 12
43 47 6
87 90 -2
59 28 -2
4 92 -18
45 93 -1
3 96 9
77 45 16
80 50 -19
54 34 -11
73 47 -1
31 50 9
22 1 8
75 93 10
84 98 20
1 63 15
58 45 8
42 37 2
19 53 -17
93 2 -9
63 96 4
51 5 5
31 63 -3
47 7 13
88 45 -1
65 61 5
49 53 12
81 5 20
26 69 -19
42 50 4
0 53 -7
74 2 19
93 15 -18
51 18 -10
53 64 20
72 77 -12
70 4 -2
14 72 18
47 20 17
88 58 -12
46 61 -2
49 66 -3
68 79 -5
21 4 -14
62 5 1
26 82 16
83 64 -17
60 80 -8
13 5 5
44 72 5
32 18 9
35 23 8
76 24 20
92 5 -13
37 69 8
56 82 12
97 83 -2
9 7 -2
27 24 -11
71 67 -10
62 18 -16
7 82 -5
20 21 8
6 86 18
4 13 19
23 26 17
13 18 18
99 21 -7
44 85 2
2 88 -10
76 37 12
15 27 9
18 32 8
97 96 -7
50 21 -19
8 24 -9
84 19 -19
6 99 1
4 26 -7
45 27 10
25 85 -20
99 34 -15
85 99 9
18 45 -2
59 83 11
36 99 -20
11 42 20
10 46 -15
84 32 -13
66 99 -12
98 51 -17
82 43 -18
40 46 15
94 53 13
52 56 20
93 57 -9
68 0 20
70 46 17
19 0 3
5 65 7
63 43 -11
21 46 6
40 59 1
72 11 -11
56 3 -14
33 56 5
74 57 -13
32 60 -2
65 8 15
51 73 3
35 65 2
7 3 -13
26 16 10
67 54 17
86 67 -6
47 75 18
41 1 10
5 78 -19
63 56 -20
95 8 16
39 76 6
56 16 4
13 60 10
32 73 -14
90 14 20
35 78 13
48 17 -19
92 60 -15
28 75 16
69 76 13
27 79 -12
60 27 -3
25 6 -16
44 19 -15
62 73 12
20 76 12
39 89 19
4 68 -6
78 17 -3
23 81 4
55 33 6
99 76 -8
16 78 15
90 27 -4
48 30 -8
6 33 -20
50 76 -13
25 19 -20
30 97 20
2 35 6
59 17 12
78 30 3
55 46 -15
96 84 19
99 89 20
29 30 2
6 46 -11
50 89 19
91 90 5
94 95 -15
11 97 -11
52 98 14
85 46 11
84 87 10
43 49 -7
77 47 -7
82 98 -6
54 36 15
73 49 -13
12 39 -7
75 95 -10
24 49 -12
58 47 18
77 60 5
42 39 14
10 6 18
51 7 -13
86 1 -20
31 65 -13
72 66 19
88 47 -10
5 12 -19
65 63 18
81 7 -11
26 71 4
42 52 -5
0 55 7
19 68 -7
60 69 3
51 20 7
95 63 -4
34 53 12
37 58 -5
56 71 -19
28 9 3
69 10 -12
46 63 7
5 25 20
62 7 -11
20 10 15
39 23 -17
0 68 -19
41 69 -3
99 10 4
32 20 -3
44 74 -3
53 79 7
50 10 -16
69 23 1
14 87 7
55 88 -12
8 13 8
6 88 5
4 15 -9
64 29 1
41 82 -1
44 87 7
38 13 11
15 29 15
78 85 -7
50 23 -5
91 24 5
36 88 19
94 29 -17
27 39 -18
11 31 18
84 21 17
48 98 -11
64 42 -15
15 42 2
59 85 6
18 47 -20
78 98 -6
91 37 7
94 42 -20
52 45 3
84 34 7
87 39 -7
54 91 -14
45 42 14
89 48 -14
22 58 -19
79 40 6
63 32 5
40 48 3
75 42 3
52 58 -19
51 62 4
68 2 -17
26 5 11
86 56 -16
70 48 17
47 64 -2
79 53 8
82 58 -4
21 48 -2
40 61 20
32 62 -5
51 75 -12
35 67 -13
7 5 -1
26 18 -15
70 61 15
9 51 17
83 0 -11
0 2 2
41 3 -9
60 16 -15
21 61 -13
81 75 6
34 0 -5
20 65 11
23 70 11
97 19 13
13 62 -3
90 16 -16
76 81 4
48 19 -9
9 64 -6
41 16 12
27 81 -2
25 8 -7
30 86 -20
2 24 13
20 78 5
39 91 -12
59 6 -15
4 70 -15
97 32 11
55 35 -15
13 75 -16
99 78 -12
16 80 17
57 81 -17
76 94 7
29 19 20
15 84 -20
48 32 -15
92 75 9
6 35 -20
50 78 20
69 91 -12
8 81 6
11 86 10
2 37 -20
43 38 17
84 76 16
4 83 18
45 84 9
15 97 -9
31 41 15
91 92 2
8 94 -13
11 99 -14
24 38 -15
43 51 19
1 54 -11
45 97 16
58 36 -18
77 49 15
61 41 19
73 51 1
12 41 8
5 1 3
24 51 -16
65 52 10
68 57 -4
58 49 17
61 54 -9
80 67 2
0 44 -3
51 9 -10
95 52 -1
12 54 -3
53 55 -6
86 3 -15
89 8 -9
47 11 19
46 52 4
39 12 13
42 54 -11
83 55 7
19 70 -2
34 55 8
53 68 13
28 11 6
69 12 3
14 76 10
30 20 -7
49 70 15
81 22 17
48 74 -9
20 12 -20
83 68 16
60 84 -14
13 9 18
99 12 -11
44 76 2
25 63 -5
16 14 6
2 79 -3
76 28 4
97 87 -9
69 25 -18
14 89 20
55 90 -7
8 15 3
30 33 16
84 10 -15
29 74 -14
23 30 12
64 31 -18
96 20 2
41 84 8
44 89 -6
57 28 4
2 92 -1
76 41 11
43 93 -1
18 36 13
50 25 1
36 90 -11
8 28 -14
94 31 5
71 84 12
84 23 -5
29 87 13
87 28 11
73 93 7
45 31 4
64 44 18
22 47 12
66 90 -13
38 28 -7
79 29 -1
82 34 -12
18 49 11
91 39 -15
75 31 -6
94 44 4
52 47 8
54 93 5
12 96 -10
45 44 -20
47 53 14
80 1 -3
82 47 5
40 50 5
72 2 -1
75 44 -5
33 47 3
93 61 4
10 63 2
51 64 -11
68 4 11
67 45 -18
86 58 6
70 50 5
47 66 14
63 47 -2
21 50 -11
81 64 -14
53 2 -12
72 15 3
14 10 -15
13 51 6
51 77 11
16 56 15
90 5 8
35 69 13
26 20 -15
70 63 14
9 53 6
60 18 -17
44 10 -13
2 13 -20
34 2 -14
20 67 -14
56 20 14
97 21 4
23 72 -3
96 62 -1
13 64 2
32 77 8
29 8 11
92 64 -11
6 24 -14
9 66 -18
50 67 19
41 18 -12
27 83 1
44 23 -10
30 88 -20
2 26 9
62 77 19
20 80 -20
4 72 -3
78 21 6
97 34 15
99 80 2
38 70 19
76 96 9
15 86 5
6 37 -13
91 81 -12
8 83 -13
85 37 19
24 27 13
87 83 -4
1 43 1
64 99 -1
77 38 19
38 83 9
98 97 -3
15 99 1
54 27 -4
73 40 14
91 94 9
75 86 19
66 37 6
24 40 14
43 53 19
45 99 14
17 37 3
80 56 -16
63 89 16
12 43 19
75 99 -13
5 3 17
49 46 3
68 59 17
26 62 8
61 56 -9
0 46 -12
19 59 -2
51 11 1
53 57 2
88 51 -16
5 16 -18
68 72 2
7 62 -19
81 11 8
20 1 5
39 14 11
83 57 -4
74 8 -7
60 73 -7
16 3 6
95 67 -15
34 57 2
53 70 2
56 75 -3
69 14 4
27 17 -5
30 22 -16
62 11 4
7 75 7
48 76 -14
83 70 -8
41 73 -13
13 11 8
99 14 -9
44 78 -20
57 17 1
15 20 13
18 25 9
97 89 -8
36 79 -6
27 30 -18
11 22 19
90 86 -10
84 12 -4
48 89 13
87 17 -12
45 20 14
64 33 -12
96 22 -17
22 36 16
25 78 5
99 27 -14
85 92 6
43 95 9
1 98 9
59 76 -8
91 28 19
36 92 17
8 30 -20
11 35 -16
84 25 -3
31 98 2
66 92 -3
98 44 2
17 92 9
91 41 3
58 93 20
94 46 7
10 52 -14
67 34 -10
12 98 12
86 47 -18
70 39 -19
3 49 -8
79 44 12
82 49 16
40 52 -7
33 49 3
74 50 18
93 63 18
32 53 1
51 66 -20
26 9 4
86 60 8
9 42 -14
47 68 -9
19 6 9
60 7 -4
5 71 -5
62 53 14
95 1 -7
39 69 6
72 17 7
14 12 -1
13 53 -17
51 79 2
90 7 -13
35 71 15
83 4 9
28 68 -8
62 66 20
37 9 -12
78 10 17
23 74 -17
97 23 -9
14 25 -7
99 69 -17
71 7 18
90 20 -8
48 23 9
50 69 6
8 72 -20
41 20 -13
25 12 7
44 25 -1
85 26 -11
84 67 -2
87 72 -6
59 10 -5
78 23 14
23 87 10
64 88 -3
36 26 -17
55 39 -3
38 72 12
29 23 -17
15 88 14
73 29 -7
18 93 -3
6 39 -16
91 83 -14
94 88 -7
11 90 -18
85 39 15
43 42 -1
3 91 11
79 86 -17
98 99 -13
73 42 6
75 88 -2
66 39 11
33 91 -5
24 42 -3
68 48 -5
1 58 10
61 45 9
80 58 11
19 48 -15
79 99 15
63 91 4
54 42 -11
31 58 9
72 59 17
47 2 -17
46 43 20
49 48 13
58 53 13
42 45 -19
93 10 16
32 0 -12
51 13 -5
53 59 12
56 64 4
88 53 -11
46 56 -7
5 18 7
49 61 17
90 62 19
7 64 3
81 13 9
23 8 18
0 61 -16
60 75 14
13 0 15
16 5 -8
2 70 12
34 59 15
92 0 -9
37 64 -4
69 16 17
71 62 14
90 75 -9
29 65 19
4 8 8
23 21 -16
64 22 -7
96 11 3
25 67 12
85 81 13
38 6 8
57 19 2
2 83 7
76 32 17
15 22 -11
92 13 15
36 81 14
8 19 9
94 22 -6
27 32 -19
30 37 -18
84 14 -18
48 91 -9
87 19 -12
64 35 -13
22 38 -7
25 80 10
57 32 9
43 97 19
15 35 -20
18 40 -20
78 91 5
17 81 -11
91 30 5
36 94 18
77 95 15
75 22 -20
94 35 20
33 25 8
87 32 -14
45 35 -5
3 38 13
89 41 -10
98 46 15
63 25 9
82 38 -9
58 95 -1
75 35 -14
33 38 9
54 97 17
67 36 7
86 49 9
89 54 14
47 57 -11
88 95 -17
5 60 4
46 98 19
63 38 -18
21 41 -6
40 54 -5
74 52 -10
93 65 -9
65 3 -18
68 8 6
35 60 19
26 11 13
70 54 9
28 57 -14
47 70 -8
60 9 -5
21 54 -4
56 11 -8
74 65 20
13 55 -5
16 60 -10
9 57 20
83 6 5
2 17 9
20 71 6
39 84 11
4 63 -2
78 12 -6
97 25 7
36 15 -2
55 28 17
96 66 -9
99 71 -3
16 73 -8
76 87 6
29 12 -5
92 68 -2
69 84 -6
8 74 -13
30 92 -4
1 34 -1
87 74 12
59 12 -7
4 76 -16
78 25 -17
64 90 5
17 15 -12
96 79 14
38 74 9
57 87 -12
31 34 -19
24 31 18
84 82 12
58 29 13
61 34 6
38 87 18
82 93 -20
73 44 6
31 47 -17
75 90 17
88 29 12
65 45 12
26 53 -7
61 47 -6
0 37 9
63 93 -4
21 96 4
95 45 -13
12 47 -16
56 53 16
89 1 20
47 4 -9
5 7 12
46 45 18
65 58 -7
49 50 15
68 63 -20
7 53 7
81 2 3
60 64 -1
51 15 11
35 7 3
95 58 6
34 48 -2
53 61 -5
37 53 6
69 5 3
90 64 -11
62 2 -20
81 15 18
48 67 -4
20 5 -12
39 18 20
83 61 14
96 0 -1
13 2 6
44 69 17
57 8 2
2 72 -15
37 66 1
78 67 3
97 80 -6
14 82 -6
30 26 10
87 8 -14
64 24 -4
41 77 -3
99 18 6
44 82 -12
85 83 9
38 8 -12
57 21 -5
15 24 -14
18 29 2
78 80 8
97 93 -13
50 18 -20
17 70 20
36 83 -17
8 21 16
11 26 -9
84 16 1
87 21 17
73 86 -17
45 24 -10
64 37 11
3 27 6
22 40 1
66 83 -1
85 96 15
38 21 -6
24 86 6
43 99 -7
82 27 2
15 37 7
18 42 -13
59 80 -6
91 32 1
36 96 8
75 24 -15
94 37 16
52 40 17
10 43 6
54 86 -8
73 99 -10
86 38 19
3 40 -17
22 53 -4
66 96 10
79 35 13
98 48 -9
82 40 5
75 37 -11
93 54 -4
51 57 1
67 38 -2
86 51 13
89 56 -15
88 97 -19
47 59 -11
63 40 14
21 43 14
81 57 3
56 0 -14
14 3 15
74 54 -11
32 57 11
35 62 17
7 0 20
26 13 -14
81 70 -15
39 73 -3
23 65 -7
97 14 12
56 13 1
16 62 9
90 11 -19
35 75 -15
29 1 15
48 14 19
41 11 16
25 3 15
85 17 5
30 81 18
2 19 14
62 70 19
39 86 20
4 65 6
78 14 -18
97 27 -13
96 68 -14
55 30 -10
16 75 2
76 89 13
29 14 -8
48 27 -6
15 79 -18
6 30 18
8 76 -20
25 16 -1
66 17 16
11 81 16
43 33 -2
87 76 -13
4 78 4
45 79 4
22 95 5
38 76 8
15 92 -4
18 97 -4
31 36 15
91 87 -17
66 30 -13
24 33 16
10 98 -11
45 92 -9
3 95 -1
19 39 -1
54 33 -7
31 49 -4
72 50 11
88 31 1
33 95 -8
46 34 15
49 39 -20
68 52 15
26 55 12
67 93 -10
70 98 10
58 44 -7
61 49 2
0 39 -11
19 52 4
63 95 10
95 47 8
12 49 -4
72 63 -2
56 55 -13
88 44 -3
14 58 7
5 9 20
46 47 -12
65 60 6
7 55 4
81 4 9
83 50 16
0 52 12
74 1 20
60 66 20
44 58 14
35 9 10
95 60 -19
34 50 11
37 55 18
56 68 -2
69 7 19
14 71 2
30 15 -11
71 53 -13
90 66 6
62 4 -13
6 72 -10
83 63 7
96 2 1
41 66 17
60 79 -9
13 4 -20
44 71 5
2 74 -10
34 63 -6
92 4 20
97 82 -2
50 7 18
36 72 -13
55 85 11
30 28 -7
71 66 -19
84 5 15
29 69 -12
4 12 -6
64 26 -16
99 20 13
38 10 19
2 87 13
43 88 14
15 26 -19
18 31 -15
17 72 -7
36 85 -5
55 98 17
75 13 2
94 26 -5
11 28 19
52 29 16
87 23 14
73 88 10
85 98 19
79 24 9
91 34 -20
77 99 -1
75 26 8
33 29 -7
10 45 19
54 88 -5
86 40 10
89 45 12
79 37 20
82 42 8
21 32 -5
40 45 -14
33 42 15
74 43 -5
93 56 17
51 59 15
26 2 -11
86 53 15
47 61 -11
5 64 4
81 59 -9
39 62 -20
14 5 -15
74 56 -18
13 46 14
90 0 -7
35 64 20
48 3 15
9 48 -12
28 61 4
41 0 -11
60 13 13
5 77 8
44 5 -7
2 8 9
20 62 16
23 67 14
97 16 -17
14 18 -7
96 57 -20
99 62 -1
16 64 -15
35 77 6
76 78 -11
92 59 -13
9 61 -13
50 62 20
69 75 -12
44 18 17
11 70 -12
30 83 -15
59 3 14
4 67 9
64 81 1
17 6 -8
36 19 6
38 65 -4
29 16 8
15 81 -16
73 22 14
50 75 -8
27 91 -15
66 19 20
85 32 2
30 96 6
84 73 -10
1 38 -10
59 16 5
4 80 -11
3 84 12
36 32 17
77 33 -8
22 97 1
80 38 -19
38 78 10
98 92 11
15 94 -9
54 22 7
91 89 12
75 81 -20
52 97 -8
68 41 -9
45 94 -14
61 38 -6
79 92 13
63 84 13
95 36 20
12 38 -5
31 51 10
72 52 11
75 94 11
68 54 -13
26 57 -14
42 38 17
0 41 4
51 6 14
34 39 1
53 52 -10
56 57 1
14 60 -6
5 11 7
46 49 -20
90 55 16
7 57 9
26 70 -12
39 9 9
23 1 -18
0 54 6
76 12 -4
53 65 -9
56 70 -10
71 55 -18
90 68 -9
29 58 2
39 22 19
23 14 -18
41 68 -3
57 12 20
76 25 -15
59 58 9
18 20 -18
92 6 19
78 71 17
50 9 1
36 74 -7
11 17 -1
84 7 -9
29 71 -1
87 12 3
45 15 -1
66 74 8
24 77 7
15 28 -6
1 93 16
18 33 -14
59 71 1
91 23 2
36 87 7
77 88 14
75 15 19
94 28 -6
11 30 7
10 34 1
54 77 4
73 90 7
31 93 2
22 44 -7
66 87 -6
79 26 -13
98 39 3
17 87 14
61 93 -18
33 31 9
52 44 -18
93 45 -13
67 29 -2
70 34 7
46 91 15
63 31 -17
49 96 -8
40 47 19
33 44 -14
74 45 -5
68 1 20
67 42 20
70 47 6
89 60 -8
60 2 -10
21 47 6
62 48 11
97 5 -2
14 7 12
32 61 -20
51 74 -11
16 53 -5
35 66 8
92 48 3
28 63 17
41 2 -7
27 67 4
60 15 -3
62 61 18
20 64 -5
39 77 11
37 4 -16
97 18 -15
13 61 18
16 66 -17
48 18 8
6 21 12
69 77 -4
8 67 -4
25 7 -15
11 72 -6
2 23 -9
43 24 10
87 67 -18
1 27 -14
59 5 -9
78 18 8
22 86 15
96 72 -17
99 77 -5
38 67 7
29 18 -13
15 83 18
73 24 3
18 88 8
31 27 18
8 80 14
94 83 20
52 86 -4
84 75 -2
87 80 2
45 83 -20
64 96 -16
58 22 -17
3 86 13
77 35 -7
22 99 -4
79 81 13
98 94 -20
82 86 18
54 24 -9
73 37 17
31 40 -5
65 38 3
68 43 5
45 96 8
86 97 -1
58 35 -19
3 99 20
77 48 -14
61 40 -6
79 94 -4
63 86 11
82 99 1
54 37 -14
95 38 -8
12 40 -20
53 41 -12
72 54 -5
56 46 2
75 96 20
88 35 -15
46 38 17
5 0 13
68 56 8
42 40 -13
19 56 18
53 54 -14
56 59 12
14 62 14
5 13 8
49 56 -7
7 59 2
39 11 17
23 3 -7
41 57 19
60 70 12
16 0 -10
76 14 5
37 59 7
78 60 17
97 73 -8
8 1 1
27 14 6
11 6 3
30 19 -12
71 57 -2
29 60 -2
48 73 -17
23 16 -9
96 6 2
25 62 16
99 11 3
44 75 3
85 76 -1
38 1 -17
76 27 -16
78 73 -19
97 86 -9
50 11 14
36 76 15
94 17 9
71 70 6
6 89 -2
4 16 -11
45 17 -20
64 30 8
3 20 16
22 33 13
66 76 12
85 89 8
38 14 -14
57 27 -4
98 28 -18
15 30 -13
91 25 -9
36 89 -8
94 30 8
80 95 17
89 36 20
66 89 -9
24 92 9
98 41 1
82 33 18
40 36 17
75 30 14
42 82 -5
19 98 -14
93 47 10
10 49 -8
51 50 1
54 92 -6
12 95 -12
86 44 -19
70 36 -12
88 90 10
46 93 -4
63 33 14
49 98 -12
21 36 -9
72 1 13
93 60 -15
32 50 -1
51 63 2
35 55 6
67 44 8
70 49 -11
9 39 18
28 52 -11
60 4 -14
21 49 5
62 50 4
20 53 16
39 66 -1
97 7 3
14 9 18
74 60 -3
16 55 -18
35 68 -9
76 69 11
48 7 9
6 10 15
50 53 -20
83 1 -15
69 66 11
41 4 -17
27 69 2
44 9 -12
85 10 18
62 63 -5
39 79 -12
78 7 -6
36 10 12
96 61 -12
13 63 -18
99 66 -14
16 68 11
57 69 -20
76 82 1
15 72 13
92 63 -9
6 23 -17
69 79 2
8 69 20
27 82 4
11 74 4
30 87 12
43 26 -16
59 7 20
4 71 5
78 20 11
64 85 14
22 88 17
96 74 -13
99 79 -1
57 82 12
15 85 7
54 13 -10
73 26 17
18 90 -17
8 82 -5
94 85 1
66 23 -2
52 88 -5
1 42 -2
87 82 4
17 23 8
58 24 -8
3 88 17
77 37 10
80 42 -18
19 32 20
54 26 -18
40 91 -20
73 39 15
31 42 10
72 43 -6
94 98 13
33 88 15
46 27 5
65 40 -18
49 32 3
26 48 -6
86 99 -6
58 37 16
42 29 -15
19 45 8
79 96 -13
63 88 -8
21 91 6
95 40 -9
53 43 -11
72 56 -10
56 48 7
88 37 16
5 2 13
65 53 16
49 45 18
7 48 -5
67 99 -13
39 0 -6
83 43 7
41 46 4
60 59 6
51 10 17
34 43 12
53 56 2
27 3 -5
71 46 1
30 8 -6
90 59 -12
23 5 -20
83 56 -10
60 72 11
25 51 11
44 64 9
16 2 -3
76 16 15
34 56 -18
37 61 6
97 75 -12
69 13 11
14 77 -4
27 16 5
30 21 -18
71 59 13
20 13 6
4 5 2
64 19 -8
96 8 19
66 65 -14
38 3 13
2 80 7
43 81 3
59 62 19
78 75 7
17 65 -13
91 14 -1
36 78 13
8 16 -2
52 22 7
87 16 -6
73 81 6
64 32 -10
38 16 -14
79 17 -6
24 81 -11
43 94 12
15 32 17
1 97 17
59 75 -11
77 92 -5
94 32 -12
33 22 7
10 38 -13
73 94 10
12 84 -2
86 33 -15
45 32 -18
3 35 20
47 41 10
24 94 17
98 43 13
58 92 -16
75 32 3
61 97 -5
51 52 14
67 33 17
12 97 -1
47 54 15
40 51 -20
39 55 19
32 52 -5
35 57 -4
34 98 -15
28 54 -16
5 70 7
2 1 -19
62 52 -11
20 55 -10
39 68 -18
96 50 -14
55 12 -20
13 52 -12
99 55 -18
32 65 -4
16 57 3
90 6 -2
76 71 -11
48 9 6
9 54 19
69 68 -14
8 58 7
27 71 -12
11 63 9
85 12 12
4 60 -17
78 9 -19
23 73 7
36 12 -11
55 25 -7
99 68 -13
71 6 -15
92 65 16
8 71 5
27 84 1
66 12 11
85 25 -20
30 89 -16
24 15 -19
1 31 7
87 71 9
4 73 -9
64 87 12
17 12 13
3 77 -10
77 26 10
36 25 7
80 31 8
38 71 -9
57 84 4
98 85 -5
54 15 -3
73 28 12
12 18 5
91 82 4
75 74 18
33 77 2
10 93 3
87 84 -13
45 87 -4
58 26 -20
3 90 -2
42 18 -10
61 31 20
19 34 9
31 44 4
75 87 -5
88 26 -1
33 90 -13
26 50 -8
67 88 11
58 39 16
42 31 13
61 44 17
28 96 -7
79 98 -5
72 58 -4
56 50 19
88 39 -4
46 42 -19
90 48 4
7 50 14
26 63 12
39 2 -1
83 45 -19
0 47 14
41 48 3
44 53 -12
35 4 -12
76 5 -13
37 50 11
56 63 -20
27 5 18
71 48 2
90 61 6
39 15 9
6 67 -11
83 58 6
44 66 -11
16 4 1
57 5 7
15 8 13
18 13 -10
78 64 -5
97 77 1
69 15 2
27 18 3
84 0 19
29 64 -10
87 5 -9
4 7 20
45 8 -17
22 24 -19
99 15 16
85 80 15
38 5 -2
98 19 15
1 86 14
59 64 -7
18 26 1
78 77 7
36 80 -3
8 18 19
11 23 6
52 24 -9
84 13 -3
73 83 -18
45 21 16
31 86 -3
79 19 2
24 83 -7
98 32 18
43 96 -4
1 99 18
40 27 -1
17 80 12
91 29 -17
75 21 -17
94 34 2
80 99 20
33 24 17
93 38 14
10 40 16
54 83 19
73 96 -19
67 22 -11
12 86 -10
31 99 20
47 43 14
79 32 -14
65 97 -6
63 24 -18
82 37 13
21 27 8
58 94 18
42 86 3
0 89 11
33 37 10
93 51 -5
51 54 14
95 97 -3
67 35 12
12 99 -15
89 53 -10
9 30 13
28 43 -1
88 94 -4
47 56 12
5 59 7
21 40 -7
62 41 15
42 99 12
14 0 8
74 51 -18
32 54 5
16 46 -15
35 59 5
9 43 -20
28 56 20
60 8 -1
27 60 -17
44 0 10
62 54 -12
39 70 -15
96 52 -4
55 14 -19
99 57 -18
90 8 1
57 60 11
48 11 7
8 60 19
27 73 -14
2 16 11
20 70 -20
23 75 12
17 1 14
96 65 -11
22 79 -13
55 27 -7
29 11 -7
15 76 -12
18 81 -2
50 70 13
66 14 -1
43 30 -13
1 33 -8
45 76 11
64 89 -9
77 28 -2
61 20 11
80 33 3
38 73 13
98 87 -12
82 79 -4
18 94 -2
12 20 3
31 33 19
75 76 -13
94 89 -18
88 15 10
33 79 -19
10 95 -12
68 36 12
1 46 -2
45 89 4
86 90 17
58 28 -2
3 92 13
42 20 -3
61 33 17
47 98 -4
19 36 -7
82 92 -11
21 82 18
40 95 10
88 28 3
68 49 5
7 39 20
26 52 -7
42 33 -16
83 34 -7
28 98 -15
0 36 17
19 49 7
95 44 5
37 39 -14
14 55 -14
13 96 -8
90 50 18
7 52 4
39 4 -6
41 50 -13
60 63 2
44 55 18
76 7 -20
34 47 11
37 52 10
55 69 -9
27 7 -20
71 50 3
90 63 3
62 1 -18
48 66 14
20 4 16
6 69 -6
25 55 -3
99 4 4
57 7 4
2 71 14
76 20 14
15 10 -8
18 15 6
59 53 -19
78 66 -15
91 5 -15
27 20 13
11 12 -10
84 2 10
48 79 14
87 7 8
45 10 8
64 23 16
38 7 10
24 72 -9
57 20 4
98 21 20
15 23 -11
59 66 -13
77 83 -19
75 10 -10
33 13 3
10 29 6
87 20 10
73 85 -5
86 24 -15
31 88 -2
89 29 15
66 82 -1
79 21 -4
63 13 -14
58 83 -7
77 96 12
75 23 -12
61 88 -1
52 39 -17
93 40 -11
19 91 9
10 42 -1
73 98 14
67 24 12
86 37 -1
70 29 4
89 42 -2
28 32 9
88 83 -18
49 91 20
40 42 7
81 43 20
58 96 -13
42 88 -7
0 91 -18
74 40 -9
93 53 8
51 56 -10
9 32 8
28 45 5
21 42 19
39 59 13
23 51 -1
97 0 6
13 43 3
32 56 6
35 61 15
48 0 -7
6 3 9
92 43 4
50 46 -1
44 2 -15
2 5 -13
23 64 3
97 13 -10
55 16 10
99 59 -19
57 62 -18
92 56 6
69 72 12
66 3 -20
85 16 8
2 18 -2
84 57 -6
43 19 -19
4 64 6
17 3 7
36 16 15
99 72 -10
15 78 -7
18 83 -5
31 22 -15
75 65 -1
8 75 13
52 81 -8
24 19 -8
84 70 4
64 91 1
80 35 17
38 75 -2
98 89 -11
82 81 -7
54 19 -4
73 32 12
91 86 -4
94 91 7
33 81 3
52 94 -9
10 97 -1
68 38 5
67 79 -20
26 41 13
58 30 1
3 94 -18
42 22 8
61 35 7
80 48 8
19 38 3
63 81 2
82 94 15
21 84 -14
40 97 6
56 41 -4
88 30 5
33 94 -3
49 38 13
68 51 -1
7 41 13
67 92 3
70 97 16
83 36 -11
0 38 -18
60 52 16
21 97 -10
53 49 11
72 62 -17
37 41 13
30 1 -9
90 52 -1
7 54 -5
76 9 -8
34 49 11
37 54 1
97 68 11
69 6 8
55 71 3
30 14 8
48 68 9
6 71 2
64 12 -17
25 57 -2
99 6 12
44 70 11
57 9 -9
43 74 1
76 22 19
15 12 1
78 68 4
17 58 -11
50 6 16
36 71 17
55 84 8
11 14 20
52 15 20
73 74 13
6 84 3
45 12 6
3 15 3
66 71 12
38 9 -20
79 10 -1
24 74 -6
98 23 13
43 87 9
1 90 15
18 30 4
75 12 9
94 25 8
52 28 2
10 31 -8
54 74 15
73 87 8
12 77 -19
86 26 20
3 28 9
47 34 -10
66 84 14
24 87 -20
65 88 5
68 93 -8
58 85 -7
75 25 -18
61 90 -14
33 28 16
74 29 11
19 93 8
10 44 -13
54 87 -16
95 88 -10
70 31 8
89 44 -18
88 85 18
5 50 -9
46 88 9
49 93 -10
21 31 3
7 96 9
39 48 -19
58 98 -1
74 42 -7
32 45 10
51 58 -2
16 37 -16
67 39 10
70 44 7
28 47 15
69 48 7
88 98 -16
5 63 7
62 45 -12
20 48 2
23 53 -20
96 43 -14
99 48 4
35 63 19
76 64 -8
6 5 -14
92 45 -9
9 47 6
50 48 16
8 51 15
27 64 -12
11 56 -14
44 4 19
85 5 -18
20 61 -9
4 53 -11
97 15 1
36 5 4
96 56 -17
99 61 20
38 51 -17
57 64 6
29 2 2
6 18 -7
18 72 13
92 58 -14
50 61 15
91 62 -3
8 64 20
24 8 -11
84 59 7
43 21 -4
45 67 -19
17 5 18
36 18 -14
22 83 5
57 77 5
98 78 10
54 8 -17
73 21 7
18 85 11
91 75 -17
75 67 7
33 70 -1
24 21 -6
84 72 -19
1 37 -7
87 77 -4
86 81 8
3 83 -1
77 32 -15
89 86 18
19 27 -3
79 78 -4
63 70 -2
75 80 6
88 19 -7
52 96 11
49 27 -7
68 40 15
26 43 -14
67 81 13
42 24 -18
61 37 12
0 27 8
63 83 -8
82 96 -5
95 35 8
40 99 6
53 38 19
72 51 -14
14 46 -19
46 35 10
67 94 -13
9 89 -15
83 38 -1
60 54 2
21 99 -4
34 38 -11
53 51 -10
37 43 -16
71 41 10
30 3 14
7 56 -13
41 54 7
60 67 17
2 62 -19
37 56 17
78 57 -16
36 60 -8
27 11 15
11 3 16
30 16 -6
4 0 7
45 1 -3
96 3 -17
57 11 -6
43 76 -14
59 57 10
18 19 -5
78 70 -7
55 86 -13
94 14 1
84 6 7
29 70 -19
87 11 12
79 12 9
24 76 -19
40 20 -8
77 87 -8
75 14 -6
33 17 -20
52 30 19
93 31 -17
10 33 -2
67 15 13
31 92 -11
70 20 19
3 30 -11
89 33 -14
79 25 10
65 90 10
63 17 12
82 30 -7
68 95 15
21 20 -11
40 33 20
26 98 -19
61 92 16
0 82 1
93 44 -11
51 47 6
35 39 17
67 28 -19
12 92 20
86 41 -5
70 33 -2
89 46 12
88 87 16
46 90 -3
63 30 -11
62 34 -2
7 98 -13
42 92 -20
83 93 -4
0 95 -15
74 44 11
32 47 -5
51 60 -2
92 34 6
9 36 4
69 50 12
60 1 -5
62 47 6
81 60 16
20 50 5
97 4 -17
14 6 -14
96 45 4
13 47 -15
16 52 -10
76 66 4
6 7 -17
11 58 15
30 71 -4
84 48 1
87 53 12
64 69 10
57 66 1
76 79 1
29 4 -11
15 69 -19
50 63 13
66 7 -15
85 20 2
24 10 -15
87 66 -12
1 26 -20
59 4 -8
36 20 6
22 85 19
80 26 -4
15 82 11
54 10 -9
73 23 16
12 13 16
91 77 4
75 69 8
52 85 19
65 24 5
45 82 19
3 85 1
19 29 -9
79 80 2
98 93 6
63 72 2
82 85 20
54 23 10
95 24 7
40 88 13
72 40 8
88 21 13
33 85 -4
74 86 15
93 99 -4
65 37 -6
49 29 20
68 42 9
7 32 -16
86 96 -10
42 26 -2
0 29 -4
60 43 10
34 27 8
53 40 -3
72 53 10
74 99 8
46 37 -9
49 42 17
90 43 -15
26 58 -15
67 96 1
9 91 -17
83 40 5
0 42 11
2 51 11
76 0 -14
37 45 1
14 61 17
27 0 5
29 46 8
25 48 14
44 61 14
85 62 10
57 0 8
2 64 9
76 13 14
78 59 -9
55 75 -12
27 13 -17
30 18 -17
71 56 7
29 59 -8
4 2 15
22 19 2
38 0 7
24 65 14
98 14 -4
43 78 20
1 81 8
18 21 20
78 72 14
17 62 18
91 11 -9
94 16 8
80 81 2
33 6 -7
52 19 -18
84 8 -17
54 65 -4
73 78 -2
45 16 -10
86 17 -5
31 81 6
89 22 1
22 32 3
79 14 19
98 27 1
43 91 -8
1 94 -13
40 22 9
58 76 -6
77 89 17
75 16 -15
61 81 -3
80 94 13
52 32 13
93 33 -17
73 91 19
31 94 18
72 95 -13
70 22 -13
89 35 -2
28 25 11
46 79 -15
79 27 9
65 92 15
5 41 8
63 19 2
82 32 -19
68 97 4
21 22 10
81 36 19
58 89 -18
0 84 13
74 33 13
32 36 -2
95 92 8
67 30 16
12 94 -11
70 35 17
9 25 -2
28 38 -12
88 89 13
5 54 5
49 97 10
21 35 9
62 36 -6
20 39 -7
42 94 12
0 97 16
41 98 18
13 36 18
32 49 10
35 54 11
92 36 -1
9 38 -14
50 39 4
69 52 -14
27 55 3
60 3 13
62 49 -6
4 44 -3
23 57 16
97 6 -17
55 9 -9
13 49 7
99 52 -17
16 54 1
76 68 -20
48 6 -17
6 9 12
92 49 19
50 52 7
69 65 19
8 55 1
30 73 5
84 50 1
1 15 -13
4 57 -3
78 6 6
22 74 -9
96 60 -10
99 65 -2
73 12 -18
8 68 -12
11 73 -16
85 22 2
52 74 19
87 68 -14
45 71 6
64 84 11
77 23 -16
22 87 -14
38 68 -9
79 69 -13
98 82 13
82 74 -15
91 79 3
75 71 -20
94 84 18
65 26 14
3 87 -6
89 90 13
61 28 -15
80 41 -14
0 18 20
79 82 19
63 74 1
95 26 17
40 90 -5
12 28 -4
72 42 -11
33 87 -20
46 26 -8
65 39 14
7 34 4
26 47 15
86 98 17
0 31 4
19 44 -7
60 45 -17
21 90 9
53 42 -11
46 39 -18
9 93 -1
83 42 -4
44 50 -7
2 53 2
78 48 -8
27 2 -8
71 45 11
6 64 13
41 58 16
44 63 -20
85 64 2
2 66 2
15 5 -8
59 48 -11
97 74 -18
91 0 -4
55 77 -20
8 2 -12
94 5 -14
52 8 -18
71 58 3
87 2 2
6 77 13
3 8 -18
22 21 -19
85 77 16
38 2 -20
79 3 -2
24 67 10
98 16 -3
43 80 1
82 8 -18
15 18 7
18 23 -1
59 61 9
36 77 -10
77 78 12
75 5 12
80 83 -2
10 24 -1
54 67 2
86 19 5
31 83 -1
3 21 9
24 80 -17
68 86 8
21 11 8
58 78 -9
75 18 -8
42 70 5
33 21 2
19 86 8
93 35 -8
10 37 7
51 38 8
54 80 -13
67 19 -8
12 83 -13
70 24 -4
89 37 20
28 27 -8
47 40 1
88 78 -15
5 43 -18
63 21 13
7 89 2
81 38 17
58 91 14
61 96 11
0 86 12
74 35 -15
13 25 19
95 94 -12
34 84 11
67 32 -3
37 89 12
9 27 10
28 40 2
88 91 -5
46 94 4
5 56 14
62 38 5
81 51 12
83 97 15
96 36 20
0 99 -10
13 38 16
99 41 6
32 51 15
16 43 10
35 56 -12
34 97 -17
50 41 19
69 54 12
27 57 13
30 62 6
2 0 -8
62 51 2
20 54 6
39 67 -8
4 46 -8
96 49 -2
38 44 6
15 60 -6
18 65 -14
50 54 -18
91 55 1
27 70 20
24 1 -20
84 52 1
43 14 -3
1 17 -3
64 73 6
36 11 18
77 12 7
15 73 -3
18 78 7
31 17 11
91 68 14
75 60 20
66 11 -2
11 75 -12
52 76 -2
24 14 -14
10 79 -20
43 27 17
3 76 12
77 25 -3
80 30 -16
73 27 17
40 79 -12
12 17 9
75 73 -20
88 12 -16
33 76 -13
52 89 11
46 15 -11
26 36 -10
86 87 9
58 25 -17
3 89 -3
89 92 8
70 79 4
42 17 8
61 30 20
47 95 14
79 84 -6
82 89 -11
21 79 -6
40 92 -18
53 31 -7
88 25 8
33 89 17
46 28 -13
32 93 10
49 33 -10
68 46 -2
26 49 -3
67 87 -16
42 30 7
28 95 -11
41 34 -7
60 47 8
44 39 -10
21 92 11
34 31 -3
53 44 -13
37 36 -16
56 49 12
13 93 -14
92 93 15
83 44 -16
41 47 19
25 39 -9
76 4 16
78 50 12
36 53 12
55 66 18
71 47 9
29 50 -15
48 63 14
6 66 9
64 7 -15
99 1 -10
85 66 -6
2 68 11
15 7 -12
1 72 -2
59 50 5
17 53 -18
91 2 -12
36 66 -4
55 79 14
8 4 5
29 63 11
73 69 6
31 72 -5
64 20 9
3 10 15
22 23 12
85 79 -3
98 18 12
43 82 6
82 10 8
1 85 -13
91 15 -14
61 72 4
80 85 -16
10 26 -8
86 21 -20
70 13 -1
3 23 -5
47 29 5
82 23 18
68 88 -7
77 93 -12
61 85 10
0 75 16
33 23 -9
51 40 -14
95 83 12
67 21 11
12 85 -18
53 86 20
72 99 17
70 26 14
28 29 4
47 42 -14
5 45 -4
49 88 -13
21 26 -7
7 91 18
42 85 -8
83 86 6
0 88 6
74 37 -4
13 27 4
32 40 -8
51 53 -13
16 32 -2
35 45 -17
95 96 -2
34 86 -10
53 99 7
9 29 -17
39 56 2
83 99 6
99 43 -2
16 45 4
35 58 -5
76 59 5
34 99 18
92 40 17
6 0 -6
8 46 -20
85 0 -11
30 64 1
64 62 -2
97 10 -4
55 13 5
99 56 10
57 59 7
76 72 14
73 3 14
50 56 -10
91 57 -7
8 59 -3
94 62 12
66 0 -15
11 64 -10
30 77 5
43 16 17
84 54 -10
1 19 7
87 59 16
4 61 -8
45 62 -8
17 0 -1
3 65 3
36 13 -4
22 78 -17
77 14 -13
80 19 -14
38 59 9
98 73 15
15 75 11
54 3 -11
73 16 -16
31 19 -8
91 70 -4
75 62 18
94 75 -18
33 65 5
10 81 12
68 22 9
1 32 -16
77 27 11
61 19 -4
80 32 1
19 22 16
79 73 20
98 86 4
63 65 -15
82 78 3
12 19 -14
72 33 -1
88 14 -12
52 91 17
93 92 12
51 95 -6
49 22 3
26 38 11
89 94 15
28 84 -9
47 97 -10
0 22 7
60 36 2
82 91 18
95 30 -11
40 94 -14
81 95 -3
72 46 10
56 38 -13
14 41 5
74 92 17
46 30 -17
32 95 10
49 35 10
90 36 11
7 38 18
44 41 14
2 44 12
21 94 -15
20 98 14
53 46 9
97 52 15
14 54 -11
71 36 10
29 39 -7
92 95 11
6 55 -3
9 97 4
41 49 12
25 41 16
44 54 13
2 57 -18
78 52 -20
97 65 -19
71 49 12
29 52 12
6 68 -9
25 54 -3
66 55 15
57 6 -1
15 9 6
1 74 19
59 52 7
78 65 -18
91 4 -16
77 69 -12
80 74 18
10 15 12
86 10 12
3 12 6
66 68 6
43 84 -4
82 12 -6
1 87 8
40 15 -12
77 82 -6
61 74 -15
80 87 8
52 25 -2
54 71 1
67 10 5
86 23 16
72 88 -13
70 15 -8
3 25 19
89 28 -8
47 31 13
88 69 12
79 20 -20
49 77 -4
68 90 6
21 15 -10
40 28 -8
61 87 3
0 77 -17
74 26 -2
93 39 2
32 29 -10
51 42 7
95 85 19
67 23 5
12 87 -13
53 88 9
46 85 2
65 98 -14
21 28 12
39 45 -3
42 87 -17
51 55 -13
16 34 15
34 88 -19
37 93 -10
9 31 5
69 45 -2
30 53 -18
20 45 -14
39 58 17
23 50 -14
96 40 19
25 96 -6
13 42 -7
16 47 -1
57 48 18
76 61 -12
69 58 -7
8 48 -4
2 4 -17
43 5 -11
84 43 -1
20 58 -13
4 50 7
36 2 13
22 67 20
55 15 -6
96 53 -15
15 64 -6
73 5 1
18 69 2
91 59 7
8 61 4
94 64 -5
11 66 -13
85 15 1
24 5 -7
84 56 14
1 21 -12
45 64 2
64 77 -20
17 2 14
3 67 20
22 80 -9
38 61 -16
18 82 -18
91 72 5
94 77 14
88 3 -5
33 67 -17
52 80 -14
65 19 8
10 83 9
68 24 13
26 27 10
86 78 12
3 80 -2
89 83 -16
77 29 -4
61 21 -8
47 86 -11
80 34 13
79 75 11
98 88 -17
63 67 9
82 80 -10
21 70 -16
95 19 13
40 83 -4
12 21 -13
56 27 3
74 81 -5
65 32 -1
49 24 -7
0 24 -10
19 37 2
63 80 -13
21 83 11
40 96 1
81 97 -8
34 22 5
72 48 4
56 40 2
13 84 -2
46 32 3
16 89 7
90 38 15
48 41 -3
70 96 -13
9 86 -17
28 99 -13
41 38 -4
60 51 13
25 30 19
2 46 -14
62 97 19
34 35 -12
37 40 -13
78 41 -2
97 54 -4
14 56 6
55 57 2
30 0 1
90 51 4
48 54 -10
25 43 -7
44 56 -7
85 57 7
2 59 -4
18 3 -16
97 67 -13
36 57 -9
55 70 17
11 0 -3
29 54 -1
73 60 13
64 11 3
3 1 2
98 9 -10
43 73 14
15 11 5
59 54 -7
17 57 -9
36 70 8
52 14 11
10 17 -6
12 63 -15
86 12 11
31 76 -11
3 14 2
89 17 -14
22 27 10
79 9 4
98 22 1
82 14 -9
58 71 -17
77 84 -19
75 11 -15
42 63 -2
19 79 -5
52 27 -12
54 73 -10
67 12 -5
12 76 2
31 89 -16
72 90 3
70 17 -16
47 33 9
65 87 1
49 79 -10
68 92 -16
21 17 -18
26 95 3
42 76 5
61 89 7
0 79 5
74 28 -20
93 41 1
32 31 -4
51 44 5
35 36 8
95 87 20
67 25 -17
56 95 11
9 20 8
28 33 13
47 46 7
14 98 11
5 49 -18
46 87 -4
49 92 -9
90 93 -7
21 30 9
62 31 -2
20 34 1
23 39 16
83 90 6
0 92 4
13 31 -13
44 98 -20
32 44 -12
76 50 12
9 33 9
50 34 8
71 93 -20
62 44 9
97 1 19
55 4 11
13 44 -15
57 50 16
76 63 -7
15 53 19
48 1 6
59 96 -18
8 50 12
27 63 7
11 55 -16
85 4 12
1 10 11
4 52 -20
36 4 -5
99 60 19
38 50 3
57 63 -19
15 66 1
94 66 8
11 68 17
52 69 19
24 7 16
43 20 3
1 23 -15
17 4 2
22 82 -14
61 10 14
80 23 17
98 77 -10
82 69 13
73 20 -1
12 10 16
94 79 -7
33 69 -5
52 82 -20
93 83 -2
46 8 -13
68 26 6
58 18 10
3 82 -13
61 23 -9
0 13 11
79 77 -10
21 72 20
53 24 18
88 18 8
93 96 -9
46 21 -13
51 99 -15
49 26 -9
68 39 -6
35 91 9
7 29 4
67 80 16
86 93 20
70 85 -17
9 75 -14
42 23 -18
28 88 17
83 24 15
41 27 10
63 82 -15
95 34 -12
34 24 2
53 37 -12
97 43 -15
74 96 -4
32 99 9
90 40 20
7 42 -1
60 53 17
37 42 19
78 43 5
36 46 -11
96 97 -6
71 40 -10
90 53 7
6 59 -2
64 0 16
22 3 -20
25 45 16
66 46 -17
85 59 -1
76 10 14
43 62 14
15 0 3
78 56 -9
55 72 -11
94 0 3
11 2 9
29 56 -19
73 62 -11
45 0 -8
66 59 -9
24 62 11
98 11 -8
43 75 -1
82 3 6
15 13 2
77 73 18
75 0 14
94 13 -14
61 65 18
52 16 -9
10 19 -15
86 14 -13
3 16 6
79 11 2
24 75 14
82 16 9
1 91 8
21 6 13
77 86 -15
61 78 -16
80 91 -17
74 17 8
19 81 8
93 30 -14
51 33 12
95 76 20
86 27 -12
72 92 5
70 19 18
5 38 -9
46 76 9
68 94 -17
21 19 2
40 32 -14
26 97 5
39 36 16
42 78 -7
0 81 14
32 33 -6
16 25 4
35 38 8
95 89 -4
70 32 6
9 22 8
28 35 3
69 36 -7
5 51 8
49 94 -17
90 95 -16
81 46 10
20 36 17
39 49 -2
23 41 13
83 92 19
96 31 -11
13 33 8
16 38 -9
76 52 -20
92 33 8
9 35 -17
8 39 -20
11 44 8
71 95 -15
30 57 -20
62 46 -3
97 3 -17
55 6 -6
96 44 8
99 49 -20
76 65 -15
15 55 19
18 60 -10
50 49 -15
91 50 5
94 55 7
27 65 8
11 57 5
43 9 -1
1 12 5
45 55 -19
3 58 3
77 7 -16
36 6 -11
22 71 14
80 12 -14
38 52 15
57 65 -2
73 9 -9
65 10 16
10 74 -15
84 60 10
68 15 8
87 65 17
86 69 13
58 7 -12
3 71 2
89 74 13
77 20 -17
61 12 17
63 58 20
82 71 14
54 9 17
40 74 -7
31 25 2
72 26 -14
88 7 -6
52 84 4
46 10 9
65 23 -3
68 28 -8
7 18 12
67 69 9
70 74 10
58 20 12
61 25 -2
0 15 -18
60 29 11
95 23 -20
34 13 -13
88 20 13
93 98 -12
90 29 13
70 87 4
0 28 -17
60 42 15
44 34 -15
21 87 -15
62 88 1
53 39 -4
37 31 4
56 44 -9
14 47 -7
