100 4950 1
13 88 -18
16 93 -18
90 42 14
29 32 -3
48 45 10
92 88 1
41 42 -2
25 34 -6
44 47 -7
85 48 5
2 50 9
59 32 11
4 96 -11
78 45 9
96 99 18
55 61 2
64 2 -10
22 5 -8
66 48 -6
98 0 18
59 45 15
78 58 14
11 4 8
10 8 -5
54 51 -3
64 15 -18
3 5 -12
22 18 -13
66 61 17
79 0 -20
43 77 7
1 80 3
40 8 18
17 61 14
75 2 -4
61 67 -1
52 18 -9
10 21 -2
73 77 1
67 3 -12
12 67 14
31 80 -12
70 8 -1
3 18 -6
5 27 -11
79 13 -7
63 5 6
82 18 -17
68 83 13
40 21 -8
26 86 1
58 75 -15
42 67 -14
61 80 -3
80 93 -12
74 19 7
19 83 20
32 22 -19
51 35 10
95 78 6
67 16 -10
56 86 20
9 11 -9
28 24 20
47 37 2
46 78 11
5 40 -7
63 18 20
68 96 -6
62 22 7
7 86 -10
81 35 -8
39 38 5
83 81 14
0 83 -10
60 97 12
32 35 -6
51 48 20
35 40 -6
53 94 -5
9 24 13
28 37 2
27 41 18
90 97 10
62 35 -10
7 99 -4
81 48 15
20 38 -9
39 51 7
23 43 -6
83 94 -4
41 97 3
13 35 12
25 89 -19
16 40 -9
57 41 15
76 54 -6
34 94 -13
92 35 19
50 38 7
69 51 20
30 59 -11
4 43 16
22 60 -16
38 41 -16
57 54 18
18 62 18
31 1 -18
8 54 -13
94 57 7
11 59 -4
52 60 -15
84 49 -8
1 14 -17
87 54 -18
45 57 14
64 70 -11
77 9 6
61 1 5
80 14 3
79 55 -7
73 11 17
18 75 15
12 1 15
31 14 -19
94 70 1
33 60 19
52 73 17
65 12 9
68 17 11
86 71 -17
58 9 -3
3 73 -17
77 22 1
89 76 18
42 1 -3
80 27 -9
0 4 8
63 60 20
82 73 13
54 11 -6
40 76 2
72 28 1
75 70 -7
33 73 18
93 87 -10
65 25 3
10 89 -9
7 20 -2
70 76 -16
83 15 -13
47 92 12
5 95 -11
81 90 -19
34 15 -16
72 41 -1
37 20 -4
74 87 -7
13 77 17
32 90 8
90 31 -20
67 84 -19
70 89 11
83 28 13
28 92 -9
69 93 11
60 44 -10
25 23 17
78 34 16
23 98 12
14 49 7
96 88 -14
55 50 5
71 31 1
16 95 9
29 34 20
9 92 -3
41 44 -5
25 36 7
2 52 15
76 1 -4
4 98 -13
78 47 2
38 96 2
29 47 19
6 63 -14
22 7 -18
66 50 2
24 53 -8
43 66 6
15 4 2
1 69 17
18 9 -9
17 50 2
77 64 -4
80 69 13
52 7 7
87 1 -19
73 66 -13
45 4 -9
3 7 9
22 20 18
79 2 -15
24 66 -18
98 15 -18
82 7 -10
1 82 10
61 69 -20
80 82 15
33 7 -12
19 72 7
93 21 8
67 5 -14
12 69 16
31 82 -12
72 83 10
28 13 6
46 67 -18
79 15 15
65 80 -13
5 29 -6
49 72 6
82 20 -17
68 85 -18
21 10 6
81 24 -1
26 88 -15
58 77 -19
42 69 13
0 72 17
93 34 14
95 80 -6
67 18 9
12 82 1
53 83 -10
72 96 -10
70 23 4
9 13 -19
28 26 18
47 39 -4
88 77 2
5 42 -11
65 93 -15
49 85 -14
68 98 15
62 24 -4
7 88 -14
81 37 17
20 27 17
39 40 9
23 32 -16
41 86 -10
74 34 15
13 24 16
44 91 8
32 37 -4
16 29 12
35 42 -18
76 43 11
37 88 7
9 26 16
50 27 12
20 40 -17
23 45 12
41 99 15
13 37 12
99 40 15
25 91 4
16 42 -15
76 56 6
15 46 1
92 37 18
50 40 12
69 53 7
27 56 -10
11 48 -7
30 61 4
71 99 6
84 38 -3
43 0 18
22 62 -10
96 48 1
57 56 -17
31 3 -19
91 54 3
10 65 -11
43 13 17
45 59 13
77 11 6
80 16 -16
54 0 -8
40 65 6
12 3 -13
31 16 -13
33 62 -20
52 75 -16
93 76 18
65 14 -6
10 78 3
49 6 16
67 60 7
70 65 -2
3 75 -19
95 14 16
12 16 -8
72 30 13
33 75 -1
74 76 10
93 89 19
65 27 -14
68 32 14
42 16 3
83 17 -12
28 81 2
47 94 -10
60 33 12
63 75 -8
95 27 -11
81 92 -2
34 17 12
56 35 9
74 89 1
13 79 -11
32 92 16
16 84 18
9 81 10
83 30 2
28 94 -11
2 41 -15
62 92 5
34 30 3
37 35 -16
97 49 -15
55 52 18
71 33 9
16 97 6
57 98 -3
48 49 18
50 95 -15
8 98 15
44 51 -20
85 52 10
43 55 2
87 98 3
36 52 19
38 98 4
29 49 -14
73 55 13
64 6 5
66 52 17
85 65 15
24 55 7
43 68 10
59 49 -5
18 11 -18
91 1 20
77 66 -4
52 9 -6
10 12 -6
54 55 -9
73 68 17
12 58 -16
86 7 14
31 71 15
79 4 12
24 68 -2
98 17 15
82 9 -16
68 74 8
1 84 2
40 12 1
58 66 20
77 79 8
33 9 12
19 74 -15
93 23 16
51 26 2
54 68 -14
95 69 -15
31 84 20
72 85 -13
70 12 3
28 15 20
47 28 16
5 31 -5
63 9 1
21 12 8
40 25 17
39 29 2
93 36 -1
60 88 -15
35 31 3
67 20 -9
70 25 -10
37 77 -17
14 93 -11
46 82 -20
7 90 9
20 29 11
83 85 -14
0 87 9
41 88 8
13 26 8
44 93 -13
2 96 -13
76 45 -16
35 44 7
92 26 15
37 90 -7
50 29 2
69 42 -8
11 37 -2
62 39 19
20 42 5
4 34 -7
64 48 8
96 37 17
38 32 -20
15 48 -5
18 53 17
50 42 7
27 58 -9
11 50 20
87 45 -7
45 48 -18
64 61 -16
3 51 -3
38 45 20
98 59 9
73 2 12
18 66 14
31 5 -18
91 56 -15
75 48 14
52 64 -11
10 67 11
1 18 4
45 61 1
86 62 -14
3 64 -11
77 13 4
89 67 14
61 5 -4
80 18 13
19 8 7
54 2 -6
95 3 -3
40 67 -3
31 18 16
75 61 -3
88 0 3
33 64 -9
52 77 7
93 78 -6
46 3 3
10 80 3
49 8 1
68 21 18
26 24 19
70 67 1
58 13 2
42 5 -5
0 8 14
19 21 -18
21 67 18
95 16 3
56 24 -17
88 13 -12
74 78 15
46 16 1
49 21 10
35 86 -13
68 34 4
7 24 -7
26 37 -18
83 19 15
0 21 8
41 22 17
44 27 2
20 84 9
39 97 3
37 24 17
56 37 -7
13 81 -16
32 94 -5
71 22 -9
90 35 16
35 99 20
7 37 13
48 38 15
92 81 20
50 84 4
69 97 14
41 35 11
2 43 -9
62 94 14
96 92 8
55 54 4
13 94 13
16 99 14
6 54 2
50 97 7
25 40 7
84 95 -8
43 57 -20
1 60 15
59 38 15
78 51 5
10 1 9
73 57 -8
22 11 19
24 57 20
43 70 17
40 1 -1
91 3 4
77 68 -12
61 60 15
93 12 -14
12 60 -20
86 9 -18
31 73 19
70 1 20
3 11 4
89 14 -4
47 17 11
5 20 16
68 76 16
21 1 9
58 68 14
42 60 19
61 73 -11
80 86 -20
19 76 -11
93 25 -7
32 15 -7
54 70 10
95 71 -13
67 9 -19
12 73 10
86 22 -6
70 14 1
56 79 -12
28 17 19
46 71 -14
5 33 -13
65 84 1
63 11 10
49 76 1
62 15 7
7 79 3
81 28 2
26 92 19
42 73 -9
83 74 11
0 76 -3
74 25 11
60 90 -10
51 41 -16
16 20 4
35 33 -20
95 84 15
34 74 8
53 87 3
92 15 -18
37 79 -5
9 17 15
28 30 4
69 31 -1
14 95 -19
49 89 18
7 92 17
39 44 8
4 23 -14
23 36 -19
96 26 -9
57 34 13
76 47 -1
34 87 -14
37 92 -8
69 44 -18
8 34 1
30 52 10
71 90 -20
29 93 12
20 44 -20
23 49 -14
64 50 4
96 39 -16
55 1 16
38 34 1
15 50 9
6 1 14
50 44 -8
91 45 -7
17 96 -8
94 50 6
11 52 -1
85 1 -11
52 53 -7
1 7 -19
45 50 -1
3 53 -13
22 66 11
80 7 8
38 47 2
15 63 18
31 7 -11
91 58 15
75 50 -4
94 63 -10
52 66 -11
24 4 -20
45 63 19
86 64 -8
3 66 -5
77 15 19
61 7 15
80 20 -9
79 61 -14
63 53 -10
82 66 -17
21 56 16
12 7 -16
31 20 -16
46 5 -5
65 18 -1
51 83 20
7 13 19
42 7 -20
28 72 7
63 66 -8
21 69 -17
95 18 9
40 82 -6
72 34 4
37 13 20
56 26 9
14 29 12
74 80 -8
13 70 -1
51 96 -11
49 23 -2
35 88 17
26 39 7
70 82 -8
83 21 15
0 23 -11
44 29 2
81 96 -17
20 86 1
39 99 18
37 26 -7
56 39 -5
23 91 -20
14 42 8
55 43 -12
99 86 12
48 40 17
6 43 3
9 85 -19
25 29 -11
85 43 -11
20 99 14
78 40 -5
97 53 8
38 89 -3
71 37 5
48 53 -15
22 0 10
25 42 -11
66 43 16
24 46 -16
1 62 -14
59 40 13
78 53 2
36 56 -8
77 57 -12
80 62 -3
10 3 -13
31 62 -13
22 13 10
24 59 9
98 8 -17
40 3 -17
17 56 -8
80 75 -16
10 16 -13
51 17 -2
70 3 20
28 6 -9
65 73 10
49 65 -11
82 13 -17
21 3 -10
26 81 -20
61 75 -2
19 78 19
93 27 -8
51 30 -18
95 73 -14
67 11 -7
53 76 -5
9 6 -1
28 19 -8
88 70 12
14 84 -20
46 73 14
65 86 -5
68 91 -1
21 16 12
62 17 -9
81 30 -11
26 94 8
39 33 -15
23 25 18
42 75 -6
0 78 7
13 17 -6
32 30 -11
34 76 -11
53 89 -14
92 17 9
56 94 12
69 33 -6
14 97 -20
27 36 -4
30 41 -13
71 79 -5
7 94 6
48 95 -12
20 33 19
39 46 16
4 25 12
41 92 -7
13 30 -4
44 97 19
16 35 6
57 36 -7
76 49 4
37 94 9
36 98 -6
69 46 15
8 36 -1
27 49 -18
11 41 1
71 92 -1
29 95 -16
4 38 -9
45 39 -10
22 55 -7
96 41 -14
25 97 -17
59 95 -12
91 47 13
8 49 -8
94 52 20
43 6 5
45 52 8
77 4 -12
80 9 -5
79 50 14
82 55 6
91 60 -3
94 65 1
24 6 -4
10 71 2
67 53 12
86 66 10
70 58 16
3 68 -12
77 17 -10
89 71 -3
61 9 6
47 74 19
19 12 -12
79 63 -3
63 55 -9
21 58 3
95 7 -4
40 71 6
72 23 4
56 15 -15
33 68 6
68 25 5
7 15 -5
67 66 20
26 28 15
86 79 -2
42 9 2
0 12 -12
19 25 -17
63 68 2
21 71 20
95 20 7
62 72 -2
34 10 -9
72 36 3
39 88 14
37 15 -2
74 82 -7
46 20 9
32 85 -6
51 98 -18
49 25 -7
90 26 16
7 28 11
9 74 -2
83 23 15
69 88 -11
25 18 7
2 34 16
62 85 7
81 98 6
34 23 -4
78 29 -6
96 83 -16
99 88 11
71 26 17
16 90 6
90 39 -17
48 42 -17
92 85 -10
50 88 7
8 91 16
84 86 3
59 29 -13
97 55 -12
17 32 -1
55 58 -18
71 39 -10
29 42 -8
22 2 -18
66 45 12
85 58 -12
24 48 13
1 64 4
18 4 6
17 45 18
36 58 14
80 64 16
10 5 -18
73 61 1
12 51 -20
86 0 -16
31 64 18
66 58 -2
98 10 16
82 2 1
1 77 -5
58 59 14
61 64 -20
80 77 -1
74 3 16
93 16 14
10 18 14
51 19 10
95 62 -5
12 64 -13
28 8 8
5 24 3
65 75 3
49 67 -13
68 80 11
21 5 -13
7 70 12
26 83 6
61 77 2
19 80 13
60 81 13
93 29 -15
13 6 -8
51 32 -1
16 11 7
35 24 5
34 65 18
37 70 -12
9 8 -10
69 22 -10
14 86 -18
5 37 -18
81 32 7
20 22 -20
39 35 -12
83 78 -7
41 81 15
60 94 -11
13 19 -20
44 86 8
16 24 -10
35 37 6
76 38 -4
2 89 -6
34 78 -15
53 91 -17
50 22 -6
69 35 7
8 25 12
90 94 4
4 27 12
41 94 4
25 86 -11
99 35 -6
44 99 -5
15 41 -16
92 32 18
18 46 13
50 35 9
27 51 2
11 43 19
71 94 -13
29 97 -1
22 57 -2
57 51 -20
15 54 16
91 49 -17
52 57 18
43 8 -20
87 51 -10
3 57 -12
77 6 19
80 11 18
19 1 -6
79 52 -20
82 57 -15
40 60 -12
73 8 -14
33 57 13
93 71 -10
49 1 7
68 14 2
67 55 -8
58 6 6
70 60 18
89 73 -15
61 11 -16
0 1 -20
5 79 19
63 57 3
82 70 1
95 9 -4
40 73 17
53 12 4
88 6 -17
51 87 5
49 14 -6
35 79 -3
26 30 10
42 11 -6
47 89 -4
0 14 -11
41 15 -5
44 20 14
21 73 -9
95 22 9
62 74 -19
34 12 -4
53 25 6
39 90 16
14 33 -20
74 84 13
13 74 -18
16 79 -2
7 30 -3
48 31 6
9 76 13
83 25 15
28 89 -1
69 90 -16
27 93 -13
60 41 7
62 87 3
20 90 4
78 31 -1
23 95 -7
97 44 7
96 85 -11
99 90 -3
71 28 -13
90 41 3
29 31 5
48 44 19
92 87 3
66 34 -5
85 47 -15
2 49 -1
43 50 -10
1 53 7
87 93 5
59 31 4
4 95 -9
78 44 -13
36 47 -15
96 98 5
29 44 -3
31 53 -1
22 4 -15
66 47 -3
24 50 -20
59 44 20
77 61 -9
61 53 15
52 4 18
93 5 18
54 50 6
73 63 13
89 7 -19
88 48 -7
58 61 18
42 53 -5
0 56 -16
33 4 -18
19 69 -9
51 21 12
54 63 -12
95 64 7
12 66 -12
86 15 -17
56 72 3
89 20 -3
28 10 -7
88 61 7
46 64 -7
65 77 -7
63 4 -7
21 7 -19
62 8 10
7 72 -2
26 85 -8
39 24 1
74 18 -3
19 82 11
13 8 9
51 34 20
16 13 -11
35 26 -6
95 77 -6
53 80 13
72 93 -9
92 8 -5
37 72 20
69 24 13
14 88 -6
46 77 17
5 39 -18
90 83 4
62 21 12
7 85 11
83 80 10
60 96 2
25 75 3
44 88 9
2 91 -18
76 40 16
34 80 13
92 21 14
78 86 -13
69 37 -1
27 40 20
11 32 7
30 45 19
71 83 18
4 29 8
23 42 9
64 43 -17
38 27 9
57 40 15
76 53 -2
15 43 -10
8 40 -17
94 43 10
27 53 -1
11 45 -16
30 58 -11
71 96 -12
84 35 7
29 99 -9
87 40 -12
1 0 6
45 43 18
64 56 -5
80 0 -13
38 40 -9
79 41 16
98 54 11
18 61 10
91 51 -9
52 59 16
10 62 -4
68 3 -19
1 13 7
86 57 2
22 72 11
80 13 9
19 3 10
98 67 -1
40 62 -6
12 0 10
31 13 -4
33 59 9
52 72 19
65 11 -13
51 76 -8
68 16 -13
7 6 -17
67 57 -10
86 70 16
70 62 7
89 75 18
42 0 16
47 78 7
0 3 4
5 81 -13
81 76 20
34 1 3
72 27 -1
37 6 4
56 19 -4
14 22 14
88 8 -15
46 11 -14
49 16 -5
90 17 9
26 32 -2
67 70 -5
47 91 -14
0 16 17
60 30 -18
5 94 -17
44 22 13
2 25 -18
34 14 -9
20 79 -20
39 92 7
37 19 -16
56 32 8
97 33 -16
23 84 11
14 35 -10
71 17 -5
16 81 -8
90 30 17
35 94 13
29 20 -16
48 33 -7
92 76 14
9 78 3
83 27 -16
50 79 16
27 95 14
44 35 -6
85 36 19
2 38 2
20 92 -17
59 20 -2
4 84 -3
96 87 -7
55 49 16
71 30 18
15 98 -20
6 49 -6
50 92 -2
8 95 12
66 36 18
85 49 -19
84 90 19
87 95 1
1 55 -11
59 33 -6
17 36 -11
80 55 1
38 95 3
75 98 -10
66 49 -3
24 52 9
1 68 14
58 50 -19
52 6 -15
10 9 -14
54 52 6
73 65 -11
86 4 -12
31 68 19
5 15 4
79 1 16
65 66 -20
68 71 14
26 74 -6
58 63 -11
61 68 13
0 58 -13
19 71 20
93 20 -3
35 15 10
95 66 15
56 74 -10
88 63 7
47 25 15
5 28 -18
65 79 -12
68 84 -7
21 9 -10
81 23 -1
26 87 11
39 26 6
74 20 4
44 77 17
32 23 -8
16 15 -6
95 79 7
97 88 -3
9 12 8
69 26 7
14 90 -5
71 72 -10
30 34 -19
90 85 -20
23 31 12
83 82 17
60 98 -11
25 77 14
99 26 12
44 90 18
16 28 -7
2 93 15
34 82 19
92 23 -5
50 26 -5
69 39 -19
36 91 -15
30 47 -4
87 29 10
4 31 14
23 44 13
22 48 -10
96 34 -8
99 39 -15
38 29 -12
57 42 -4
94 45 -2
52 48 -16
1 2 14
64 58 -14
38 42 3
98 56 -1
31 2 -18
91 53 17
75 45 -6
33 48 -8
65 0 8
26 8 12
45 58 -20
86 59 -7
3 61 18
89 64 -10
80 15 4
47 67 -3
63 48 -10
82 61 9
21 51 12
95 0 2
40 64 13
12 2 -7
53 3 15
33 61 18
65 13 1
10 77 14
7 8 15
67 59 -14
26 21 12
86 72 10
5 83 4
63 61 10
21 64 2
95 13 -17
40 77 -6
53 16 -6
39 81 4
14 24 13
74 75 -3
93 88 -3
13 65 8
32 78 -1
49 18 4
90 19 -11
9 67 -1
83 16 6
28 80 17
69 81 11
41 19 -6
44 24 7
62 78 -19
81 91 19
20 81 -15
37 21 -11
23 86 16
55 38 -5
96 76 13
13 78 -19
99 81 -11
32 91 -5
16 83 -15
90 32 -1
76 97 17
29 22 19
48 35 -16
44 37 -7
11 89 17
85 38 20
20 94 2
59 22 2
23 99 -12
97 48 -1
55 51 8
38 84 -17
85 51 3
43 54 -17
59 35 -5
17 38 -19
36 51 -11
38 97 -4
73 54 6
66 51 -19
98 3 -4
68 60 17
19 60 10
93 9 -1
51 12 -13
31 70 13
89 11 -12
28 1 -14
47 14 16
5 17 -9
46 55 -9
65 68 -20
40 11 -3
81 12 -3
26 76 8
58 65 3
74 9 -10
93 22 8
32 12 -19
35 17 -5
95 68 9
53 71 5
72 84 -11
70 11 -10
37 63 -5
56 76 17
88 65 -20
14 79 -12
5 30 -17
90 74 -16
26 89 -12
39 28 -10
23 20 2
96 10 -13
60 87 -12
32 25 -12
76 31 -15
34 71 -18
97 90 18
9 14 -14
14 92 -10
27 31 -17
62 25 -13
20 28 16
6 93 -20
23 33 16
25 79 7
99 28 -5
85 93 -3
2 95 -10
76 44 -19
18 39 -6
78 90 19
50 28 1
69 41 8
8 31 -3
11 36 8
71 87 -12
30 49 3
87 31 5
4 33 14
22 50 6
25 92 -16
66 93 -13
38 31 -20
57 44 4
98 45 -12
15 47 -12
59 90 4
17 93 -20
91 42 -11
75 34 -11
94 47 -13
11 49 -11
52 50 -14
10 53 19
84 39 14
43 1 16
87 44 20
45 47 13
64 60 2
98 58 -20
82 50 16
40 53 9
94 60 8
33 50 2
10 66 16
68 7 -9
26 10 -14
67 48 13
70 53 -7
3 63 -8
89 66 8
19 7 -1
79 58 -3
63 50 18
21 53 6
40 66 -18
12 4 -15
53 5 19
56 10 16
33 63 -11
46 2 9
49 7 16
68 20 1
26 23 -6
86 74 -3
70 66 -5
89 79 15
9 56 -17
42 4 14
28 69 9
0 7 -16
41 8 6
60 21 -2
34 5 -9
53 18 6
39 83 -11
37 10 -8
56 23 2
97 24 -5
74 77 -19
13 67 13
51 93 5
16 72 -19
35 85 -7
92 67 16
83 18 -6
28 82 14
69 83 -2
60 34 -18
25 13 10
44 26 -17
2 29 -10
81 93 17
34 18 19
39 96 13
37 23 5
78 24 -13
97 37 20
36 27 -3
96 78 14
13 80 -15
90 34 -13
76 99 -9
48 37 8
6 40 -4
8 86 -2
66 27 -9
11 91 -15
2 42 19
84 81 -16
87 86 -12
4 88 -13
57 99 -5
73 43 -1
50 96 10
24 43 6
1 59 -2
17 40 19
58 41 14
61 46 3
80 59 12
73 56 1
12 46 -7
89 0 1
47 3 -17
24 56 -3
40 0 -10
61 59 14
80 72 -12
93 11 -7
51 14 -6
12 59 -20
86 8 11
28 3 -9
47 16 10
68 75 -16
7 65 -8
81 14 16
42 59 -8
0 62 -11
74 11 -5
60 76 -7
13 1 1
32 14 16
95 70 13
37 65 -3
9 3 3
28 16 8
69 17 -20
14 81 12
5 32 -17
49 75 -1
62 14 10
20 17 -12
39 30 12
83 73 11
13 14 -16
99 17 -2
16 19 20
35 32 9
2 84 13
92 14 -19
9 16 -13
50 17 20
69 30 16
14 94 15
8 20 12
11 25 -1
30 38 4
64 36 16
96 25 -6
41 89 -4
99 30 2
44 94 -15
57 33 -9
15 36 -14
18 41 -19
91 31 4
29 92 -10
87 33 -15
64 49 -8
57 46 2
17 95 -7
87 46 -15
54 98 -3
45 49 2
3 52 6
89 55 -11
22 65 11
77 1 3
80 6 7
79 47 12
98 60 -17
63 39 20
82 52 11
31 6 -17
72 7 -20
93 66 -9
10 68 -9
51 69 -13
68 9 13
26 12 -19
70 55 4
58 1 -10
89 68 12
61 6 -15
60 10 -19
21 55 9
95 4 -11
72 20 -9
56 12 18
14 15 15
88 1 8
93 79 -13
32 69 -5
70 68 -11
9 58 -4
0 9 17
44 15 -8
21 68 -2
81 82 8
37 12 9
23 77 -8
97 26 -14
56 25 -1
76 88 11
29 13 19
48 26 6
92 69 16
6 29 11
41 23 -13
27 88 4
25 15 19
85 29 -19
30 93 10
20 85 15
39 98 14
4 77 -8
78 26 14
15 91 9
18 96 5
50 85 -3
25 28 -17
11 93 4
85 42 -6
24 32 -13
84 83 -19
87 88 16
59 26 -20
36 42 -6
96 93 18
99 98 10
38 88 -13
54 32 -18
66 42 6
24 45 -1
43 58 12
17 42 -19
58 43 -13
61 48 -12
80 61 -8
93 0 -20
10 2 6
54 45 -8
31 61 -4
89 2 -14
47 5 -14
65 59 -19
68 64 12
58 56 10
42 48 14
74 0 11
35 8 -14
95 59 12
53 62 -5
56 67 -7
28 5 20
88 56 -12
5 21 -12
46 59 -9
68 77 -2
7 67 -3
81 16 -3
42 61 -15
74 13 6
13 3 13
35 21 5
95 72 19
53 75 -18
92 3 16
37 67 -4
56 80 -18
9 5 20
28 18 -11
14 83 -17
30 27 12
62 16 8
20 19 -11
39 32 -3
83 75 -18
25 70 -2
99 19 -17
2 86 18
76 35 10
37 80 17
97 94 11
69 32 12
14 96 17
55 97 -12
11 27 -1
71 78 -15
90 91 18
84 17 17
29 81 13
48 94 -5
6 97 19
64 38 3
22 41 19
96 27 20
44 96 17
85 97 13
15 38 -11
59 81 6
50 32 15
17 84 2
8 35 -9
52 41 7
84 30 -10
87 35 16
45 38 19
64 51 -20
3 41 -12
22 54 15
66 97 9
98 49 -7
75 38 14
33 41 -3
10 57 15
3 54 -2
77 3 -11
79 49 -13
98 62 16
21 44 14
40 57 20
72 9 3
75 51 -15
51 71 -5
68 11 4
7 1 -13
67 52 4
26 14 18
86 65 4
89 70 -17
47 73 -10
19 11 13
60 12 -14
95 6 5
81 71 15
53 9 5
72 22 -12
14 17 -5
13 58 9
32 71 10
35 76 -15
7 14 11
67 65 -18
9 60 15
83 9 -15
28 73 -4
69 74 -1
41 12 3
5 89 -20
81 84 11
34 9 -1
20 74 17
23 79 5
97 28 9
14 30 6
55 31 -2
99 74 -8
32 84 11
71 12 19
90 25 -20
76 90 5
29 15 2
48 28 3
6 31 -2
92 71 -4
9 73 20
41 25 -8
8 77 19
27 90 -3
85 31 15
30 95 11
62 84 -2
20 87 8
59 15 13
78 28 17
23 92 6
64 93 -9
17 18 -5
36 31 -10
55 44 -6
38 77 -19
71 25 -20
57 90 1
73 34 7
92 84 -16
6 44 -12
18 98 -10
91 88 -12
8 90 18
11 95 -14
85 44 -15
24 34 -1
84 85 17
87 90 13
4 92 -5
3 96 -13
77 45 -20
80 50 -4
54 34 10
73 47 18
31 50 -14
66 44 14
42 37 6
61 50 -5
19 53 8
93 2 -19
63 96 -15
54 47 -13
31 63 -17
72 64 -14
88 45 -3
82 1 -2
68 66 14
81 5 -13
26 69 8
42 50 -1
61 63 -13
0 53 -13
19 66 13
93 15 -13
32 5 -10
51 18 19
35 10 2
95 61 19
56 69 -15
28 7 20
46 61 -2
49 66 -7
68 79 -11
62 5 -13
81 18 3
20 8 -7
39 21 -6
83 64 17
0 66 -10
74 15 1
60 80 -12
13 5 -15
44 72 4
16 10 15
37 69 -9
97 83 2
14 85 -19
90 80 -6
48 83 -18
20 21 -11
4 13 1
23 26 -13
83 77 3
96 16 -2
60 93 -15
99 21 -4
16 23 7
2 88 7
76 37 -14
15 27 -14
78 83 9
97 96 9
50 21 -9
69 34 -7
8 24 12
27 37 -20
30 42 -11
84 19 10
29 83 -14
48 96 5
87 24 -17
64 40 -12
22 43 15
25 85 7
85 99 16
57 37 -6
8 37 -2
94 40 2
11 42 -4
84 32 5
87 37 1
45 40 -19
66 99 -19
79 38 12
82 43 20
17 99 -4
91 48 -8
94 53 19
10 59 -20
86 54 4
3 56 -6
89 59 18
5 65 11
79 51 -20
82 56 -18
21 46 11
74 57 3
65 8 4
35 65 18
86 67 2
70 59 15
9 49 12
28 62 7
47 75 17
63 56 -3
37 3 -16
74 70 -5
32 73 4
16 65 18
90 14 14
9 62 -11
69 76 -1
25 6 4
44 19 -19
62 73 -13
81 86 14
34 11 14
20 76 -8
39 89 1
37 16 -5
78 17 -18
97 30 -18
96 71 -4
71 14 19
16 78 12
57 79 -7
29 17 -4
48 30 7
6 33 -4
92 73 8
69 89 16
25 19 -19
66 20 17
85 33 3
30 97 19
84 74 6
87 79 20
4 81 6
23 94 -8
64 95 15
17 20 -19
36 33 -20
99 89 -7
38 79 9
29 30 9
15 95 4
73 36 4
6 46 -1
50 89 -10
91 90 -17
11 97 -19
85 46 16
52 98 -1
24 36 14
84 87 -12
1 52 4
87 92 -12
59 30 -17
3 98 6
77 47 6
80 52 -16
38 92 15
79 93 6
54 36 -20
75 95 -8
33 98 -11
24 49 -14
65 50 15
1 65 3
58 47 9
61 52 -20
93 4 -8
10 6 7
51 7 8
63 98 -5
95 50 10
12 52 -8
86 1 6
31 65 6
72 66 -17
89 6 17
47 9 11
46 50 11
65 63 15
81 7 2
42 52 -14
0 55 -17
60 69 7
93 17 9
51 20 5
35 12 -18
95 63 9
53 66 -19
37 58 -3
14 74 12
46 63 20
90 69 15
7 71 -12
81 20 6
26 84 7
20 10 -4
39 23 -3
83 66 18
0 68 20
96 5 2
44 74 8
16 12 -17
2 77 -3
76 26 -2
35 25 -18
34 66 -7
56 84 -13
97 85 -6
50 10 11
69 23 12
14 87 5
55 88 -17
8 13 -17
30 31 -6
62 20 15
20 23 -8
4 15 -16
23 28 15
64 29 3
96 18 -9
25 74 -19
99 23 -7
44 87 -13
85 88 -11
2 90 -16
76 39 17
15 29 1
59 72 -11
78 85 8
97 98 2
50 23 3
94 29 15
27 39 7
30 44 -12
29 85 -1
4 28 -7
45 29 9
3 32 6
25 87 -1
66 88 11
57 39 -13
18 47 -9
59 85 9
75 29 -12
94 42 -10
33 32 -3
84 34 7
87 39 18
45 42 8
3 45 6
79 40 17
63 32 14
40 48 -14
72 0 11
52 58 2
10 61 -15
51 62 -9
68 2 -6
26 5 -11
89 61 -11
79 53 9
63 45 11
21 48 9
40 61 -10
72 13 -8
56 5 1
14 8 -15
74 59 -3
51 75 -7
49 2 10
90 3 15
35 67 8
26 18 -13
47 77 16
0 2 19
81 75 18
34 0 10
53 13 12
20 65 10
37 5 -7
56 18 -13
71 3 14
16 67 -19
35 80 -7
76 81 -9
48 19 9
92 62 -9
69 78 1
41 16 -5
30 86 9
39 91 -14
4 70 -4
97 32 -7
55 35 17
13 75 -9
99 78 10
71 16 -2
16 80 -18
57 81 1
76 94 4
29 19 -14
48 32 -16
15 84 -7
6 35 -16
50 78 5
85 35 10
84 76 17
43 38 -7
87 81 12
4 83 -12
45 84 10
78 32 15
64 97 17
36 35 -6
96 86 1
55 48 14
15 97 -15
73 38 6
31 41 1
91 92 6
8 94 18
11 99 -4
1 54 -9
87 94 -18
17 35 -2
73 51 4
12 41 -8
31 54 9
88 36 -1
5 1 16
24 51 1
26 60 4
58 49 -4
77 62 -18
42 41 -3
80 67 -16
51 9 12
35 1 3
12 54 -15
86 3 5
53 55 5
89 8 4
46 52 -20
49 57 14
39 12 -15
42 54 -13
83 55 11
19 70 3
60 71 6
32 9 11
51 22 1
16 1 -14
95 65 10
72 81 20
37 60 13
56 73 1
14 76 -4
30 20 -12
62 9 16
81 22 -6
20 12 -11
39 25 13
96 7 5
41 71 -18
60 84 -3
13 9 -8
57 15 19
34 68 17
92 9 7
37 73 -1
97 87 -9
50 12 15
14 89 -4
55 90 17
27 28 -15
30 33 12
84 10 -19
48 87 6
4 17 -19
23 30 -20
41 84 -7
25 76 -5
99 25 -1
15 31 6
59 74 -3
18 36 3
78 87 -8
17 77 -8
52 34 4
71 84 16
84 23 -5
87 28 -12
3 34 -7
22 47 7
79 29 -3
98 42 16
82 34 18
15 44 -18
18 49 -12
59 87 -15
94 44 -7
10 50 -7
45 44 3
86 45 16
3 47 18
63 34 11
72 2 16
42 96 -18
74 48 -16
93 61 4
10 63 6
68 4 7
67 45 11
89 63 -19
19 4 9
63 47 5
21 50 16
40 63 16
81 64 -20
14 10 8
74 61 6
93 74 -4
32 64 -7
51 77 -12
49 4 2
67 58 -18
9 53 3
83 2 -5
28 66 14
69 67 19
41 5 3
60 18 1
5 82 4
44 10 -17
62 64 5
81 77 -8
34 2 2
20 67 -6
39 80 7
96 62 2
55 24 13
13 64 1
32 77 19
16 69 -15
35 82 10
76 83 4
29 8 -11
92 64 -9
69 80 19
8 70 -14
25 10 2
85 24 -8
30 88 13
2 26 9
78 21 12
23 85 -6
99 80 11
38 70 -11
71 18 7
57 83 4
6 37 -3
92 77 1
8 83 -14
94 86 5
66 24 -13
11 88 -3
24 27 3
43 40 10
45 86 6
64 99 -14
36 37 15
38 83 -5
54 27 13
73 40 -8
91 94 -3
75 86 9
94 99 16
43 53 13
84 91 17
1 56 -18
19 46 -18
79 97 -3
63 89 -12
54 40 -10
73 53 6
72 57 -7
47 0 11
88 38 7
46 41 -3
5 3 12
65 54 -11
26 62 -15
58 51 -12
42 43 14
0 46 -5
19 59 19
51 11 -4
12 56 -10
56 62 -20
65 67 10
49 59 3
68 72 3
26 75 -8
23 6 -10
74 8 12
60 73 -17
32 11 -8
76 17 12
95 67 17
97 76 -20
50 1 9
69 14 -15
14 78 -4
27 17 -20
71 60 -6
30 22 9
62 11 -9
48 76 16
20 14 11
4 6 17
83 70 8
60 86 5
13 11 -13
25 65 20
44 78 1
2 81 -18
15 20 -2
78 76 -12
55 92 -11
8 17 16
27 30 -4
71 73 20
84 12 20
29 76 3
48 89 -4
87 17 -20
45 20 5
64 33 -19
25 78 -7
66 79 1
98 31 -4
2 94 10
43 95 15
15 33 -19
59 76 17
17 79 -6
91 28 -17
75 20 3
8 30 12
94 33 19
11 35 -4
52 36 6
84 25 -7
87 30 16
45 33 -11
64 46 -5
22 49 -19
66 92 -19
98 44 15
82 36 7
17 92 -11
58 93 18
91 41 5
61 98 6
93 50 4
86 47 4
88 93 -5
80 3 -6
79 44 -5
63 36 3
82 49 13
21 39 -6
40 52 -7
72 4 19
42 98 8
33 49 -4
74 50 16
93 63 13
32 53 -7
51 66 -20
67 47 11
86 60 18
9 42 -6
28 55 16
19 6 -16
60 7 10
5 71 17
62 53 3
95 1 13
81 66 3
53 4 1
72 17 -3
56 9 -13
32 66 -18
51 79 18
90 7 10
35 71 -4
92 53 -7
9 55 -3
41 7 -11
44 12 -4
2 15 8
81 79 -20
37 9 18
14 25 6
99 69 -20
16 71 -16
90 20 10
76 85 -11
92 66 -16
69 82 -20
25 12 -4
44 25 -2
30 90 -2
59 10 -8
4 74 -3
78 23 17
97 36 11
17 13 -10
96 77 -20
99 82 -1
76 98 2
29 23 -13
15 88 18
73 29 -14
50 82 -4
8 85 -11
94 88 10
66 26 19
11 90 6
84 80 -16
43 42 -4
36 39 -17
77 40 -9
38 85 7
98 99 -4
91 96 -13
24 42 -3
65 43 2
58 40 -15
77 53 -1
42 32 -16
79 99 14
63 91 1
54 42 -16
72 59 -15
88 40 -18
46 43 -5
49 48 18
81 0 -14
26 64 -18
39 3 13
0 48 -11
35 5 -3
37 51 -2
28 2 19
14 67 10
88 53 -18
46 56 7
49 61 4
90 62 4
62 0 -3
81 13 -5
20 3 14
23 8 -18
60 75 14
44 67 -10
16 5 -14
53 72 -14
92 0 16
9 2 13
50 3 11
69 16 -3
14 80 4
71 62 17
62 13 12
6 81 11
4 8 3
23 21 -6
64 22 5
83 72 19
96 11 14
41 75 9
25 67 8
99 16 -16
44 80 -16
85 81 -15
57 19 15
76 32 19
15 22 -19
92 13 20
18 27 -10
97 91 -19
50 16 2
91 17 -7
55 94 2
8 19 -8
11 24 -17
30 37 16
29 78 -18
48 91 -15
4 21 -8
64 35 1
22 38 14
25 80 -13
85 94 -20
24 84 13
98 33 -19
43 97 -4
59 78 2
18 40 5
91 30 17
36 94 16
77 95 15
75 22 -1
10 41 4
84 27 -7
54 84 11
73 97 18
86 36 17
3 38 10
22 51 10
66 94 -10
24 97 16
98 46 -10
58 95 -9
52 51 -20
10 54 -17
54 97 18
70 41 -19
46 98 -10
93 65 5
68 8 -4
26 11 17
67 49 -6
28 57 -18
60 9 14
5 73 13
81 68 -18
74 65 12
90 9 -12
48 12 1
6 15 20
50 58 2
69 71 -9
2 17 15
62 68 -9
39 84 -20
4 63 -11
23 76 -13
55 28 15
13 68 -15
99 71 -3
90 22 -14
76 87 2
29 12 16
48 25 1
69 84 -8
8 74 -13
25 14 -17
11 79 14
85 28 -14
43 31 15
84 69 -16
1 34 -2
4 76 -9
78 25 16
17 15 19
36 28 6
22 93 -3
55 41 -20
99 84 5
57 87 18
29 25 -17
8 87 10
66 28 -7
11 92 9
84 82 -16
1 47 9
3 93 8
61 34 6
80 47 -4
38 87 2
82 93 -13
73 44 3
31 47 -19
91 98 2
75 90 9
65 45 -7
68 50 -14
26 53 -1
77 55 15
61 47 3
80 60 -2
19 50 -12
21 96 14
54 44 11
95 45 12
12 47 20
72 61 -3
56 53 16
89 1 12
47 4 -17
5 7 -7
65 58 4
68 63 1
81 2 18
26 66 -8
39 5 -3
42 47 18
19 63 -15
60 64 -13
51 15 -18
35 7 16
95 58 15
34 48 -8
53 61 20
72 74 13
56 66 -11
69 5 -8
14 69 -14
46 58 -10
49 63 20
90 64 -2
62 2 13
20 5 -9
39 18 -1
83 61 -6
41 64 -11
60 77 18
13 2 10
25 56 -14
34 61 -10
92 2 6
78 67 2
97 80 10
69 18 -2
14 82 1
11 13 17
71 64 -2
30 26 -17
20 18 -4
6 83 -17
64 24 -20
96 13 -3
41 77 -20
25 69 15
99 18 8
44 82 -7
57 21 4
2 85 9
43 86 18
76 34 15
15 24 14
59 67 5
18 29 -18
78 80 8
91 19 19
36 83 8
87 21 6
73 86 -4
45 24 -13
3 27 19
22 40 12
66 83 6
85 96 14
98 35 -11
43 99 -10
82 27 1
18 42 -14
17 83 -4
91 32 -20
36 96 9
75 24 -4
94 37 -1
10 43 11
54 86 -5
12 89 -9
86 38 -9
98 48 -10
63 27 8
75 37 5
42 89 12
93 54 9
51 57 -7
54 99 3
86 51 -3
70 43 20
89 56 6
5 62 15
40 56 -8
72 8 7
56 0 -3
14 3 12
74 54 13
51 70 -15
7 0 13
67 51 -1
47 72 -8
44 3 -5
62 57 17
81 70 5
20 60 11
39 73 14
23 65 3
97 14 -5
14 16 2
13 57 -10
32 70 9
16 62 -9
48 14 13
92 57 12
6 17 -12
9 59 3
83 8 2
50 60 19
69 73 -18
44 16 -15
62 70 -11
59 1 -1
4 65 -11
23 78 8
99 73 -20
57 76 5
76 89 -20
48 27 18
18 84 -19
50 73 8
8 76 -20
25 16 -4
85 30 9
24 20 -13
43 33 18
87 76 7
59 14 20
4 78 -13
45 79 18
78 27 7
64 92 3
77 31 5
38 76 -13
57 89 -13
15 92 -5
73 33 -8
75 79 17
94 92 -11
11 94 -2
52 95 -4
24 33 -16
43 46 16
87 89 -2
1 49 9
3 95 9
80 49 -17
79 90 -20
82 95 13
31 49 20
75 92 -2
46 34 18
65 47 4
49 39 11
68 52 5
26 55 -20
67 93 -16
58 44 -15
42 36 -18
0 39 8
93 1 1
95 47 16
14 58 -1
88 44 7
5 9 -9
65 60 -6
68 65 17
42 49 19
74 1 1
44 58 -3
35 9 6
95 60 -8
34 50 1
53 63 -12
56 68 6
97 69 13
69 7 -1
14 71 -9
27 10 15
30 15 11
7 68 -11
6 72 18
23 12 10
96 2 -15
41 66 12
60 79 -7
16 9 17
57 10 -19
76 23 12
97 82 -5
36 72 -12
8 10 -11
71 66 -17
90 79 1
84 5 15
29 69 8
87 10 7
4 12 -9
64 26 -7
96 15 11
22 29 -9
66 72 10
99 20 1
38 10 -12
2 87 -18
43 88 16
55 98 8
75 13 17
8 23 3
94 26 8
11 28 2
87 23 -7
73 88 15
64 39 2
31 91 -14
3 29 6
66 85 -14
38 23 -8
98 37 -9
17 85 -10
91 34 15
77 99 -11
94 39 5
33 29 -16
67 27 18
3 42 15
47 48 2
58 99 13
42 91 -11
74 43 -18
93 56 -17
10 58 4
51 59 -17
26 2 -8
86 53 11
5 64 -3
63 42 3
40 58 18
81 59 2
74 56 -8
13 46 14
16 51 -9
35 64 2
7 2 11
69 62 -5
41 0 -17
60 13 -5
5 77 16
44 5 -14
2 8 -15
37 2 -4
78 3 11
14 18 -19
55 19 -13
96 57 18
13 59 18
32 72 16
71 0 -6
16 64 18
76 78 -2
6 19 19
9 61 14
50 62 -1
25 5 16
11 70 3
30 83 -4
2 21 17
20 75 -13
59 3 -10
4 67 18
78 16 -5
23 80 8
17 6 -17
55 32 -15
96 70 18
29 16 -3
15 81 -18
18 86 -7
6 32 -9
8 78 -10
66 19 18
43 35 19
84 73 -17
59 16 12
4 80 3
45 81 3
3 84 9
36 32 1
77 33 -1
80 38 -15
38 78 8
57 91 17
15 94 -15
54 22 3
18 99 -16
75 81 16
52 97 -1
24 35 -11
68 41 3
87 91 18
1 51 14
86 95 16
58 33 -20
77 46 4
42 25 8
61 38 -16
80 51 -7
19 41 4
54 35 4
95 36 15
12 38 3
31 51 -8
75 94 8
33 97 15
46 36 14
68 54 4
7 44 1
67 95 18
0 41 10
19 54 -13
63 97 -16
95 49 -13
56 57 15
88 46 3
46 49 -10
83 52 -15
41 55 -2
2 63 14
76 12 -1
34 52 14
37 57 -10
56 70 -14
97 71 -18
69 9 -18
71 55 6
30 17 8
62 6 20
29 58 2
96 4 15
41 68 -4
44 73 -10
85 74 18
57 12 -12
2 76 15
59 58 -13
78 71 -4
8 12 -19
27 25 -1
71 68 -12
29 71 -2
48 84 18
87 12 -16
4 14 10
45 15 -20
22 31 -15
25 73 19
15 28 -18
1 93 3
18 33 11
59 71 17
78 84 -17
17 74 -16
36 87 2
94 28 -14
52 31 5
10 34 12
84 20 12
73 90 1
45 28 -4
3 31 7
22 44 2
66 87 11
98 39 -6
33 31 -19
93 45 -8
54 90 16
86 42 13
3 44 -10
5 53 -7
21 34 9
33 44 18
93 58 20
51 61 11
35 53 -3
68 1 16
67 42 13
70 47 -12
47 63 -10
5 66 -12
62 48 -3
81 61 19
39 64 6
14 7 -11
13 48 -12
32 61 11
51 74 17
16 53 -2
7 4 15
6 8 -11
92 48 16
9 50 -5
41 2 -15
60 15 5
2 10 16
81 74 20
20 64 -4
39 77 1
97 18 -18
36 8 -19
55 21 9
99 64 9
71 2 -17
16 66 -18
57 67 11
48 18 5
66 8 2
2 23 -15
84 62 9
20 77 -9
78 18 -17
23 82 5
17 8 13
96 72 11
22 86 1
55 34 1
38 67 18
57 80 -20
15 83 18
73 24 18
18 88 -8
31 27 16
50 77 13
91 78 -15
8 80 9
94 83 -5
66 21 -2
85 34 -11
52 86 13
84 75 -20
59 18 -19
45 83 -4
38 80 17
79 81 -4
12 27 -14
31 40 -20
75 83 -6
88 22 -8
52 99 3
24 37 -13
68 43 13
45 96 19
86 97 15
58 35 7
42 27 -19
80 53 18
0 30 -10
19 43 -16
12 40 -15
53 41 -11
88 35 11
33 99 18
5 0 15
46 38 -6
68 56 18
26 59 -5
67 97 9
83 41 20
0 43 6
51 8 13
35 0 -19
34 41 10
53 54 -6
72 67 -16
37 46 -12
14 62 13
49 56 3
90 57 19
7 59 9
81 8 7
48 60 -2
23 3 -3
41 57 17
25 49 -15
44 62 10
76 14 18
34 54 -4
27 14 20
71 57 -17
30 19 11
29 60 8
48 73 16
6 76 -4
23 16 11
96 6 12
41 70 11
25 62 7
99 11 10
44 75 -15
85 76 2
38 1 16
57 14 -18
2 78 6
76 27 7
15 17 -10
59 60 5
18 22 5
78 73 -4
17 63 2
36 76 1
8 14 11
30 32 -6
6 89 -18
64 30 10
22 33 -15
66 76 3
38 14 -3
24 79 17
98 28 -15
17 76 16
77 90 9
75 17 -19
33 20 10
10 36 7
73 92 -5
45 30 -9
31 95 15
22 46 2
79 28 14
98 41 18
63 20 6
42 82 -8
61 95 -15
52 46 2
93 47 -17
19 98 -4
10 49 -9
51 50 5
54 92 5
12 95 20
70 36 9
89 49 -9
28 39 -2
47 52 18
88 90 14
5 55 10
49 98 -1
21 36 -9
72 1 17
42 95 9
0 98 -3
74 47 9
93 60 14
35 55 2
26 6 -7
67 44 -20
28 52 13
5 68 4
21 49 9
62 50 12
81 63 -4
53 1 15
39 66 -17
56 6 -8
14 9 3
55 10 10
32 63 -5
90 4 -10
35 68 12
76 69 -14
48 7 18
6 10 10
9 52 -9
83 1 18
69 66 -15
27 69 -19
2 12 -3
62 63 7
39 79 -18
78 7 20
97 20 -13
13 63 2
71 4 10
16 68 -14
76 82 -15
92 63 -12
6 23 -14
50 66 17
69 79 20
8 69 -10
27 82 13
25 9 -6
85 23 16
24 13 -10
43 26 7
87 69 -20
59 7 16
4 71 -16
36 23 -3
22 88 6
80 29 3
38 69 8
98 83 -18
15 85 1
18 90 11
31 29 17
91 80 2
75 72 7
8 82 8
94 85 -2
66 23 -16
52 88 10
10 91 -10
1 42 -4
45 85 9
64 98 -6
17 23 -20
77 37 -12
80 42 -10
19 32 7
38 82 16
79 83 -12
98 96 9
73 39 -9
12 29 -1
31 42 11
75 85 -15
94 98 10
88 24 11
46 27 7
68 45 2
67 86 -17
86 99 10
42 29 15
61 42 7
0 32 -13
19 45 -13
79 96 -11
63 88 13
21 91 -2
72 56 9
56 48 -4
88 37 19
5 2 13
68 58 6
26 61 -1
67 99 17
39 0 -18
9 94 -8
83 43 5
0 45 -9
60 59 -20
35 2 -4
95 53 14
56 61 3
30 8 11
20 0 18
39 13 -9
41 59 -5
60 72 16
2 67 -19
76 16 17
34 56 17
97 75 -6
50 0 -17
55 78 -4
71 59 8
29 62 -20
6 78 -12
4 5 19
23 18 -12
96 8 -9
57 16 10
2 80 11
43 81 -2
15 19 13
78 75 17
8 16 10
11 21 -18
29 75 7
6 91 -15
64 32 14
3 22 7
85 91 -9
82 22 -18
1 97 -10
59 75 -6
17 78 15
75 19 -1
80 97 5
33 22 8
52 35 14
10 38 18
45 32 16
12 84 1
86 33 4
3 35 10
88 79 9
47 41 -16
98 43 -11
82 35 -16
58 92 3
61 97 -7
93 49 -1
10 51 -16
51 52 -9
54 94 -11
67 33 -7
12 97 13
86 46 -19
70 38 11
63 35 1
81 52 -19
42 97 -2
35 57 6
34 98 -9
70 51 9
28 54 18
69 55 11
60 6 5
2 1 5
23 60 -17
14 11 -16
55 12 11
96 50 18
99 55 14
35 70 9
50 55 7
8 58 20
41 6 13
44 11 -8
11 63 -12
30 76 20
2 14 3
62 65 19
20 68 7
4 60 16
23 73 13
97 22 12
36 12 -4
96 63 2
38 58 -1
57 71 -12
76 84 -20
15 74 20
92 65 11
6 25 14
50 68 12
91 69 -8
8 71 18
11 76 7
24 15 13
84 66 2
43 28 17
87 71 15
1 31 3
59 9 4
4 73 16
45 74 11
64 87 10
15 87 -3
12 18 3
91 82 12
75 74 3
94 87 8
52 90 10
24 28 7
87 84 -13
58 26 -12
89 93 16
54 28 15
40 93 -4
31 44 -19
72 45 -6
75 87 14
88 26 1
46 29 18
65 42 -8
49 34 9
67 88 -16
42 31 13
0 34 18
19 47 4
79 98 -6
63 90 -3
95 42 11
72 58 4
46 42 -16
5 4 18
49 47 -19
39 2 15
0 47 -3
41 48 -11
76 5 12
34 45 -1
37 50 2
69 2 6
14 66 8
71 48 -2
6 67 -1
41 61 -14
25 53 7
44 66 -11
57 5 1
15 8 13
59 51 12
97 77 8
50 2 -8
69 15 -17
8 5 16
11 10 6
30 23 2
84 0 -9
48 77 -16
25 66 -6
66 67 -7
38 5 8
2 82 -13
15 21 -2
1 86 -16
18 26 -17
75 8 9
94 21 -10
52 24 16
73 83 14
45 21 -6
64 34 -2
31 86 6
3 24 10
22 37 -13
38 18 -11
24 83 -1
98 32 -11
82 24 -9
40 27 -12
17 80 -7
91 29 -12
77 94 7
75 21 9
61 86 3
94 34 -13
33 24 -20
52 37 13
93 38 -13
54 83 20
67 22 12
3 37 14
88 81 6
24 96 18
65 97 -6
82 37 -12
21 27 2
58 94 -12
0 89 -14
32 41 13
12 99 -14
70 40 15
89 53 -2
9 30 -9
28 43 19
46 97 -2
5 59 16
62 41 14
39 57 9
74 51 -20
32 54 17
51 67 5
35 59 -14
9 43 14
28 56 20
2 3 -11
62 54 16
20 57 13
39 70 19
97 11 13
36 1 5
96 52 4
13 54 10
92 54 14
6 14 -18
69 70 12
8 60 16
27 73 12
25 0 -7
11 65 14
85 14 -10
2 16 3
43 17 -2
87 60 -1
20 70 -14
4 62 -3
64 76 4
17 1 -9
22 79 11
76 86 18
91 71 14
66 14 -9
87 73 17
1 33 -8
59 11 -7
64 89 -4
22 92 -5
61 20 13
80 33 -12
79 74 -18
15 89 1
54 17 -10
73 30 -10
18 94 -4
12 20 10
31 33 10
94 89 -4
33 79 -15
52 92 -16
24 30 -12
68 36 -1
45 89 15
86 90 8
3 92 8
89 95 10
80 46 -8
47 98 11
79 87 -4
63 79 -8
12 33 3
88 28 -17
74 93 5
7 39 -17
26 52 -5
67 90 15
42 33 3
83 34 -10
28 98 14
63 92 -1
72 60 2
37 39 8
5 6 10
46 44 17
81 1 -15
9 98 -19
83 47 3
32 1 -10
35 6 2
2 58 -13
37 52 14
56 65 -9
69 4 -15
30 12 16
71 50 -5
90 63 -7
29 53 -14
48 66 -8
20 4 -18
6 69 4
64 10 7
41 63 9
44 68 19
85 69 13
57 7 -8
15 10 7
92 1 -13
59 53 12
78 66 -12
50 4 -18
91 5 7
36 69 -1
27 20 4
71 63 7
30 25 -12
3 13 -9
22 26 18
66 69 14
38 7 -19
24 72 -16
57 20 -5
43 85 18
98 21 -5
15 23 19
1 88 -18
17 69 14
77 83 18
75 10 8
80 88 7
52 26 -13
87 20 15
73 85 19
45 23 -4
89 29 20
22 39 7
24 85 5
98 34 11
63 13 17
82 26 13
17 82 4
77 96 17
52 39 11
93 40 -2
10 42 15
51 43 9
54 85 -17
73 98 -15
12 88 -4
86 37 19
70 29 -16
28 32 -8
47 45 20
79 34 -14
5 48 15
46 86 -13
65 99 -6
63 26 -10
82 39 -6
21 29 -20
58 96 1
93 53 14
35 48 -19
95 99 -14
67 37 10
88 96 -14
47 58 -20
62 43 8
81 56 12
23 51 -5
97 0 15
14 2 -15
74 53 -8
13 43 13
48 0 14
92 43 20
9 45 -18
85 3 2
30 67 4
62 56 -15
4 51 6
23 64 -16
96 54 -9
55 16 1
99 59 20
29 0 -3
15 65 -1
18 70 5
50 59 8
8 62 6
25 2 3
66 3 4
85 16 18
43 19 -10
87 62 -19
59 0 20
4 64 -8
78 13 -6
36 16 19
96 67 -15
99 72 -3
38 62 -9
98 76 4
15 78 -10
73 19 -13
31 22 3
91 73 -3
75 65 12
66 16 -20
24 19 8
84 70 -13
87 75 -10
3 81 -5
77 30 -9
22 94 3
12 22 15
31 35 20
88 17 -15
93 95 -16
10 97 15
68 38 -10
26 41 13
67 79 6
86 92 12
58 30 9
70 84 -8
3 94 2
42 22 14
61 35 -12
0 25 -17
63 81 -13
40 97 13
53 36 -14
74 95 -6
46 33 13
32 98 -20
49 38 -18
68 51 -9
26 54 10
19 51 17
51 3 -16
95 46 -7
62 98 4
34 36 -12
56 54 -17
13 98 10
30 1 -9
7 54 -14
48 55 -17
39 6 12
41 52 -16
60 65 16
44 57 -7
76 9 2
37 54 1
78 55 -14
14 70 1
27 9 -5
30 14 12
29 55 13
48 68 -1
23 11 -14
22 15 -9
25 57 -15
99 6 -2
44 70 19
85 71 -10
57 9 -3
2 73 11
76 22 16
43 74 -3
18 17 17
59 55 -10
97 81 19
17 58 13
36 71 17
94 12 -18
73 74 3
6 84 10
3 15 7
22 28 -4
66 71 7
85 84 -9
38 9 5
43 87 3
15 25 13
1 90 -16
18 30 5
17 71 -12
91 20 -8
36 84 -9
52 28 -11
10 31 19
12 77 -19
45 25 1
86 26 7
66 84 -9
24 87 11
65 88 -5
98 36 -14
21 18 -13
40 31 -17
77 98 -11
75 25 -16
19 93 15
93 42 11
95 88 10
12 90 -16
88 85 -1
5 50 9
63 28 13
49 93 -15
21 31 -17
7 96 20
81 45 4
39 48 -12
58 98 8
42 90 3
74 42 19
93 55 2
32 45 14
51 58 7
16 37 -19
35 50 -17
67 39 2
34 91 -16
70 44 16
9 34 9
28 47 -19
69 48 -15
5 63 -15
20 48 -16
39 61 15
23 53 -16
97 2 -2
14 4 12
55 5 19
32 58 20
16 50 6
76 64 -13
48 2 12
9 47 -18
50 48 -10
85 5 13
2 7 -6
62 58 11
20 61 -1
4 53 -10
78 2 -20
36 5 1
57 64 13
76 77 -3
29 2 -3
6 18 -3
92 58 6
50 61 -18
91 62 -15
8 64 9
94 67 -20
27 77 -5
66 5 -7
24 8 12
43 21 11
1 24 6
45 67 -12
17 5 18
77 19 7
80 24 17
57 77 1
98 78 10
91 75 4
75 67 1
94 80 -9
33 70 19
66 18 17
52 83 20
45 80 -11
58 19 5
3 83 -16
89 86 3
61 24 12
80 37 -6
63 70 16
40 86 -16
12 24 16
46 22 -14
49 27 12
68 40 -14
26 43 -20
58 32 -8
42 24 3
61 37 17
0 27 20
79 91 -18
82 96 14
21 86 12
40 99 -2
12 37 -19
72 51 1
56 43 13
74 97 9
68 53 14
7 43 3
26 56 15
0 40 -20
60 54 10
44 46 -5
34 38 -2
53 51 -10
14 59 7
71 41 -20
30 3 -14
90 54 -16
6 60 -10
39 8 -20
83 51 9
41 54 16
44 59 8
76 11 9
34 51 3
18 6 -11
36 60 -1
27 11 16
11 3 -10
29 57 14
48 70 -18
45 1 8
96 3 13
22 17 -9
66 60 18
99 8 16
57 11 -13
15 14 6
1 79 4
18 19 -15
59 57 17
91 9 -4
8 11 -14
94 14 5
11 16 -9
87 11 -10
73 76 8
64 27 -15
3 17 20
22 30 5
85 86 -20
38 11 5
98 25 -3
82 17 -2
1 92 -4
40 20 14
17 73 -3
58 74 -12
75 14 2
61 79 17
80 92 17
52 30 15
73 89 -12
12 79 20
31 92 -9
70 20 10
3 30 -6
47 36 -14
88 74 2
24 89 -2
65 90 -6
63 17 -11
68 95 9
58 87 5
0 82 -4
74 31 3
19 95 -17
32 34 -2
51 47 -19
54 89 -1
86 41 2
53 93 -19
56 98 -12
89 46 -6
47 49 1
63 30 9
49 95 -17
21 33 -16
7 98 3
81 47 -7
39 50 -14
83 93 -20
13 34 2
51 60 -7
16 39 -3
35 52 13
34 93 -6
62 47 2
20 50 -9
97 4 -1
96 45 2
99 50 -1
57 53 15
92 47 6
8 53 -13
30 71 1
2 9 19
43 10 10
87 53 -20
20 63 3
4 55 17
78 4 3
23 68 4
64 69 2
36 7 7
55 20 5
38 53 -19
57 66 12
73 10 19
91 64 18
66 7 10
11 71 -18
84 61 -20
59 4 -7
64 82 19
15 82 15
73 23 18
31 26 -12
91 77 17
75 69 -2
33 72 17
52 85 -20
24 23 -16
10 88 17
68 29 16
1 39 -11
45 82 -19
3 85 -10
89 88 7
22 98 -13
19 29 7
79 80 17
98 93 -10
54 23 -10
95 24 -1
72 40 -12
75 82 1
74 86 -6
46 24 -12
49 29 -2
68 42 7
67 83 -11
58 34 4
28 91 10
0 29 11
19 42 -13
63 85 15
21 88 5
95 37 -17
34 27 -2
72 53 3
14 48 -18
74 99 -17
49 42 4
7 45 16
26 58 18
41 43 14
76 0 -14
97 59 9
27 0 -13
30 5 -1
71 43 19
90 56 -18
6 62 -3
64 3 14
83 53 16
44 61 -19
57 0 -19
2 64 17
76 13 14
59 46 10
18 8 -12
78 59 -5
97 72 5
36 62 -19
8 0 1
94 3 18
71 56 1
4 2 -9
64 16 2
3 6 5
25 61 -10
85 75 15
57 13 -10
98 14 2
43 78 11
15 16 -10
1 81 -9
78 72 -11
36 75 -1
75 3 20
80 81 2
33 6 10
52 19 -19
54 65 -16
73 78 -3
45 16 14
3 19 -15
79 14 -1
24 78 -8
98 27 19
63 6 -12
82 19 1
1 94 -5
40 22 -10
17 75 16
58 76 16
75 16 -5
61 81 -12
80 94 -16
52 32 -9
93 33 12
54 78 -6
73 91 -6
67 17 -19
12 81 -9
86 30 12
72 95 7
70 22 -7
89 35 -20
28 25 -18
47 38 -10
79 27 -3
5 41 11
65 92 -5
63 19 20
82 32 13
49 84 15
40 35 -19
61 94 1
0 84 -16
74 33 -19
19 97 8
53 95 12
28 38 -17
46 92 5
49 97 13
21 35 -4
81 49 14
20 39 -3
39 52 20
83 95 1
13 36 -8
34 95 -15
69 52 -16
30 60 -2
62 49 -19
20 52 -6
39 65 8
4 44 -7
55 9 9
99 52 7
16 54 13
57 55 15
76 68 -16
48 6 -20
92 49 1
50 52 2
69 65 -12
27 68 14
11 60 3
43 12 15
84 50 -7
87 55 14
1 15 -3
78 6 2
36 9 -7
55 22 17
98 69 13
29 6 -5
31 15 -12
91 66 -11
8 68 15
24 12 18
43 25 -8
87 68 2
1 28 8
45 71 -8
64 84 7
17 9 -18
58 10 12
77 23 6
24 25 2
65 26 20
10 90 13
68 31 -8
26 34 16
67 72 -5
3 87 19
89 90 -15
42 15 8
61 28 2
79 82 -15
63 74 14
82 87 -16
54 25 -13
40 90 -6
72 42 16
56 34 -11
88 23 4
33 87 20
46 26 19
65 39 -3
49 31 -12
67 85 -17
86 98 -10
70 90 -8
28 93 3
63 87 -12
21 90 -7
53 42 -14
72 55 -14
37 34 3
14 50 -8
7 47 6
83 42 13
41 45 -12
60 58 4
25 37 4
44 50 -5
76 2 -11
97 61 10
71 45 6
48 61 -9
6 64 7
23 4 -19
25 50 8
57 2 -15
2 66 9
76 15 -10
18 10 10
17 51 -3
91 0 6
36 64 -6
52 8 -10
29 61 -3
87 2 2
6 77 16
64 18 -8
22 21 3
66 64 -19
85 77 15
38 2 -17
24 67 5
98 16 -10
43 80 -2
18 23 -12
59 61 11
94 18 -16
80 83 -4
33 8 -8
52 21 -20
73 80 -11
86 19 -2
66 77 -4
79 16 3
98 29 -4
42 70 -4
80 96 19
33 21 18
19 86 4
67 19 -16
86 32 -6
72 97 3
89 37 -18
28 27 11
88 78 20
47 40 -5
46 81 -1
5 43 -2
63 21 -5
21 24 11
7 89 11
81 38 13
58 91 -13
61 96 13
74 35 10
19 99 -6
13 25 5
32 38 -18
35 43 -2
95 94 -19
88 91 -1
46 94 -11
5 56 3
49 99 16
62 38 -14
83 97 -5
13 38 -6
99 41 8
92 38 1
9 40 1
2 0 11
39 67 12
97 8 -14
55 11 -20
76 70 10
15 60 6
6 11 -7
85 11 5
43 14 -12
84 52 3
87 57 -15
4 59 -16
45 60 -10
36 11 13
22 76 -3
80 17 -9
38 57 13
98 71 9
15 73 -9
54 1 10
18 78 4
91 68 12
66 11 -13
11 75 -7
52 76 12
10 79 -20
17 11 -13
58 12 3
80 30 -9
19 20 15
98 84 19
88 12 -12
52 89 12
93 90 -4
46 15 8
65 28 18
10 92 -19
68 33 -1
26 36 16
86 87 -18
70 79 13
3 89 -12
58 25 12
61 30 -4
47 95 16
0 20 12
19 33 -15
5 98 -12
79 84 -17
63 76 -9
21 79 -4
40 92 -4
12 30 -3
72 44 -9
56 36 5
33 89 18
65 41 -3
35 98 2
68 46 -1
7 36 -16
67 87 11
26 49 -9
70 92 18
9 82 -9
28 95 16
0 33 5
60 47 -6
21 92 -12
34 31 -4
56 49 18
97 50 -16
14 52 -9
16 98 -20
7 49 14
6 53 -1
39 1 -10
92 93 -14
9 95 -5
83 44 -18
41 47 -15
44 52 -13
97 63 -16
36 53 11
71 47 10
90 60 -19
6 66 3
22 10 16
99 1 -11
85 66 9
15 7 -16
1 72 -3
59 50 20
91 2 1
94 7 -6
52 10 -2
29 63 -6
73 69 12
45 7 -7
31 72 -20
64 20 -5
38 4 -1
79 5 5
24 69 -10
98 18 -9
43 82 6
59 63 -15
17 66 13
58 67 20
77 80 15
75 7 12
61 72 -6
52 23 -11
10 26 -12
54 69 -7
73 82 16
86 21 16
89 26 20
47 29 5
79 18 -4
82 23 4
40 26 10
58 80 -5
77 93 -1
42 72 7
33 23 20
19 88 -12
93 37 -14
10 39 2
95 83 -11
67 21 17
12 85 -13
89 39 6
56 91 -4
28 29 13
46 83 5
49 88 11
21 26 -2
7 91 -16
39 43 -10
42 85 13
13 27 -10
51 53 12
35 45 -10
95 96 -8
34 86 6
53 99 6
37 91 -13
9 29 -16
46 96 14
5 58 -5
81 53 7
20 43 -9
83 99 12
96 38 -2
25 94 18
99 43 -5
35 58 15
6 0 -2
8 46 -5
27 59 -7
43 3 -15
84 41 -11
23 61 20
64 62 -2
36 0 -5
76 72 3
15 62 7
73 3 -3
27 72 10
11 64 -1
30 77 -8
84 54 6
43 16 13
87 59 7
64 75 -11
36 13 1
3 65 6
22 78 -15
57 72 12
73 16 -13
12 6 15
91 70 11
75 62 1
94 75 8
33 65 -18
65 17 11
68 22 9
45 75 15
86 76 -7
58 14 -9
77 27 -1
89 81 19
61 19 -11
80 32 -1
54 16 -1
40 81 -11
31 32 2
33 78 15
52 91 14
46 17 -10
68 35 8
26 38 20
67 76 2
70 81 9
89 94 -2
42 19 1
61 32 10
47 97 -4
0 22 1
60 36 -13
63 78 17
21 81 7
95 30 19
72 46 -13
14 41 17
74 92 -15
46 30 14
32 95 -13
90 36 17
7 38 -4
9 84 14
83 33 19
28 97 -8
0 35 18
41 36 -19
60 49 1
34 33 -7
53 46 -7
37 38 -5
97 52 12
14 54 -15
6 55 15
92 95 17
9 97 -7
83 46 -8
2 57 -19
59 39 1
78 52 7
97 65 -5
27 6 17
29 52 -16
6 68 -2
57 6 -19
43 71 -14
15 9 -6
1 74 17
17 55 -18
52 12 -3
84 1 16
87 6 11
54 58 -5
45 9 19
86 10 -8
31 74 -17
22 25 -1
24 71 3
98 20 -6
82 12 -9
40 15 7
17 68 11
58 69 2
75 9 9
61 74 14
80 87 -11
33 12 20
52 25 5
54 71 6
67 10 -10
86 23 2
31 87 11
72 88 -9
70 15 -7
47 31 2
88 69 -15
46 72 13
5 34 -12
79 20 -3
65 85 -17
63 12 -5
26 93 -10
58 82 -2
42 74 -1
0 77 9
74 26 -4
19 90 -14
35 34 6
95 85 20
12 87 -15
70 28 4
28 31 14
88 82 -3
46 85 1
5 47 -8
49 90 15
62 29 -20
39 45 7
83 88 -9
0 90 -2
41 91 17
13 29 -6
32 42 -14
35 47 16
95 98 3
92 29 -6
28 44 -8
27 48 -16
71 91 -2
4 37 -3
23 50 10
55 2 1
96 40 16
16 47 19
6 2 -6
69 58 11
27 61 -3
11 53 -5
30 66 7
43 5 11
87 48 -18
23 63 19
36 2 -13
55 15 3
38 48 -7
57 61 -4
73 5 -8
31 8 -10
11 66 14
85 15 -18
52 67 5
24 5 -9
84 56 -9
43 18 19
87 61 -9
45 64 -4
58 3 -16
77 16 -16
38 61 -18
73 18 13
12 8 -16
94 77 -17
88 3 3
24 18 -3
10 83 -16
68 24 17
26 27 -7
86 78 -2
58 16 -17
77 29 -3
89 83 -8
61 21 -11
80 34 -11
19 24 -5
98 88 -16
63 67 1
82 80 -12
54 18 -11
95 19 -11
40 83 1
21 70 -9
53 22 5
72 35 6
75 77 -1
88 16 -19
65 32 -2
10 96 -17
51 97 -14
68 37 -15
67 78 -14
26 40 5
86 91 -12
70 83 -8
89 96 1
42 21 -11
83 22 11
0 24 18
19 37 -5
95 32 -1
81 97 17
53 35 12
56 40 -19
14 43 8
13 84 3
7 40 3
67 91 18
70 96 4
9 86 -9
83 35 18
28 99 10
25 30 -20
44 43 -16
55 57 -20
96 95 -20
13 97 6
71 38 -18
90 51 -16
9 99 -14
44 56 -11
85 57 7
2 59 18
43 60 -12
18 3 10
78 54 -18
17 44 -15
36 57 -12
27 8 -12
11 0 -12
71 51 -8
30 13 12
29 54 9
73 60 -6
64 11 10
22 14 -19
85 70 4
98 9 18
43 73 -19
59 54 -20
91 6 -18
94 11 -6
33 1 -15
45 11 -11
86 12 8
31 76 -3
12 63 -3
3 14 -15
89 17 17
22 27 5
24 73 20
40 17 20
42 63 12
75 11 1
80 89 3
33 14 -15
19 79 11
10 30 -14
51 31 -14
54 73 2
95 74 -2
67 12 16
12 76 12
86 25 -13
72 90 -20
89 30 -5
47 33 -7
65 87 14
49 79 -12
68 92 -20
40 30 -13
26 95 18
58 84 -6
42 76 -10
61 89 20
0 79 -14
74 28 -1
35 36 -11
95 87 -14
67 25 -8
56 95 -8
28 33 -3
14 98 -4
47 46 5
88 84 -18
46 87 15
90 93 18
62 31 15
81 44 -1
39 47 3
23 39 1
83 90 -14
41 93 -12
44 98 11
35 49 -19
76 50 -11
34 90 8
9 33 -16
69 47 9
71 93 -20
20 47 -17
23 52 -8
97 1 18
96 42 12
55 4 19
13 44 -15
16 49 2
57 50 4
76 63 -13
6 4 -6
92 44 -7
69 60 -10
11 55 -5
30 68 -11
43 7 -16
1 10 -12
87 50 8
38 50 -10
57 63 19
98 64 8
18 71 -12
31 10 19
91 61 9
8 63 -10
94 66 -3
43 20 5
1 23 2
17 4 -13
61 10 -15
98 77 -7
82 69 -17
40 72 -16
31 23 -11
72 24 -5
91 74 -2
75 66 12
94 79 19
88 5 -3
33 69 8
93 83 6
68 26 -16
86 80 20
58 18 13
89 85 2
47 88 5
21 72 5
12 23 10
72 37 9
56 29 5
88 18 -16
93 96 -5
46 21 -3
51 99 -15
49 26 6
67 80 9
89 98 -10
9 75 -10
28 88 -18
0 26 10
41 27 -13
60 40 -4
44 32 -5
21 85 -8
95 34 -15
81 99 1
53 37 -6
37 29 14
56 42 10
14 45 -3
74 96 11
13 86 18
32 99 -9
90 40 -11
48 43 -3
9 88 -17
41 40 -14
25 32 6
44 45 17
2 48 -3
62 99 -8
4 94 -2
78 43 12
55 59 -18
96 97 -1
13 99 -6
71 40 4
90 53 -18
48 56 19
64 0 14
22 3 -13
66 46 -8
2 61 8
43 62 9
15 0 -14
18 5 -1
78 56 -2
17 46 15
55 72 13
94 0 -1
52 3 -16
29 56 6
73 62 7
64 13 -15
85 72 12
98 11 -2
43 75 6
82 3 10
15 13 15
59 56 1
91 8 20
77 73 2
75 0 -5
94 13 -10
80 78 14
33 3 -5
52 16 -7
88 60 20
79 11 3
24 75 -11
82 16 -7
1 91 1
58 73 -18
42 65 -7
61 78 -16
80 91 13
74 17 -5
93 30 20
10 32 5
51 33 12
12 78 -19
72 92 6
47 35 -2
46 76 19
65 89 -2
63 16 -3
68 94 -6
21 19 -12
7 84 14
81 33 -1
39 36 18
42 78 20
0 81 -2
13 20 -15
51 46 -19
95 89 -19
34 79 8
37 84 5
70 32 7
69 36 -14
49 94 4
7 97 2
20 36 17
83 92 -20
41 95 -14
13 33 11
99 36 16
32 46 -16
16 38 1
35 51 -7
76 52 -7
34 92 19
92 33 1
37 97 8
9 35 19
69 49 9
27 52 4
29 98 3
20 49 -18
64 55 9
97 3 1
96 44 17
76 65 15
59 98 -3
91 50 18
94 55 13
27 65 -19
1 12 -8
4 54 15
45 55 -9
64 68 -10
36 6 -2
3 58 9
77 7 -10
57 65 13
98 66 16
15 68 -18
75 55 -5
94 68 -11
24 9 7
84 60 3
10 74 7
77 20 5
22 84 13
80 25 20
19 15 11
63 58 16
54 9 -11
95 10 -17
40 74 20
72 26 -8
33 71 -6
52 84 4
46 10 -1
10 87 10
68 28 18
86 82 19
61 25 19
0 15 -4
19 28 -16
60 29 -5
63 71 -14
82 84 2
40 87 -4
34 13 12
72 39 1
14 34 4
88 20 -20
74 85 16
46 23 -18
32 88 -5
67 82 -5
0 28 2
41 29 19
21 87 10
34 26 -8
37 31 -17
56 44 17
97 45 17
14 47 -2
74 98 11
