100 9900 1
13 88 16
71 29 -1
16 93 -11
90 42 -9
29 32 -6
48 45 -7
6 48 -14
92 88 -5
9 90 13
50 91 -14
83 39 -15
41 42 -9
25 34 2
44 47 -5
85 48 -20
2 50 9
59 32 -20
4 96 -19
78 45 5
97 58 13
36 48 -12
55 61 -2
96 99 -12
30 4 10
71 42 12
29 45 -16
48 58 -15
6 61 2
64 2 2
22 5 -17
25 47 16
66 48 -15
85 61 18
98 0 -16
43 64 -12
15 2 1
1 67 14
18 7 19
59 45 -19
78 58 11
17 48 -7
36 61 11
94 2 -9
11 4 -18
52 5 -1
10 8 5
54 51 13
73 64 -12
45 2 14
31 67 -3
64 15 2
3 5 -8
22 18 -3
66 61 18
79 0 -1
24 64 -3
98 13 18
43 77 15
82 5 4
1 80 2
40 8 1
17 61 -16
58 62 9
77 75 -3
75 2 -9
61 67 -6
94 15 -2
33 5 20
52 18 -11
93 19 -10
10 21 17
54 64 7
73 77 -18
67 3 14
12 67 -1
86 16 14
31 80 10
70 8 14
3 18 -9
89 21 -12
88 62 15
47 24 5
5 27 1
79 13 -4
65 78 -2
63 5 19
82 18 20
68 83 -13
21 8 -13
40 21 -20
26 86 11
58 75 -14
42 67 -12
61 80 -14
80 93 4
0 70 17
74 19 -7
19 83 12
33 18 1
93 32 -17
32 22 10
51 35 -18
35 27 19
95 78 19
67 16 13
12 80 14
53 81 6
86 29 5
72 94 2
70 21 3
89 34 16
56 86 6
9 11 -12
28 24 14
47 37 18
88 75 -5
46 78 -10
5 40 -4
65 91 -12
63 18 -5
49 83 5
68 96 10
62 22 4
7 86 10
81 35 3
26 99 3
39 38 -12
42 80 -14
83 81 -13
0 83 -11
74 32 -1
19 96 6
60 97 -11
13 22 -13
32 35 11
51 48 2
16 27 -8
35 40 15
95 91 -3
34 81 18
53 94 8
92 22 14
37 86 -15
56 99 -16
9 24 3
28 37 5
69 38 2
27 41 15
30 46 2
90 97 -7
62 35 -9
7 99 -17
81 48 -11
20 38 -4
39 51 20
4 30 -3
23 43 7
83 94 14
96 33 8
41 97 11
13 35 -17
25 89 4
99 38 -1
16 40 20
57 41 17
76 54 12
34 94 -5
92 35 3
37 99 -20
50 38 19
69 51 10
8 41 12
27 54 -5
11 46 16
30 59 -3
71 97 -7
84 36 7
87 41 -8
20 51 -2
4 43 13
23 56 -3
64 57 -17
22 60 -7
96 46 9
55 8 2
99 51 -14
38 41 -3
57 54 -11
76 67 -11
15 57 3
18 62 -11
31 1 -7
50 51 4
91 52 2
8 54 -3
94 57 -7
11 59 5
85 8 17
52 60 18
84 49 -9
43 11 -13
87 54 8
1 14 -10
45 57 5
64 70 -18
3 60 -5
77 9 16
22 73 -4
61 1 -20
80 14 -12
38 54 -2
79 55 6
98 68 8
82 60 20
15 70 19
73 11 19
18 75 15
12 1 17
31 14 8
91 65 -5
75 57 18
94 70 17
33 60 19
52 73 5
24 11 -20
65 12 -15
10 76 -8
68 17 11
45 70 -16
86 71 -6
58 9 14
3 73 -11
89 76 -9
77 22 -2
42 1 -2
61 14 6
80 27 -5
47 79 6
0 4 -10
19 17 5
79 68 -4
98 81 -13
63 60 7
82 73 -4
21 63 -10
54 11 -3
40 76 10
95 12 -9
12 14 -14
53 15 2
72 28 18
75 70 -20
88 9 15
33 73 -3
93 87 12
46 12 4
65 25 -4
10 89 18
51 90 19
49 17 -4
68 30 5
7 20 18
26 33 -8
67 71 20
86 84 2
70 76 -14
42 14 2
83 15 15
28 79 -11
47 92 15
0 17 -7
19 30 -15
60 31 -1
5 95 -5
63 73 -1
21 76 1
95 25 -19
40 89 -12
81 90 -1
34 15 -8
53 28 18
39 93 -18
72 41 5
37 20 5
56 33 -11
14 36 1
74 87 -7
13 77 18
46 25 5
32 90 -15
16 82 13
49 30 14
35 95 4
90 31 5
7 33 -17
67 84 -17
26 46 2
70 89 -2
9 79 18
83 28 12
28 92 17
69 93 19
41 31 9
60 44 -10
25 23 -1
44 36 18
2 39 -19
62 90 16
34 28 17
20 93 -8
37 33 18
78 34 1
23 98 12
97 47 13
14 49 14
96 88 10
55 50 -14
13 90 20
99 93 6
71 31 -8
16 95 2
90 44 -16
29 34 12
48 47 15
92 90 -18
6 50 3
9 92 -2
50 93 9
8 96 4
41 44 -17
25 36 -14
44 49 8
85 50 13
2 52 8
76 1 -15
59 34 7
4 98 1
78 47 17
97 60 20
36 50 5
55 63 20
27 1 16
30 6 -16
71 44 12
38 96 4
29 47 -19
6 63 -20
64 4 -10
22 7 -11
66 50 -20
85 63 -5
57 1 19
98 2 13
43 66 -11
24 53 14
15 4 -13
1 69 16
18 9 -7
59 47 -1
17 50 -13
36 63 18
77 64 14
94 4 17
80 69 -5
52 7 -1
87 1 -18
54 53 -17
73 66 -4
45 4 -4
86 5 12
31 69 20
3 7 13
89 10 10
22 20 -16
66 63 -16
79 2 -14
24 66 -14
98 15 13
43 79 -17
82 7 -19
1 82 11
40 10 19
58 64 -4
75 4 -13
61 69 17
80 82 16
33 7 -19
52 20 -13
19 72 -6
93 21 -4
10 23 -18
51 24 -18
54 66 5
67 5 -1
12 69 -20
86 18 -12
31 82 -15
72 83 -9
70 10 -6
89 23 -3
28 13 -6
47 26 14
88 64 12
79 15 8
5 29 -17
65 80 10
46 67 -11
63 7 5
82 20 -11
49 72 -3
68 85 -17
21 10 11
40 23 4
81 24 20
26 88 -20
58 77 2
42 69 -20
61 82 16
0 72 -17
74 21 7
19 85 -20
93 34 11
32 24 20
51 37 -20
35 29 4
95 80 -11
67 18 5
12 82 10
53 83 18
72 96 -7
70 23 -7
56 88 12
9 13 -5
28 26 15
47 39 11
88 77 9
14 91 10
5 42 -9
46 80 9
65 93 14
49 85 7
68 98 -16
21 23 -3
62 24 -1
7 88 18
81 37 -6
20 27 11
39 40 -16
23 32 19
0 85 -15
41 86 -2
74 34 -18
60 99 14
13 24 -20
32 37 20
44 91 13
16 29 -15
35 42 3
76 43 10
34 83 11
53 96 -1
92 24 -11
37 88 -17
9 26 -10
50 27 -6
69 40 -9
27 43 -5
71 86 4
30 48 -3
90 99 -15
62 37 19
20 40 14
39 53 6
4 32 -3
23 45 -7
83 96 -5
96 35 3
41 99 14
13 37 -10
99 40 18
25 91 12
16 42 7
57 43 19
76 56 -11
15 46 -18
34 96 -14
92 37 -15
18 51 -8
50 40 -17
69 53 -1
8 43 14
27 56 -13
11 48 13
71 99 13
30 61 -3
84 38 -12
43 0 -11
1 3 -9
87 43 -9
4 45 15
45 46 -9
64 59 -15
22 62 2
96 48 2
99 53 -10
38 43 -9
57 56 -7
98 57 -1
15 59 -3
73 0 -19
18 64 -8
31 3 -10
91 54 9
75 46 19
8 56 14
94 59 -2
11 61 -16
52 62 3
24 0 13
10 65 6
43 13 -19
84 51 -11
1 16 5
87 56 -8
45 59 19
64 72 -16
3 62 -4
77 11 14
22 75 -6
61 3 -9
80 16 16
38 56 3
79 57 16
98 70 4
82 62 17
54 0 -20
73 13 -17
40 65 -11
12 3 -14
31 16 -8
91 67 10
75 59 -2
94 72 -1
33 62 20
52 75 17
93 76 -7
46 1 -10
65 14 12
10 78 1
49 6 18
68 19 -6
67 60 -20
26 22 12
86 73 8
70 65 6
3 75 -4
89 78 11
58 11 -8
42 3 -11
61 16 20
47 81 -20
0 6 -16
79 70 13
63 62 12
82 75 15
21 65 -16
95 14 -12
40 78 19
12 16 -17
53 17 17
72 30 -10
56 22 17
88 11 3
33 75 8
74 76 -4
93 89 -13
46 14 -4
65 27 10
32 79 -15
51 92 15
49 19 15
68 32 5
35 84 15
7 22 12
67 73 20
26 35 9
70 78 -19
89 91 -18
9 68 -4
83 17 7
42 16 7
28 81 -16
47 94 -6
0 19 -2
60 33 14
5 97 -10
63 75 -8
21 78 -19
95 27 -2
62 79 18
81 92 16
34 17 4
53 30 -1
39 95 -19
37 22 -3
56 35 8
14 38 6
74 89 -3
13 79 17
32 92 1
71 20 -2
16 84 17
90 33 -5
35 97 -20
7 35 -10
48 36 6
92 79 12
9 81 19
83 30 -7
28 94 -3
69 95 -10
41 33 -7
60 46 -20
44 38 -4
2 41 4
62 92 -7
34 30 19
20 95 16
37 35 -11
78 36 3
4 87 1
97 49 8
14 51 3
55 52 -20
96 90 -9
13 92 -5
99 95 8
71 33 -7
16 97 -3
57 98 -9
90 46 19
29 36 3
48 49 10
6 52 8
50 95 -11
8 98 15
25 38 13
44 51 6
85 52 -15
2 54 17
43 55 10
76 3 -9
84 93 15
87 98 -7
59 36 -9
78 49 -16
17 39 -11
36 52 -1
55 65 -11
38 98 -13
29 49 17
73 55 -19
6 65 -14
64 6 -8
22 9 11
66 52 10
85 65 -10
24 55 3
98 4 2
43 68 11
15 6 -7
1 71 -12
18 11 5
59 49 9
17 52 12
91 1 -20
36 65 6
77 66 -12
94 6 -13
80 71 2
52 9 3
10 12 -13
54 55 -10
73 68 -19
12 58 -17
45 6 -12
31 71 -11
86 7 17
3 9 11
89 12 10
47 15 -5
79 4 2
24 68 -5
98 17 1
65 69 4
82 9 19
68 74 -19
1 84 6
40 12 -18
58 66 16
77 79 -11
42 58 8
75 6 10
61 71 -4
80 84 6
33 9 -16
74 10 -4
19 74 10
93 23 20
10 25 3
51 26 12
54 68 -11
95 69 -16
67 7 12
12 71 20
86 20 -20
31 84 7
72 85 -16
70 12 -8
89 25 -8
28 15 20
88 66 -14
47 28 20
46 69 -15
5 31 1
65 82 -13
63 9 7
49 74 -8
68 87 17
21 12 13
40 25 8
7 77 4
26 90 12
81 26 -14
39 29 10
58 79 -16
42 71 16
61 84 17
0 74 20
74 23 -12
19 87 -2
93 36 15
60 88 -3
32 26 20
51 39 7
16 18 -11
35 31 7
95 82 17
34 72 5
67 20 18
53 85 9
72 98 17
37 77 -19
70 25 12
56 90 -15
9 15 -12
69 29 -16
14 93 9
5 44 14
46 82 19
49 87 -9
90 88 -8
62 26 -15
7 90 2
81 39 -9
20 29 -4
39 42 -10
23 34 16
83 85 -16
0 87 -4
41 88 13
96 24 4
13 26 6
99 29 -12
44 93 1
32 39 17
16 31 -5
35 44 -17
76 45 -7
2 96 -1
34 85 -17
53 98 -13
92 26 -7
37 90 19
9 28 11
50 29 -4
69 42 10
8 32 1
27 45 14
11 37 15
71 88 -8
30 50 15
62 39 14
29 91 20
20 42 -14
4 34 -16
23 47 -13
64 48 16
83 98 16
96 37 14
25 93 -15
99 42 -6
38 32 18
57 45 1
76 58 -18
15 48 12
59 91 -19
18 53 15
92 39 2
50 42 -1
91 43 -1
8 45 16
94 48 -15
27 58 -10
11 50 -9
30 63 -10
84 40 12
43 2 -4
87 45 -11
1 5 -12
4 47 -5
45 48 -6
64 61 18
3 51 16
77 0 8
22 64 -16
80 5 -12
38 45 -3
57 58 -1
98 59 -20
15 61 -12
73 2 8
18 66 13
31 5 4
91 56 -3
75 48 -18
94 61 10
33 51 2
52 64 -16
24 2 7
10 67 -14
84 53 -20
1 18 -15
87 58 17
45 61 -20
86 62 20
58 0 2
3 64 -17
77 13 -14
89 67 -17
22 77 14
61 5 1
80 18 14
19 8 -18
79 59 12
98 72 -13
63 51 -3
82 64 -17
54 2 -9
95 3 -5
40 67 -12
12 5 -19
31 18 2
72 19 11
75 61 -15
88 0 -16
33 64 12
52 77 -18
93 78 -5
46 3 9
65 16 -9
10 80 14
49 8 3
68 21 -13
26 24 13
67 62 -10
86 75 -2
58 13 -11
70 67 -7
89 80 4
42 5 -2
61 18 -3
28 70 -5
47 83 -7
0 8 -12
19 21 -20
5 86 19
79 72 -16
63 64 -15
82 77 5
21 67 -1
95 16 -2
40 80 20
53 19 12
72 32 -14
56 24 17
88 13 2
14 27 -19
74 78 -2
93 91 -15
46 16 1
32 81 -9
51 94 15
49 21 -10
68 34 -18
35 86 -15
7 24 -20
26 37 11
67 75 -15
70 80 -2
9 70 2
83 19 2
28 83 5
47 96 -10
0 21 3
41 22 15
60 35 14
5 99 13
44 27 -18
21 80 5
62 81 -18
81 94 -12
34 19 -6
20 84 -7
53 32 1
39 97 -16
37 24 19
56 37 -10
97 38 16
14 40 5
74 91 -9
13 81 -9
32 94 9
71 22 8
16 86 5
90 35 -15
35 99 9
7 37 3
48 38 -2
92 81 -13
6 41 -18
9 83 13
50 84 18
83 32 -8
69 97 -8
41 35 1
60 48 -2
25 27 6
44 40 17
2 43 3
62 94 -14
20 97 10
4 89 9
78 38 15
97 51 -15
36 41 -6
96 92 -17
55 54 -15
13 94 6
99 97 -1
71 35 -12
16 99 -16
29 38 -15
48 51 -8
6 54 -19
92 94 4
50 97 8
25 40 2
66 41 -8
85 54 -4
2 56 15
84 95 18
43 57 5
1 60 -20
59 38 -19
18 0 -8
78 51 -4
17 41 -14
36 54 6
55 67 8
10 1 -19
29 51 -16
73 57 19
31 60 -6
64 8 12
22 11 -7
66 54 -12
85 67 4
24 57 -20
98 6 17
43 70 -16
1 73 3
40 1 6
17 54 14
91 3 -3
58 55 11
77 68 17
61 60 10
94 8 -14
80 73 19
52 11 -6
93 12 12
10 14 8
54 57 -10
73 70 3
12 60 -18
86 9 -3
31 73 11
70 1 14
3 11 17
89 14 18
88 55 -16
47 17 -15
5 20 -19
24 70 3
79 6 17
65 71 7
82 11 16
68 76 8
21 1 9
40 14 8
26 79 -6
58 68 12
77 81 13
42 60 19
61 73 -20
80 86 -15
33 11 -6
0 63 -10
19 76 -13
93 25 10
74 12 4
32 15 -20
51 28 -11
35 20 20
54 70 20
95 71 14
67 9 -1
12 73 -12
86 22 4
53 74 -10
72 87 -10
70 14 7
56 79 -17
89 27 3
9 4 1
28 17 1
47 30 7
88 68 -8
5 33 18
46 71 19
65 84 -5
63 11 14
49 76 -13
68 89 11
21 14 15
62 15 -4
7 79 -4
81 28 17
26 92 -6
39 31 2
42 73 -7
83 74 -13
0 76 7
74 25 -15
19 89 14
60 90 14
13 15 20
32 28 5
51 41 16
16 20 -2
35 33 20
95 84 -10
34 74 3
53 87 11
92 15 -14
37 79 9
56 92 -1
9 17 -10
28 30 6
69 31 1
14 95 -15
27 34 7
46 84 -9
30 39 18
49 89 -12
62 28 -5
7 92 1
48 93 -20
81 41 -4
20 31 4
39 44 -8
4 23 8
23 36 -8
83 87 -19
96 26 -8
41 90 12
25 82 -3
99 31 -18
13 28 -8
44 95 -10
16 33 -14
57 34 -16
2 98 -11
76 47 -8
34 87 -14
92 28 7
37 92 -7
78 93 9
50 31 -10
69 44 -19
8 34 -6
27 47 -7
11 39 -6
30 52 -9
71 90 -17
84 29 3
29 93 6
87 34 -7
20 44 16
4 36 -6
23 49 -4
64 50 20
55 1 -6
96 39 2
25 95 -11
99 44 -18
38 34 -20
57 47 -6
76 60 10
15 50 -8
6 1 17
18 55 14
59 93 10
50 44 18
17 96 -13
91 45 13
8 47 -15
94 50 -11
11 52 -7
52 53 3
85 1 1
43 4 -19
84 42 11
1 7 5
87 47 -20
45 50 -2
64 63 5
3 53 -11
77 2 -10
22 66 17
80 7 -15
38 47 10
79 48 10
98 61 -19
82 53 -14
15 63 -5
73 4 4
18 68 19
31 7 3
91 58 -16
75 50 14
94 63 1
33 53 -3
52 66 11
24 4 -18
65 5 16
10 69 -12
68 10 -16
1 20 -4
45 63 -14
86 64 4
58 2 16
3 66 6
77 15 -7
89 69 -3
61 7 -17
80 20 11
19 10 7
79 61 -2
98 74 10
63 53 18
82 66 18
21 56 9
95 5 13
40 69 20
54 4 -16
12 7 -10
31 20 5
72 21 10
75 63 -7
88 2 4
33 66 -9
74 67 12
93 80 -15
46 5 -6
65 18 -18
10 82 -5
51 83 19
49 10 9
68 23 -16
7 13 -7
67 64 -7
86 77 7
70 69 -20
89 82 -18
42 7 -8
28 72 -12
47 85 -6
0 10 -7
19 23 -17
60 24 -4
5 88 7
63 66 -6
21 69 2
95 18 -1
40 82 -5
81 83 2
34 8 -7
53 21 3
72 34 16
37 13 15
56 26 10
14 29 -20
74 80 6
13 70 18
46 18 -10
32 83 -6
51 96 14
49 23 -11
90 24 14
35 88 -17
7 26 1
67 77 8
26 39 -7
70 82 -13
9 72 12
83 21 11
28 85 16
0 23 -19
41 24 18
60 37 -10
44 29 5
2 32 -4
62 83 -15
81 96 -4
34 21 -14
20 86 -8
53 34 -18
39 99 -2
37 26 17
56 39 20
97 40 19
23 91 -17
14 42 19
96 81 -4
55 43 10
13 83 15
99 86 19
32 96 -3
71 24 6
16 88 13
90 37 2
29 27 16
48 40 -7
6 43 10
92 83 20
9 85 -8
50 86 16
69 99 -13
41 37 -2
25 29 13
44 42 20
85 43 2
2 45 -11
62 96 15
20 99 17
59 27 7
4 91 -10
78 40 -8
97 53 -10
36 43 -6
55 56 3
96 94 3
38 89 12
71 37 -16
29 40 -18
48 53 18
6 56 9
92 96 6
50 99 -3
22 0 -4
25 42 6
66 43 8
85 56 -9
24 46 2
43 59 13
84 97 -1
1 62 -3
59 40 4
18 2 -20
78 53 -10
17 43 -1
36 56 15
77 57 20
80 62 5
52 0 -4
10 3 -10
54 46 18
73 59 -13
31 62 -15
3 0 -20
89 3 -4
22 13 15
66 56 8
24 59 10
98 8 -6
43 72 -8
82 0 -15
1 75 18
40 3 -7
17 56 15
58 57 11
77 70 -14
61 62 6
80 75 -19
33 0 5
52 13 -3
93 14 -17
19 65 12
10 16 -7
51 17 -18
54 59 -2
73 72 8
12 62 14
86 11 20
31 75 15
72 76 16
70 3 -14
89 16 8
28 6 4
47 19 -13
88 57 18
5 22 10
79 8 -6
65 73 -5
46 60 4
63 0 -13
82 13 13
49 65 6
68 78 -17
21 3 2
40 16 -8
81 17 14
26 81 -15
58 70 -16
42 62 -7
61 75 -14
0 65 -17
74 14 5
19 78 -12
93 27 -7
32 17 12
51 30 2
35 22 -7
95 73 3
67 11 14
12 75 6
53 76 -17
72 89 -8
70 16 -1
56 81 13
9 6 2
28 19 20
88 70 4
14 84 8
47 32 -8
5 35 -7
46 73 -8
65 86 8
49 78 8
68 91 -20
21 16 -5
62 17 5
7 81 1
81 30 -2
26 94 13
39 33 6
23 25 -9
42 75 -20
83 76 11
0 78 -16
41 79 18
74 27 -14
60 92 16
13 17 16
44 84 5
32 30 -3
16 22 -20
76 36 -20
95 86 -20
34 76 -19
53 89 15
92 17 6
37 81 -20
56 94 6
97 95 -14
9 19 2
50 20 -2
69 33 -8
14 97 -9
27 36 3
30 41 -7
71 79 -17
90 92 3
62 30 -5
7 94 3
48 95 -19
20 33 -1
39 46 8
6 98 19
4 25 -9
23 38 -16
83 89 -17
96 28 -13
41 92 14
25 84 11
99 33 -12
13 30 -9
44 97 -17
16 35 -9
57 36 1
76 49 3
34 89 -1
92 30 10
37 94 -17
78 95 9
50 33 -14
69 46 -17
36 98 -16
8 36 -5
27 49 -14
11 41 -6
71 92 13
30 54 17
84 31 -2
29 95 8
87 36 16
4 38 15
45 39 4
64 52 3
55 3 -9
96 41 14
22 55 -10
25 97 -2
99 46 13
66 98 -19
38 36 -12
57 49 16
98 50 -13
15 52 -19
59 95 18
18 57 -10
17 98 -4
91 47 -13
75 39 7
8 49 -8
94 52 11
11 54 3
52 55 14
84 44 -13
43 6 -1
1 9 -11
87 49 13
45 52 -4
64 65 6
3 55 3
77 4 -18
22 68 -10
80 9 3
38 49 -16
79 50 4
98 63 16
82 55 -12
73 6 -20
31 9 10
91 60 -8
75 52 17
94 65 14
33 55 16
52 68 18
24 6 -9
65 7 18
10 71 -2
68 12 -4
67 53 -12
26 15 -11
86 66 14
58 4 -9
3 68 6
70 58 -14
89 71 7
77 17 7
61 9 16
47 74 2
80 22 -19
19 12 -3
79 63 -11
63 55 -1
82 68 12
21 58 15
95 7 3
40 71 -10
12 9 5
53 10 1
72 23 -3
56 15 20
88 4 -4
33 68 10
74 69 5
93 82 -3
46 7 -2
65 20 -12
10 84 -11
51 85 4
49 12 19
68 25 15
7 15 -13
26 28 1
67 66 -12
86 79 -18
70 71 2
89 84 12
42 9 -6
83 10 -17
28 74 -15
47 87 -3
0 12 19
19 25 -20
60 26 8
5 90 -2
63 68 -19
21 71 4
95 20 -7
62 72 -18
81 85 -19
34 10 6
53 23 -10
72 36 5
39 88 -17
37 15 -18
56 28 14
14 31 -7
74 82 -2
13 72 -16
46 20 18
32 85 -7
51 98 -7
49 25 15
90 26 9
16 77 -10
35 90 -13
7 28 -8
48 29 6
92 72 -10
9 74 -8
83 23 1
28 87 -13
69 88 9
41 26 -13
60 39 8
25 18 -4
44 31 13
2 34 -13
62 85 -19
81 98 -19
34 23 17
20 88 18
37 28 -7
78 29 -9
23 93 -17
97 42 9
14 44 9
55 45 2
96 83 -19
13 85 -17
99 88 2
71 26 10
16 90 -11
90 39 -1
48 42 -10
6 45 20
92 85 14
50 88 -8
41 39 18
8 91 -12
25 31 20
11 96 -1
85 45 13
2 47 -9
84 86 19
43 48 -13
59 29 10
4 93 -19
78 42 18
97 55 -4
17 32 16
36 45 13
55 58 12
71 39 -16
38 91 16
29 42 -8
73 48 -4
6 58 9
22 2 -19
66 45 5
85 58 2
24 48 17
43 61 -3
84 99 -14
1 64 1
59 42 -1
18 4 -10
17 45 18
36 58 -12
77 59 18
80 64 -12
52 2 4
10 5 -9
54 48 -9
73 61 15
12 51 4
86 0 -17
31 64 -8
3 2 -3
89 5 -7
47 8 -7
66 58 -2
24 61 -2
98 10 -2
65 62 5
82 2 19
68 67 18
1 77 -15
40 5 2
58 59 -13
77 72 -18
42 51 15
61 64 7
80 77 17
33 2 -17
74 3 -9
19 67 20
93 16 -3
10 18 -10
51 19 3
54 61 1
95 62 14
67 0 2
12 64 11
86 13 11
31 77 -2
72 78 -7
70 5 1
89 18 15
28 8 1
88 59 11
47 21 12
5 24 7
46 62 14
65 75 -4
63 2 -3
49 67 18
68 80 -20
21 5 -15
7 70 17
81 19 -17
26 83 -10
40 18 15
58 72 -18
42 64 -16
61 77 -19
0 67 10
74 16 20
19 80 5
60 81 6
93 29 -4
13 6 11
32 19 10
51 32 -12
16 11 -17
35 24 -12
95 75 15
34 65 14
67 13 -4
53 78 -11
72 91 6
37 70 -5
70 18 -14
56 83 -16
9 8 19
28 21 -5
69 22 9
14 86 11
88 72 18
5 37 6
46 75 13
49 80 12
90 81 8
62 19 -5
7 83 6
81 32 7
26 96 11
20 22 -5
39 35 -15
23 27 -18
83 78 -16
96 17 -17
41 81 -18
0 80 -10
60 94 20
13 19 -16
99 22 -19
44 86 7
16 24 20
35 37 -11
76 38 1
2 89 20
34 78 -8
53 91 -18
92 19 2
37 83 7
56 96 -6
9 21 3
50 22 12
69 35 3
14 99 3
8 25 -20
27 38 18
30 43 8
71 81 -5
90 94 -16
62 32 -4
29 84 -6
48 97 8
20 35 -14
4 27 -11
23 40 -17
83 91 -1
96 30 -5
41 94 3
25 86 5
99 35 6
44 99 1
38 25 18
57 38 -7
76 51 -15
15 41 16
59 84 18
18 46 12
78 97 20
92 32 19
50 35 12
91 36 -3
8 38 2
94 41 -16
27 51 -2
11 43 11
30 56 -13
71 94 17
84 33 10
29 97 -15
87 38 -2
4 40 13
45 41 13
64 54 9
22 57 -10
25 99 3
57 51 -6
98 52 -12
15 54 9
59 97 -7
18 59 -15
91 49 -6
75 41 18
94 54 -14
52 57 -7
10 60 2
84 46 9
43 8 13
1 11 -18
87 51 -10
45 54 19
86 55 -8
3 57 14
77 6 -8
22 70 7
80 11 5
19 1 -14
79 52 -1
98 65 -1
63 44 -14
82 57 -5
73 8 -2
40 60 -19
31 11 -9
72 12 -4
75 54 -20
33 57 -3
52 70 -5
93 71 13
65 9 10
10 73 -19
49 1 -14
68 14 4
26 17 -13
67 55 2
86 68 12
70 60 6
58 6 -6
89 73 8
61 11 16
47 76 -8
0 1 8
19 14 5
79 65 6
5 79 -17
63 57 -2
82 70 19
21 60 -13
95 9 20
40 73 -8
12 11 -13
53 12 7
72 25 2
56 17 1
14 20 -12
88 6 5
74 71 12
93 84 -16
46 9 -12
65 22 17
32 74 20
51 87 -7
49 14 12
68 27 1
35 79 1
7 17 12
26 30 -10
67 68 8
70 73 -14
9 63 -14
42 11 -9
28 76 -2
83 12 -1
47 89 -15
0 14 -12
41 15 4
60 28 15
5 92 -6
44 20 -9
21 73 6
95 22 10
62 74 -8
81 87 14
34 12 1
53 25 5
39 90 -13
37 17 12
56 30 9
97 31 -1
14 33 9
74 84 19
13 74 8
32 87 -15
71 15 19
16 79 5
90 28 5
35 92 -18
7 30 -3
48 31 -3
6 34 18
92 74 11
9 76 -4
83 25 -15
28 89 -4
69 90 -12
41 28 4
60 41 17
27 93 10
25 20 -8
44 33 -5
30 98 15
2 36 -11
62 87 2
34 25 -12
20 90 -1
4 82 -12
78 31 -15
23 95 -3
97 44 16
37 30 8
36 34 -14
55 47 -18
96 85 -15
13 87 6
99 90 6
71 28 20
16 92 -5
90 41 13
57 93 -1
29 31 -11
48 44 -6
6 47 -7
92 87 18
50 90 -19
8 93 -11
25 33 4
66 34 20
11 98 5
85 47 20
2 49 18
84 88 8
43 50 -18
1 53 -4
87 93 20
59 31 -7
4 95 15
78 44 2
17 34 -11
36 47 -2
96 98 -16
55 60 1
38 93 3
29 44 -15
73 50 6
64 1 8
31 53 6
22 4 10
66 47 -4
85 60 -9
24 50 5
43 63 -5
1 66 13
59 44 -19
17 47 3
58 48 7
77 61 -8
61 53 11
94 1 -3
80 66 -16
52 4 -15
93 5 9
10 7 8
54 50 1
73 63 20
12 53 14
86 2 -8
31 66 19
3 4 4
89 7 4
88 48 8
47 10 20
24 63 -4
65 64 -5
82 4 7
68 69 -6
40 7 -19
26 72 -8
58 61 -13
77 74 -19
42 53 -3
61 66 8
80 79 3
0 56 18
74 5 11
19 69 2
93 18 -15
33 4 -3
32 8 16
51 21 10
54 63 4
95 64 5
67 2 -16
12 66 -19
53 67 -12
86 15 16
72 80 -16
70 7 2
89 20 -18
56 72 6
28 10 4
88 61 7
47 23 -12
5 26 -13
46 64 -3
65 77 16
63 4 18
49 69 8
68 82 -1
21 7 3
62 8 3
7 72 11
81 21 -20
26 85 -2
39 24 -8
42 66 20
83 67 8
0 69 -14
74 18 -3
19 82 10
60 83 -15
13 8 4
32 21 10
51 34 -4
16 13 -3
35 26 12
95 77 12
34 67 3
53 80 -10
72 93 -10
92 8 -20
37 72 -13
56 85 -2
9 10 10
28 23 -14
69 24 8
14 88 -2
5 39 -6
46 77 16
49 82 5
90 83 16
62 21 -10
7 85 15
48 86 11
81 34 -8
20 24 -15
39 37 5
23 29 -16
83 80 17
96 19 -14
41 83 -9
60 96 3
13 21 -14
99 24 -3
44 88 15
25 75 6
16 26 1
2 91 -8
76 40 -4
34 80 -2
92 21 15
37 85 14
78 86 -16
97 99 3
50 24 10
69 37 -2
8 27 11
27 40 -10
11 32 -17
30 45 9
71 83 8
90 96 -4
84 22 7
29 86 -2
48 99 -3
87 27 15
20 37 -6
4 29 -6
23 42 20
64 43 11
96 32 11
41 96 -12
25 88 -8
99 37 13
38 27 20
57 40 11
76 53 14
15 43 -5
18 48 17
59 86 2
78 99 -14
17 89 -11
91 38 -13
50 37 -8
8 40 2
94 43 1
27 53 -13
11 45 5
71 96 19
30 58 3
84 35 -10
29 99 14
1 0 17
87 40 -16
45 43 11
64 56 13
3 46 16
22 59 -15
80 0 -11
38 40 -8
79 41 2
98 54 5
15 56 -19
59 99 16
18 61 11
31 0 16
91 51 -6
75 43 10
94 56 -18
33 46 7
52 59 -3
10 62 11
68 3 -1
1 13 -16
45 56 8
86 57 -8
3 59 -17
77 8 -17
22 72 -8
89 62 8
61 0 -20
80 13 11
19 3 13
79 54 11
98 67 12
63 46 15
82 59 17
40 62 8
12 0 10
31 13 6
72 14 6
75 56 4
33 59 11
52 72 7
93 73 -13
65 11 8
10 75 -16
51 76 8
49 3 1
68 16 -5
7 6 6
26 19 14
67 57 -4
86 70 -15
58 8 -9
70 62 3
89 75 -16
42 0 12
28 65 7
61 13 -18
47 78 14
0 3 -19
19 16 -15
60 17 16
5 81 1
63 59 -7
21 62 7
95 11 14
40 75 -13
81 76 8
34 1 3
53 14 20
72 27 -6
37 6 12
56 19 -8
88 8 -15
14 22 2
74 73 -12
93 86 1
46 11 -7
32 76 5
51 89 16
49 16 8
90 17 -16
35 81 12
7 19 6
67 70 -7
26 32 -12
70 75 10
9 65 -15
83 14 -20
28 78 -17
47 91 8
0 16 11
41 17 -9
60 30 15
5 94 -4
44 22 12
2 25 -5
21 75 -13
62 76 6
81 89 -18
34 14 -7
20 79 -19
53 27 -13
39 92 16
37 19 18
56 32 -15
97 33 -8
23 84 -13
14 35 -13
55 36 -5
13 76 -2
32 89 16
71 17 -10
16 81 -5
90 30 16
35 94 -11
76 95 -3
29 20 -11
48 33 -15
6 36 2
92 76 2
9 78 -1
50 79 11
83 27 -16
69 92 3
41 30 5
27 95 17
25 22 10
44 35 18
85 36 1
2 38 5
62 89 13
20 92 17
59 20 -12
4 84 17
78 33 12
23 97 5
97 46 -15
96 87 -8
55 49 -11
13 89 11
99 92 -19
71 30 -12
16 94 19
57 95 17
29 33 -15
48 46 -14
15 98 -11
6 49 7
92 89 -17
50 92 16
8 95 2
25 35 -6
66 36 9
85 49 -1
24 39 3
84 90 -7
43 52 3
87 95 18
1 55 10
59 33 10
4 97 -1
45 98 -14
78 46 9
17 36 -8
36 49 -6
77 50 16
80 55 19
38 95 -16
54 39 -3
73 52 -7
31 55 9
22 6 4
75 98 -4
66 49 -17
24 52 -17
98 1 1
43 65 6
1 68 17
17 49 5
58 50 3
77 63 -7
61 55 -2
80 68 17
52 6 18
93 7 -2
19 58 -18
10 9 10
54 52 6
73 65 3
12 55 -10
86 4 8
31 68 -14
72 69 -12
89 9 -9
47 12 -9
88 50 -1
79 1 -7
46 53 5
65 66 -7
5 15 -18
49 58 17
82 6 1
68 71 10
40 9 -5
26 74 15
58 63 8
42 55 -3
61 68 -4
0 58 14
74 7 -11
19 71 -7
93 20 10
32 10 17
51 23 -20
35 15 -15
95 66 -13
67 4 13
12 68 20
53 69 16
72 82 11
70 9 15
56 74 8
28 12 -11
88 63 -14
47 25 -13
5 28 -6
46 66 7
65 79 -6
49 71 10
68 84 19
21 9 20
62 10 -18
7 74 11
81 23 7
26 87 20
39 26 -13
42 68 -15
83 69 3
0 71 -5
74 20 1
41 72 -2
60 85 -3
13 10 5
32 23 -7
44 77 -6
51 36 16
16 15 -16
35 28 9
95 79 12
34 69 -19
53 82 -17
92 10 -15
37 74 -6
56 87 10
97 88 -4
9 12 -10
50 13 17
69 26 -3
14 90 -17
27 29 20
71 72 7
30 34 4
90 85 4
62 23 9
7 87 -16
48 88 11
20 26 -5
4 18 16
23 31 -13
83 82 -9
96 21 -10
41 85 9
60 98 -14
25 77 2
99 26 -20
44 90 9
13 23 -7
16 28 7
57 29 -8
2 93 6
76 42 19
34 82 -8
92 23 -1
37 87 12
78 88 -18
50 26 -2
69 39 1
36 91 -11
8 29 -4
27 42 20
11 34 -2
30 47 -9
71 85 14
90 98 7
84 24 17
29 88 -4
87 29 -4
4 31 6
23 44 15
64 45 9
22 48 5
96 34 4
25 90 20
99 39 5
66 91 9
38 29 -18
57 42 10
76 55 1
15 45 13
18 50 -1
59 88 6
17 91 -6
91 40 -5
8 42 20
94 45 -11
11 47 -7
52 48 2
84 37 -7
87 42 -9
1 2 -12
64 58 -11
3 48 -1
22 61 -20
80 2 7
38 42 12
79 43 -15
98 56 18
82 48 5
15 58 -14
18 63 -20
31 2 8
91 53 16
75 45 3
94 58 4
33 48 -9
52 61 18
65 0 -7
10 64 9
68 5 8
26 8 -3
45 58 -17
86 59 14
3 61 -8
89 64 -4
77 10 5
61 2 -3
47 67 8
80 15 -14
19 5 -9
79 56 7
63 48 9
82 61 -3
21 51 13
95 0 -20
40 64 7
12 2 3
53 3 -12
72 16 7
56 8 -19
33 61 14
74 62 -3
93 75 6
46 0 -19
65 13 15
10 77 -20
51 78 -2
49 5 9
68 18 -18
7 8 -4
67 59 -9
26 21 5
86 72 -10
70 64 -20
89 77 2
42 2 5
83 3 17
28 67 14
47 80 -19
0 5 14
19 18 -14
60 19 -7
5 83 6
63 61 17
21 64 -12
95 13 6
40 77 11
81 78 12
34 3 16
53 16 16
39 81 -4
72 29 4
37 8 -15
56 21 -2
14 24 15
74 75 8
93 88 8
13 65 -8
46 13 -17
32 78 -7
51 91 4
49 18 2
90 19 15
16 70 -13
35 83 5
7 21 -19
48 22 18
70 77 -11
9 67 -17
83 16 -10
28 80 1
69 81 -17
41 19 -3
60 32 6
5 96 20
25 11 -8
44 24 -19
2 27 10
62 78 -18
81 91 -16
34 16 20
20 81 -17
39 94 2
37 21 4
78 22 6
23 86 -7
97 35 -12
14 37 -1
55 38 -13
96 76 -2
13 78 -20
99 81 -16
32 91 9
71 19 -13
16 83 8
90 32 19
35 96 -5
76 97 17
29 22 -16
48 35 16
92 78 -15
6 38 1
9 80 19
50 81 -20
69 94 -15
41 32 19
8 84 -19
27 97 -8
25 24 17
11 89 -10
44 37 -17
85 38 -7
2 40 -16
43 41 -14
62 91 -8
20 94 -3
59 22 1
4 86 -6
78 35 1
23 99 15
97 48 -9
17 25 2
36 38 3
55 51 -13
96 89 -1
99 94 -4
71 32 -9
38 84 -13
57 97 17
29 35 -9
73 41 19
6 51 12
50 94 -8
91 95 -3
8 97 -9
66 38 15
85 51 -12
24 41 -3
84 92 -18
43 54 -7
1 57 13
87 97 15
59 35 -12
4 99 9
17 38 1
36 51 -10
77 52 -9
80 57 -13
38 97 -16
54 41 -1
73 54 17
12 44 5
31 57 -19
22 8 13
66 51 11
24 54 2
65 55 -19
98 3 5
68 60 -1
1 70 -20
58 52 -13
77 65 19
42 44 20
61 57 -14
80 70 -9
19 60 -20
93 9 8
10 11 4
51 12 -17
95 55 -12
12 57 -7
86 6 2
31 70 18
72 71 -9
89 11 18
28 1 8
47 14 -8
88 52 -19
46 55 13
5 17 -14
65 68 -8
49 60 -11
68 73 -13
7 63 -15
81 12 20
40 11 -17
26 76 -1
58 65 6
42 57 -4
61 70 -15
0 60 18
74 9 -15
19 73 19
60 74 -7
93 22 5
32 12 5
51 25 -10
35 17 15
95 68 6
34 58 17
67 6 -16
53 71 7
72 84 5
37 63 13
70 11 2
56 76 16
9 1 8
28 14 -19
47 27 -19
88 65 14
14 79 8
5 30 -2
46 68 6
49 73 8
90 74 12
62 12 17
7 76 -12
81 25 -1
26 89 -20
20 15 1
39 28 -6
23 20 -3
83 71 -8
96 10 -10
0 73 -18
41 74 -10
60 87 15
13 12 -13
44 79 -16
32 25 11
16 17 14
35 30 11
76 31 -12
34 71 5
53 84 4
92 12 12
37 76 -11
56 89 11
97 90 3
9 14 16
50 15 18
69 28 -14
14 92 13
27 31 11
30 36 -1
71 74 -13
90 87 -6
62 25 -1
29 77 14
48 90 1
20 28 16
39 41 -2
6 93 5
4 20 19
23 33 -1
83 84 13
96 23 -2
41 87 17
25 79 -20
99 28 -9
44 92 -16
85 93 20
16 30 -9
57 31 -2
2 95 -12
76 44 -7
15 34 5
18 39 -12
92 25 6
78 90 -17
59 77 -16
50 28 -8
69 41 -16
36 93 -11
8 31 -10
27 44 4
11 36 10
71 87 -17
30 49 -3
84 26 -15
29 90 17
87 31 9
4 33 5
45 34 5
64 47 20
22 50 -5
25 92 3
66 93 -7
38 31 16
57 44 -1
98 45 -12
15 47 17
59 90 3
18 52 15
17 93 9
91 42 8
75 34 -13
8 44 15
94 47 3
11 49 13
52 50 4
43 1 10
10 53 1
84 39 -16
87 44 -17
54 96 12
1 4 -9
45 47 -10
64 60 9
3 50 1
22 63 14
80 4 17
79 45 -18
98 58 -16
82 50 8
73 1 -9
40 53 -5
31 4 -15
72 5 -10
75 47 2
94 60 -1
33 50 7
52 63 16
93 64 14
65 2 10
10 66 13
68 7 -8
26 10 -11
67 48 11
86 61 15
70 53 -5
3 63 2
89 66 17
61 4 -14
47 69 18
19 7 -20
5 72 -4
79 58 6
63 50 14
82 63 4
21 53 -1
95 2 1
40 66 -12
12 4 -5
53 5 20
72 18 -10
56 10 18
14 13 -9
33 63 7
74 64 -7
93 77 -10
46 2 11
32 67 -17
65 15 -20
51 80 -1
49 7 -13
68 20 18
35 72 -12
7 10 -15
26 23 -16
67 61 17
86 74 -5
70 66 -4
89 79 17
42 4 5
83 5 -16
28 69 -10
9 56 -4
47 82 -13
0 7 4
41 8 -17
60 21 -5
5 85 -9
44 13 -9
21 66 14
62 67 -13
95 15 -10
81 80 -16
34 5 3
53 18 -6
39 83 19
37 10 6
56 23 13
97 24 -14
14 26 13
74 77 -19
13 67 -8
32 80 8
51 93 -11
71 8 -6
16 72 -1
90 21 -14
35 85 16
7 23 -3
48 24 -10
6 27 14
92 67 9
9 69 12
83 18 -6
28 82 -9
69 83 -6
41 21 1
27 86 19
60 34 1
25 13 -8
44 26 8
30 91 -17
2 29 -14
62 80 10
81 93 12
34 18 18
20 83 -16
39 96 19
37 23 8
78 24 -14
4 75 2
97 37 -11
23 88 14
36 27 -1
96 78 9
55 40 -12
13 80 2
99 83 -14
71 21 13
16 85 14
57 86 -2
90 34 18
76 99 3
29 24 -11
48 37 -18
6 40 -16
92 80 -6
50 83 -9
69 96 -15
8 86 -1
27 99 -5
25 26 -8
66 27 9
11 91 -5
85 40 6
2 42 17
84 81 -7
87 86 5
20 96 18
59 24 -17
4 88 17
78 37 20
17 27 -13
36 40 2
55 53 -3
96 91 18
99 96 7
38 86 4
57 99 2
29 37 12
73 43 13
31 46 -11
50 96 -16
91 97 17
8 99 12
66 40 17
85 53 11
24 43 -3
43 56 -4
84 94 -19
1 59 -5
87 99 -15
59 37 -6
17 40 1
58 41 -2
77 54 -18
61 46 -17
80 59 2
38 99 19
10 0 -19
54 43 -18
73 56 10
12 46 -18
31 59 19
89 0 19
47 3 -12
88 41 -12
24 56 -8
65 57 16
68 62 16
40 0 -18
58 54 -20
77 67 20
42 46 20
61 59 9
80 72 12
0 49 7
19 62 -16
93 11 3
10 13 -13
51 14 -6
54 56 -20
95 57 -1
12 59 19
53 60 18
86 8 -11
72 73 -3
70 0 12
89 13 10
28 3 20
47 16 2
88 54 -14
46 57 -18
5 19 -12
65 70 14
49 62 -18
68 75 -6
21 0 -11
7 65 -2
40 13 -14
26 78 19
81 14 11
39 17 20
42 59 -19
83 60 16
0 62 14
74 11 20
19 75 3
93 24 12
60 76 -12
13 1 -5
32 14 3
51 27 -6
16 6 -11
35 19 -10
95 70 18
34 60 10
53 73 15
72 86 18
37 65 5
56 78 -19
9 3 -5
28 16 15
69 17 5
14 81 -2
5 32 -19
46 70 -6
49 75 -8
90 76 -15
62 14 -14
7 78 12
81 27 -18
26 91 -7
20 17 -19
39 30 9
23 22 -14
83 73 -20
96 12 4
41 76 -12
60 89 13
13 14 12
99 17 -10
44 81 -17
32 27 -20
25 68 -14
16 19 -20
35 32 17
76 33 -8
2 84 -4
34 73 12
92 14 -3
37 78 -14
78 79 -17
97 92 17
9 16 -10
50 17 20
69 30 1
14 94 -20
55 95 -5
8 20 14
27 33 -20
11 25 -12
71 76 8
30 38 3
90 89 6
29 79 18
48 92 -15
20 30 -10
6 95 5
4 22 -14
23 35 -4
64 36 19
96 25 18
41 89 10
25 81 20
99 30 8
44 94 -15
85 95 13
38 20 -6
57 33 -17
2 97 -18
76 46 -13
15 36 -6
59 79 -14
18 41 13
78 92 19
50 30 -17
91 31 -13
36 95 -5
8 33 10
94 36 -18
27 46 20
11 38 11
71 89 5
30 51 -17
84 28 -19
29 92 -1
87 33 7
4 35 15
45 36 11
64 49 13
3 39 -16
22 52 18
66 95 18
38 33 -19
57 46 16
24 98 -20
98 47 5
15 49 -4
59 92 16
18 54 -2
17 95 13
91 44 -14
75 36 7
94 49 1
33 39 6
10 55 -20
87 46 13
1 6 -16
54 98 6
45 49 -13
86 50 -2
3 52 -7
77 1 -12
22 65 8
89 55 19
80 6 10
79 47 10
98 60 7
63 39 19
82 52 12
40 55 7
31 6 -2
72 7 7
75 49 -20
33 52 13
52 65 -18
93 66 2
65 4 10
10 68 -19
51 69 18
68 9 3
26 12 16
67 50 -6
86 63 -12
58 1 -1
70 55 -15
89 68 -11
28 58 -6
61 6 -5
47 71 9
19 9 10
60 10 -5
79 60 18
5 74 -15
63 52 -11
82 65 -7
21 55 3
95 4 -4
40 68 20
81 69 15
53 7 13
72 20 -20
56 12 7
88 1 -6
14 15 7
74 66 -8
93 79 -11
46 4 11
32 69 -7
51 82 1
49 9 14
90 10 -4
35 74 -2
7 12 -14
26 25 -19
67 63 -20
70 68 11
9 58 -2
83 7 16
28 71 -10
47 84 -20
0 9 -2
41 10 9
60 23 -3
5 87 -15
44 15 -11
21 68 -7
62 69 16
81 82 4
34 7 14
53 20 -18
20 72 5
39 85 6
37 12 2
23 77 4
97 26 19
56 25 7
14 28 -17
55 29 3
74 79 7
13 69 -18
32 82 6
71 10 2
16 74 -12
90 23 -3
35 87 1
76 88 -16
29 13 3
48 26 -9
6 29 -17
92 69 15
9 71 -1
83 20 13
50 72 4
69 85 -20
41 23 9
27 88 -19
25 15 -6
44 28 -18
85 29 -19
30 93 -13
2 31 -2
62 82 -13
20 85 -12
39 98 -8
59 13 12
4 77 17
78 26 15
23 90 11
97 39 -17
36 29 -3
55 42 17
96 80 15
13 82 -5
99 85 9
71 23 20
16 87 -13
57 88 -13
29 26 -11
48 39 8
15 91 1
92 82 -16
18 96 -8
6 42 -8
50 85 16
69 98 -19
8 88 -14
25 28 -5
66 29 8
11 93 -14
85 42 20
24 32 9
84 83 19
43 45 17
1 48 10
87 88 -15
59 26 10
4 90 14
45 91 16
78 39 19
17 29 12
36 42 12
77 43 -9
96 93 -8
99 98 -17
38 88 7
54 32 13
73 45 3
31 48 -15
91 99 6
75 91 15
66 42 9
24 45 16
84 96 14
43 58 11
1 61 -13
17 42 4
58 43 -6
77 56 -2
61 48 -11
80 61 14
93 0 -20
10 2 16
54 45 -12
73 58 -12
12 48 -8
31 61 2
89 2 -20
88 43 -10
47 5 10
5 8 3
65 59 14
49 51 9
68 64 12
40 2 4
26 67 -19
58 56 -8
42 48 15
0 51 7
74 0 16
19 64 -12
93 13 4
32 3 17
51 16 15
35 8 13
95 59 -16
12 61 -13
53 62 -16
72 75 18
70 2 9
56 67 -14
89 15 -19
28 5 12
88 56 -16
47 18 20
5 21 -10
46 59 10
65 72 7
49 64 -10
68 77 -14
21 2 -1
62 3 -3
7 67 -17
81 16 12
26 80 -13
39 19 20
42 61 -15
83 62 -15
0 64 -2
74 13 13
60 78 17
13 3 1
32 16 -20
51 29 -17
16 8 16
35 21 -8
95 72 15
34 62 -11
53 75 -8
92 3 16
37 67 -8
56 80 5
9 5 -17
28 18 -4
69 19 8
14 83 -14
27 22 6
30 27 -18
71 65 -3
90 78 14
62 16 6
7 80 19
48 81 20
81 29 18
20 19 -14
39 32 -19
4 11 -16
23 24 -20
83 75 16
96 14 2
41 78 19
60 91 -19
13 16 -19
99 19 3
44 83 -15
25 70 -5
16 21 -3
57 22 8
2 86 12
76 35 3
34 75 15
92 16 19
37 80 -15
78 81 5
97 94 12
50 19 13
69 32 -9
14 96 2
55 97 -17
8 22 3
27 35 -6
11 27 -1
30 40 14
71 78 11
90 91 -9
84 17 -12
29 81 19
48 94 9
87 22 13
20 32 -19
6 97 -4
4 24 -2
23 37 12
64 38 8
22 41 -18
96 27 -13
25 83 19
99 32 -20
44 96 -1
85 97 -5
38 22 -2
57 35 -16
2 99 -10
76 48 6
15 38 -1
59 81 16
18 43 -15
78 94 3
50 32 -7
91 33 19
36 97 -14
17 84 -5
8 35 -9
94 38 -1
11 40 13
52 41 5
84 30 15
29 94 -2
87 35 -11
45 38 -4
64 51 -17
3 41 -5
22 54 -12
66 97 17
38 35 17
79 36 15
98 49 2
82 41 4
15 51 10
18 56 13
59 94 8
17 97 -11
91 46 8
75 38 19
94 51 14
33 41 -5
52 54 5
10 57 -8
45 51 -9
86 52 9
3 54 -18
89 57 6
77 3 -13
80 8 -3
47 60 -4
79 49 9
98 62 18
63 41 6
82 54 19
21 44 -2
40 57 -5
72 9 -12
56 1 -5
75 51 -20
33 54 16
74 55 9
93 68 2
65 6 -7
10 70 16
51 71 12
68 11 13
7 1 -15
67 52 -15
26 14 -12
86 65 -3
70 57 -15
89 70 -19
28 60 -3
47 73 13
19 11 -19
60 12 18
5 76 -19
63 54 16
21 57 -11
95 6 11
40 70 -17
81 71 17
53 9 12
39 74 4
72 22 -15
37 1 7
56 14 -8
14 17 -5
74 68 -11
93 81 -9
13 58 10
46 6 -13
32 71 6
51 84 -14
16 63 9
90 12 -10
49 11 -12
35 76 -8
7 14 -3
48 15 -16
67 65 8
9 60 14
83 9 -13
28 73 11
69 74 15
41 12 16
60 25 12
5 89 -11
25 4 -18
44 17 13
2 20 4
62 71 6
81 84 -3
34 9 7
20 74 -4
39 87 -5
37 14 15
78 15 8
23 79 -15
97 28 14
14 30 5
55 31 12
96 69 5
13 71 3
99 74 4
32 84 6
71 12 1
16 76 -17
90 25 14
35 89 -11
76 90 -2
29 15 -10
48 28 -13
6 31 -13
92 71 2
9 73 -19
50 74 4
69 87 -20
8 77 13
41 25 -5
27 90 4
25 17 -10
44 30 5
85 31 -6
30 95 5
11 82 -6
2 33 -19
62 84 -4
20 87 -1
59 15 -16
4 79 -10
78 28 12
23 92 -8
97 41 -19
64 93 16
17 18 5
36 31 -6
55 44 14
96 82 12
99 87 -8
71 25 -20
38 77 -11
57 90 -10
29 28 20
15 93 16
73 34 18
18 98 -2
92 84 -5
6 44 -15
50 87 8
91 88 -11
8 90 -15
94 93 7
66 31 20
11 95 8
85 44 20
24 34 4
84 85 3
43 47 19
87 90 -11
1 50 6
59 28 8
4 92 -8
45 93 -1
17 31 -19
36 44 19
77 45 -2
3 96 -2
80 50 -9
38 90 -1
54 34 -9
73 47 -8
31 50 -6
75 93 -10
22 1 12
66 44 2
33 96 7
24 47 -11
84 98 -19
1 63 18
58 45 -14
77 58 -17
42 37 -11
61 50 -13
80 63 -5
52 1 -10
93 2 -20
19 53 2
10 4 -17
51 5 -15
63 96 1
54 47 5
95 48 11
12 50 -2
31 63 -6
72 64 -4
89 4 1
47 7 12
88 45 -7
46 48 -19
5 10 9
65 61 -8
82 1 15
49 53 -20
68 66 11
40 4 -10
81 5 -10
26 69 13
42 50 19
61 63 -19
0 53 20
74 2 16
19 66 -13
93 15 -10
32 5 1
51 18 19
35 10 14
95 61 -13
53 64 -12
72 77 -14
70 4 15
56 69 -3
28 7 2
88 58 -13
47 20 -3
14 72 19
46 61 9
5 23 -12
49 66 6
68 79 -4
21 4 18
62 5 -13
7 69 12
81 18 11
26 82 -3
20 8 4
39 21 -3
23 13 17
83 64 9
0 66 -3
74 15 -9
41 67 -15
60 80 20
13 5 20
32 18 12
44 72 -11
16 10 -16
35 23 20
76 24 6
34 64 6
53 77 -8
92 5 -15
37 69 -6
56 82 -8
97 83 9
9 7 -2
50 8 -3
69 21 -12
14 85 14
27 24 -20
30 29 16
71 67 1
90 80 -11
62 18 6
7 82 -14
48 83 -17
20 21 -11
39 34 -15
6 86 -9
4 13 -10
23 26 -4
83 77 16
96 16 -20
41 80 -13
60 93 7
25 72 19
99 21 -1
13 18 10
44 85 -3
16 23 -16
57 24 15
2 88 15
76 37 -11
15 27 -3
18 32 2
92 18 -14
78 83 11
97 96 -12
50 21 -11
69 34 14
36 86 -18
55 99 -14
8 24 -7
27 37 -8
11 29 6
71 80 5
30 42 18
84 19 1
29 83 18
48 96 12
87 24 -16
6 99 -4
4 26 -19
45 27 -18
64 40 -14
22 43 -10
96 29 15
25 85 19
99 34 -6
66 86 15
85 99 6
38 24 10
57 37 -2
98 38 19
15 40 5
18 45 13
59 83 12
78 96 -20
17 86 8
91 35 17
36 99 -5
75 27 19
8 37 -7
94 40 12
11 42 4
52 43 -17
84 32 -9
29 96 14
10 46 12
87 37 19
45 40 5
64 53 20
3 43 -17
22 56 8
66 99 -3
38 37 6
79 38 -8
98 51 -13
82 43 -4
40 46 -12
17 99 9
91 48 -12
75 40 12
94 53 10
33 43 -7
52 56 -18
93 57 2
10 59 -7
68 0 -9
26 3 10
67 41 -8
86 54 4
70 46 -14
3 56 12
89 59 -16
47 62 -20
19 0 2
79 51 4
5 65 -7
63 43 -15
82 56 -19
21 46 -9
40 59 15
72 11 20
56 3 -16
33 56 -16
74 57 11
93 70 -2
65 8 4
32 60 -20
51 73 -14
49 0 -6
68 13 -15
35 65 -16
7 3 3
26 16 -16
67 54 -9
86 67 -2
70 59 -2
89 72 7
9 49 15
28 62 8
47 75 -17
41 1 6
60 14 -18
5 78 -13
63 56 -7
21 59 -8
62 60 6
95 8 2
81 73 8
53 11 -19
39 76 -2
37 3 8
56 16 7
14 19 3
74 70 17
13 60 12
32 73 -4
51 86 15
71 1 6
16 65 2
90 14 18
35 78 13
7 16 -8
48 17 7
92 60 -18
9 62 19
83 11 -15
28 75 -14
69 76 11
41 14 -2
27 79 8
60 27 8
25 6 -18
44 19 18
30 84 17
2 22 15
62 73 9
81 86 -11
34 11 -5
20 76 -7
39 89 6
4 68 9
78 17 15
23 81 14
37 16 9
97 30 -5
14 32 -11
96 71 20
55 33 6
13 73 12
99 76 10
71 14 1
16 78 2
90 27 -7
57 79 -7
76 92 -10
29 17 -20
48 30 2
6 33 -10
92 73 -3
50 76 -4
69 89 13
8 79 -2
27 92 15
25 19 8
66 20 18
11 84 -12
85 33 -20
30 97 -17
2 35 -18
43 36 14
84 74 17
87 79 -12
20 89 9
59 17 3
4 81 -16
78 30 -20
23 94 11
64 95 -1
17 20 -11
36 33 -15
55 46 -11
96 84 1
99 89 20
38 79 -20
57 92 7
29 30 -9
15 95 12
73 36 -15
6 46 -9
50 89 -5
91 90 -1
8 92 13
94 95 -19
66 33 16
11 97 -7
52 98 19
85 46 19
24 36 -2
84 87 2
43 49 5
1 52 17
87 92 17
59 30 -16
45 95 -1
17 33 13
3 98 9
77 47 8
80 52 -18
38 92 6
79 93 3
82 98 -17
54 36 -15
73 49 -17
12 39 -19
31 52 -18
75 95 19
88 34 10
33 98 15
24 49 15
65 50 4
68 55 16
1 65 -6
58 47 -2
77 60 -18
42 39 -8
61 52 6
80 65 -5
19 55 6
93 4 -11
10 6 -17
63 98 13
51 7 3
54 49 -4
95 50 -7
12 52 11
86 1 10
31 65 -4
72 66 -7
89 6 3
47 9 2
88 47 -4
5 12 -9
46 50 -6
65 63 2
49 55 20
40 6 3
7 58 7
26 71 15
81 7 -19
39 10 5
42 52 3
0 55 -12
74 4 -11
19 68 -9
60 69 -12
93 17 -18
32 7 20
51 20 -8
35 12 -9
95 63 7
34 53 5
67 1 -3
53 66 -15
72 79 16
70 6 -16
37 58 13
56 71 11
28 9 -16
69 10 15
14 74 -5
46 63 -8
5 25 14
49 68 -19
90 69 -17
62 7 3
7 71 9
81 20 -16
26 84 1
20 10 20
39 23 -11
23 15 4
83 66 18
96 5 7
41 69 -5
0 68 10
60 82 -13
13 7 16
99 10 -20
44 74 13
32 20 -11
16 12 14
2 77 -18
76 26 -8
35 25 -2
34 66 -10
53 79 -9
92 7 -5
37 71 -10
56 84 5
97 85 13
50 10 -5
69 23 -6
14 87 7
55 88 -13
8 13 -20
27 26 -1
11 18 -6
30 31 -7
71 69 15
90 82 -9
29 72 8
62 20 -7
48 85 6
20 23 -16
6 88 20
4 15 15
23 28 -12
64 29 10
96 18 -5
41 82 -16
25 74 -12
99 23 13
44 87 -11
85 88 -16
38 13 -4
57 26 9
2 90 -12
76 39 12
15 29 15
59 72 -9
18 34 -10
92 20 10
78 85 -13
97 98 -12
50 23 -18
91 24 19
36 88 17
8 26 -16
94 29 -2
27 39 -6
11 31 -6
71 82 18
30 44 8
84 21 -17
29 85 -9
48 98 -1
87 26 5
4 28 5
45 29 -1
64 42 7
3 32 -14
22 45 -7
25 87 1
66 88 8
38 26 -4
57 39 12
98 40 -20
24 91 13
15 42 -20
18 47 19
59 85 -6
78 98 -20
17 88 -15
91 37 14
75 29 15
94 42 4
33 32 10
52 45 10
10 48 9
84 34 -1
87 39 16
54 91 3
45 42 -16
86 43 13
3 45 -7
89 48 18
22 58 20
79 40 -3
98 53 16
63 32 4
82 45 6
40 48 11
72 0 -18
75 42 -8
33 45 -13
52 58 9
93 59 10
10 61 11
51 62 7
68 2 -10
67 43 20
26 5 11
86 56 -7
70 48 -7
89 61 14
28 51 -14
47 64 -16
19 2 -10
79 53 8
5 67 -2
63 45 -15
82 58 -6
21 48 -9
40 61 12
81 62 -13
53 0 -7
72 13 8
56 5 -3
14 8 17
74 59 18
93 72 5
32 62 -13
51 75 -14
49 2 -3
90 3 7
35 67 13
7 5 -11
67 56 9
26 18 -13
70 61 -4
9 51 -17
83 0 -11
28 64 -6
47 77 18
0 2 -4
41 3 20
60 16 15
5 80 -12
44 8 11
21 61 10
81 75 8
34 0 8
53 13 -10
20 65 -6
39 78 -18
37 5 17
23 70 17
56 18 1
97 19 16
14 21 -4
74 72 3
13 62 20
32 75 -12
71 3 1
16 67 -3
90 16 1
35 80 1
76 81 -12
48 19 -5
6 22 -16
92 62 1
9 64 5
83 13 16
50 65 16
69 78 -9
41 16 11
27 81 15
25 8 6
44 21 14
30 86 9
2 24 17
62 75 -7
20 78 -19
39 91 -14
59 6 10
4 70 3
78 19 14
23 83 -8
97 32 -2
36 22 -18
55 35 -2
96 73 -17
13 75 19
99 78 -16
71 16 5
16 80 -11
57 81 -20
76 94 -12
29 19 -20
48 32 -16
15 84 -20
6 35 -5
92 75 -14
50 78 -9
69 91 -17
8 81 -2
27 94 2
25 21 4
66 22 6
11 86 -20
85 35 14
30 99 -2
2 37 -13
84 76 15
43 38 7
1 41 10
87 81 -17
59 19 -18
4 83 14
45 84 -16
78 32 -7
64 97 -16
17 22 -10
36 35 11
96 86 19
55 48 -3
99 91 2
38 81 8
57 94 3
98 95 8
15 97 -10
73 38 3
31 41 12
91 92 -3
75 84 13
8 94 16
94 97 13
66 35 15
11 99 1
24 38 9
43 51 -9
84 89 -19
87 94 -10
1 54 9
45 97 -15
17 35 8
58 36 16
77 49 -5
61 41 7
80 54 -10
38 94 14
79 95 -2
54 38 6
73 51 -20
12 41 7
31 54 -17
75 97 6
88 36 13
5 1 -12
24 51 15
65 52 7
68 57 20
67 98 -16
26 60 -8
58 49 20
77 62 14
42 41 -11
61 54 -12
80 67 2
0 44 -1
19 57 8
93 6 -7
51 9 9
35 1 15
95 52 20
12 54 2
86 3 -1
53 55 -18
72 68 -9
89 8 12
56 60 -4
88 49 9
47 11 -11
5 14 12
46 52 -7
49 57 18
68 70 2
7 60 -9
81 9 15
26 73 -7
39 12 -6
42 54 10
83 55 -2
0 57 10
74 6 -7
19 70 14
60 71 -8
32 9 -14
51 22 -16
16 1 2
35 14 14
95 65 -8
34 55 -6
53 68 18
72 81 19
37 60 10
56 73 -5
28 11 6
69 12 14
14 76 10
27 15 6
46 65 -18
30 20 17
49 70 -13
90 71 7
62 9 9
7 73 19
48 74 -12
81 22 -13
20 12 -10
39 25 -2
23 17 9
83 68 -15
96 7 11
41 71 -13
60 84 -16
13 9 19
99 12 -5
44 76 9
25 63 13
16 14 15
57 15 -12
2 79 -9
76 28 12
34 68 -3
92 9 10
37 73 -8
78 74 7
97 87 -17
50 12 -8
69 25 -4
14 89 -6
55 90 8
8 15 -4
27 28 -6
11 20 18
30 33 -8
90 84 -13
84 10 -1
29 74 11
48 87 -3
87 15 6
20 25 -8
6 90 5
4 17 11
23 30 3
64 31 12
22 34 -11
41 84 14
96 20 -3
25 76 -18
99 25 19
44 89 -14
85 90 15
38 15 -3
57 28 15
2 92 7
43 93 -4
76 41 3
15 31 12
59 74 17
18 36 9
78 87 -12
17 77 -10
50 25 18
36 90 -20
91 26 10
8 28 1
94 31 -13
11 33 11
52 34 13
71 84 -11
84 23 14
29 87 -15
87 28 -17
73 93 -11
45 31 -6
64 44 -15
3 34 -19
22 47 12
66 90 15
38 28 18
79 29 8
24 93 -6
98 42 16
82 34 16
15 44 -6
59 87 -9
18 49 -11
17 90 -2
91 39 -14
75 31 15
94 44 -4
33 34 5
52 47 -18
10 50 5
54 93 -3
12 96 15
86 45 -8
45 44 20
3 47 -19
89 50 20
80 1 1
47 53 -7
79 42 -11
98 55 3
63 34 11
82 47 12
21 37 2
40 50 19
72 2 19
42 96 -9
75 44 13
33 47 -9
74 48 15
93 61 -6
10 63 1
51 64 17
68 4 14
26 7 -14
67 45 -19
86 58 -19
70 50 2
89 63 20
28 53 -7
47 66 -6
19 4 -10
60 5 -14
5 69 13
63 47 -11
21 50 -1
40 63 5
81 64 18
53 2 16
72 15 -19
56 7 -9
14 10 9
74 61 -11
93 74 -7
13 51 -6
32 64 -12
51 77 -5
16 56 -1
49 4 4
35 69 -11
90 5 9
67 58 -15
26 20 14
70 63 -14
9 53 -17
83 2 13
28 66 -18
69 67 -5
41 5 -10
60 18 12
5 82 -4
44 10 6
2 13 -8
62 64 17
81 77 9
34 2 -4
20 67 15
39 80 8
37 7 14
56 20 14
23 72 -2
97 21 18
14 23 -4
96 62 -9
55 24 -20
13 64 16
99 67 12
32 77 -9
71 5 -7
16 69 -4
90 18 -2
35 82 20
76 83 14
29 8 5
48 21 4
6 24 14
92 64 -7
9 66 -6
50 67 4
69 80 18
41 18 -13
8 70 -8
27 83 -12
25 10 -7
44 23 -18
85 24 -8
30 88 2
2 26 -7
62 77 20
20 80 13
59 8 -20
4 72 -15
78 21 -1
23 85 -8
97 34 15
36 24 -15
55 37 -8
96 75 2
99 80 -19
38 70 16
71 18 -16
57 83 -16
76 96 11
29 21 8
48 34 -15
15 86 -8
6 37 -17
92 77 20
18 91 -19
50 80 -9
91 81 -17
8 83 18
94 86 -18
27 96 10
66 24 10
11 88 13
85 37 18
24 27 -15
84 78 16
43 40 18
87 83 9
1 43 3
59 21 2
4 85 6
45 86 6
64 99 15
17 24 20
36 37 -16
77 38 2
80 43 19
38 83 11
57 96 2
98 97 -12
15 99 -19
54 27 9
73 40 14
31 43 -19
91 94 8
75 86 9
94 99 19
66 37 20
24 40 -4
43 53 -14
84 91 1
87 96 17
1 56 -15
45 99 -13
17 37 16
58 38 -2
77 51 2
61 43 13
80 56 16
19 46 1
79 97 -5
63 89 -12
54 40 -17
73 53 8
12 43 11
31 56 11
72 57 7
75 99 -19
88 38 20
47 0 -8
5 3 2
46 41 4
65 54 -13
49 46 -4
68 59 8
26 62 14
58 51 -9
42 43 11
61 56 -4
0 46 -14
19 59 -1
93 8 -6
51 11 -1
35 3 8
95 54 6
12 56 13
53 57 5
72 70 9
56 62 5
28 0 3
88 51 4
47 13 17
14 65 -15
5 16 -16
46 54 13
65 67 18
49 59 15
68 72 16
7 62 1
81 11 5
26 75 -1
20 1 5
39 14 -7
23 6 1
42 56 -7
83 57 13
0 59 12
74 8 -13
41 60 -9
60 73 4
32 11 -4
44 65 12
16 3 -14
35 16 13
76 17 -8
95 67 18
34 57 -15
53 70 1
37 62 6
56 75 20
97 76 13
9 0 -8
50 1 9
69 14 14
14 78 -12
27 17 -5
30 22 -13
71 60 -12
90 73 -17
62 11 6
7 75 -7
48 76 -5
20 14 17
6 79 -8
39 27 4
4 6 -1
23 19 -12
83 70 8
96 9 17
41 73 11
60 86 -10
13 11 3
25 65 -14
44 78 -1
99 14 13
57 17 -3
2 81 -19
76 30 -1
15 20 -5
34 70 4
92 11 14
37 75 7
78 76 4
18 25 -8
97 89 -7
50 14 -18
69 27 9
36 79 1
55 92 14
8 17 -10
27 30 -3
11 22 -4
30 35 -1
71 73 16
90 86 9
84 12 20
29 76 8
48 89 19
87 17 -10
6 92 5
4 19 18
45 20 -11
64 33 -17
96 22 -14
22 36 -14
25 78 -9
99 27 -4
66 79 15
85 92 16
38 17 -3
57 30 6
98 31 3
43 95 3
2 94 -18
15 33 5
1 98 7
18 38 -9
59 76 -2
78 89 -5
17 79 -17
91 28 10
36 92 -4
75 20 -10
8 30 -14
94 33 16
11 35 -16
52 36 4
84 25 12
29 89 -1
87 30 11
73 95 19
45 33 -14
31 98 5
64 46 -17
3 36 -5
22 49 -6
66 92 -16
38 30 -1
79 31 -16
24 95 -17
98 44 4
82 36 3
40 39 10
59 89 8
17 92 -1
91 41 -13
58 93 10
75 33 1
61 98 5
94 46 -14
33 36 6
52 49 10
93 50 20
10 52 -12
54 95 18
67 34 16
12 98 -16
86 47 -19
70 39 -5
3 49 15
89 52 -5
47 55 -2
88 93 16
80 3 -14
79 44 1
63 36 -10
82 49 -3
21 39 -8
40 52 -2
72 4 -19
42 98 -12
33 49 9
74 50 -1
93 63 -1
32 53 18
65 1 15
51 66 18
68 6 17
26 9 -7
67 47 -8
86 60 15
70 52 -4
89 65 -16
9 42 7
28 55 19
47 68 -13
19 6 15
60 7 -12
5 71 -10
63 49 5
21 52 -12
62 53 -20
95 1 -7
81 66 5
53 4 14
72 17 -3
39 69 4
56 9 4
14 12 4
74 63 -7
13 53 12
32 66 15
51 79 -17
16 58 -6
90 7 -4
35 71 13
7 9 -12
48 10 3
92 53 5
9 55 -17
83 4 5
28 68 -7
41 7 18
60 20 -8
5 84 -15
44 12 2
2 15 -10
62 66 -2
81 79 -18
34 4 -9
20 69 9
39 82 -4
37 9 -6
78 10 5
23 74 4
97 23 -12
14 25 9
96 64 15
55 26 -5
13 66 3
99 69 -7
71 7 12
16 71 10
90 20 -10
76 85 5
29 10 -8
48 23 -17
6 26 18
92 66 10
50 69 17
69 82 -4
8 72 1
41 20 19
27 85 -13
25 12 -3
44 25 -14
85 26 -1
30 90 -2
11 77 15
2 28 10
43 29 16
84 67 15
87 72 9
20 82 -13
59 10 7
4 74 -7
78 23 15
23 87 13
97 36 -10
64 88 10
17 13 -14
36 26 17
96 77 -12
55 39 12
99 82 7
38 72 -8
57 85 -13
76 98 -14
29 23 -17
15 88 10
73 29 9
6 39 -10
18 93 19
50 82 8
91 83 -12
8 85 1
94 88 -14
27 98 14
66 26 1
11 90 -1
85 39 -19
24 29 -1
84 80 -1
43 42 17
1 45 -13
87 85 -5
59 23 17
45 88 -12
17 26 7
3 91 11
77 40 -1
36 39 -12
80 45 2
38 85 5
79 86 10
98 99 3
54 29 -1
73 42 16
12 32 18
31 45 2
91 96 8
75 88 -2
66 39 4
33 91 7
24 42 -14
65 43 4
68 48 -4
1 58 1
58 40 16
77 53 -1
42 32 -15
61 45 -7
80 58 11
19 48 -6
79 99 -9
63 91 -4
51 0 5
54 42 17
95 43 14
12 45 4
31 58 14
72 59 12
47 2 -16
88 40 -10
46 43 -3
65 56 14
49 48 -19
68 61 -16
7 51 1
81 0 7
26 64 6
39 3 -20
58 53 -15
42 45 16
61 58 -8
0 48 2
19 61 -16
93 10 -15
60 62 -5
32 0 1
51 13 -17
35 5 4
95 56 4
34 46 -19
53 59 10
37 51 3
56 64 -16
28 2 -6
69 3 6
88 53 -19
14 67 19
46 56 -17
5 18 -20
49 61 -4
90 62 8
62 0 3
7 64 7
81 13 -18
26 77 -3
20 3 -10
39 16 6
23 8 9
83 59 14
0 61 -6
41 62 -7
60 75 -13
13 0 -18
99 3 -19
44 67 -1
32 13 13
16 5 -7
2 70 10
76 19 17
35 18 2
34 59 -16
53 72 19
92 0 1
37 64 11
56 77 4
97 78 -16
9 2 20
50 3 -14
69 16 -18
14 80 18
55 81 7
8 6 1
27 19 14
71 62 20
30 24 -9
90 75 10
62 13 -18
29 65 -19
48 78 -11
20 16 19
6 81 -14
4 8 -1
23 21 -17
64 22 -5
83 72 20
96 11 14
41 75 14
25 67 11
99 16 -8
44 80 19
85 81 13
38 6 -5
57 19 -1
2 83 -7
76 32 3
15 22 18
92 13 20
18 27 -15
59 65 -18
97 91 5
50 16 4
91 17 -14
36 81 -1
55 94 6
8 19 -5
94 22 -15
27 32 7
11 24 20
71 75 -11
30 37 -1
84 14 14
29 78 -3
48 91 -3
87 19 -4
6 94 -4
4 21 1
45 22 -19
64 35 16
22 38 -5
25 80 -11
66 81 8
85 94 -5
38 19 13
57 32 -12
98 33 6
43 97 15
24 84 9
15 35 -17
18 40 1
59 78 9
78 91 20
17 81 -17
91 30 -20
36 94 -20
77 95 -7
75 22 -3
94 35 -19
33 25 11
52 38 -18
84 27 2
10 41 -8
87 32 10
54 84 18
73 97 -5
45 35 -1
86 36 4
3 38 19
89 41 -16
22 51 -7
66 94 14
79 33 15
24 97 -8
98 46 -15
63 25 -4
82 38 -15
40 41 5
17 94 2
58 95 -17
75 35 12
33 38 -6
52 51 15
93 52 -15
10 54 20
54 97 -5
67 36 -9
86 49 -14
70 41 15
89 54 -15
47 57 -11
88 95 20
79 46 4
5 60 -14
46 98 -5
63 38 12
82 51 4
21 41 -8
40 54 1
72 6 -4
14 1 -2
74 52 -13
93 65 -1
65 3 -9
32 55 6
51 68 14
68 8 -3
35 60 12
67 49 16
26 11 2
70 54 -16
9 44 17
28 57 7
47 70 -3
60 9 10
5 73 -8
44 1 8
21 54 -9
62 55 -12
81 68 -9
53 6 -9
39 71 -19
56 11 9
97 12 14
74 65 3
13 55 -14
32 68 20
51 81 12
16 60 -12
90 9 -9
35 73 18
7 11 -16
48 12 3
6 15 18
92 55 19
9 57 -12
50 58 -10
83 6 11
69 71 7
41 9 3
60 22 -19
27 74 -5
25 1 -19
44 14 -3
30 79 18
2 17 -17
62 68 -7
34 6 7
20 71 -16
39 84 8
37 11 -3
78 12 9
23 76 -17
97 25 -6
4 63 -18
36 15 -13
55 28 -4
96 66 -7
13 68 -13
99 71 7
71 9 13
16 73 8
90 22 7
57 74 -19
76 87 -5
29 12 -20
48 25 6
6 28 -12
92 68 -16
50 71 10
69 84 12
8 74 -3
27 87 -15
25 14 -20
66 15 15
11 79 -20
85 28 -10
30 92 13
2 30 3
84 69 4
43 31 16
87 74 6
1 34 -13
59 12 -19
4 76 -19
78 25 -18
23 89 -9
64 90 -13
17 15 -20
36 28 11
96 79 8
55 41 -7
22 93 8
99 84 -13
38 74 -12
57 87 6
29 25 19
15 90 1
73 31 17
18 95 17
31 34 -17
91 85 11
8 87 -1
94 90 -13
66 28 11
11 92 2
85 41 1
52 93 -12
24 31 13
43 44 15
84 82 -11
1 47 2
59 25 14
45 90 15
17 28 19
58 29 -19
3 93 -2
77 42 -15
61 34 15
80 47 -6
38 87 4
79 88 -6
82 93 3
54 31 -2
73 44 14
12 34 -11
31 47 -8
91 98 14
75 90 -18
88 29 -5
33 93 16
24 44 12
65 45 13
68 50 -4
26 53 10
58 42 11
77 55 -3
42 34 -17
61 47 13
80 60 -7
0 37 13
19 50 -6
63 93 -11
51 2 -7
54 44 -7
95 45 -12
21 96 4
12 47 4
53 48 6
72 61 -12
89 1 -18
56 53 -8
88 42 -1
47 4 -10
46 45 10
5 7 4
65 58 -19
49 50 -9
68 63 -9
7 53 -18
81 2 -6
26 66 20
39 5 -20
42 47 13
83 48 9
0 50 -16
19 63 15
60 64 16
32 2 19
51 15 -10
35 7 5
95 58 10
34 48 5
53 61 -14
72 74 12
37 53 8
56 66 15
28 4 18
69 5 -7
14 69 13
46 58 -5
49 63 14
90 64 -9
62 2 -9
7 66 8
81 15 -15
48 67 -6
20 5 -2
39 18 -20
23 10 -4
83 61 14
96 0 6
41 64 8
60 77 15
13 2 -17
99 5 -5
44 69 10
25 56 4
16 7 -19
57 8 -16
2 72 20
76 21 18
34 61 -1
92 2 9
37 66 -1
78 67 9
97 80 2
50 5 -5
69 18 17
14 82 -7
55 83 -9
27 21 -8
11 13 7
71 64 -10
30 26 -13
90 77 -3
84 3 12
29 67 4
48 80 -15
87 8 7
20 18 -9
6 83 16
4 10 5
64 24 -1
96 13 -15
41 77 -11
25 69 -20
99 18 -3
44 82 -17
85 83 -20
38 8 -5
57 21 14
2 85 17
76 34 1
43 86 -1
15 24 -3
18 29 -10
59 67 4
78 80 13
97 93 7
50 18 11
17 70 4
36 83 17
91 19 -18
55 96 -10
8 21 9
94 24 18
11 26 -8
71 77 -7
84 16 2
29 80 -1
87 21 18
73 86 12
6 96 16
45 24 -7
64 37 -15
3 27 4
22 40 5
66 83 11
85 96 6
38 21 -18
79 22 9
24 86 2
98 35 -15
43 99 15
82 27 14
15 37 7
59 80 -6
18 42 16
17 83 4
91 32 10
36 96 -9
77 97 7
75 24 10
94 37 -19
33 27 -1
52 40 -8
10 43 -15
54 86 15
73 99 -11
45 37 -17
86 38 16
12 89 -18
3 40 -5
89 43 3
22 53 1
66 96 -14
79 35 -10
24 99 19
98 48 -4
63 27 15
82 40 3
40 43 18
58 97 18
42 89 -12
75 37 -6
33 40 1
74 41 6
93 54 3
10 56 -12
51 57 -8
54 99 16
67 38 6
26 0 -7
86 51 7
70 43 3
89 56 -15
28 46 18
88 97 16
47 59 -20
5 62 5
63 40 -3
21 43 -13
40 56 -11
81 57 17
72 8 -11
56 0 -19
14 3 13
74 54 10
93 67 12
32 57 -18
51 70 1
35 62 16
7 0 17
67 51 7
26 13 3
70 56 -6
9 46 14
28 59 -14
47 72 19
60 11 20
5 75 -14
44 3 7
2 6 7
62 57 8
81 70 16
20 60 -18
53 8 -4
39 73 15
37 0 6
56 13 20
97 14 -12
23 65 -9
14 16 8
96 55 -15
55 17 5
13 57 -20
32 70 -7
16 62 -15
90 11 20
35 75 -2
29 1 20
48 14 7
6 17 -10
92 57 3
9 59 19
83 8 -3
50 60 -9
69 73 -12
41 11 -14
27 76 -8
25 3 18
44 16 -15
85 17 7
30 81 -18
2 19 -4
62 70 2
20 73 9
39 86 3
59 1 10
4 65 4
78 14 -18
23 78 -4
97 27 18
36 17 -9
55 30 -3
96 68 17
99 73 17
71 11 13
16 75 20
57 76 -14
76 89 17
29 14 1
15 79 -5
48 27 -3
92 70 -16
6 30 -9
18 84 -17
50 73 -11
69 86 -14
8 76 20
27 89 -8
25 16 8
66 17 16
11 81 -15
85 30 6
30 94 -1
24 20 5
84 71 -3
43 33 9
87 76 12
1 36 -3
59 14 -19
4 78 -2
45 79 5
78 27 16
64 92 20
36 30 6
77 31 -6
22 95 -6
80 36 -1
38 76 13
57 89 8
98 90 14
15 92 -2
54 20 10
73 33 16
18 97 1
31 36 -13
91 87 -6
75 79 -9
8 89 18
94 92 -6
66 30 5
11 94 -14
52 95 -8
24 33 20
43 46 -5
10 98 -3
87 89 -15
1 49 -10
45 92 7
17 30 -10
58 31 12
3 95 -5
77 44 -6
61 36 -11
80 49 14
19 39 -15
79 90 -4
82 95 12
54 33 -13
40 98 16
73 46 -15
12 36 20
31 49 -12
72 50 -1
75 92 4
88 31 4
33 95 16
46 34 11
65 47 -20
49 39 5
68 52 8
26 55 -6
67 93 -20
58 44 -4
70 98 5
42 36 20
61 49 11
0 39 20
19 52 -16
93 1 -8
63 95 -4
51 4 12
21 98 -10
95 47 -2
12 49 16
53 50 -17
72 63 -2
56 55 -17
14 58 -18
88 44 -12
47 6 16
5 9 11
46 47 -8
65 60 9
49 52 -19
68 65 -3
7 55 -12
81 4 -14
26 68 4
39 7 -7
42 49 -1
83 50 -16
0 52 12
74 1 3
41 53 -2
60 66 10
32 4 -13
44 58 -16
35 9 13
95 60 -17
34 50 -13
53 63 -17
37 55 -4
56 68 15
97 69 16
69 7 -9
14 71 11
27 10 16
71 53 20
30 15 7
90 66 -17
62 4 -10
7 68 2
48 69 3
20 7 19
39 20 -19
6 72 18
23 12 -8
83 63 2
96 2 -5
41 66 20
60 79 14
13 4 -20
99 7 5
44 71 11
25 58 5
16 9 -3
57 10 17
2 74 6
76 23 -11
34 63 11
92 4 17
37 68 1
78 69 -15
97 82 -8
50 7 -6
36 72 7
69 20 -16
55 85 11
8 10 14
27 23 -17
11 15 -5
30 28 2
71 66 -20
90 79 -6
84 5 18
29 69 -8
48 82 18
87 10 -1
6 85 -7
4 12 19
64 26 -12
96 15 -11
22 29 17
25 71 -1
99 20 -14
66 72 -19
38 10 -18
57 23 6
98 24 -3
43 88 2
2 87 11
15 26 8
18 31 1
59 69 -10
78 82 3
17 72 -20
91 21 -11
36 85 13
55 98 10
75 13 -1
8 23 9
94 26 3
11 28 9
52 29 3
84 18 -17
29 82 -7
87 23 5
73 88 12
45 26 5
64 39 7
31 91 -15
3 29 20
22 42 -12
66 85 -9
85 98 -1
38 23 8
79 24 -9
24 88 -12
98 37 -14
82 29 11
15 39 2
59 82 -3
18 44 12
17 85 13
91 34 -20
58 86 13
77 99 20
75 26 16
94 39 1
61 91 -10
33 29 -19
52 42 -13
10 45 7
54 88 10
67 27 -9
12 91 9
86 40 20
3 42 -19
89 45 11
47 48 7
88 86 -14
79 37 2
63 29 4
82 42 17
21 32 -17
40 45 6
58 99 7
42 91 1
0 94 13
74 43 20
33 42 18
93 56 -3
10 58 -14
51 59 -17
26 2 -5
67 40 -19
86 53 -1
70 45 10
89 58 12
28 48 -5
47 61 -11
88 99 2
60 0 -19
5 64 -14
63 42 -17
21 45 -3
40 58 -8
81 59 1
39 62 -19
72 10 15
56 2 -6
14 5 -3
74 56 -1
93 69 -11
13 46 4
32 59 -18
51 72 -12
16 51 -3
90 0 10
35 64 17
7 2 19
48 3 20
92 46 -9
9 48 6
28 61 -12
69 62 12
41 0 -4
60 13 -4
5 77 16
44 5 16
2 8 -12
62 59 5
81 72 10
20 62 13
39 75 3
37 2 -4
78 3 -2
23 67 20
97 16 20
14 18 -20
96 57 -1
55 19 -2
13 59 3
99 62 5
32 72 8
71 0 16
16 64 2
90 13 3
35 77 -9
76 78 1
29 3 -3
48 16 -15
6 19 9
92 59 6
9 61 -10
50 62 19
69 75 15
41 13 -18
8 65 13
27 78 -16
25 5 15
11 70 4
85 19 7
30 83 -9
44 18 -10
2 21 -7
43 22 5
20 75 16
59 3 -8
4 67 17
78 16 8
23 80 4
97 29 1
64 81 3
17 6 18
36 19 4
55 32 14
96 70 9
99 75 -15
71 13 -11
38 65 -16
57 78 13
76 91 -12
29 16 10
15 81 18
73 22 -9
18 86 12
6 32 -17
50 75 16
91 76 -17
8 78 11
94 81 15
27 91 -11
66 19 -7
11 83 -10
85 32 2
30 96 8
24 22 -5
84 73 -17
43 35 -11
1 38 -8
87 78 -10
59 16 12
4 80 1
45 81 -14
64 94 1
17 19 6
3 84 -2
77 33 7
22 97 -6
36 32 -9
80 38 20
38 78 3
57 91 3
98 92 -14
15 94 13
54 22 -2
73 35 3
18 99 -12
12 25 -5
31 38 -8
91 89 -20
75 81 6
33 84 9
66 32 -9
52 97 -11
24 35 18
65 36 15
68 41 20
1 51 15
87 91 11
45 94 -3
86 95 15
58 33 -3
3 97 -7
77 46 -19
42 25 -2
61 38 10
80 51 -17
19 41 -6
79 92 -5
63 84 -3
82 97 -17
54 35 19
95 36 4
12 38 -8
31 51 -8
72 52 19
75 94 5
88 33 -17
33 97 19
46 36 3
65 49 7
49 41 -16
68 54 -12
7 44 12
67 95 8
26 57 13
58 46 -10
42 38 -12
61 51 5
0 41 3
19 54 6
60 55 2
93 3 -8
63 97 17
51 6 5
95 49 18
34 39 17
53 52 -18
72 65 -12
37 44 -9
56 57 13
88 46 -1
14 60 17
5 11 15
46 49 -7
49 54 12
90 55 15
7 57 1
81 6 -11
26 70 -13
39 9 3
23 1 1
83 52 -4
0 54 -1
41 55 -1
60 68 -5
32 6 -5
44 60 -6
35 11 -17
2 63 -8
76 12 19
34 52 17
53 65 -4
37 57 -12
56 70 4
97 71 11
69 9 2
14 73 11
55 74 -7
27 12 -5
71 55 -14
30 17 -7
90 68 -6
29 58 -3
62 6 13
48 71 -6
20 9 -9
39 22 -5
6 74 -20
4 1 7
23 14 18
83 65 4
96 4 -16
41 68 -17
25 60 -6
99 9 3
44 73 20
85 74 -2
57 12 -17
2 76 6
76 25 7
18 20 10
92 6 -19
78 71 -10
59 58 3
97 84 -16
50 9 -6
91 10 2
36 74 -4
55 87 -9
8 12 7
27 25 14
11 17 13
71 68 7
84 7 16
29 71 12
48 84 9
87 12 11
6 87 17
4 14 20
45 15 11
64 28 -5
22 31 -12
25 73 7
66 74 -3
85 87 11
38 12 -12
24 77 -7
57 25 9
43 90 14
98 26 -5
15 28 19
1 93 -3
59 71 14
18 33 15
78 84 -6
17 74 17
91 23 -11
36 87 3
77 88 12
75 15 20
94 28 19
11 30 -6
52 31 -1
84 20 10
10 34 8
87 25 3
54 77 13
73 90 -18
45 28 10
64 41 18
31 93 10
3 31 -3
22 44 -19
66 87 -9
79 26 -1
24 90 -2
98 39 3
82 31 8
40 34 -18
17 87 -17
58 88 7
75 28 -4
61 93 -10
33 31 6
52 44 -3
93 45 -10
10 47 -18
54 90 20
67 29 -14
12 93 -12
86 42 11
70 34 5
3 44 20
89 47 12
47 50 4
5 53 17
79 39 13
46 91 -15
63 31 3
82 44 7
49 96 4
21 34 11
40 47 -5
42 93 -13
33 44 -9
74 45 11
0 96 -15
93 58 -12
32 48 -7
51 61 7
68 1 18
35 53 19
67 42 6
26 4 -19
70 47 -13
89 60 -18
9 37 15
28 50 -15
47 63 16
60 2 20
5 66 -18
21 47 -3
62 48 13
81 61 -6
39 64 17
56 4 -9
97 5 -10
14 7 18
74 58 1
13 48 -8
32 61 20
51 74 -6
16 53 -14
90 2 3
35 66 7
7 4 17
48 5 -11
6 8 -11
92 48 -6
9 50 -13
28 63 -1
69 64 15
41 2 -9
60 15 -16
27 67 4
44 7 8
30 72 -13
2 10 -20
62 61 18
81 74 -6
20 64 -14
39 77 -10
4 56 12
78 5 2
23 69 16
97 18 2
37 4 19
36 8 -2
96 59 6
55 21 7
13 61 -17
99 64 -20
71 2 -19
16 66 -12
57 67 4
90 15 1
76 80 3
29 5 -18
48 18 17
92 61 -9
6 21 6
50 64 13
69 77 2
8 67 6
27 80 9
25 7 -5
66 8 -8
11 72 15
85 21 13
30 85 11
2 23 5
43 24 1
84 62 14
1 27 -11
20 77 -6
87 67 -3
59 5 20
4 69 -5
78 18 13
23 82 3
64 83 13
17 8 -11
36 21 1
55 34 7
96 72 -1
22 86 10
99 77 10
38 67 17
57 80 -3
76 93 -11
29 18 -3
15 83 9
73 24 -20
18 88 17
31 27 14
50 77 9
91 78 2
8 80 -19
94 83 7
66 21 -14
11 85 19
85 34 -14
52 86 -16
43 37 -9
84 75 1
1 40 -2
87 80 -6
59 18 -12
45 83 12
64 96 -4
17 21 -7
58 22 20
3 86 -9
77 35 11
22 99 1
61 27 20
80 40 -13
38 80 -14
79 81 -11
98 94 2
82 86 -12
15 96 12
54 24 16
73 37 -2
12 27 -16
31 40 -4
75 83 -2
94 96 -10
88 22 -4
33 86 -6
52 99 14
24 37 -4
65 38 14
68 43 20
45 96 -8
86 97 -4
58 35 -10
3 99 -4
77 48 6
42 27 -3
61 40 2
80 53 -2
0 30 -15
19 43 -15
79 94 16
63 86 -6
82 99 10
21 89 -5
54 37 -18
95 38 2
12 40 -6
53 41 -6
72 54 4
56 46 13
75 96 -4
88 35 -11
33 99 -10
5 0 -8
46 38 20
65 51 12
49 43 -12
68 56 -12
7 46 3
26 59 -19
67 97 2
42 40 -13
83 41 10
0 43 -19
19 56 10
60 57 16
63 99 6
51 8 17
35 0 -9
95 51 5
34 41 4
53 54 1
72 67 -20
37 46 6
56 59 6
14 62 -18
46 51 2
5 13 -6
49 56 -17
90 57 6
7 59 10
81 8 3
48 60 -16
39 11 17
23 3 -13
83 54 -5
41 57 -9
60 70 -2
25 49 -18
44 62 -3
16 0 5
35 13 -2
76 14 -16
2 65 -2
34 54 12
37 59 10
78 60 12
97 73 13
69 11 7
14 75 -20
55 76 -19
8 1 -16
27 14 -11
11 6 -15
30 19 19
71 57 -7
90 70 19
29 60 19
48 73 -18
20 11 -10
6 76 -18
4 3 -13
23 16 -2
64 17 10
96 6 -3
41 70 17
25 62 12
99 11 1
44 75 -10
85 76 10
38 1 16
57 14 14
2 78 7
76 27 13
15 17 -7
59 60 -19
18 22 16
78 73 -9
97 86 19
17 63 -16
91 12 9
36 76 1
50 11 -3
55 89 -12
8 14 -2
94 17 11
11 19 -2
71 70 -5
30 32 10
84 9 -5
29 73 19
87 14 -9
73 79 -6
6 89 4
4 16 -13
45 17 -5
64 30 -16
3 20 -16
22 33 9
66 76 6
85 89 -3
38 14 -10
57 27 -19
24 79 -13
43 92 6
98 28 -16
15 30 -17
1 95 7
18 35 -3
59 73 16
17 76 8
91 25 -2
36 89 -11
77 90 5
75 17 20
94 30 -8
80 95 5
33 20 -3
52 33 18
10 36 12
54 79 -9
73 92 12
45 30 3
86 31 9
31 95 9
3 33 14
89 36 -14
22 46 -6
66 89 -11
79 28 -14
24 92 1
98 41 -9
63 20 3
82 33 -2
40 36 8
58 90 -11
42 82 -11
75 30 -6
61 95 -6
52 46 -19
19 98 10
93 47 -5
10 49 19
51 50 18
54 92 -15
95 93 16
67 31 -20
12 95 -2
86 44 5
70 36 -5
89 49 20
28 39 11
88 90 9
47 52 -12
46 93 -10
5 55 4
63 33 10
82 46 -8
49 98 -6
21 36 -6
40 49 -14
81 50 4
72 1 4
42 95 -20
0 98 -9
74 47 -18
93 60 9
32 50 -16
51 63 -9
35 55 -14
26 6 7
67 44 -2
70 49 12
9 39 -1
28 52 -4
47 65 5
60 4 -5
5 68 16
21 49 9
62 50 16
81 63 -9
53 1 9
20 53 1
39 66 -20
23 58 -17
97 7 -8
56 6 12
14 9 -17
55 10 -19
74 60 -20
13 50 -3
32 63 -1
16 55 -10
90 4 7
35 68 18
76 69 -13
48 7 10
92 50 13
6 10 3
9 52 19
83 1 -9
50 53 18
69 66 -17
41 4 -6
27 69 15
44 9 -12
85 10 10
30 74 -15
2 12 -9
62 63 14
20 66 -8
39 79 9
4 58 4
78 7 -13
23 71 9
97 20 -16
36 10 20
96 61 6
55 23 -8
13 63 -14
99 66 11
71 4 16
16 68 -15
57 69 -14
76 82 -13
29 7 -17
15 72 13
48 20 7
18 77 20
6 23 -15
92 63 3
50 66 14
69 79 -2
8 69 -20
27 82 1
25 9 8
66 10 9
11 74 7
85 23 11
30 87 5
24 13 3
84 64 12
43 26 -11
87 69 -9
1 29 -10
59 7 -10
4 71 -7
45 72 8
78 20 -7
64 85 9
17 10 -13
36 23 6
77 24 3
22 88 -17
96 74 -19
80 29 -10
99 79 -6
38 69 13
57 82 -19
98 83 3
15 85 4
54 13 -8
73 26 -7
18 90 -9
31 29 -2
91 80 -13
75 72 -17
8 82 -10
94 85 -17
66 23 -1
11 87 8
52 88 -13
24 26 2
84 77 20
10 91 15
43 39 -5
1 42 -19
87 82 3
45 85 -6
64 98 -3
17 23 10
58 24 -15
3 88 -2
77 37 17
61 29 13
80 42 10
19 32 -13
38 82 -3
79 83 19
98 96 3
82 88 -20
54 26 2
40 91 -1
73 39 -12
12 29 20
31 42 -14
72 43 -7
91 93 -2
75 85 -6
94 98 -9
88 24 -12
33 88 -1
46 27 17
65 40 1
49 32 -6
68 45 -9
26 48 -3
67 86 6
86 99 -3
58 37 -19
70 91 -6
42 29 19
61 42 -12
0 32 19
19 45 -9
79 96 15
63 88 -7
21 91 -17
95 40 -11
12 42 -15
53 43 -1
72 56 -20
56 48 10
88 37 17
5 2 16
46 40 1
65 53 -12
49 45 17
68 58 -1
7 48 3
67 99 -12
26 61 2
39 0 18
9 94 -1
83 43 -18
0 45 -5
41 46 -7
60 59 17
51 10 19
35 2 -8
95 53 1
34 43 -11
53 56 -14
37 48 -10
56 61 -17
97 62 5
69 0 -13
14 64 8
27 3 -17
30 8 -16
71 46 -2
90 59 7
7 61 8
48 62 -18
81 10 15
20 0 12
39 13 18
23 5 17
83 56 3
41 59 -2
60 72 -10
25 51 11
99 0 15
44 64 15
16 2 16
57 3 1
2 67 -1
76 16 10
34 56 19
37 61 -16
78 62 -12
97 75 -16
50 0 11
69 13 -12
14 77 -2
55 78 5
8 3 -12
27 16 5
11 8 11
30 21 -19
71 59 -16
90 72 -12
29 62 -14
48 75 5
87 3 20
20 13 1
6 78 -5
4 5 -3
23 18 5
64 19 9
96 8 -8
25 64 -2
66 65 -8
99 13 2
85 78 -16
38 3 14
57 16 20
2 80 -14
43 81 16
76 29 5
15 19 -6
18 24 -2
59 62 7
78 75 11
17 65 -1
91 14 5
36 78 10
55 91 14
8 16 -14
94 19 13
11 21 10
52 22 -16
84 11 -9
29 75 -14
87 16 -7
73 81 -14
6 91 9
45 19 -17
64 32 -7
3 22 -9
22 35 -18
66 78 18
85 91 11
38 16 -11
79 17 -18
24 81 15
98 30 12
43 94 -1
82 22 -2
15 32 -8
1 97 12
59 75 3
18 37 -10
17 78 -3
91 27 -2
77 92 12
75 19 6
94 32 -2
80 97 -7
33 22 4
52 35 13
10 38 -9
54 81 15
73 94 -12
45 32 7
86 33 3
31 97 -5
12 84 -7
3 35 13
89 38 4
88 79 -15
47 41 -19
79 30 -7
24 94 1
98 43 -20
65 95 7
63 22 -1
82 35 -10
21 25 -5
40 38 10
58 92 -6
42 84 18
75 32 -18
61 97 -16
33 35 7
74 36 -20
93 49 -14
10 51 2
51 52 -17
54 94 -9
67 33 7
12 97 14
86 46 -4
70 38 -1
89 51 4
28 41 -16
88 92 -20
47 54 -2
5 57 17
46 95 -8
63 35 13
21 38 -19
40 51 -7
81 52 -2
72 3 -3
39 55 -15
42 97 10
74 49 11
93 62 -11
13 39 4
32 52 -13
51 65 20
16 44 1
35 57 -10
34 98 -8
67 46 14
70 51 -16
9 41 7
28 54 -9
69 55 -18
60 6 -18
5 70 -11
2 1 3
62 52 20
81 65 8
20 55 14
39 68 4
23 60 -4
97 9 -17
14 11 4
55 12 -19
96 50 16
13 52 -10
99 55 -14
32 65 -5
16 57 1
90 6 -17
35 70 -6
76 71 20
48 9 -19
92 52 19
6 12 -3
9 54 6
50 55 4
69 68 -14
8 58 4
41 6 20
27 71 6
11 63 2
85 12 7
30 76 -17
44 11 -16
2 14 6
43 15 9
62 65 19
20 68 2
4 60 -9
78 9 9
23 73 -20
64 74 -2
97 22 -4
36 12 -7
96 63 8
55 25 10
99 68 -3
38 58 7
71 6 -16
57 71 -12
76 84 20
29 9 18
15 74 -11
73 15 9
18 79 -15
92 65 3
6 25 13
50 68 -5
91 69 11
8 71 20
94 74 -20
27 84 19
66 12 -7
11 76 -10
85 25 -7
30 89 -6
24 15 9
84 66 -5
43 28 -7
87 71 11
1 31 -16
59 9 15
4 73 -16
45 74 -4
64 87 5
17 12 8
36 25 -15
77 26 20
22 90 -18
3 77 -4
80 31 -14
38 71 -18
57 84 1
98 85 -6
15 87 -12
54 15 1
73 28 18
18 92 -3
12 18 15
91 82 -2
75 74 14
94 87 -18
66 25 6
33 77 -6
52 90 4
24 28 -11
65 29 -15
10 93 8
84 79 -12
1 44 -9
87 84 -13
45 87 19
86 88 17
58 26 4
3 90 5
77 39 12
89 93 -8
42 18 -7
61 31 6
80 44 -6
19 34 19
79 85 9
63 77 -14
82 90 14
54 28 8
95 29 13
40 93 -13
12 31 16
31 44 6
72 45 3
75 87 8
88 26 4
33 90 -14
46 29 -19
65 42 -1
49 34 19
68 47 -2
67 88 1
26 50 4
58 39 19
70 93 3
42 31 19
28 96 -5
61 44 -18
0 34 -13
19 47 20
79 98 17
63 90 -5
21 93 -14
95 42 3
34 32 -9
53 45 -1
72 58 -11
56 50 -9
47 1 7
88 39 12
14 53 14
46 42 8
5 4 -16
49 47 17
90 48 -7
7 50 8
26 63 -3
39 2 -17
9 96 -7
83 45 -14
0 47 8
41 48 -13
60 61 -18
44 53 -9
35 4 18
76 5 5
34 45 15
53 58 -7
37 50 14
56 63 10
97 64 17
69 2 -8
14 66 -13
27 5 14
71 48 10
30 10 -10
90 61 9
48 64 -4
20 2 -8
39 15 18
6 67 -1
23 7 15
83 58 6
41 61 -2
25 53 -5
99 2 2
44 66 -20
16 4 11
57 5 16
2 69 13
76 18 17
15 8 9
59 51 9
18 13 -11
78 64 -13
97 77 -6
50 2 5
69 15 13
36 67 16
55 80 -14
8 5 -8
27 18 14
11 10 17
71 61 -3
30 23 -5
84 0 -4
29 64 -17
48 77 -4
87 5 -20
6 80 -1
4 7 4
45 8 2
64 21 -6
22 24 2
25 66 -8
99 15 -17
66 67 -4
85 80 7
38 5 -3
57 18 -9
98 19 6
43 83 -14
2 82 9
15 21 -9
1 86 2
18 26 -5
59 64 10
78 77 12
17 67 -16
91 16 -11
36 80 -15
55 93 2
75 8 -15
8 18 -17
94 21 17
11 23 5
52 24 -7
84 13 11
10 27 10
87 18 10
73 83 3
45 21 -7
31 86 1
64 34 10
3 24 11
22 37 -6
66 80 -3
38 18 17
79 19 13
24 83 12
98 32 14
43 96 -1
82 24 7
1 99 2
40 27 -17
17 80 -4
91 29 1
58 81 -18
77 94 -11
75 21 2
61 86 -17
94 34 20
80 99 8
33 24 19
52 37 20
93 38 -19
10 40 -1
54 83 -14
73 96 -15
67 22 -17
12 86 -6
86 35 10
31 99 -18
70 27 -11
3 37 -17
89 40 15
47 43 8
88 81 -3
79 32 20
5 46 -15
24 96 -20
65 97 -18
63 24 2
82 37 1
21 27 -16
58 94 -10
42 86 -14
61 99 -7
0 89 -10
74 38 14
33 37 -13
93 51 -4
32 41 18
51 54 6
35 46 3
95 97 9
67 35 -9
12 99 -7
86 48 9
70 40 -17
89 53 -17
9 30 3
28 43 -17
88 94 19
47 56 10
5 59 2
46 97 11
63 37 8
21 40 8
62 41 3
81 54 -6
39 57 -20
42 99 1
14 0 -1
74 51 17
13 41 -10
32 54 9
51 67 -14
16 46 -1
35 59 15
92 41 14
9 43 -17
28 56 11
69 57 -1
60 8 9
27 60 16
44 0 -2
30 65 13
2 3 -13
62 54 19
81 67 20
20 57 8
39 70 -9
4 49 -20
23 62 -9
97 11 20
36 1 19
55 14 7
96 52 18
13 54 12
99 57 3
16 59 16
90 8 12
57 60 -19
76 73 18
48 11 -15
92 54 18
6 14 -20
50 57 19
69 70 18
8 60 -15
27 73 4
25 0 -19
66 1 -4
11 65 19
85 14 -12
30 78 -5
2 16 20
84 55 -20
43 17 7
87 60 14
20 70 -14
4 62 20
78 11 -10
23 75 20
64 76 3
17 1 -4
36 14 -7
22 79 -19
96 65 -12
55 27 -8
99 70 -10
38 60 9
57 73 -4
76 86 4
29 11 9
15 76 -18
73 17 18
18 81 12
50 70 17
91 71 -18
8 73 -9
94 76 11
66 14 -9
11 78 9
85 27 -2
52 79 15
24 17 2
43 30 -20
84 68 -3
87 73 -10
1 33 3
59 11 2
45 76 11
64 89 8
17 14 -15
58 15 7
3 79 -8
77 28 4
22 92 1
61 20 20
80 33 -13
38 73 18
79 74 20
98 87 7
82 79 -15
15 89 19
54 17 -13
73 30 14
18 94 12
12 20 -12
31 33 -6
91 84 -3
75 76 -16
94 89 -3
88 15 3
33 79 -7
52 92 -17
24 30 -14
65 31 -9
10 95 -2
68 36 -1
1 46 -4
45 89 15
86 90 10
58 28 4
3 92 -15
89 95 -15
77 41 -9
42 20 -1
61 33 7
80 46 -6
47 98 -5
19 36 -5
79 87 -15
63 79 -15
82 92 -6
21 82 12
54 30 -16
40 95 -18
95 31 -13
12 33 -9
72 47 2
75 89 11
88 28 2
33 92 -17
74 93 -9
46 31 10
65 44 -11
49 36 6
68 49 2
7 39 -10
67 90 -4
26 52 -3
70 95 -18
42 33 -18
83 34 14
28 98 -20
0 36 -1
19 49 -18
60 50 19
63 92 17
51 1 -2
21 95 18
95 44 7
53 47 11
72 60 -20
37 39 20
56 52 -11
14 55 2
5 6 12
13 96 -20
46 44 18
90 50 4
7 52 7
81 1 19
26 65 15
39 4 -11
9 98 -8
83 47 -6
41 50 16
60 63 8
32 1 -16
44 55 14
2 58 -19
76 7 -16
35 6 -4
34 47 -11
37 52 9
56 65 11
97 66 13
69 4 -4
14 68 3
55 69 19
27 7 13
71 50 13
30 12 3
90 63 5
62 1 11
29 53 8
48 66 -11
20 4 -7
6 69 -3
23 9 -1
64 10 20
41 63 6
25 55 1
99 4 20
44 68 10
85 69 17
57 7 -6
2 71 -9
76 20 -5
15 10 -19
59 53 -3
92 1 13
18 15 1
78 66 -8
97 79 -12
50 4 -18
91 5 -6
36 69 17
55 82 8
8 7 10
94 10 19
27 20 13
11 12 -2
71 63 7
30 25 18
84 2 10
29 66 13
48 79 17
87 7 14
6 82 -2
4 9 9
45 10 10
64 23 -12
3 13 18
22 26 12
66 69 19
85 82 3
38 7 -7
57 20 -14
24 72 -14
98 21 9
43 85 1
15 23 8
1 88 18
59 66 -14
18 28 -10
17 69 13
91 18 -16
36 82 -14
77 83 -14
75 10 -9
94 23 -11
80 88 20
33 13 19
52 26 10
10 29 -19
84 15 7
54 72 20
87 20 -10
73 85 -14
45 23 12
86 24 -2
31 88 -3
3 26 1
89 29 -4
22 39 19
66 82 14
79 21 18
24 85 -9
98 34 8
43 98 9
63 13 17
82 26 -6
40 29 3
17 82 -20
58 83 -19
77 96 3
75 23 -15
61 88 7
33 26 19
52 39 -16
93 40 -1
19 91 -8
10 42 17
51 43 10
54 85 -13
73 98 -11
67 24 -9
12 88 17
86 37 14
70 29 -13
89 42 10
28 32 -3
47 45 -14
88 83 -14
46 86 3
5 48 4
65 99 11
79 34 10
63 26 11
82 39 4
49 91 -6
21 29 -15
40 42 -16
81 43 19
58 96 -11
42 88 17
0 91 -2
74 40 -19
93 53 5
32 43 -1
51 56 -19
35 48 -12
95 99 4
67 37 -13
70 42 -14
9 32 -19
28 45 -12
47 58 20
88 96 -18
46 99 -16
5 61 7
21 42 7
62 43 -4
81 56 -7
20 46 18
39 59 -4
23 51 -3
97 0 11
14 2 -3
74 53 -11
13 43 -20
32 56 -5
16 48 -1
35 61 -11
76 62 -4
48 0 -12
6 3 -2
92 43 -20
9 45 2
50 46 3
69 59 -5
27 62 -12
44 2 -18
85 3 -11
30 67 -3
2 5 -2
62 56 -17
20 59 8
39 72 -10
4 51 16
78 0 -1
23 64 -13
97 13 -20
36 3 -18
96 54 -4
55 16 20
13 56 -4
99 59 -1
16 61 8
57 62 -3
76 75 -6
29 0 -10
15 65 13
48 13 10
6 16 -7
92 56 -12
18 70 13
50 59 6
69 72 7
8 62 20
27 75 6
25 2 7
66 3 1
11 67 3
85 16 -3
30 80 5
2 18 -17
84 57 -6
43 19 -15
87 62 -16
1 22 -9
59 0 -13
4 64 -6
78 13 14
45 65 -18
64 78 -18
17 3 1
36 16 -7
96 67 -10
22 81 -14
99 72 -4
38 62 13
57 75 -13
98 76 -18
15 78 -5
54 6 -17
73 19 -4
18 83 2
31 22 -16
91 73 3
75 65 -13
8 75 -17
94 78 -4
66 16 4
11 80 4
52 81 20
24 19 -18
43 32 4
84 70 -7
87 75 -3
1 35 -15
45 78 8
64 91 -20
17 16 -13
58 17 3
3 81 3
77 30 6
22 94 -8
61 22 -8
80 35 -6
38 75 -17
79 76 2
98 89 16
82 81 11
54 19 -16
73 32 -6
40 84 19
12 22 6
31 35 -17
91 86 9
75 78 -6
94 91 3
88 17 9
33 81 -19
52 94 3
93 95 4
65 33 -11
10 97 -5
68 38 5
26 41 -1
67 79 9
86 92 -12
70 84 7
58 30 -2
89 97 8
3 94 8
42 22 -5
61 35 7
80 48 -8
0 25 -13
19 38 3
79 89 13
63 81 12
82 94 1
21 84 -20
95 33 -15
40 97 -10
12 35 -17
53 36 4
72 49 -9
56 41 10
88 30 -1
33 94 4
74 95 12
46 33 -13
65 46 4
32 98 10
49 38 -6
68 51 19
7 41 14
26 54 -18
67 92 -5
70 97 -3
9 87 4
42 35 20
83 36 -8
0 38 -2
19 51 17
60 52 -8
63 94 -18
51 3 14
21 97 2
62 98 -10
95 46 19
34 36 18
53 49 -3
72 62 16
37 41 -10
56 54 13
14 57 18
13 98 -4
30 1 10
90 52 -5
7 54 1
48 55 15
81 3 2
39 6 20
92 98 -8
83 49 20
41 52 -18
60 65 -6
25 44 -11
44 57 8
2 60 -3
76 9 -14
34 49 -12
37 54 -16
78 55 14
97 68 -11
69 6 -6
14 70 10
55 71 -11
27 9 -15
11 1 -11
71 52 -18
30 14 -12
90 65 -3
29 55 -6
48 68 14
20 6 -15
6 71 13
23 11 1
64 12 11
96 1 -5
41 65 2
22 15 18
25 57 -4
99 6 17
44 70 7
85 71 3
57 9 5
2 73 19
43 74 -1
76 22 -7
15 12 1
18 17 -18
59 55 -7
78 68 10
97 81 -10
17 58 -9
50 6 -12
36 71 -7
91 7 -3
55 84 -20
8 9 11
94 12 -3
11 14 11
52 15 1
84 4 -18
29 68 -14
87 9 -17
73 74 -10
6 84 2
45 12 10
64 25 -17
3 15 -13
22 28 20
66 71 -12
85 84 -13
38 9 -3
79 10 -6
24 74 11
98 23 -1
43 87 3
82 15 18
15 25 -6
1 90 10
18 30 -7
59 68 19
17 71 -19
91 20 -12
36 84 -19
77 85 11
75 12 -18
94 25 10
80 90 19
33 15 -12
52 28 16
10 31 -12
54 74 -1
73 87 9
45 25 -7
12 77 -16
31 90 1
86 26 3
3 28 6
89 31 4
47 34 18
66 84 1
79 23 3
24 87 -12
98 36 -18
65 88 1
63 15 -15
82 28 13
68 93 -20
21 18 5
40 31 -10
58 85 -19
77 98 -4
75 25 11
42 77 -1
61 90 3
33 28 -18
74 29 15
19 93 2
93 42 -9
10 44 1
51 45 2
54 87 17
95 88 7
67 26 4
12 90 6
86 39 -15
70 31 4
89 44 -16
28 34 20
88 85 19
46 88 18
5 50 7
63 28 -15
49 93 -13
21 31 -17
7 96 15
81 45 6
40 44 -13
39 48 -1
58 98 -1
42 90 -18
0 93 -4
74 42 -7
93 55 -10
13 32 -17
32 45 -5
51 58 17
16 37 -8
35 50 -11
26 1 -16
34 91 20
67 39 4
70 44 -17
37 96 -11
9 34 9
28 47 -14
69 48 9
88 98 7
5 63 6
62 45 5
81 58 -16
20 48 12
39 61 -2
23 53 1
97 2 -1
14 4 12
96 43 -2
55 5 -8
13 45 3
99 48 15
32 58 -3
16 50 -17
35 63 -3
76 64 -15
48 2 -3
92 45 -3
6 5 15
9 47 8
50 48 5
69 61 -8
8 51 -10
27 64 8
11 56 6
85 5 5
30 69 -11
44 4 -7
2 7 2
62 58 3
20 61 1
4 53 5
78 2 11
23 66 9
97 15 -11
64 67 1
36 5 -6
55 18 14
96 56 -10
99 61 -14
38 51 -1
57 64 -6
76 77 -4
29 2 5
15 67 14
18 72 -14
92 58 -12
6 18 15
50 61 -6
91 62 11
8 64 -11
94 67 -14
27 77 -17
66 5 20
11 69 14
85 18 6
30 82 2
24 8 15
84 59 -11
43 21 8
87 64 -10
1 24 -6
59 2 8
4 66 20
45 67 -3
64 80 20
17 5 -13
3 70 20
36 18 -1
22 83 -13
77 19 -17
80 24 -5
38 64 11
57 77 15
98 78 10
15 80 11
54 8 12
73 21 -16
18 85 10
31 24 -10
91 75 -7
75 67 -13
94 80 -3
66 18 -1
33 70 13
52 83 20
24 21 -14
84 72 11
43 34 -15
10 86 8
1 37 20
87 77 -9
45 80 6
86 81 9
58 19 12
3 83 -20
89 86 -6
22 96 16
77 32 1
61 24 -20
80 37 -16
19 27 13
79 78 -9
98 91 12
63 70 -11
82 83 2
54 21 -15
40 86 2
12 24 13
31 37 -17
72 38 -7
75 80 -4
88 19 2
33 83 -17
52 96 7
93 97 12
46 22 -12
65 35 -6
10 99 6
49 27 -1
68 40 -2
26 43 7
67 81 -6
86 94 -17
70 86 -4
58 32 14
89 99 -4
42 24 -15
61 37 -4
0 27 5
19 40 12
79 91 19
63 83 10
82 96 -18
21 86 -2
95 35 1
40 99 -4
12 37 -18
53 38 19
72 51 -8
56 43 20
88 32 -14
14 46 -16
74 97 2
46 35 10
65 48 -15
49 40 15
68 53 -2
7 43 8
67 94 -12
26 56 13
70 99 6
9 89 -5
83 38 -11
0 40 -11
60 54 -16
44 46 -5
21 99 -3
34 38 -8
53 51 7
37 43 15
97 57 4
14 59 17
71 41 13
30 3 -16
90 54 -6
7 56 14
48 57 16
39 8 -7
6 60 7
23 0 -20
83 51 5
41 54 -13
60 67 -10
25 46 7
44 59 17
2 62 1
76 11 1
15 1 8
34 51 5
18 6 -16
37 56 10
78 57 10
97 70 -14
36 60 6
69 8 15
55 73 -14
27 11 11
11 3 9
71 54 -2
30 16 8
90 67 -18
29 57 8
48 70 9
6 73 -9
4 0 -19
45 1 -17
64 14 -1
22 17 -19
96 3 -19
25 59 11
66 60 4
99 8 11
85 73 -1
57 11 -19
98 12 -18
2 75 -18
43 76 3
15 14 -10
1 79 7
18 19 -11
59 57 -5
78 70 -6
17 60 12
91 9 -17
36 73 -10
55 86 -18
75 1 5
8 11 19
94 14 10
11 16 -15
52 17 -1
10 20 -9
29 70 5
84 6 15
87 11 19
73 76 10
45 14 -13
64 27 -20
31 79 -13
3 17 -20
22 30 -1
66 73 18
85 86 13
38 11 -6
79 12 19
24 76 -6
98 25 -10
43 89 12
82 17 -6
1 92 -1
40 20 6
59 70 1
17 73 -7
91 22 -19
58 74 -3
77 87 18
75 14 5
94 27 -18
61 79 15
80 92 19
33 17 17
52 30 -5
93 31 16
10 33 -7
54 76 12
73 89 20
67 15 18
12 79 -3
86 28 3
31 92 16
70 20 2
3 30 17
89 33 20
88 74 -7
47 36 12
79 25 -17
24 89 -5
65 90 10
63 17 19
82 30 -9
68 95 -19
21 20 14
40 33 20
26 98 3
58 87 -5
42 79 -12
61 92 -15
0 82 -9
74 31 2
19 95 6
93 44 11
33 30 -2
32 34 9
51 47 15
35 39 -7
54 89 -6
95 90 4
67 28 -14
12 92 -18
86 41 -1
53 93 4
70 33 2
89 46 13
56 98 -16
9 23 -15
28 36 -5
88 87 10
47 49 -2
5 52 20
46 90 -16
63 30 -5
49 95 7
21 33 -1
62 34 13
7 98 -7
81 47 -16
39 50 -4
42 92 4
83 93 -14
0 95 -6
74 44 -20
13 34 -14
32 47 -15
51 60 -7
16 39 -20
35 52 7
34 93 -15
92 34 -13
37 98 5
9 36 -12
28 49 17
69 50 15
60 1 16
62 47 -14
81 60 19
20 50 -15
39 63 18
4 42 20
23 55 -19
97 4 -5
14 6 -16
55 7 16
96 45 -2
13 47 -8
99 50 20
16 52 17
90 1 18
57 53 -18
76 66 -2
48 4 -14
92 47 15
6 7 11
69 63 -3
8 53 -9
27 66 -4
11 58 -6
85 7 13
30 71 -18
44 6 14
2 9 17
84 48 -19
43 10 1
87 53 -8
20 63 -14
4 55 5
78 4 7
23 68 3
97 17 11
64 69 -3
36 7 9
96 58 20
55 20 -6
99 63 -13
38 53 -12
57 66 -17
76 79 13
29 4 -17
15 69 -6
73 10 -3
18 74 6
6 20 -4
50 63 8
91 64 -3
8 66 19
94 69 2
66 7 -16
11 71 -9
85 20 4
24 10 7
43 23 10
84 61 14
87 66 17
1 26 -2
59 4 10
45 69 -14
64 82 10
17 7 -15
36 20 12
3 72 -15
22 85 -10
77 21 -7
80 26 8
38 66 -12
79 67 1
98 80 10
82 72 -8
15 82 -7
54 10 2
73 23 -18
18 87 -17
12 13 -3
31 26 -1
91 77 -20
75 69 -20
94 82 3
33 72 18
52 85 -9
24 23 16
65 24 -18
10 88 -16
68 29 5
1 39 15
45 82 14
86 83 -6
58 21 15
3 85 -4
89 88 20
77 34 19
22 98 -12
42 13 -15
61 26 2
80 39 17
19 29 -10
79 80 14
98 93 8
63 72 12
82 85 -6
54 23 10
95 24 -12
40 88 3
12 26 -4
31 39 -15
72 40 -9
75 82 -19
88 21 -18
33 85 -8
74 86 14
93 99 19
46 24 -5
65 37 5
49 29 -13
68 42 -17
7 32 18
26 45 20
67 83 -11
86 96 -20
58 34 -6
70 88 -15
42 26 -4
28 91 7
61 39 -2
0 29 -1
19 42 -12
60 43 -1
63 85 2
21 88 16
95 37 10
34 27 -20
53 40 -2
72 53 11
37 32 -2
56 45 12
14 48 -12
74 99 17
46 37 6
49 42 -2
90 43 15
7 45 2
26 58 -1
67 96 -16
9 91 -7
83 40 -3
0 42 -14
41 43 7
60 56 7
44 48 17
2 51 16
76 0 12
34 40 20
37 45 -6
56 58 -18
97 59 -3
14 61 16
55 62 5
27 0 1
30 5 12
71 43 2
90 56 -15
29 46 -4
48 59 19
6 62 -5
23 2 15
64 3 2
83 53 -3
41 56 -20
25 48 -10
44 61 -12
85 62 4
57 0 19
2 64 1
76 13 -5
15 3 -13
59 46 -20
18 8 2
78 59 13
97 72 -8
36 62 -13
55 75 -8
8 0 -2
94 3 2
27 13 12
11 5 12
30 18 -15
71 56 17
29 59 18
48 72 -5
87 0 -11
6 75 -16
4 2 8
45 3 7
64 16 -1
3 6 -19
22 19 -10
25 61 -12
66 62 -12
85 75 -17
38 0 -8
57 13 -6
24 65 -19
43 78 -2
98 14 -1
15 16 15
1 81 6
18 21 19
78 72 -18
17 62 -10
91 11 -11
36 75 17
77 76 -20
75 3 1
94 16 17
80 81 -7
33 6 -13
52 19 -2
10 22 16
84 8 -11
54 65 -3
87 13 -18
73 78 -19
45 16 -14
86 17 -18
31 81 19
3 19 2
89 22 -15
22 32 8
66 75 1
79 14 -1
24 78 -1
98 27 -16
43 91 3
63 6 -3
82 19 14
1 94 -12
40 22 -10
17 75 -6
58 76 15
77 89 -20
75 16 3
61 81 18
80 94 -20
33 19 2
19 84 -1
93 33 -20
52 32 8
10 35 9
54 78 -9
73 91 -13
67 17 10
12 81 -15
86 30 -10
31 94 -3
72 95 -9
70 22 10
89 35 18
28 25 10
47 38 10
88 76 1
46 79 17
79 27 -14
65 92 19
5 41 20
63 19 5
82 32 -17
49 84 7
68 97 14
21 22 -10
40 35 -10
81 36 2
58 89 -9
42 81 -2
61 94 -7
0 84 14
74 33 -19
19 97 12
93 46 15
32 36 7
51 49 17
35 41 19
95 92 19
67 30 9
12 94 -20
53 95 6
70 35 -14
9 25 -3
28 38 -11
88 89 -12
47 51 -1
46 92 10
5 54 12
49 97 -16
21 35 12
62 36 15
81 49 -6
20 39 9
39 52 -8
42 94 -10
83 95 2
0 97 6
74 46 15
41 98 7
13 36 -14
32 49 19
16 41 -4
35 54 11
34 95 -18
92 36 -12
9 38 19
50 39 -12
69 52 -13
60 3 -9
27 55 17
71 98 12
30 60 10
62 49 14
20 52 20
39 65 13
4 44 -7
23 57 -18
97 6 11
55 9 -5
96 47 -6
13 49 1
99 52 2
16 54 -13
57 55 -14
76 68 10
48 6 17
6 9 7
92 49 -18
50 52 17
69 65 -3
8 55 -1
27 68 17
11 60 15
85 9 -16
30 73 -3
2 11 4
84 50 3
43 12 -10
1 15 14
87 55 -7
4 57 11
78 6 -19
64 71 9
36 9 15
22 74 -11
96 60 7
55 22 8
99 65 -1
38 55 5
57 68 -8
98 69 20
29 6 -15
15 71 -4
73 12 13
18 76 11
31 15 -18
91 66 -1
75 58 16
8 68 -13
94 71 -2
66 9 2
11 73 -5
52 74 7
85 22 13
24 12 -5
43 25 13
84 63 -8
1 28 -4
87 68 -19
45 71 9
64 84 -17
17 9 1
58 10 -3
3 74 5
77 23 -7
22 87 6
61 15 -1
80 28 2
38 68 -8
79 69 16
98 82 -13
82 74 -6
54 12 -4
73 25 -16
18 89 -12
12 15 3
31 28 12
91 79 -2
75 71 -5
94 84 -3
88 10 5
33 74 -13
52 87 5
24 25 -1
65 26 12
10 90 -15
68 31 -16
26 34 11
67 72 5
86 85 -15
58 23 15
3 87 -7
89 90 -17
77 36 10
42 15 8
61 28 -3
80 41 19
47 93 -17
0 18 -9
19 31 -2
79 82 -7
63 74 -11
82 87 13
54 25 19
95 26 -7
40 90 7
21 77 -6
12 28 -15
53 29 -10
72 42 6
56 34 -10
88 23 18
33 87 7
74 88 -15
46 26 13
65 39 8
49 31 9
68 44 13
7 34 20
67 85 -9
26 47 -15
86 98 -13
70 90 13
42 28 9
83 29 11
28 93 -17
0 31 -20
19 44 17
60 45 -7
63 87 -9
21 90 13
95 39 13
34 29 6
53 42 3
72 55 -13
37 34 18
56 47 18
14 50 5
46 39 15
13 91 14
49 44 -18
16 96 14
90 45 17
7 47 10
92 91 -6
9 93 -18
83 42 9
41 45 -4
60 58 -20
25 37 -17
44 50 -18
2 53 -11
76 2 1
34 42 -9
37 47 19
78 48 13
97 61 -13
14 63 8
55 64 13
27 2 -8
71 45 -8
30 7 -5
90 58 4
29 48 2
48 61 6
6 64 12
23 4 -20
64 5 14
41 58 -19
25 50 17
44 63 3
85 64 9
57 2 18
2 66 20
76 15 5
43 67 -2
15 5 19
18 10 -18
59 48 1
78 61 -14
97 74 7
17 51 -5
91 0 15
36 64 -5
55 77 -12
8 2 10
94 5 11
11 7 15
52 8 -2
71 58 -11
29 61 -13
87 2 5
73 67 -13
6 77 1
45 5 -7
64 18 -1
3 8 -19
22 21 -18
66 64 -3
85 77 10
38 2 -1
79 3 -10
24 67 -15
98 16 -11
43 80 -14
82 8 14
15 18 -12
1 83 -14
59 61 -8
18 23 7
17 64 13
91 13 -6
36 77 13
77 78 -18
75 5 11
94 18 -3
80 83 -16
33 8 10
52 21 5
10 24 -1
54 67 -5
73 80 14
12 70 5
86 19 14
31 83 2
45 18 -2
3 21 -19
89 24 9
66 77 17
79 16 4
24 80 9
65 81 -11
98 29 -18
63 8 -2
82 21 -17
68 86 -5
1 96 -12
21 11 -17
40 24 -10
58 78 11
77 91 10
42 70 -6
75 18 -9
61 83 14
80 96 15
33 21 6
74 22 10
19 86 16
93 35 1
10 37 -11
51 38 -3
54 80 8
95 81 -4
67 19 -16
12 83 11
86 32 3
31 96 -9
72 97 -3
70 24 5
89 37 -20
28 27 -7
47 40 15
88 78 15
5 43 11
46 81 17
65 94 16
63 21 -19
49 86 -19
68 99 18
21 24 -18
40 37 -20
81 38 13
7 89 -5
58 91 -16
42 83 9
61 96 17
0 86 6
74 35 -20
19 99 -13
93 48 -4
13 25 6
32 38 12
35 43 14
95 94 2
67 32 11
34 84 -18
53 97 11
70 37 -17
37 89 4
9 27 16
28 40 18
88 91 19
46 94 10
5 56 12
49 99 19
62 38 1
81 51 11
20 41 -4
39 54 -12
23 46 -15
83 97 -18
0 99 13
96 36 -3
13 38 11
99 41 8
32 51 -5
16 43 -11
35 56 -16
76 57 -8
34 97 2
92 38 -6
9 40 -9
50 41 -18
69 54 -6
27 57 20
30 62 -7
2 0 -19
62 51 16
20 54 2
39 67 14
4 46 -15
23 59 10
97 8 14
96 49 11
55 11 -14
99 54 12
38 44 19
76 70 -8
48 8 3
15 60 -11
92 51 1
6 11 -14
18 65 -13
50 54 13
91 55 -9
8 57 10
27 70 17
11 62 16
85 11 8
30 75 4
24 1 -1
84 52 7
43 14 7
87 57 9
1 17 -5
4 59 -5
78 8 -15
45 60 10
64 73 2
36 11 -13
77 12 15
22 76 20
80 17 15
38 57 20
57 70 -20
98 71 -17
15 73 -20
54 1 -16
73 14 19
18 78 -6
31 17 18
91 68 11
75 60 -19
94 73 4
66 11 13
11 75 -3
52 76 -1
24 14 -13
84 65 -12
10 79 -11
43 27 16
1 30 -6
87 70 -11
45 73 -4
64 86 9
17 11 -7
58 12 -6
3 76 4
77 25 12
22 89 16
61 17 15
80 30 19
19 20 -13
79 71 -17
98 84 14
82 76 -19
54 14 2
73 27 16
40 79 -9
12 17 20
31 30 -17
72 31 -4
75 73 -18
88 12 14
33 76 1
52 89 8
93 90 16
46 15 16
65 28 -14
10 92 19
49 20 -8
68 33 2
67 74 -9
26 36 2
86 87 -12
70 79 -1
3 89 -6
58 25 17
89 92 -8
42 17 -10
61 30 5
47 95 -15
0 20 20
19 33 14
5 98 -16
79 84 2
63 76 2
82 89 -12
21 79 -1
95 28 15
40 92 11
12 30 3
53 31 -19
72 44 -15
56 36 17
14 39 -3
33 89 -19
74 90 10
88 25 -2
46 28 -8
65 41 6
32 93 14
49 33 -9
68 46 -2
35 98 -8
7 36 6
67 87 6
26 49 -4
70 92 -7
9 82 -19
83 31 12
42 30 -16
28 95 4
0 33 19
41 34 5
60 47 13
44 39 20
21 92 -13
62 93 3
95 41 18
34 31 -9
53 44 -12
37 36 -12
56 49 -14
97 50 4
14 52 -20
13 93 4
71 34 -11
16 98 -18
90 47 -9
7 49 11
48 50 -13
6 53 -17
39 1 9
92 93 9
9 95 12
83 44 -5
41 47 -3
25 39 9
44 52 -5
2 55 3
76 4 18
34 44 -7
37 49 7
78 50 -6
97 63 -19
69 1 4
36 53 -5
55 66 -13
27 4 14
30 9 1
71 47 -13
90 60 -12
29 50 10
48 63 -8
6 66 15
64 7 4
22 10 13
25 52 7
99 1 18
66 53 9
85 66 -20
57 4 -2
98 5 4
43 69 7
2 68 -5
15 7 12
1 72 -17
59 50 19
18 12 6
78 63 -17
17 53 14
91 2 -19
36 66 9
55 79 7
8 4 14
94 7 8
11 9 -17
52 10 5
29 63 18
87 4 -4
73 69 8
45 7 6
31 72 -12
64 20 7
3 10 16
22 23 -4
85 79 -9
38 4 -16
79 5 -17
24 69 -10
98 18 8
43 82 -2
82 10 -16
1 85 -20
59 63 14
17 66 4
91 15 -6
58 67 -12
77 80 -20
75 7 14
94 20 -14
61 72 -16
80 85 -13
33 10 3
52 23 11
10 26 18
54 69 7
73 82 20
67 8 15
12 72 -6
86 21 -5
31 85 9
70 13 8
3 23 2
89 26 6
88 67 5
47 29 -2
79 18 10
24 82 4
65 83 -3
63 10 -8
82 23 -18
68 88 12
21 13 -4
40 26 9
58 80 2
77 93 3
42 72 -14
61 85 15
80 98 6
0 75 3
33 23 -10
19 88 -3
93 37 -5
74 24 -13
10 39 -16
51 40 12
54 82 -15
95 83 14
67 21 -3
12 85 17
53 86 6
86 34 -14
72 99 17
70 26 15
56 91 -5
89 39 -6
28 29 2
88 80 14
47 42 20
5 45 11
46 83 13
65 96 -5
63 23 -20
49 88 -2
21 26 20
62 27 -10
7 91 6
81 40 -5
39 43 -5
42 85 2
83 86 5
0 88 -4
74 37 8
13 27 4
32 40 -17
51 53 6
16 32 -7
35 45 -10
95 96 -8
34 86 -6
53 99 20
92 27 15
37 91 16
9 29 -10
28 42 19
69 43 6
5 58 1
46 96 4
62 40 3
81 53 18
20 43 14
39 56 -19
23 48 -17
83 99 -12
96 38 12
55 0 -16
25 94 -3
13 40 -5
99 43 14
16 45 1
35 58 -2
76 59 11
34 99 13
92 40 10
6 0 11
50 43 -18
69 56 14
8 46 -3
27 59 -6
11 51 -1
85 0 1
30 64 -6
43 3 5
84 41 -16
20 56 -13
4 48 15
23 61 -13
97 10 17
64 62 -12
36 0 20
96 51 19
55 13 -17
99 56 -16
38 46 -9
57 59 -7
76 72 7
15 62 -1
73 3 11
6 13 1
18 67 -13
50 56 -6
91 57 -3
8 59 5
94 62 -17
27 72 -17
66 0 -3
11 64 -5
85 13 -13
30 77 15
24 3 7
84 54 -7
43 16 20
87 59 19
1 19 -8
4 61 -19
45 62 -19
64 75 16
17 0 5
36 13 -14
77 14 -5
22 78 -3
3 65 -7
80 19 -20
38 59 -9
57 72 17
98 73 -5
15 75 14
54 3 12
73 16 -9
18 80 1
12 6 12
31 19 -11
91 70 9
75 62 18
94 75 -18
33 65 2
66 13 19
52 78 -1
24 16 2
65 17 19
10 81 12
68 22 19
1 32 20
45 75 -1
86 76 -11
58 14 20
3 78 14
89 81 3
22 91 -7
77 27 15
42 6 -15
61 19 11
80 32 16
19 22 -11
79 73 -18
98 86 13
63 65 2
82 78 16
54 16 2
95 17 15
40 81 6
12 19 4
31 32 18
72 33 -2
88 14 1
33 78 -4
52 91 -5
93 92 11
46 17 16
65 30 -2
10 94 -19
51 95 -13
49 22 16
68 35 14
7 25 9
67 76 -14
26 38 16
86 89 -1
70 81 2
58 27 -17
89 94 3
42 19 -5
28 84 -1
61 32 -15
47 97 6
0 22 -1
19 35 -9
60 36 14
63 78 -3
82 91 -6
21 81 3
95 30 18
40 94 -1
81 95 -4
34 20 -18
53 33 -8
72 46 -7
37 25 1
56 38 -20
88 27 -11
14 41 12
74 92 -17
46 30 -10
32 95 -8
49 35 20
90 36 13
7 38 7
26 51 -1
67 89 14
70 94 10
9 84 13
83 33 -20
28 97 -14
0 35 -4
41 36 5
60 49 11
44 41 14
2 44 -17
21 94 10
62 95 -20
34 33 1
20 98 20
53 46 19
37 38 14
56 51 -2
97 52 -14
14 54 -16
13 95 -16
71 36 -10
90 49 20
29 39 -4
48 52 -19
6 55 -2
92 95 1
9 97 -11
50 98 16
83 46 13
41 49 -15
25 41 -7
44 54 -10
85 55 20
2 57 18
76 6 6
59 39 -17
18 1 2
78 52 -12
97 65 -16
36 55 -12
55 68 -15
27 6 -9
71 49 -20
30 11 -4
29 52 -17
48 65 5
6 68 10
64 9 -8
22 12 16
25 54 15
66 55 14
85 68 4
24 58 -13
57 6 1
43 71 -12
98 7 18
15 9 7
1 74 8
18 14 12
59 52 16
78 65 4
17 55 17
91 4 9
36 68 12
77 69 1
94 9 -20
80 74 1
52 12 -9
84 1 -20
10 15 -16
54 58 -20
87 6 -4
73 71 -2
45 9 16
86 10 -14
31 74 6
3 12 -1
22 25 -2
66 68 3
79 7 -19
24 71 -14
98 20 8
43 84 -8
82 12 -10
1 87 -12
40 15 -13
17 68 -10
58 69 -20
77 82 -10
75 9 18
61 74 -7
80 87 4
33 12 3
52 25 -10
93 26 13
19 77 -11
10 28 11
54 71 -1
73 84 2
67 10 15
12 74 19
86 23 9
31 87 -19
72 88 -1
70 15 -10
3 25 -13
89 28 -4
47 31 -8
88 69 15
5 34 -17
79 20 -16
65 85 -16
46 72 17
63 12 -6
49 77 -8
82 25 -19
68 90 -12
21 15 -19
40 28 -2
26 93 6
58 82 5
42 74 14
61 87 -17
0 77 -2
74 26 4
19 90 1
93 39 11
32 29 -13
51 42 -3
35 34 17
95 85 20
67 23 16
12 87 11
53 88 3
70 28 -7
56 93 -15
9 18 2
28 31 -18
88 82 10
47 44 8
5 47 13
46 85 -18
65 98 -8
49 90 -4
21 28 -9
62 29 6
7 93 19
81 42 -8
39 45 13
42 87 20
83 88 9
0 90 -20
41 91 -7
74 39 -7
13 29 7
32 42 -3
51 55 -1
16 34 14
35 47 8
95 98 12
34 88 -6
92 29 12
37 93 2
9 31 -15
28 44 -7
69 45 11
27 48 -5
71 91 -3
30 53 13
62 42 12
81 55 -1
20 45 8
39 58 9
4 37 3
23 50 -10
55 2 10
96 40 4
25 96 9
99 45 -13
13 42 6
16 47 -13
57 48 -15
76 61 -3
6 2 7
92 42 12
50 45 -11
69 58 -19
8 48 17
27 61 13
11 53 -9
85 2 7
30 66 -20
2 4 15
43 5 17
84 43 6
1 8 -9
20 58 -4
87 48 10
4 50 3
23 63 9
36 2 -20
55 15 8
96 53 7
22 67 13
99 58 -7
38 48 -16
57 61 17
76 74 6
15 64 -15
73 5 -3
18 69 -18
31 8 13
91 59 8
8 61 3
94 64 20
66 2 13
11 66 5
52 67 -4
85 15 12
24 5 16
43 18 13
84 56 -8
1 21 -2
87 61 10
45 64 20
64 77 -19
17 2 10
58 3 17
3 67 18
77 16 7
22 80 -13
61 8 -16
80 21 -16
38 61 11
79 62 5
98 75 -18
82 67 -15
15 77 19
54 5 19
73 18 -8
18 82 14
12 8 5
31 21 -2
91 72 -2
75 64 -4
94 77 -5
88 3 16
33 67 19
52 80 -3
24 18 -2
65 19 4
10 83 -8
68 24 -11
26 27 -17
45 77 -3
86 78 -9
58 16 -19
3 80 -6
89 83 -19
77 29 -19
42 8 -15
61 21 17
80 34 17
47 86 -3
0 11 4
19 24 18
79 75 -9
98 88 3
63 67 -12
82 80 -11
54 18 -15
95 19 8
40 83 -11
21 70 11
12 21 -9
53 22 -20
72 35 -7
56 27 13
75 77 -13
88 16 -4
33 80 -3
74 81 14
93 94 -17
46 19 -1
65 32 -10
10 96 -9
51 97 7
49 24 -13
68 37 -10
7 27 -1
26 40 -5
67 78 -6
86 91 -14
70 83 10
89 96 -20
42 21 -18
83 22 10
28 86 20
47 99 3
0 24 1
19 37 20
60 38 -2
63 80 13
21 83 -2
95 32 -1
40 96 -17
81 97 -14
34 22 13
53 35 14
72 48 7
37 27 15
56 40 -1
14 43 -1
74 94 -13
46 32 -4
13 84 18
32 97 18
16 89 -15
49 37 3
90 38 10
7 40 -7
48 41 -5
67 91 -20
70 96 8
9 86 -2
83 35 -6
28 99 -18
41 38 17
60 51 5
25 30 13
44 43 -20
2 46 17
62 97 16
34 35 -3
37 40 16
78 41 10
97 54 14
14 56 2
96 95 18
55 57 5
13 97 13
71 38 17
30 0 19
90 51 5
29 41 9
48 54 -11
92 97 14
6 57 12
9 99 9
41 51 14
25 43 -7
44 56 12
85 57 10
2 59 -15
43 60 8
76 8 -9
18 3 -20
59 41 9
78 54 -3
97 67 20
17 44 -14
36 57 -12
55 70 -2
27 8 20
11 0 -18
30 13 -9
71 51 15
29 54 4
73 60 14
6 70 2
64 11 15
3 1 1
22 14 10
66 57 12
85 70 13
24 60 4
98 9 -5
43 73 -8
15 11 3
1 76 17
18 16 -2
59 54 -18
17 57 -9
91 6 -8
36 70 -16
77 71 -15
94 11 10
80 76 10
33 1 -19
52 14 -16
10 17 -11
54 60 -4
12 63 -2
45 11 -7
86 12 16
31 76 1
3 14 12
89 17 -10
22 27 -15
66 70 15
79 9 -16
24 73 18
65 74 12
98 22 -4
63 1 9
82 14 -9
1 89 16
40 17 6
58 71 15
77 84 5
75 11 3
42 63 17
61 76 -11
80 89 19
33 14 -6
19 79 19
52 27 -1
93 28 13
10 30 20
51 31 17
54 73 6
95 74 2
67 12 -2
12 76 2
86 25 -20
31 89 -16
72 90 8
70 17 14
89 30 17
28 20 -16
47 33 -14
88 71 12
5 36 -12
46 74 -9
65 87 3
63 14 -14
49 79 10
68 92 15
21 17 -10
40 30 -7
81 31 15
26 95 -14
58 84 11
42 76 16
61 89 -16
0 79 3
74 28 3
19 92 -18
93 41 8
32 31 5
51 44 2
35 36 6
95 87 5
34 77 -5
67 25 3
53 90 17
37 82 -15
70 30 13
56 95 7
9 20 20
28 33 15
14 98 -11
47 46 19
88 84 -17
5 49 4
46 87 -10
49 92 4
90 93 11
21 30 -1
62 31 8
7 95 15
81 44 14
20 34 -14
39 47 -14
23 39 -14
83 90 -13
0 92 -10
41 93 -1
13 31 6
44 98 -3
32 44 1
16 36 -14
35 49 8
76 50 -4
34 90 -4
92 31 3
37 95 7
9 33 12
50 34 7
69 47 16
27 50 -7
71 93 8
30 55 -7
62 44 -9
20 47 8
39 60 -10
4 39 -3
23 52 -19
97 1 -5
96 42 -9
55 4 -20
25 98 -9
99 47 -13
13 44 -8
16 49 -8
57 50 -9
76 63 15
48 1 18
15 53 -14
92 44 -6
18 58 18
59 96 -13
6 4 16
50 47 6
69 60 -9
8 50 -1
27 63 10
11 55 3
85 4 20
30 68 9
43 7 -4
84 45 -12
1 10 8
87 50 -1
4 52 -8
78 1 -7
45 53 6
64 66 6
36 4 12
77 5 5
22 69 10
80 10 4
99 60 -16
38 50 -13
57 63 12
98 64 -10
15 66 -5
73 7 14
18 71 -4
31 10 11
91 61 -13
75 53 12
8 63 -12
94 66 -16
66 4 11
11 68 5
52 69 -13
24 7 -14
43 20 -9
84 58 -2
10 72 9
1 23 7
87 63 -9
45 66 -4
64 79 20
17 4 -12
58 5 -6
3 69 -12
77 18 -3
22 82 15
61 10 -1
80 23 -3
19 13 -1
38 63 16
79 64 3
98 77 1
82 69 -19
54 7 5
73 20 -15
40 72 8
12 10 -6
31 23 15
72 24 10
91 74 -11
75 66 2
94 79 -4
88 5 -15
33 69 -12
52 82 15
93 83 -5
46 8 -17
65 21 12
10 85 -3
49 13 -13
68 26 -17
26 29 11
86 80 -1
58 18 19
3 82 -12
70 72 -18
89 85 14
42 10 11
61 23 -20
47 88 -6
0 13 -17
19 26 -2
79 77 -13
5 91 -4
63 69 -3
21 72 20
95 21 7
40 85 -11
12 23 6
53 24 -11
72 37 2
56 29 -5
88 18 -18
33 82 1
74 83 1
93 96 -5
46 21 13
65 34 2
32 86 -3
51 99 17
49 26 13
35 91 1
68 39 -3
7 29 5
26 42 -18
67 80 20
86 93 13
70 85 -18
89 98 -17
9 75 4
83 24 -19
28 88 16
42 23 8
0 26 7
41 27 -12
60 40 -10
44 32 -16
63 82 1
21 85 2
95 34 6
62 86 2
81 99 -11
34 24 -20
53 37 14
37 29 -8
56 42 20
97 43 8
14 45 19
74 96 5
13 86 3
32 99 9
71 27 -5
16 91 19
90 40 -14
7 42 1
48 43 19
92 86 -9
9 88 -2
83 37 -10
41 40 9
60 53 6
25 32 -19
44 45 -1
2 48 -5
62 99 -1
34 37 10
4 94 5
78 43 5
37 42 -6
97 56 11
36 46 -2
55 59 2
96 97 -15
13 99 6
30 2 10
71 40 18
90 53 9
29 43 -3
48 56 -6
92 99 1
6 59 18
64 0 5
22 3 -12
25 45 8
66 46 -5
85 59 -13
2 61 20
76 10 -18
43 62 -11
15 0 9
59 43 -18
18 5 -20
78 56 -13
17 46 10
36 59 7
55 72 -18
94 0 6
11 2 -12
52 3 -7
29 56 12
73 62 13
45 0 8
64 13 11
22 16 3
66 59 -2
85 72 20
24 62 3
98 11 -4
43 75 19
82 3 16
15 13 -16
1 78 16
59 56 -15
17 59 -19
58 60 -18
91 8 -16
77 73 7
75 0 20
94 13 2
61 65 -5
80 78 6
33 3 -9
52 16 9
10 19 -9
54 62 -8
73 75 -8
12 65 11
86 14 12
45 13 12
31 78 -15
3 16 -3
89 19 -7
47 22 15
88 60 -16
79 11 9
24 75 -13
65 76 -15
63 3 18
82 16 -5
68 81 3
1 91 2
21 6 -16
40 19 9
58 73 14
77 86 16
42 65 13
61 78 -7
80 91 3
33 16 18
74 17 2
19 81 3
93 30 2
10 32 5
51 33 9
54 75 6
95 76 -3
67 14 -7
12 78 -2
86 27 12
72 92 -2
70 19 -17
89 32 2
28 22 20
47 35 11
88 73 -11
46 76 8
5 38 -1
65 89 -1
63 16 -6
49 81 -14
68 94 12
21 19 -18
7 84 4
81 33 -14
26 97 -8
40 32 11
39 36 -16
42 78 17
83 79 -3
0 81 8
74 30 6
19 94 -11
93 43 -2
60 95 -3
13 20 12
32 33 1
51 46 -10
16 25 14
35 38 -10
95 89 19
34 79 -3
53 92 17
37 84 16
70 32 4
56 97 15
9 22 2
28 35 19
69 36 -12
5 51 6
46 89 13
49 94 7
90 95 -8
62 33 15
7 97 -5
81 46 13
20 36 16
39 49 -5
23 41 -10
83 92 -6
96 31 -3
41 95 -20
13 33 14
99 36 16
32 46 -15
16 38 7
35 51 11
76 52 20
34 92 -3
92 33 5
37 97 -18
9 35 -15
50 36 7
69 49 -14
8 39 13
27 52 2
11 44 -2
30 57 -18
71 95 13
29 98 -19
62 46 -15
20 49 -9
4 41 -2
23 54 10
64 55 6
97 3 9
96 44 -12
55 6 -12
99 49 8
38 39 -19
57 52 4
76 65 -15
15 55 17
59 98 13
18 60 1
50 49 8
91 50 -14
8 52 7
94 55 8
27 65 -3
11 57 10
85 6 -3
30 70 -5
43 9 15
84 47 -1
87 52 10
1 12 16
4 54 -1
45 55 -16
64 68 14
3 58 12
77 7 -3
22 71 7
36 6 8
80 12 -8
38 52 -16
57 65 -7
98 66 6
15 68 -12
73 9 -14
18 73 8
31 12 -15
91 63 -4
75 55 -10
94 68 -2
66 6 15
33 58 7
52 71 17
24 9 -16
65 10 10
10 74 -9
84 60 7
68 15 -5
1 25 1
87 65 -15
45 68 5
86 69 4
58 7 -17
3 71 1
77 20 14
22 84 13
89 74 7
61 12 11
80 25 -15
19 15 -5
79 66 3
98 79 17
63 58 -6
82 71 1
54 9 3
95 10 14
40 74 -13
31 25 -15
72 26 3
75 68 -20
88 7 -12
33 71 5
52 84 -1
93 85 -9
46 10 -16
65 23 10
10 87 9
51 88 -18
49 15 5
68 28 13
7 18 -20
67 69 -15
26 31 -9
86 82 3
58 20 -20
70 74 8
89 87 -20
42 12 13
28 77 -20
61 25 17
47 90 4
0 15 -5
19 28 -9
60 29 -2
5 93 -11
63 71 2
82 84 -3
21 74 2
95 23 -12
40 87 -19
81 88 2
34 13 1
53 26 -6
72 39 -13
37 18 -2
56 31 -2
88 20 20
14 34 10
74 85 18
93 98 -16
46 23 6
32 88 -2
49 28 12
90 29 -12
35 93 -20
7 31 9
67 82 -12
26 44 -19
70 87 6
9 77 -12
83 26 -12
28 90 16
0 28 9
41 29 -9
60 42 1
44 34 -6
21 87 -6
62 88 3
34 26 -5
20 91 -20
53 39 9
37 31 -19
56 44 -4
97 45 2
23 96 -19
14 47 17
74 98 13
