12 132 1
4 0 -6
4 9 5
5 1 20
8 0 4
5 10 -16
8 9 -17
10 6 5
9 8 9
11 5 14
0 5 1
2 11 -3
6 2 6
7 1 -20
6 11 -1
7 10 11
4 2 11
3 6 -9
5 3 -18
8 2 -18
9 1 1
8 11 14
9 10 -11
0 7 8
11 7 -17
2 4 -7
1 8 12
6 4 12
7 3 -16
3 8 -9
8 4 -12
9 3 20
11 0 -9
11 9 -3
0 9 4
1 10 3
7 5 9
3 1 -7
3 10 -2
5 7 -1
9 5 -20
0 2 -6
11 2 15
1 3 -1
5 0 11
5 9 2
4 11 -1
9 7 8
11 4 4
10 8 8
1 5 17
6 1 12
7 0 14
7 9 -16
3 5 -4
5 2 -20
9 0 16
5 11 10
10 1 -8
1 7 12
2 6 15
7 2 -7
7 11 -3
3 7 12
5 4 8
4 6 -18
9 2 17
8 6 -5
10 3 9
1 0 -2
1 9 -2
0 11 14
2 8 -3
7 4 -7
6 8 14
3 0 4
3 9 -2
5 6 -15
4 8 14
10 5 -12
1 2 20
0 4 14
2 1 7
1 11 -13
2 10 -19
6 10 13
3 2 -16
4 1 -6
3 11 -18
4 10 -7
8 1 17
8 10 10
10 7 1
1 4 14
0 6 -9
11 6 14
2 3 -19
6 3 17
3 4 -10
4 3 3
8 3 16
10 0 7
10 9 -6
1 6 -9
9 11 -12
2 5 19
0 8 -5
11 8 -4
6 5 -16
4 5 -7
8 5 20
10 2 2
9 4 -20
11 1 5
0 1 16
10 11 -6
11 10 7
2 7 -1
0 10 17
6 7 18
7 6 -12
4 7 19
5 8 -3
8 7 -7
10 4 19
9 6 17
11 3 -6
0 3 18
2 0 -12
2 9 20
6 0 20
6 9 -3
7 8 7
