12 132 1
4 0 -8
4 9 -17
5 1 14
8 0 13
5 10 -20
8 9 -9
10 6 -6
9 8 8
0 5 -5
11 5 -6
2 11 11
6 2 -3
7 1 1
6 11 -11
7 10 16
4 2 -5
3 6 -2
5 3 17
8 2 15
9 1 -14
8 11 -11
9 10 1
0 7 -10
2 4 19
11 7 -4
1 8 -8
6 4 5
7 3 14
3 8 -19
8 4 -19
9 3 -20
11 0 9
0 9 -8
11 9 -1
1 10 -19
7 5 -16
3 1 5
3 10 18
5 7 -19
9 5 11
0 2 20
11 2 -10
1 3 17
5 0 10
5 9 -18
4 11 15
9 7 17
11 4 -13
10 8 -10
1 5 5
6 1 -15
7 0 -13
7 9 -14
3 5 19
5 2 -18
9 0 -12
5 11 2
10 1 -8
1 7 -2
2 6 -10
7 2 9
7 11 -2
3 7 -17
5 4 5
4 6 -17
9 2 3
8 6 -4
10 3 16
1 0 -1
1 9 19
0 11 -10
2 8 4
7 4 3
6 8 13
3 0 8
3 9 1
5 6 15
4 8 -10
10 5 7
1 2 -11
0 4 2
2 1 -3
1 11 15
2 10 -11
6 10 -7
3 2 -20
4 1 -13
3 11 -1
4 10 -5
8 1 -2
8 10 1
10 7 -7
1 4 12
11 6 -1
0 6 -6
2 3 2
6 3 -12
3 4 -18
4 3 -5
8 3 -6
10 0 -11
10 9 17
9 11 -3
11 8 -10
2 5 9
1 6 7
0 8 9
6 5 4
4 5 -20
8 5 16
10 2 20
9 4 -2
11 1 3
0 1 3
10 11 -15
11 10 8
2 7 -20
0 10 -7
6 7 -8
7 6 19
4 7 10
5 8 7
8 7 -1
10 4 -20
9 6 -17
0 3 19
2 0 -11
11 3 -10
2 9 -6
6 0 -17
6 9 -2
7 8 -19
