12 132 1
4 0 13
4 9 7
5 1 -5
8 0 6
5 10 -2
8 9 19
10 6 -12
9 8 -2
11 5 18
0 5 -16
2 11 -9
6 2 -3
7 1 12
6 11 9
7 10 16
4 2 6
3 6 -19
5 3 -18
8 2 -17
9 1 13
8 11 -10
9 10 18
11 7 18
2 4 4
0 7 -10
1 8 1
6 4 9
7 3 1
3 8 -1
8 4 -2
9 3 9
11 0 19
0 9 -18
11 9 -19
1 10 9
7 5 5
3 1 16
3 10 9
5 7 -11
9 5 -10
0 2 10
11 2 19
1 3 -18
5 0 -4
5 9 -19
4 11 8
9 7 -14
11 4 -2
10 8 16
1 5 5
6 1 -20
7 0 -18
7 9 -18
3 5 -15
5 2 -4
9 0 -17
5 11 4
10 1 -13
1 7 1
2 6 15
7 2 -18
7 11 -3
3 7 13
5 4 -7
4 6 15
9 2 -7
8 6 -1
10 3 8
1 0 20
1 9 13
0 11 5
2 8 -19
7 4 19
6 8 14
3 0 -15
3 9 -7
5 6 17
4 8 -4
10 5 -18
1 2 5
0 4 -18
2 1 10
1 11 -12
2 10 12
6 10 6
3 2 -19
4 1 -11
3 11 -4
4 10 -12
8 1 -9
8 10 -18
10 7 -6
1 4 -18
0 6 20
11 6 15
2 3 20
6 3 -12
3 4 -8
4 3 10
8 3 -18
10 0 -4
10 9 -16
9 11 -7
0 8 11
11 8 3
1 6 10
2 5 15
6 5 -1
4 5 12
8 5 6
10 2 13
9 4 20
11 1 19
0 1 -17
10 11 -12
11 10 -15
2 7 -11
0 10 6
6 7 6
7 6 10
4 7 -16
5 8 14
8 7 10
10 4 6
9 6 -7
0 3 -7
11 3 -14
2 0 11
2 9 15
6 0 5
6 9 -6
7 8 -2
