1000 2000 1
152 246 -10
92 906 19
335 776 17
675 961 -17
467 523 5
2 423 -12
340 598 10
461 479 6
178 685 -6
173 341 -19
265 424 -19
295 941 17
42 352 -20
178 950 19
48 166 -18
286 483 10
560 872 12
706 926 10
623 662 12
693 843 8
156 638 -20
878 888 13
437 657 -4
266 775 -9
298 578 -4
664 821 -20
301 769 5
147 674 10
48 323 9
298 843 2
277 640 -14
49 404 -9
88 252 7
3 931 -5
614 676 7
551 772 -2
223 561 19
439 451 4
214 970 -4
23 207 -16
641 665 -10
781 825 -5
129 145 4
412 842 -10
170 671 2
61 764 1
65 209 -2
109 432 11
7 384 -17
301 602 1
375 551 10
166 557 13
614 833 -16
339 857 15
158 782 -9
245 850 4
551 893 -1
673 882 19
706 916 -12
657 794 2
78 938 -13
521 870 11
138 989 2
100 468 -17
136 799 -12
27 892 -6
461 675 -20
721 900 17
328 331 6
62 706 -9
229 325 -16
39 722 -8
588 901 -16
299 798 -15
325 936 -8
210 720 16
102 778 -1
343 841 10
799 855 -14
269 626 -18
484 700 -5
145 596 -17
584 903 3
276 936 -6
450 823 12
502 833 -7
215 282 5
217 737 -6
140 782 3
426 996 8
32 840 10
286 427 1
451 680 12
19 757 -20
47 410 -14
763 766 17
662 863 -19
365 985 -11
88 219 -20
544 987 19
252 699 7
706 906 -8
116 546 11
117 511 -8
502 990 -5
344 553 18
494 986 -17
48 411 17
542 654 9
296 333 -5
486 902 -16
955 972 -1
431 786 19
347 829 8
468 561 3
164 707 18
365 468 -1
598 819 -18
285 359 -17
659 686 -16
72 480 19
378 523 -16
658 806 -17
300 869 -13
286 705 1
35 943 -5
312 434 -10
358 550 -10
556 831 -12
409 632 -16
8 437 -5
91 880 -9
342 462 -2
310 918 18
471 872 -15
363 930 -19
555 871 -8
64 862 -2
36 800 -4
108 905 10
39 280 16
250 351 -5
129 210 -17
194 419 -15
522 550 5
13 264 -12
169 920 17
449 825 17
74 539 8
4 560 7
565 856 16
825 852 17
664 755 16
709 906 17
92 529 20
204 770 3
324 686 2
102 313 3
354 714 -19
18 579 -17
185 756 15
99 424 19
507 627 19
813 999 -11
34 709 -9
50 159 12
32 928 -13
443 499 -19
496 654 6
212 895 -2
581 878 -1
180 534 9
54 538 17
301 415 9
76 705 3
243 553 10
356 759 15
101 240 6
540 925 7
321 658 -2
394 462 11
32 146 5
755 886 13
221 427 8
633 780 -11
365 700 -8
248 789 -13
383 605 11
482 876 12
152 821 -14
7 174 11
73 119 -10
81 797 7
235 855 5
95 323 -19
261 355 10
173 471 15
112 641 1
441 551 -16
70 495 -4
731 915 -17
691 842 -19
54 407 15
668 715 13
69 944 -8
150 789 -7
579 786 -12
451 866 -5
208 730 -4
727 886 -14
379 697 -11
39 283 -19
197 720 14
726 841 20
479 555 2
564 779 -10
102 568 7
416 615 -10
94 564 15
64 950 -8
358 939 4
499 649 -2
98 454 9
217 262 12
455 957 10
137 153 15
85 780 10
27 659 -20
808 995 -1
217 936 -17
433 560 2
423 775 18
166 216 -20
98 310 -7
212 826 6
103 690 -18
21 737 9
296 676 1
275 653 9
475 678 -14
154 592 -8
730 788 -18
702 726 -11
661 688 -8
391 684 -16
23 288 -13
472 529 4
404 739 -12
658 884 -12
773 871 -15
335 379 9
346 654 19
37 573 -2
3 580 -1
306 352 -18
124 461 -17
403 779 -14
55 855 1
538 860 -5
598 874 6
139 705 -4
30 798 -7
614 855 6
37 56 16
697 889 -18
14 301 -11
342 432 -6
201 393 -2
68 946 20
175 929 5
525 633 -17
376 919 -17
825 894 -10
701 715 -9
41 934 9
764 771 11
123 329 12
359 722 6
887 990 -11
750 872 16
173 860 -12
143 163 1
499 881 11
174 416 6
93 342 -5
537 993 10
247 257 17
232 357 20
158 179 6
67 964 15
276 729 -9
59 731 -15
320 735 -11
614 953 -4
531 955 2
27 927 -16
542 964 -13
286 858 -12
206 749 5
216 799 6
355 994 -16
799 854 10
184 209 12
34 679 18
469 570 20
326 787 -8
140 251 10
112 189 12
638 793 19
509 908 -8
491 594 -17
287 715 4
313 853 13
203 981 -11
276 297 -1
294 345 -7
126 352 9
172 319 2
98 290 3
269 517 13
101 295 -14
774 918 -16
93 440 -13
144 751 2
452 638 15
99 636 -12
165 581 4
660 789 20
312 600 -8
386 549 1
772 850 19
61 609 4
455 914 -16
211 553 3
498 646 -16
436 900 -9
348 558 -20
243 621 8
171 638 4
2 680 10
878 988 7
115 557 -1
517 866 4
269 615 -9
194 621 7
862 900 -17
321 582 -7
151 659 -3
287 440 2
566 758 -7
696 724 -3
686 939 4
66 328 -4
662 731 19
563 725 -9
502 858 7
39 868 -17
436 504 -8
44 245 -16
804 936 4
386 948 15
21 298 -9
507 829 -9
371 496 19
15 632 14
190 484 -11
144 633 -9
163 503 14
26 906 -1
770 915 19
323 375 14
734 849 -11
104 682 17
42 707 -16
250 507 15
564 932 -1
83 479 16
3 370 -13
153 803 12
114 466 15
24 838 -14
309 333 -1
35 847 13
190 870 14
659 940 -1
171 219 -20
315 721 -6
45 897 -17
352 639 19
860 966 11
55 910 19
344 784 6
610 791 3
469 815 -17
287 924 4
265 756 19
207 406 -14
38 76 14
328 961 -1
146 512 4
667 772 -2
187 284 -9
750 806 -10
201 978 -15
275 698 -8
238 371 -10
107 705 20
109 257 15
613 693 -19
465 678 12
18 892 -17
572 661 2
583 670 14
664 744 -8
494 821 -12
272 894 10
385 914 19
466 759 1
430 922 19
478 733 -4
43 396 -17
442 667 9
21 494 -6
468 576 2
507 796 -6
129 621 2
160 279 -6
47 896 -14
129 971 -16
92 266 6
110 463 -2
455 992 1
455 763 -4
34 590 11
575 679 16
442 644 -1
969 984 -4
116 888 4
158 247 -2
825 939 -15
255 674 -3
254 858 -4
199 922 -14
324 773 5
301 826 15
242 331 -19
83 603 -11
140 957 7
26 706 -2
387 605 -18
220 428 16
241 896 -1
328 784 -8
469 494 -15
107 407 -20
156 937 5
706 852 -13
358 928 -7
686 873 -17
266 436 12
17 226 6
517 692 15
374 643 -2
372 719 4
121 957 18
569 967 -17
118 802 13
250 958 2
16 791 -1
269 971 -17
226 521 12
210 656 -20
303 704 15
260 742 -14
111 799 -20
332 767 -18
350 672 8
21 353 -2
151 462 -1
257 858 -19
67 734 2
358 797 3
740 862 10
72 403 -11
417 703 -2
103 427 11
323 659 -18
877 953 13
165 747 11
789 840 -8
479 943 -20
68 814 -5
801 814 3
91 538 -9
344 718 6
112 332 -1
228 952 11
54 507 18
89 199 -15
429 533 -6
502 517 -3
705 962 -9
27 638 -18
554 829 -17
202 261 -18
294 344 -4
43 353 12
337 571 19
460 907 -1
325 862 12
812 980 -8
383 803 -20
110 299 -20
132 812 -13
282 491 5
327 413 -7
390 698 7
125 135 2
495 900 -11
437 779 18
71 429 17
577 789 -19
374 875 -6
797 978 1
134 485 -18
420 991 -15
635 916 8
225 752 14
793 944 12
679 693 -6
381 999 -5
228 906 9
388 895 2
93 861 14
293 886 18
228 677 7
353 937 4
111 995 13
18 947 5
331 769 5
532 759 15
205 401 13
539 655 20
177 302 15
610 715 -18
596 780 -12
816 932 -4
740 973 -11
54 88 -12
845 846 -10
663 955 13
410 509 2
496 698 -2
113 259 -12
2 571 1
3 536 -10
465 481 7
130 348 2
557 564 -12
309 499 14
565 684 7
98 544 3
221 880 9
340 831 -5
363 555 -3
676 786 -10
319 628 11
272 553 -17
105 296 -11
411 631 19
637 794 12
242 301 20
313 590 1
70 454 12
260 843 -10
715 978 15
17 713 -17
713 825 10
625 712 4
248 725 9
325 420 2
190 375 -10
569 780 12
469 549 -16
768 882 16
339 619 -3
560 853 -14
217 859 -3
152 878 19
64 765 -14
482 524 7
301 449 -6
269 905 -9
560 709 16
579 722 -9
605 860 -12
291 929 -20
198 472 -17
343 976 14
566 639 -12
189 652 16
543 921 18
917 982 -4
829 869 -14
31 480 -14
34 226 7
55 837 10
142 842 -15
49 614 -2
288 896 9
415 591 -18
51 723 7
423 711 16
408 817 11
472 838 -16
672 863 4
571 960 -20
47 954 -2
175 731 -11
245 301 6
276 783 -18
499 971 2
69 978 7
472 874 19
304 881 -1
416 793 -14
491 707 -8
128 655 -10
315 481 10
498 602 -9
26 872 -7
469 804 16
631 723 13
332 835 -3
841 941 -18
905 962 8
102 229 2
368 614 20
453 572 -3
218 440 -10
204 362 -14
635 994 14
404 917 -12
747 911 -4
383 894 -12
158 367 -18
26 885 -1
151 736 -17
479 867 -4
359 393 13
148 358 -12
668 739 2
179 956 15
253 905 10
403 584 -1
72 484 -2
10 509 -20
524 730 3
58 177 20
197 335 -13
208 610 16
168 537 20
193 859 -10
64 745 19
739 920 19
74 795 3
293 833 -10
201 607 -5
339 540 -2
65 337 5
42 699 15
163 580 -11
157 914 -20
660 748 -20
606 777 -7
198 308 -16
213 702 -13
391 479 10
134 674 -16
752 836 -15
623 685 -5
548 920 -11
588 764 -4
396 414 13
111 690 20
158 622 -2
144 458 -9
497 582 -11
151 991 16
496 766 8
284 883 -1
171 597 5
97 382 -4
323 465 19
630 702 5
492 768 16
98 612 -15
287 893 17
641 976 7
742 799 13
445 921 -17
479 834 -3
53 317 -15
307 987 4
324 402 -10
276 740 6
26 708 18
550 714 15
9 512 -13
68 561 -19
247 978 12
21 486 -3
330 338 -10
291 984 -16
639 944 -7
308 399 -2
30 534 4
71 343 -2
478 581 -8
557 874 -9
717 863 13
95 700 -16
608 956 18
104 111 15
403 407 -18
146 373 2
3 702 -7
65 268 13
384 430 -18
195 643 10
294 765 -1
509 690 19
508 874 -20
720 873 7
130 779 17
552 880 3
240 385 -14
145 413 13
824 930 -17
542 723 14
982 995 12
8 264 13
245 765 4
471 928 11
93 896 4
621 872 5
79 589 -10
41 68 -2
77 399 16
34 932 4
381 890 4
243 282 -18
195 620 4
588 960 7
119 481 18
593 666 7
369 772 1
1 116 -16
612 944 -7
31 404 -1
290 484 6
267 388 -8
203 861 3
339 376 4
272 323 -19
117 449 -10
408 597 -9
426 502 -13
176 885 5
465 493 9
130 360 -1
361 521 5
21 44 -3
386 694 -6
224 403 14
330 799 -7
236 377 8
308 631 -17
364 791 1
525 745 3
215 848 16
469 584 -5
4 750 -4
282 349 -11
203 959 14
125 402 15
24 499 -11
725 955 -13
52 152 7
738 745 3
160 768 11
635 918 -18
588 806 12
768 773 -19
159 171 -11
825 898 -13
195 731 3
723 887 10
547 890 -16
302 448 -17
140 386 -20
800 841 20
131 566 -15
505 664 10
649 937 -13
502 738 9
45 908 -12
565 794 1
119 219 15
363 845 7
215 681 -8
264 457 -15
165 860 -20
529 877 1
280 667 -10
807 821 11
169 570 16
184 586 -14
476 614 4
356 432 1
233 856 -20
676 788 -3
10 698 4
21 973 11
887 971 18
303 771 -12
324 336 10
623 632 10
208 390 5
308 477 -18
673 898 -18
702 782 14
183 891 20
832 891 20
123 431 -7
470 804 2
180 593 -2
87 365 4
216 250 5
705 823 3
24 345 -5
225 335 -5
227 933 3
583 717 -12
723 877 10
29 280 -20
254 398 6
460 732 5
371 654 10
491 719 13
61 613 4
28 436 -19
784 828 -19
207 587 -3
36 934 20
367 396 -17
7 907 -2
270 463 17
66 813 15
216 263 4
869 908 -12
57 764 3
173 301 -14
310 535 -19
137 235 -12
703 875 -11
394 943 -16
162 557 -15
183 351 -6
422 633 -18
254 640 7
321 550 2
232 472 8
531 805 18
243 481 -18
291 378 10
62 555 -20
378 791 1
9 436 -11
29 414 -11
656 921 20
266 506 16
1 989 3
28 943 -1
300 993 -11
858 875 -4
340 391 -13
212 391 -6
298 394 20
234 675 -9
159 910 -8
950 994 -10
351 406 17
162 390 -2
272 787 13
312 594 -3
222 929 3
189 752 9
674 946 -6
146 418 -12
379 769 9
47 933 1
108 391 -13
836 864 14
18 497 6
595 658 -5
407 458 -18
413 538 -8
36 780 -14
245 545 -20
161 811 17
98 117 -17
570 601 19
525 944 5
82 783 -14
99 198 11
250 596 -16
677 849 -5
117 481 -13
96 458 20
166 782 16
257 375 -5
149 958 -18
226 653 -12
794 845 -8
599 749 -11
579 691 -1
277 469 12
824 867 -20
2 121 -6
154 255 -8
402 994 -14
11 206 -20
806 855 17
397 507 11
48 502 6
29 260 1
189 212 -13
121 343 -18
149 441 -8
141 586 13
118 682 20
300 430 -6
230 780 -11
175 844 -3
792 812 16
596 837 3
402 706 1
152 860 -7
513 839 -14
688 840 -18
518 774 -4
552 650 -4
651 809 -5
110 454 -18
328 942 3
530 748 4
147 601 -4
500 905 9
333 499 2
164 690 3
250 730 -12
166 242 16
858 878 17
130 176 20
42 292 20
374 536 -9
107 421 19
347 668 -13
486 597 11
357 712 -15
443 492 -4
388 556 -3
25 504 -4
822 897 10
573 601 14
845 880 -18
149 539 -6
10 115 18
179 418 5
164 438 -13
421 854 -1
627 959 4
216 305 -13
298 783 1
411 809 -7
46 159 -2
478 570 -8
166 749 -10
23 929 14
316 693 15
964 994 19
173 873 3
157 785 -15
640 753 20
945 980 15
251 420 -13
8 662 -1
321 893 13
94 207 -19
127 204 -2
383 984 18
611 991 20
325 634 -10
717 829 16
412 867 4
458 754 17
73 534 13
620 932 13
614 629 -19
311 820 13
99 937 2
314 825 -16
194 680 -14
140 300 -4
217 520 -20
337 585 2
133 935 -18
616 903 2
418 430 9
12 645 -13
217 785 4
344 889 16
59 348 13
58 532 -1
123 741 -12
245 358 -3
616 939 -14
650 672 -14
361 569 -15
223 864 11
813 815 -4
68 432 -2
19 805 13
453 917 -15
15 17 19
438 874 -3
146 208 1
458 852 17
32 106 18
649 828 -8
306 983 -12
169 340 -19
788 843 -12
107 365 9
190 808 16
292 447 8
209 678 -6
236 366 19
270 279 19
182 395 -13
46 800 -13
350 388 -12
12 887 3
842 999 -18
727 869 -18
672 933 -9
38 387 -15
35 641 13
163 647 -5
371 447 -1
591 599 -1
299 836 -5
445 890 7
93 322 -17
76 678 16
1 913 6
134 885 3
652 960 -1
769 987 -17
180 363 -17
55 969 -1
505 797 12
123 466 20
29 459 18
244 347 -14
149 375 15
690 842 13
419 873 -6
339 764 -4
31 648 4
361 523 3
50 747 -15
418 914 -20
762 983 17
275 456 17
258 812 16
246 429 -10
13 227 -13
505 689 19
295 550 9
214 625 -11
333 433 14
145 611 19
229 870 -9
261 822 8
240 390 -15
599 817 3
435 974 10
168 859 4
370 585 -19
540 767 16
230 727 7
346 493 -19
201 929 -5
314 540 3
111 855 2
821 902 -16
703 766 12
469 599 6
210 604 -4
20 858 -1
449 706 -11
354 883 4
137 885 -6
580 817 -13
56 402 -1
157 454 -15
870 884 16
45 658 -13
160 230 -19
339 610 1
285 639 2
22 674 19
843 903 -13
609 736 1
63 419 -3
505 535 -19
516 773 -5
193 906 -1
662 976 -12
896 914 -5
183 978 -14
31 206 -17
90 292 8
818 851 -20
609 857 20
213 628 -11
71 773 18
439 940 -15
32 436 -10
846 949 -16
104 312 16
314 759 5
870 897 -17
440 755 19
761 990 -9
680 773 -18
299 407 -18
121 486 -18
365 617 8
624 877 17
507 966 13
131 944 5
233 583 4
69 969 -19
898 973 13
253 677 5
314 507 8
300 609 -4
306 652 -16
336 940 -18
411 445 2
142 702 20
229 670 5
33 795 4
143 401 -3
300 995 16
503 829 -1
349 771 -8
815 915 20
533 937 19
117 879 -12
149 453 -4
817 961 5
33 507 20
185 784 -18
379 506 9
965 981 18
148 987 -12
6 265 9
34 858 18
179 718 15
64 880 17
146 541 -6
314 497 2
84 715 6
264 416 9
201 742 -11
964 993 -7
172 678 -12
434 684 20
17 661 9
28 670 14
451 773 10
372 480 -13
57 59 -10
33 605 20
606 912 17
835 884 14
270 697 2
430 686 -3
201 863 14
322 744 -10
648 908 -15
202 562 -20
287 786 18
542 747 -9
359 891 -2
259 953 10
590 823 16
403 817 -15
281 562 -15
9 140 20
620 931 18
233 262 -7
664 894 17
550 872 4
253 765 1
131 888 -17
346 813 -1
720 874 -5
402 973 15
290 423 17
134 521 10
478 968 3
67 122 8
314 716 -6
609 670 -8
208 326 4
848 952 -12
60 82 19
576 758 -1
366 948 12
499 883 7
29 625 -6
80 261 10
533 652 -16
803 921 3
108 890 -18
69 553 -13
336 488 19
316 430 9
380 451 -7
40 611 -6
348 727 2
91 842 -13
338 570 -1
244 526 20
189 590 -17
155 863 -15
87 579 13
152 937 -11
45 811 -15
399 814 -6
47 771 7
204 346 1
598 614 -17
541 754 -20
279 605 -13
93 249 3
318 862 14
158 315 -18
549 874 4
452 941 5
93 105 6
905 923 9
505 544 -18
657 821 13
510 659 12
409 427 -8
100 266 9
198 243 19
378 439 -12
161 770 -11
234 840 -14
482 825 17
421 666 18
618 951 -3
35 630 -7
538 613 10
564 751 8
944 972 -17
576 725 12
406 951 -3
499 850 9
573 799 -3
593 814 12
37 38 11
460 815 11
675 703 18
602 719 -11
447 696 -6
592 934 3
51 350 14
177 197 11
89 313 -7
542 704 -3
831 843 8
290 488 -10
63 971 -7
58 776 9
140 400 -13
271 511 13
97 209 2
87 510 16
328 636 -6
519 841 4
89 699 16
490 634 -16
451 563 -20
590 721 -4
353 665 3
35 993 18
621 745 7
55 971 4
475 627 4
230 716 -12
437 520 13
119 848 -8
400 718 -2
240 500 15
152 387 -12
223 676 -18
314 794 18
426 892 -7
308 491 5
561 671 -14
180 342 -3
813 892 -4
317 576 10
13 350 -16
323 884 4
323 655 -9
6 948 17
836 911 10
21 290 -19
101 133 5
276 845 6
140 246 -2
354 355 17
267 961 9
21 411 -3
228 624 -17
313 848 10
61 218 -2
318 963 -4
69 716 -18
745 999 -14
119 982 -4
509 759 6
55 588 -18
67 828 13
784 963 -16
569 809 -4
274 712 19
207 313 4
129 659 -9
63 156 15
450 565 6
355 678 -2
496 537 9
110 910 -18
418 883 -2
537 834 9
444 755 17
267 830 5
259 975 -11
142 161 -20
358 868 5
266 605 -12
819 934 -4
212 405 1
198 995 -13
92 834 -2
870 899 10
434 863 -9
748 910 9
171 898 15
449 842 -10
525 572 -10
355 835 -13
757 958 -17
260 417 -9
354 610 11
635 709 6
758 779 -14
221 840 -12
312 958 -19
237 964 -16
57 588 -15
887 929 13
27 974 -11
224 472 -11
943 982 16
615 622 -5
387 764 15
70 679 9
654 699 5
177 625 -10
472 579 5
431 541 -9
114 196 2
89 548 -5
186 221 4
136 629 3
158 239 9
316 596 5
61 306 14
330 351 -18
222 897 -16
72 235 15
262 741 8
26 613 18
529 825 -8
118 696 13
180 528 20
331 840 13
330 881 -20
391 711 -8
76 470 1
215 485 -13
95 340 -9
435 488 10
740 864 -17
278 461 -4
652 788 -12
3 342 -19
497 585 2
315 873 -16
202 816 -13
551 592 -5
19 960 8
596 743 -20
27 326 6
87 578 -18
162 263 9
104 896 -14
327 559 16
269 963 20
497 598 -5
111 791 10
688 952 -7
173 357 1
43 247 -20
25 724 7
149 265 18
234 489 10
86 474 -14
271 785 -3
317 752 -7
603 880 -16
34 958 16
188 787 19
55 486 1
78 735 -6
378 618 -12
329 762 -1
87 820 -8
88 556 19
480 751 19
491 680 7
294 660 5
44 485 4
150 881 6
618 986 12
765 919 16
495 506 -1
436 865 19
603 713 2
424 482 -4
683 971 -1
315 575 9
413 738 20
22 587 13
381 785 -19
468 790 18
463 824 -5
502 666 -11
408 659 -3
379 861 -2
51 879 11
215 609 11
415 783 -7
128 461 13
12 515 -6
292 569 13
315 961 9
238 598 -8
831 963 3
93 997 -14
278 405 11
289 643 -14
483 774 13
236 259 -1
517 687 -18
591 636 20
347 770 17
827 849 -7
171 544 -8
524 582 -14
50 254 3
125 922 -15
672 682 12
628 904 2
121 170 12
841 868 -14
105 491 -1
632 874 -3
430 776 5
519 588 17
757 905 -4
211 472 -17
368 950 -20
78 882 -2
171 930 -8
117 959 15
139 303 5
468 744 2
148 537 -15
361 681 1
459 695 11
200 355 -8
263 640 18
670 878 8
428 707 -15
535 690 15
328 360 -8
209 934 10
437 941 -20
78 185 17
32 483 14
158 330 -9
933 964 3
604 645 5
466 940 3
641 792 -1
85 345 -15
880 994 -2
498 892 -7
187 887 -8
75 417 -10
890 895 9
403 511 11
44 429 6
363 969 12
149 631 -15
330 792 -1
579 593 -17
337 422 -3
94 286 -2
70 603 12
459 564 9
36 610 -10
351 887 10
404 484 -18
785 819 19
542 683 -15
96 108 18
127 175 1
186 639 9
584 945 -7
444 934 -16
39 211 2
572 711 -10
87 404 -15
37 812 -12
93 447 4
393 596 -1
370 841 -11
505 657 4
136 674 -3
307 901 13
359 719 -3
44 298 -10
681 739 -10
537 990 -1
82 675 -13
25 141 4
150 321 -3
294 594 17
231 803 -14
665 995 -15
432 793 8
791 991 -11
36 564 -19
226 316 17
262 498 -5
823 980 -7
32 450 -9
501 520 12
362 850 5
67 673 -16
565 656 -19
375 681 15
166 687 9
261 659 19
478 773 -6
117 651 2
87 888 -3
128 660 11
570 627 14
652 666 8
140 634 -7
902 957 -8
16 864 20
439 967 14
724 950 16
200 276 -1
170 513 6
637 802 -2
438 858 8
264 934 5
2 785 -13
226 450 -3
434 479 -6
753 833 2
32 319 12
698 754 -5
74 810 -3
195 691 10
201 622 14
293 848 10
199 841 9
216 256 -4
789 792 2
525 862 15
89 789 20
5 301 -3
449 952 15
707 722 11
82 521 10
142 801 11
40 295 2
170 899 -4
280 542 -5
364 764 19
366 465 -12
645 783 -17
155 776 9
312 839 12
372 890 17
681 971 -4
577 993 10
559 716 -13
3 498 11
132 908 -13
189 359 -4
519 908 3
707 879 17
226 283 6
145 209 -8
296 607 13
480 953 -9
232 851 -7
12 210 -10
134 810 -4
422 868 3
114 715 -8
50 587 -14
265 475 -20
666 819 -6
236 677 18
469 799 -1
32 947 -4
518 957 8
37 504 -2
68 720 -3
697 928 13
441 593 20
595 651 4
627 720 18
157 834 6
670 910 2
262 334 -9
763 765 5
363 386 -17
86 486 -11
156 172 8
220 602 15
285 731 -8
506 550 -15
46 306 -2
423 781 -3
50 456 17
63 246 9
53 610 -4
702 876 -12
568 647 -19
113 332 -5
465 554 6
417 743 8
110 326 15
220 723 -2
646 831 20
37 229 5
186 321 11
187 811 16
821 948 -15
411 933 -15
244 298 -1
689 914 16
18 709 6
342 461 -11
55 776 20
108 230 -15
320 823 -6
206 801 -7
130 928 7
62 119 -4
545 761 -16
184 755 13
640 769 3
250 700 -2
785 864 -4
277 308 15
79 738 18
319 799 17
326 695 3
296 852 -10
379 441 8
562 971 -6
783 790 12
163 179 20
481 717 -3
52 311 12
593 815 -4
117 706 -11
362 882 -18
744 947 1
138 765 -7
465 894 -7
46 273 -4
51 122 9
501 853 -8
68 965 10
374 483 8
97 583 15
416 974 10
639 674 9
771 942 2
179 509 15
464 907 -10
116 718 -16
228 959 8
150 222 19
141 402 -11
336 757 -2
677 907 3
152 676 8
163 951 -16
295 841 -13
395 928 20
539 829 -15
364 940 13
19 268 4
259 515 -7
123 505 -12
296 662 17
97 187 -2
435 591 -8
348 443 -19
491 528 -5
166 817 4
166 588 -8
673 913 -13
539 541 -15
635 923 7
154 470 4
74 361 16
368 579 1
170 823 20
191 617 -4
130 607 -15
212 825 6
408 471 13
700 908 13
177 309 -12
316 882 -1
237 360 16
522 987 11
602 867 13
226 845 3
470 976 2
740 800 8
208 827 8
418 557 -13
544 596 7
261 573 -18
334 643 7
274 363 14
97 321 -6
423 571 -2
916 998 -9
376 496 -10
509 531 4
679 942 -4
337 833 -20
290 492 16
85 877 11
122 499 -19
11 519 -13
294 462 2
198 345 20
457 605 -8
40 582 -20
308 482 18
384 657 -10
444 671 18
483 599 -19
392 517 -2
227 938 3
3 147 17
359 685 -8
658 981 -15
610 941 15
898 999 13
631 884 -6
870 900 -8
763 774 -3
577 763 -14
182 270 -20
601 977 -5
148 277 8
433 755 3
670 847 -17
302 829 15
288 373 -19
327 364 -5
483 877 -3
241 935 9
13 439 -20
18 368 -14
524 914 -13
237 592 -11
228 772 12
355 813 -9
199 974 6
63 147 6
123 161 -9
550 643 -19
307 507 20
252 720 -5
224 738 -5
276 934 14
702 813 -1
452 601 1
126 845 -12
7 107 -15
173 813 2
152 610 18
396 827 -19
630 765 -4
35 290 20
279 687 -1
841 948 9
305 416 2
437 864 -10
80 477 -2
78 553 -18
306 560 9
141 987 -3
98 122 20
124 260 16
180 686 -4
39 710 -5
429 487 11
274 464 16
193 359 -18
605 978 -13
238 547 -5
483 723 20
32 936 -2
411 438 -14
461 784 -5
379 751 -14
545 783 18
235 886 -1
46 53 1
269 470 -14
60 625 11
215 270 14
260 650 1
910 917 4
487 585 17
31 454 15
72 455 17
415 974 17
911 998 -6
11 741 4
12 297 -13
726 872 14
95 740 9
502 569 5
298 510 -12
327 982 -11
503 799 13
260 892 -5
38 736 11
273 602 3
231 376 -5
116 246 5
135 259 -4
270 569 2
617 942 3
114 730 -1
311 341 -5
554 593 -11
237 657 12
27 847 16
185 875 -1
594 665 -20
138 800 11
15 55 10
239 437 -2
215 345 15
145 695 -14
8 52 4
174 987 -14
382 787 -8
660 997 13
74 491 -12
122 302 11
358 924 10
476 916 -20
391 463 14
233 929 9
558 985 -6
86 92 3
381 763 18
288 572 -11
542 717 -2
293 421 -13
606 738 7
705 860 10
919 969 13
224 407 16
388 924 -6
401 634 6
25 463 -20
131 773 4
42 961 11
220 293 20
31 277 -5
285 422 -16
59 870 19
129 440 18
172 661 17
592 695 -5
411 683 -5
290 393 17
46 707 6
322 462 20
628 797 17
371 992 -3
466 735 1
167 179 16
142 760 -19
890 919 -16
267 382 9
252 631 -4
296 674 4
9 352 13
164 554 -16
490 804 -10
257 602 -6
716 887 15
722 818 -12
57 693 -14
258 683 6
615 920 17
508 714 5
14 996 13
744 841 1
481 876 -17
554 717 -13
307 431 -10
849 863 16
12 254 -14
560 617 -2
671 713 -19
347 918 -3
433 921 -7
378 985 8
210 763 5
271 779 3
405 450 8
369 527 -16
729 919 -11
305 628 -6
195 905 -9
60 680 9
360 563 19
414 656 -11
133 148 -17
84 521 16
146 841 20
561 674 4
775 783 -1
243 773 3
