1000 2000 1
644 708 -1
339 746 -8
76 781 -12
79 298 17
143 691 5
443 840 12
437 680 -16
179 910 14
300 791 3
741 762 17
626 961 -11
122 753 -12
220 538 14
225 882 -4
54 97 1
438 617 20
363 852 17
187 855 -14
448 810 6
256 460 5
331 490 -1
516 801 7
616 888 15
602 990 2
790 924 -14
662 775 -10
354 479 6
135 700 -14
818 879 -6
354 744 9
141 371 -10
476 886 2
180 973 -10
449 603 6
427 993 -5
589 763 -12
664 677 15
111 873 -19
674 950 -1
66 722 1
73 352 2
608 776 7
539 762 8
553 580 12
235 908 -1
521 893 -13
488 716 12
88 337 -13
126 592 -10
255 630 3
101 126 -8
513 745 2
174 296 -12
231 421 -6
318 426 4
534 953 18
761 995 -16
13 729 -17
488 693 10
38 493 16
215 943 -2
4 351 9
449 701 -20
180 842 17
716 965 -11
916 990 1
240 856 -4
899 937 7
275 850 -2
202 600 -10
516 647 -7
403 590 8
157 714 19
193 371 -8
765 942 -9
324 333 -7
334 612 -16
84 766 5
115 833 -11
665 711 2
461 832 -10
771 878 17
453 977 2
110 903 19
24 571 -3
330 763 18
509 765 19
234 646 -11
289 990 3
282 313 16
228 342 -7
97 676 7
179 337 -15
185 380 8
122 216 -11
676 739 -3
40 263 8
205 596 11
567 832 -17
230 918 -17
141 989 1
492 509 -10
662 840 5
489 540 -2
814 825 -10
100 170 12
403 845 -19
563 834 -12
292 340 -5
140 880 13
301 834 -16
52 767 -9
68 217 -15
335 710 -3
12 322 9
130 543 -12
411 705 -2
463 752 3
411 970 16
244 564 -10
178 210 -1
82 93 2
250 989 -8
164 949 -8
134 140 -7
521 549 -14
29 761 18
200 234 -1
424 616 -10
55 404 -10
529 818 8
182 216 -1
634 871 -6
506 685 17
278 418 -3
133 854 -12
677 689 -8
594 654 19
18 458 -17
725 994 -1
772 926 -19
36 512 -16
186 191 -14
266 974 9
46 333 2
614 754 12
116 922 18
212 630 -10
717 882 9
543 995 10
241 773 -12
372 439 -6
113 624 18
407 805 -17
441 718 -18
313 798 -9
250 858 2
36 898 -3
200 512 1
331 666 -11
412 511 1
411 695 -12
176 649 -6
444 463 17
503 549 18
134 274 8
368 590 -11
175 949 -13
564 910 18
276 772 -4
173 759 -5
795 922 -10
218 910 -8
608 687 -12
528 578 -7
466 868 -8
106 296 -2
337 723 9
322 451 -17
36 911 -2
803 903 19
749 932 -8
653 815 13
92 290 4
18 75 -17
368 868 -13
39 921 -7
421 694 -16
33 469 -20
206 769 1
434 813 18
192 642 -10
80 809 8
159 730 -4
76 695 -7
474 970 -11
14 311 7
466 737 9
199 393 -3
477 895 8
41 859 -10
537 617 8
139 836 -3
877 951 -9
687 970 -5
18 317 -4
868 902 19
451 879 13
479 532 -14
83 303 16
99 247 -1
147 732 -1
580 736 14
465 898 -9
119 261 -4
738 764 -18
266 280 11
490 662 5
569 955 -11
803 893 1
361 926 3
289 937 10
551 794 -16
297 389 12
230 973 -17
559 654 16
32 234 -3
80 799 10
531 821 -10
181 442 -6
185 592 -14
501 569 -16
127 996 -13
45 289 6
443 973 -7
187 638 5
300 515 1
46 519 18
807 840 -16
191 608 -15
612 930 -15
435 968 -6
49 524 5
179 899 7
27 505 -7
47 334 3
500 725 10
156 915 -12
566 670 -6
340 852 -2
50 116 14
361 795 8
146 578 3
166 556 5
686 851 -12
210 333 13
429 786 -5
54 351 5
86 977 4
21 439 10
209 410 19
179 647 18
258 940 -9
716 735 -14
544 888 15
189 660 -9
181 576 -12
479 764 5
249 976 7
291 564 -20
438 583 5
308 882 5
78 685 -19
3 920 -6
128 951 20
14 700 -3
792 851 20
529 886 18
263 358 -16
675 940 19
481 809 3
361 664 8
338 617 7
162 720 17
45 809 -8
67 568 20
440 893 -10
433 625 -17
587 683 20
220 926 -18
277 377 19
84 248 -12
463 653 -10
434 855 12
921 973 8
457 838 -20
145 608 -11
766 955 -1
160 996 -11
456 878 -17
388 631 -2
456 649 -9
794 910 -3
315 646 -8
105 922 -9
79 555 -1
8 989 -4
37 903 9
446 842 10
566 758 -18
230 809 -12
176 838 1
470 790 -13
43 982 -2
580 778 15
266 502 15
966 993 17
175 500 -16
435 539 -9
471 727 -2
661 887 9
580 670 10
101 406 4
476 698 -8
436 625 19
606 664 -18
75 390 -4
149 339 -6
572 936 -3
57 341 -10
556 928 10
608 709 -6
514 702 10
420 429 19
461 546 -5
760 879 13
46 453 -4
204 661 13
43 298 10
4 981 1
114 587 4
434 714 18
780 942 -14
209 861 18
86 116 -5
160 819 14
425 485 4
67 777 1
152 735 -14
207 262 -4
353 990 -1
422 452 -8
102 999 -6
493 741 17
389 949 9
784 804 -20
447 890 -16
636 789 7
285 482 -5
45 92 -2
222 542 -1
85 128 -2
29 233 -10
296 613 -13
317 407 9
54 671 -13
756 863 14
218 922 -15
64 864 -4
210 918 -4
84 470 -17
523 740 2
246 877 9
394 775 18
156 983 17
92 675 8
683 734 -14
27 429 12
264 930 -20
600 736 2
557 774 -1
115 249 5
176 939 9
197 467 -3
381 813 -4
509 819 17
669 691 -19
445 834 17
306 639 5
117 889 -4
476 907 -19
684 707 -11
22 62 -18
354 572 -6
894 931 -9
233 282 -14
259 420 1
251 416 -2
968 996 9
61 929 -15
281 932 -17
318 591 10
545 633 -11
172 796 -13
2 205 8
207 265 -14
125 312 1
464 681 5
111 148 -20
36 383 9
31 39 16
164 303 8
440 961 8
542 600 19
41 318 10
328 411 11
56 706 8
16 670 2
420 759 -7
156 649 12
372 984 -3
633 988 1
107 155 -8
586 647 -8
232 909 -11
467 812 -7
225 641 -6
424 621 -5
79 178 -6
24 242 15
132 858 -12
46 675 18
409 843 13
456 838 15
561 711 2
602 749 -4
120 331 3
195 245 -6
760 777 -12
819 863 7
421 673 17
157 483 10
76 409 -14
386 980 -18
80 379 -3
733 944 3
528 920 -6
180 768 9
106 553 16
143 175 -18
179 623 15
134 243 15
660 847 11
432 952 15
161 754 20
197 411 15
296 570 -20
576 853 -19
150 336 5
286 605 -12
706 819 2
450 484 16
92 776 19
103 260 -14
131 996 11
30 944 20
244 644 -20
183 405 5
133 813 -9
269 408 -16
218 591 19
195 873 -20
564 856 -10
510 885 18
43 330 -14
108 576 10
29 203 4
72 802 17
283 348 19
136 823 7
233 347 13
626 687 -9
243 391 2
790 938 -2
67 580 -9
167 667 -10
829 866 11
48 301 -17
84 898 -19
353 528 -3
572 981 -7
12 235 -4
143 718 9
649 935 -12
234 693 -13
66 471 -11
154 175 -2
101 428 -10
317 318 -6
84 116 -9
401 726 -20
706 953 -20
126 341 17
332 446 -5
327 776 20
341 531 -1
375 444 13
312 733 -16
128 158 -6
497 815 -9
135 691 2
140 806 -17
669 890 15
74 452 -6
439 959 -5
215 836 -18
442 964 -6
904 909 8
804 971 -17
10 287 -10
230 327 -19
111 190 -10
419 980 -20
267 474 -5
655 848 -14
652 959 11
733 767 -2
541 862 -19
226 707 16
207 428 20
158 423 -10
48 929 -11
105 417 -7
468 994 7
564 702 -4
1 359 5
347 853 1
694 811 -1
309 332 -14
359 449 20
132 141 17
71 805 -20
319 641 -6
571 862 -9
404 685 -11
477 818 2
831 938 7
529 865 11
216 405 -9
341 665 -8
312 867 -7
398 790 16
206 440 4
138 836 7
808 810 18
353 495 14
557 819 -18
157 211 2
219 680 -13
511 788 17
443 690 -14
248 594 15
270 353 -6
604 607 -10
305 985 8
315 998 20
484 727 14
730 868 20
597 604 19
145 852 -8
737 992 11
529 734 -15
827 922 9
115 716 -2
32 193 10
484 848 20
545 678 -11
35 198 -10
296 468 3
198 341 12
39 317 8
483 968 8
97 258 -9
422 729 -1
202 460 -12
467 880 12
538 940 -14
84 590 10
0 856 -17
4 826 16
248 283 16
119 318 -11
832 977 -18
386 927 9
676 766 -6
364 759 19
206 322 -8
79 367 -12
274 951 10
55 418 -4
54 310 8
441 719 16
642 709 -4
77 851 -14
400 538 -14
345 602 3
72 327 -16
603 897 -19
28 666 5
26 885 -17
598 702 10
785 794 2
45 755 17
273 762 6
311 874 4
9 689 20
536 992 -7
270 464 18
503 815 15
570 576 17
143 243 11
515 789 18
347 833 -5
456 474 -13
27 68 -12
825 951 -16
890 968 -20
203 904 6
452 705 -18
784 806 -8
198 825 2
90 883 -13
131 246 16
508 907 -17
127 392 -19
628 823 -1
882 968 -5
41 209 2
68 980 9
135 252 -7
461 502 1
393 404 19
410 865 2
665 826 19
35 659 -13
220 970 -12
117 469 -9
114 723 -18
347 931 3
389 519 -15
722 808 5
320 419 15
747 901 12
78 248 5
561 890 -19
12 797 -19
111 919 -14
768 960 -8
137 828 -18
64 349 11
246 326 -4
9 499 18
486 981 -5
847 960 9
458 919 4
296 857 13
428 976 15
234 473 -10
199 515 -13
85 493 12
85 264 8
248 636 11
129 456 11
141 430 -5
243 557 -16
209 421 2
781 992 -3
67 337 3
761 897 -9
225 545 7
772 943 15
301 949 6
49 319 -12
342 721 7
777 878 -11
194 557 2
134 363 -16
707 962 18
655 772 -6
547 681 5
11 966 3
284 307 18
73 532 -18
541 786 14
3 702 -20
316 933 -5
364 415 -7
443 745 9
214 885 10
191 789 -12
8 179 -1
372 950 16
535 599 -4
154 462 -8
172 775 -7
574 940 -12
120 212 8
738 899 1
36 627 -16
336 739 -8
132 451 -20
673 918 16
78 480 -20
385 631 -14
193 430 -18
343 900 19
533 615 11
197 580 5
196 472 -13
443 578 4
186 836 -7
136 835 -16
96 799 3
128 831 13
124 452 1
218 230 9
160 634 -10
2 197 14
126 641 8
398 691 -8
177 314 -7
363 590 -17
468 643 9
439 994 -10
841 888 19
363 855 10
31 116 12
276 478 -11
331 902 -13
640 983 -11
446 889 -14
266 284 8
19 672 6
279 977 -6
888 941 -13
262 515 10
235 561 -8
315 670 15
4 665 -6
148 413 9
246 427 9
240 267 -2
216 813 -6
117 282 -7
256 885 9
398 789 -5
128 965 -8
151 539 -10
327 356 3
49 528 17
238 464 -12
428 933 -16
149 206 -15
664 837 6
18 805 20
81 336 14
346 756 3
266 647 20
152 396 -8
19 132 -16
37 266 19
113 670 2
795 847 -20
292 821 -6
847 894 4
793 923 7
363 701 2
622 812 16
107 860 16
481 692 10
451 706 18
374 831 -11
575 821 -11
789 930 19
168 317 20
527 664 -12
286 309 -3
769 988 16
112 458 -12
249 692 9
389 852 -20
423 579 -11
62 457 13
515 811 -4
784 972 9
468 852 -8
280 801 7
712 803 12
504 774 15
475 976 -17
395 638 3
38 895 12
119 703 12
204 927 7
81 182 -4
208 259 -16
697 981 -4
798 884 -20
256 564 -4
70 145 -12
55 574 -7
0 724 -1
327 853 -7
655 984 3
434 836 -4
267 430 -1
206 563 16
411 623 -2
610 769 -2
381 451 2
60 365 10
920 994 -7
178 357 11
149 330 6
207 829 10
522 841 -14
741 879 1
280 670 -6
426 724 10
707 886 -12
64 371 -17
477 918 10
17 296 8
32 159 -20
280 935 -1
136 396 11
358 854 -15
18 340 16
477 954 13
112 304 14
149 680 17
501 759 -2
334 353 16
370 684 6
583 828 -3
515 922 -1
420 950 6
414 727 -2
175 216 -4
160 316 -15
60 378 -12
627 871 -9
101 904 -16
438 675 4
504 620 -20
771 884 13
564 671 11
365 461 -8
6 937 19
204 364 19
242 656 13
287 807 1
331 584 6
43 675 -7
298 407 2
248 815 19
52 760 -4
749 837 -12
184 916 -2
119 670 -17
562 602 -19
467 859 11
324 810 -20
398 759 15
676 889 -9
235 472 7
331 934 -16
243 592 5
101 737 -1
394 910 -7
16 815 19
673 819 -10
600 606 -10
83 496 18
123 532 1
265 881 20
266 437 -12
416 641 -1
202 452 12
347 956 -3
1 282 -8
494 560 -9
200 528 -10
22 750 -16
42 436 -10
890 911 -1
181 514 10
356 366 -20
143 896 -17
376 726 -16
118 839 13
324 944 1
38 587 14
91 742 8
628 946 -10
21 354 -14
284 993 1
20 129 10
202 694 -2
341 709 -9
3 979 11
673 953 1
410 988 -19
717 996 -11
676 735 3
768 818 8
86 375 20
216 979 17
351 386 16
836 952 -19
410 435 -9
342 566 15
273 695 15
754 919 -10
89 874 2
380 449 15
144 172 -14
122 562 1
162 226 -5
93 355 13
22 740 -18
149 781 1
234 596 7
949 950 -10
221 397 -14
326 450 -12
405 743 -19
2 618 -8
53 849 17
629 716 4
201 455 -2
322 336 -8
247 427 -5
645 845 11
356 742 -4
36 472 -5
60 829 -8
221 783 -10
37 962 -16
314 596 6
367 837 -13
17 904 -17
198 650 11
148 304 -10
339 509 8
365 647 -15
819 854 16
9 491 -15
167 848 -3
583 726 -2
81 250 17
472 895 -7
505 843 7
238 993 12
506 658 -12
164 778 -2
357 535 -17
536 915 -18
229 386 20
110 169 -2
127 338 -12
153 476 -20
500 849 -1
53 309 -17
330 703 -3
510 670 -5
101 959 -8
102 695 -6
436 949 3
651 874 -15
439 466 -10
543 932 -15
556 722 4
606 988 -2
333 564 -14
6 318 -8
405 589 -15
22 671 -13
718 820 4
535 964 -10
204 419 18
104 368 3
913 915 -17
512 571 12
791 889 15
608 624 9
156 643 -1
67 980 3
362 748 -13
615 928 -12
33 429 7
127 207 12
167 658 18
250 543 7
157 235 5
520 632 4
747 860 11
103 758 10
435 853 -11
123 358 17
154 840 3
15 645 12
129 258 7
866 896 17
331 472 18
187 873 6
122 627 -11
126 777 -3
38 930 -19
249 439 1
22 131 15
799 991 11
220 906 -11
678 701 20
92 986 -19
192 844 -7
365 915 14
626 956 12
579 844 -2
376 781 -4
431 451 -14
387 939 -12
309 611 -7
191 964 3
1 458 13
520 645 19
1 494 15
262 386 13
341 679 19
71 675 -11
87 125 -10
86 309 16
89 543 -18
145 215 18
455 786 -1
315 397 -2
79 535 -10
39 462 20
149 221 18
427 952 13
214 350 19
164 758 3
121 653 -6
575 594 15
446 858 -12
292 800 -15
192 304 16
832 893 2
417 651 10
456 642 11
444 933 3
457 723 13
364 495 -8
211 402 13
174 929 4
140 787 7
130 185 7
500 950 -15
19 497 -4
695 780 -10
226 567 7
166 287 18
290 960 -8
338 479 -12
293 736 -12
145 987 3
215 408 -5
235 386 -9
131 414 19
738 979 14
402 764 -12
295 638 17
247 747 8
205 601 -7
85 419 -17
315 881 3
361 997 4
394 536 12
112 558 -16
819 945 4
52 98 -4
575 813 -20
282 331 -7
656 658 1
328 447 -3
349 915 -19
242 789 -12
864 952 20
723 833 -3
294 570 11
325 823 16
319 334 1
245 534 -8
660 749 -19
113 122 1
75 504 -8
314 749 -13
196 385 -2
415 572 17
419 542 -15
608 823 1
187 421 18
182 751 -14
130 561 -8
59 766 12
396 451 -9
224 604 -16
157 663 19
44 228 1
342 974 -15
128 636 4
196 362 4
437 488 4
79 780 5
535 731 -15
453 841 2
32 668 -5
237 808 -2
323 731 -16
214 415 15
126 302 14
338 567 13
204 487 12
146 891 1
602 942 -18
199 817 -16
712 893 19
645 903 4
398 617 -19
217 313 -13
436 729 -7
521 953 -16
795 927 -12
354 696 13
341 348 11
376 980 -6
557 646 -2
355 777 12
108 262 5
641 725 2
338 724 12
145 558 19
901 950 -6
177 361 -16
453 939 16
226 897 6
192 755 5
660 860 12
519 884 13
179 407 10
238 642 5
208 470 -8
500 907 -6
205 581 16
235 572 3
182 188 9
325 911 20
500 763 14
324 766 -11
652 897 10
698 864 -1
503 917 -2
536 685 12
535 577 1
635 664 -11
390 976 20
271 387 3
163 296 -10
357 835 19
174 225 -18
11 427 14
278 282 14
561 979 9
275 622 17
12 657 -9
57 808 5
808 856 -18
157 895 -20
13 393 12
475 912 20
50 805 -11
278 812 -20
373 555 -12
37 457 17
819 987 -18
72 298 8
315 959 14
21 598 14
424 457 -6
36 232 -12
576 591 4
173 237 6
512 606 -7
121 721 -7
106 821 -3
271 894 -19
719 755 20
127 880 -17
825 922 -13
328 790 -16
9 107 8
32 877 7
621 863 1
419 499 -3
798 941 -1
23 270 8
38 664 -8
205 283 19
115 618 -12
127 363 -19
414 542 -20
50 674 -3
167 176 -15
523 857 10
83 442 -14
84 407 -2
127 219 7
694 824 5
794 948 19
358 646 18
220 941 -18
294 890 -1
431 450 -11
383 410 -18
268 572 -16
588 699 6
425 821 -5
234 732 9
254 939 20
435 456 -19
521 645 7
7 918 9
138 355 -12
271 390 -16
670 853 9
447 961 4
184 587 -1
29 713 -1
318 587 -1
105 214 17
8 510 14
375 712 -1
262 277 4
546 859 8
572 997 16
108 713 14
605 765 8
0 542 -6
185 816 -2
32 723 19
643 648 11
70 722 1
125 249 17
598 761 20
446 484 -20
297 770 8
442 450 -16
166 286 -17
642 660 17
705 945 4
332 583 -4
180 980 2
575 835 -11
134 455 17
347 748 -7
545 992 -7
47 715 -20
784 865 13
745 757 -11
648 675 -4
123 710 20
66 176 15
374 966 -12
86 828 13
38 379 -19
28 823 -19
201 931 -5
150 440 -11
514 982 7
211 944 12
59 438 8
336 975 14
95 769 -8
623 888 -15
556 835 -1
142 472 -12
197 407 -8
342 911 -18
89 316 17
22 375 20
737 766 -3
127 428 -5
29 42 3
545 681 1
496 825 18
536 861 10
50 595 -16
278 602 -7
516 919 -14
14 672 -11
404 678 1
253 954 -18
66 719 -1
422 503 19
242 801 -20
106 382 -3
415 463 -7
227 263 -5
83 893 14
18 269 4
379 397 -14
114 471 -8
468 591 3
253 666 19
275 425 -2
398 904 8
217 829 -20
204 810 6
27 94 -16
457 581 6
369 468 2
25 515 18
34 520 19
94 385 -20
313 838 3
468 712 -18
367 400 -13
62 847 3
598 970 13
551 975 -5
517 982 11
268 915 -11
142 318 11
88 347 18
366 440 -5
756 891 2
60 513 -17
446 814 -14
387 499 -3
272 369 15
549 906 7
262 584 -1
669 971 6
302 540 15
403 443 16
84 992 -11
122 465 6
72 873 19
334 501 2
16 829 -11
284 356 4
456 611 15
191 802 -14
379 773 17
38 709 -12
33 365 -10
312 948 7
882 984 16
564 940 15
311 723 -18
295 486 -4
502 699 -1
154 367 3
34 222 20
303 984 1
134 425 -5
413 892 11
196 894 10
653 989 8
183 960 -9
7 60 6
42 692 -17
87 843 -15
235 741 -8
491 667 -7
288 604 -4
130 167 14
532 964 -20
534 665 -4
34 873 -7
90 359 -12
557 877 3
314 741 -17
818 918 13
435 622 -1
22 224 16
172 657 13
602 656 -3
431 917 8
687 843 13
385 621 18
484 929 9
685 919 20
557 733 -18
608 815 -18
339 690 -5
437 853 -8
851 987 19
461 881 -14
43 139 -4
33 620 -12
608 671 14
584 988 -9
350 821 -16
74 886 -11
256 368 -6
102 310 9
675 846 18
466 852 2
192 649 -12
753 945 -20
600 852 18
640 888 19
109 471 15
476 673 13
563 641 -12
21 358 -20
300 447 -2
181 459 13
46 271 -7
53 984 9
251 411 -6
924 948 16
617 797 1
508 890 -6
516 565 -6
261 604 -8
112 890 12
154 478 -18
179 651 20
702 841 11
101 731 -5
97 352 4
453 810 -6
72 673 -12
440 462 -7
69 784 -19
15 813 -6
522 766 -18
661 695 14
534 740 9
473 495 -15
813 829 -1
182 697 -12
512 572 12
549 719 3
474 954 7
782 841 13
9 253 -11
263 398 -7
866 956 16
612 780 -20
191 903 -10
86 212 14
370 874 -14
527 857 3
424 472 4
136 563 -3
435 710 -16
266 938 6
31 397 16
43 600 16
77 513 -6
123 480 5
508 965 -14
13 614 1
401 610 -13
287 588 15
486 568 -3
364 542 17
69 136 -16
463 670 1
494 508 -14
150 884 -14
266 421 12
862 940 -5
565 833 -3
540 660 -6
243 782 -15
738 761 1
218 874 -13
563 765 -17
195 747 -5
187 514 -7
487 855 -7
118 643 7
527 811 -8
518 879 11
127 728 20
207 986 -9
60 558 4
760 906 -15
852 989 1
300 921 -8
88 513 -14
123 205 -1
486 931 -18
12 603 -7
841 979 -7
447 531 19
98 526 8
297 772 5
0 894 -3
745 782 -13
344 438 -15
196 311 6
87 633 -7
876 973 -3
257 964 -10
320 346 14
35 622 6
91 523 -7
578 641 12
168 477 -8
795 984 -15
429 518 6
305 748 17
760 883 9
640 701 -2
4 82 -6
623 877 6
247 663 1
562 638 4
847 887 10
727 742 8
67 961 -8
255 603 11
708 957 9
135 192 17
193 691 3
326 663 11
740 909 13
333 787 19
70 822 6
290 745 -4
269 622 17
148 890 16
662 882 -19
212 911 -18
635 636 5
506 714 -6
90 656 -13
603 912 17
469 832 -17
167 796 -11
228 626 7
129 504 -7
353 886 15
40 426 -7
614 698 16
127 839 -6
572 701 9
425 502 4
56 141 2
43 845 3
140 369 -2
277 783 -19
28 982 2
2 664 12
391 625 12
418 499 -4
20 718 7
2 26 -19
734 735 -12
98 637 -14
220 779 11
30 618 -3
464 996 9
269 900 20
466 511 5
549 954 3
88 745 -15
222 559 -19
220 864 -2
393 972 -16
116 169 -8
328 726 6
210 850 8
186 233 -3
58 313 18
140 382 -13
693 940 4
69 587 2
179 984 -14
74 702 11
80 596 -8
389 714 -3
339 856 -18
175 196 6
463 483 -8
702 765 -19
41 116 12
659 803 20
503 964 16
202 707 12
153 702 8
730 863 -19
106 590 12
708 924 3
554 637 18
224 582 18
233 587 -16
299 761 16
23 448 7
282 708 20
744 882 12
466 874 17
691 992 -12
264 659 -10
191 297 -11
226 669 9
434 963 7
86 774 -15
83 211 -7
315 597 7
58 941 -2
822 959 2
202 985 10
131 516 -12
638 878 -10
821 850 -14
322 349 -5
325 912 10
508 768 -15
238 764 10
259 558 13
119 398 -4
628 949 -17
361 834 -18
159 736 -15
175 186 -11
10 756 -6
33 102 -5
773 815 -20
282 806 19
15 462 -19
382 664 -12
103 166 -14
533 653 19
197 618 3
478 488 19
201 854 11
718 735 11
659 914 -13
387 455 -9
298 377 -8
478 573 -13
287 633 -8
23 703 -19
50 577 8
191 516 14
476 914 -10
442 772 -8
314 357 10
567 952 -10
47 242 -13
307 318 -16
330 716 -3
716 931 -2
610 621 12
496 519 1
234 370 -12
439 659 -2
118 158 3
34 610 -11
375 494 -1
236 824 18
296 695 9
489 601 10
332 797 18
633 874 20
68 687 20
24 272 -19
383 470 -10
536 712 6
756 981 15
65 947 2
138 788 19
779 964 -4
512 849 -8
600 733 -15
290 656 -1
318 346 -15
63 730 -3
33 213 -4
580 611 -6
118 171 2
130 411 2
631 842 10
107 656 16
686 857 -11
284 734 -3
96 912 18
223 458 9
131 869 5
101 877 -12
223 723 -9
82 455 -12
380 972 12
426 939 -4
176 504 -2
11 696 6
341 571 9
83 721 6
22 854 12
686 834 18
71 338 -12
530 852 -18
67 862 -2
394 991 9
75 308 -7
308 659 -19
372 680 19
162 870 -2
40 844 -5
268 622 5
454 749 15
111 904 4
499 900 18
122 159 -8
293 386 -20
725 803 -20
356 591 -9
209 429 -14
37 811 -8
207 468 5
310 969 -2
120 171 8
273 413 -2
89 592 20
437 701 9
21 314 13
496 607 13
279 609 -3
405 834 14
421 958 -5
327 914 14
368 543 -19
800 954 17
140 270 -13
350 525 15
517 522 19
615 679 2
527 715 11
377 627 17
824 938 10
116 214 -8
246 818 11
162 330 12
43 867 -11
343 378 -1
795 996 -12
387 942 -7
79 826 10
642 903 -5
529 617 -8
126 492 14
273 282 -12
771 824 -1
7 428 10
69 223 -9
375 415 -2
92 243 -9
223 317 13
613 997 -11
118 609 8
128 839 15
571 591 -15
94 517 -2
728 983 11
553 722 -19
551 878 -5
278 374 4
324 341 20
461 575 9
399 929 -19
594 610 4
342 395 -3
124 810 -17
384 886 -8
325 571 -18
160 992 13
507 956 -7
682 808 11
568 594 10
539 796 -20
216 929 17
709 947 -6
338 891 -13
29 550 -3
550 810 -1
121 404 14
364 799 11
93 305 15
549 701 12
522 604 -5
27 216 -5
283 587 9
103 211 -11
187 470 -8
814 977 14
388 460 -7
64 399 9
729 789 -5
14 398 17
387 909 12
140 623 1
352 802 -11
552 976 -19
465 828 3
72 259 -9
592 640 18
16 215 -11
142 440 7
342 614 -13
462 530 10
65 485 -10
384 876 -1
812 908 13
212 275 -9
518 547 1
304 358 11
388 617 6
92 704 14
192 791 -19
258 736 -19
445 742 -19
806 870 -14
517 852 -7
335 875 -4
690 923 -17
190 228 17
193 791 18
662 861 -4
207 546 -10
526 937 16
352 406 8
806 991 5
336 547 -16
795 832 15
298 929 6
300 481 -11
459 883 11
258 484 -6
865 933 16
374 695 4
565 900 8
378 665 -10
658 719 3
436 755 7
751 767 2
274 693 -16
407 728 7
373 735 13
123 560 11
128 904 16
677 854 -17
175 607 -6
5 833 19
341 639 11
252 939 -18
439 802 -2
813 863 -18
565 612 1
203 525 6
213 984 -20
192 552 19
387 611 19
182 996 -16
477 913 2
405 516 -11
11 476 -11
588 637 -17
91 734 1
303 504 -11
749 819 -7
76 870 -18
757 939 -10
308 969 -12
316 564 -11
375 650 -10
476 553 14
202 313 19
29 242 2
26 990 7
253 889 2
477 517 -12
93 671 4
688 966 -1
752 987 1
530 645 19
386 780 -17
841 915 19
693 788 -16
273 988 15
448 611 -10
321 656 1
198 665 -19
114 177 14
498 697 4
160 818 20
110 472 -17
23 175 6
54 657 15
210 675 -15
147 210 11
386 492 -17
66 667 -8
935 936 -19
46 429 -2
31 529 20
245 638 16
524 956 -19
74 527 -16
321 633 -14
83 841 12
73 153 -20
49 699 -5
413 487 -3
442 630 -6
675 981 -4
600 987 -10
499 755 -6
470 877 19
454 640 16
285 831 10
231 860 10
263 929 -5
357 707 5
329 874 -3
289 801 13
659 749 -6
495 906 17
408 758 19
146 609 -17
448 565 -16
484 933 4
75 585 -13
129 296 3
117 996 18
292 848 -14
620 793 -6
99 304 -10
469 889 -16
546 584 -14
245 772 -18
534 646 -4
75 706 6
146 995 16
638 703 20
286 889 11
386 976 -15
821 904 1
114 288 -16
52 313 4
345 566 -8
252 258 -8
190 283 -11
470 602 4
167 830 -2
56 813 -14
7 957 -18
208 718 -12
582 779 5
162 342 16
306 615 17
352 582 10
159 453 -3
311 550 8
290 612 3
61 411 18
376 652 4
63 192 -3
440 816 -20
272 860 -4
683 988 -12
409 685 17
10 185 11
55 336 1
205 806 -6
320 756 17
325 871 -13
4 407 -7
378 468 3
185 302 -1
424 584 1
155 810 -13
57 912 -19
368 545 3
546 960 1
