1000 2000 1
766 963 -1
733 786 -5
615 681 1
211 826 -1
808 816 -16
411 771 -1
114 893 -9
358 387 11
677 778 18
403 767 -3
562 940 -13
270 274 11
648 714 3
253 679 17
243 894 -10
406 692 15
143 956 -10
712 964 -5
371 671 8
121 825 -4
23 253 -9
511 565 -3
785 954 -17
131 838 -7
176 617 17
510 871 4
421 793 -17
497 523 11
112 861 -19
401 964 -3
194 485 14
119 720 3
408 594 3
385 726 19
547 645 15
542 566 3
24 869 5
379 917 -8
191 717 -7
29 804 16
49 404 2
744 929 6
302 733 7
874 895 17
593 882 -1
2 557 2
297 740 -1
895 954 -11
305 860 -15
27 241 7
34 137 4
378 435 3
159 662 -12
439 945 20
189 913 10
746 867 1
158 288 6
3 908 9
198 589 -15
41 117 -10
117 292 10
273 768 13
132 500 -8
221 349 3
351 953 17
600 754 -13
88 988 -6
47 950 17
229 698 -18
576 662 16
51 840 18
607 649 -7
348 654 3
230 964 17
7 626 12
275 706 -10
181 433 -3
854 907 -12
229 855 13
55 931 -16
357 595 11
204 273 -10
194 717 -14
229 446 14
214 695 -8
127 398 20
239 639 9
288 352 -12
34 127 1
353 481 -17
758 795 -19
301 736 -4
447 790 4
46 595 7
85 437 17
237 800 20
611 632 -8
689 817 3
662 863 -16
167 512 -14
104 572 9
84 743 7
832 865 -3
8 604 15
630 767 -11
360 906 19
627 878 -8
130 975 -20
17 918 6
17 689 7
291 663 -6
97 532 8
428 488 -15
100 314 1
240 437 13
787 835 10
385 526 3
148 619 -5
221 460 12
152 360 -17
413 630 11
512 752 16
437 987 -8
450 777 9
353 615 15
256 682 -9
356 769 6
204 263 18
663 777 -9
186 214 -11
123 274 -13
341 762 11
368 636 -18
80 312 -12
276 373 11
92 552 -4
64 224 8
174 999 -12
335 458 16
406 747 -5
270 823 -5
249 800 -4
598 917 -12
502 980 10
303 591 7
16 269 6
616 822 1
748 749 -6
310 895 15
604 704 17
321 910 11
95 189 -6
847 956 -14
858 885 -12
172 408 -5
85 260 -6
149 690 3
186 986 -13
298 898 18
427 783 1
365 808 -5
151 470 -6
410 959 -10
698 725 1
418 591 5
147 356 -19
11 203 -13
831 845 -5
151 591 -5
277 816 17
193 328 1
69 558 7
358 432 1
2 468 -17
196 370 14
208 609 7
115 381 16
120 496 -7
554 837 5
306 506 12
182 965 -2
93 133 -2
331 679 -11
110 451 19
6 888 -10
277 299 -7
32 797 3
273 594 12
106 453 -8
51 895 17
325 906 16
304 932 -15
499 613 -13
208 995 8
51 257 -2
566 968 7
1 256 13
613 900 -17
81 136 4
136 975 -12
347 521 -18
224 301 8
538 726 4
106 574 13
184 759 -6
453 538 -11
116 624 14
718 958 -13
117 589 -5
520 564 -9
139 198 -16
645 973 6
75 708 4
234 881 -8
504 705 -15
12 917 9
15 842 9
832 835 11
596 824 14
228 806 6
270 394 15
296 532 19
87 538 -1
386 605 17
480 734 1
32 607 -2
633 747 -11
551 794 15
168 876 -15
90 319 -15
22 184 11
200 456 14
12 256 15
36 204 17
349 435 1
145 376 -6
717 947 -13
211 321 19
694 963 17
313 863 -8
430 890 5
4 373 -9
329 987 10
182 788 -20
678 875 -13
570 784 5
288 806 -17
381 997 9
189 418 4
587 873 9
688 925 5
127 214 6
258 783 18
102 944 4
329 843 -10
249 734 13
103 500 18
435 595 -18
407 762 16
55 194 7
473 707 20
263 754 9
110 395 -18
134 460 8
233 502 -2
174 187 13
37 298 11
169 746 12
23 134 -11
841 995 -11
847 926 17
526 840 -19
0 7 4
116 447 16
450 701 -10
341 794 16
674 854 8
561 797 -14
316 392 -17
55 171 13
89 838 -16
644 831 2
316 886 17
651 727 -5
164 343 -20
34 679 5
260 576 15
242 299 -13
238 823 -15
198 372 -19
392 652 19
482 954 17
785 812 -4
283 336 -17
232 779 18
160 345 1
332 457 12
27 904 3
10 406 14
150 566 7
618 671 3
206 726 -4
397 968 12
727 843 1
280 532 -5
89 586 3
126 208 4
846 943 -13
547 912 5
173 585 14
439 970 18
274 753 -16
91 143 12
448 789 -13
316 490 -19
112 840 -17
713 800 12
485 564 14
216 668 -3
582 725 -7
534 834 11
286 583 17
128 820 -9
928 989 13
821 863 -16
349 379 18
26 134 14
211 674 17
169 448 -18
125 378 -11
740 794 -17
171 494 -12
98 244 -13
783 872 4
52 393 -19
54 848 14
46 993 -20
570 584 6
372 785 10
559 611 -6
371 411 -13
391 618 -6
630 900 20
462 907 9
428 765 -18
162 386 20
285 865 -6
3 887 7
393 664 13
714 899 -13
11 333 -5
29 796 -15
122 758 -6
143 552 -18
683 911 -7
12 743 -9
936 948 -5
127 809 -17
442 821 11
279 943 -18
648 660 -16
218 667 -13
198 460 -11
139 145 -17
178 631 -14
467 505 1
677 989 13
226 299 -20
463 620 -18
499 802 7
23 464 15
266 371 -20
663 910 6
106 727 -15
51 940 6
321 572 -14
366 723 -18
345 600 -8
820 893 -9
483 979 -1
773 818 20
188 802 -5
207 815 5
120 518 6
782 866 -3
133 228 -9
250 484 -15
811 929 10
41 639 -5
81 446 2
523 907 7
366 435 8
84 457 -5
421 896 -3
513 979 -10
56 883 15
360 620 -15
680 976 -19
9 808 -1
330 863 -9
391 464 -10
943 977 1
714 745 1
78 269 -1
34 348 -8
774 875 7
27 982 4
524 705 -15
494 942 14
44 742 -6
180 523 -4
258 851 -19
50 184 8
319 946 16
460 842 7
93 145 -15
66 128 -8
130 558 -3
472 816 18
121 738 -8
94 455 3
14 346 -7
74 397 -20
334 702 -3
293 435 5
514 669 -19
12 687 17
189 728 16
478 602 15
84 977 16
151 472 2
398 578 4
174 870 5
154 254 -8
686 752 1
217 539 18
201 860 -9
39 910 -19
35 153 19
225 808 11
151 593 -10
492 743 -13
205 421 -5
879 923 -16
367 748 3
4 696 7
130 921 7
276 895 -19
283 754 15
690 763 17
870 959 12
328 676 -13
434 514 13
194 941 5
563 924 -13
465 501 11
47 513 3
59 753 18
265 592 -19
480 517 12
579 788 10
296 845 20
75 697 -1
726 807 2
770 993 16
91 296 1
220 706 -19
370 385 -13
186 713 3
338 927 -5
695 819 -13
399 677 -14
559 666 12
556 777 -10
25 732 19
822 896 17
404 499 -13
223 307 13
581 955 -15
49 945 4
350 793 -16
765 891 -8
171 418 13
638 936 14
454 706 11
426 644 11
312 393 18
392 651 9
671 969 -6
17 216 20
120 717 17
416 450 18
34 305 2
158 600 -11
424 719 -12
186 667 -7
248 987 17
329 603 -15
602 618 -17
35 879 -12
141 143 -2
81 766 -4
631 681 -3
494 526 3
345 403 -13
294 995 16
510 885 10
683 956 11
417 428 -8
143 862 20
227 267 1
380 546 -11
236 761 -12
76 772 -13
290 881 -18
250 287 -15
70 994 -2
401 605 6
399 644 -10
96 872 -15
191 237 -3
58 351 5
58 122 -15
444 566 16
289 363 6
148 424 4
723 741 -2
7 156 16
90 828 -2
314 801 -7
390 796 -16
87 795 2
336 596 2
186 657 2
387 647 -9
147 171 -16
312 504 20
85 196 16
86 161 4
135 691 -15
661 886 14
561 570 -7
20 481 -17
313 325 -17
408 971 14
178 774 15
472 763 -14
92 213 7
57 255 14
638 795 4
74 573 -3
515 724 9
561 691 11
11 224 -16
287 982 11
470 658 -8
981 990 14
666 749 -14
18 793 12
389 706 1
37 663 5
351 859 12
494 987 7
81 589 20
313 832 -16
123 851 -11
585 653 9
321 692 17
485 651 10
388 718 16
731 828 9
90 386 -7
173 829 -8
475 493 -10
94 356 13
505 750 10
579 699 17
235 660 -11
483 582 11
639 866 -15
142 554 -17
140 773 -6
408 853 -1
119 979 11
38 762 -7
154 299 1
159 643 -11
480 549 20
469 948 5
95 478 3
394 774 11
267 441 15
167 503 -2
103 747 13
45 248 -4
718 871 -7
509 877 -10
152 868 -7
268 405 13
371 534 3
19 869 18
510 698 5
96 335 5
365 868 -20
354 450 -15
15 755 5
12 866 -4
112 953 -16
454 653 -11
449 803 15
376 590 16
469 781 -20
709 799 -5
104 805 2
175 191 -5
192 509 18
13 278 18
182 315 -10
6 647 20
338 599 -13
54 840 6
301 946 -18
701 916 -2
482 612 2
260 270 -15
611 613 -18
595 754 -17
669 703 -11
466 869 1
72 484 9
374 377 -7
189 740 -11
241 787 12
57 212 -1
489 629 -18
236 937 13
344 799 15
163 315 -16
608 845 15
767 838 -15
303 883 -17
281 944 7
307 853 -3
896 988 7
635 804 -13
599 881 -7
11 976 -1
75 323 -5
154 387 -18
79 622 20
423 920 -13
169 924 -13
123 399 -7
932 946 11
32 546 9
625 911 -6
215 338 -5
72 209 17
396 944 15
230 503 -7
502 696 17
26 587 11
31 931 13
384 826 11
764 818 -5
359 769 -12
285 703 10
599 750 15
29 863 4
208 865 5
432 493 -13
424 489 1
657 840 10
326 857 15
409 446 -1
676 710 7
718 972 6
745 809 -1
309 773 7
949 984 -4
320 782 -3
85 650 -20
183 813 20
674 901 11
756 940 18
576 744 -3
1 247 12
560 885 -11
59 899 5
363 636 -12
279 902 -6
454 754 -12
101 221 -3
284 837 -10
128 998 12
7 34 -2
990 999 -16
847 950 18
809 923 -20
56 685 7
536 913 20
588 960 -13
300 673 10
455 467 14
633 882 -18
267 761 -10
360 723 -11
175 269 15
252 781 12
546 999 -12
428 943 -5
448 921 -4
353 949 17
769 864 17
325 887 -10
487 620 -20
77 785 -5
284 706 -4
193 322 -17
161 864 1
78 866 -5
45 689 -18
621 885 -15
167 535 13
352 431 18
23 112 -11
85 761 13
340 722 19
181 698 1
446 889 -20
158 422 3
844 935 16
228 666 7
152 527 -6
585 940 19
390 844 -13
421 688 -17
54 77 4
61 381 15
433 927 11
708 866 -9
158 808 -8
371 952 16
245 876 12
32 323 -20
318 982 -17
269 940 -3
271 870 -20
317 608 -18
118 133 -12
448 682 -8
513 748 -13
727 857 -5
144 536 18
56 652 16
23 475 19
238 320 1
188 728 -9
830 869 -2
400 727 17
317 958 -14
826 835 -15
30 635 19
606 688 -1
8 882 -18
505 785 -9
112 216 -15
696 990 5
523 653 17
622 812 -9
473 832 18
5 318 12
846 934 -1
301 991 5
561 801 -6
448 515 -9
345 768 -9
89 842 -16
113 153 -2
48 810 4
65 899 -11
365 373 -5
123 431 5
630 793 -13
183 482 1
876 934 -8
256 731 6
430 475 2
146 716 -11
573 752 -3
42 744 -18
384 773 -19
177 523 8
46 863 17
668 797 -13
139 267 10
364 614 8
131 412 13
678 810 -2
549 961 -2
668 918 -11
206 707 18
188 430 14
39 450 -17
607 642 18
349 792 -15
378 935 -20
142 844 14
589 746 -11
547 749 13
387 531 -9
16 704 3
150 933 -16
67 261 6
185 396 9
267 960 20
118 980 -15
0 616 -14
642 757 10
567 992 -13
8 211 14
177 657 -17
48 921 14
11 216 13
14 779 19
438 698 -7
418 640 -3
95 624 -20
342 730 2
128 392 -15
19 485 -2
215 805 -10
28 799 7
184 409 -13
510 579 -10
235 374 -5
145 566 16
71 388 -15
602 927 -12
462 538 -14
447 495 15
510 700 9
503 575 -1
654 973 -6
21 243 1
516 859 4
54 685 -1
930 993 2
361 576 -10
338 480 -12
484 683 -4
1 714 1
22 508 -19
53 990 -14
389 796 1
369 552 17
312 692 15
182 991 -6
152 474 -10
427 907 7
389 423 -16
7 321 -17
65 591 6
714 857 -15
625 779 -3
342 985 20
502 937 -15
217 841 2
306 653 6
718 863 15
623 854 -18
101 894 -2
402 971 -13
478 966 -16
666 937 -13
203 618 -15
128 853 4
349 592 -17
215 363 -4
24 652 9
549 882 2
643 666 -7
178 831 6
373 661 17
413 505 11
230 240 6
374 742 1
111 548 9
129 831 -9
23 929 -19
179 539 -1
102 993 7
554 565 2
61 812 17
91 840 -18
186 583 -14
516 983 1
151 970 -18
225 776 14
16 782 12
820 985 -13
306 355 -16
781 850 -19
260 998 7
704 895 -11
48 590 1
441 930 -5
110 421 -18
296 548 6
320 905 -1
6 629 4
541 644 12
478 933 15
326 427 -20
584 722 13
737 964 -16
293 887 -15
581 802 -16
117 847 -18
231 832 2
93 224 -20
645 966 -19
111 358 -20
391 412 7
50 793 10
647 783 -11
489 611 20
259 414 -18
31 141 16
96 536 -1
87 387 6
787 798 3
425 711 -19
379 415 -20
133 948 -2
407 922 -3
266 803 9
567 651 -4
504 711 -11
267 884 -7
207 982 15
344 987 7
2 320 11
937 943 -19
784 850 7
15 30 -16
11 405 20
135 849 -4
152 264 11
64 151 -15
54 632 3
210 879 3
637 952 -8
186 262 -15
168 473 3
268 331 11
707 787 -7
112 349 9
203 696 15
581 648 9
782 817 15
312 639 -7
237 874 -12
384 893 -11
505 774 -7
865 937 -19
507 734 -13
899 929 -13
121 784 -20
92 986 -5
157 212 18
363 991 8
678 966 -14
579 615 -20
367 552 14
231 691 3
690 976 -3
711 770 -3
67 934 -15
33 563 3
184 961 -15
260 425 -1
380 756 9
219 573 7
38 89 17
60 665 5
339 983 19
97 812 -11
453 596 5
323 895 8
380 383 -17
76 609 -3
471 501 5
22 409 9
5 176 -3
457 602 -5
402 666 -18
777 958 -1
426 880 1
377 987 20
65 348 -3
271 453 13
450 684 -16
437 485 -7
815 925 13
221 223 -16
53 230 16
556 558 -10
48 151 -16
391 899 13
100 198 -5
229 837 -12
478 638 -18
100 692 11
17 20 -9
480 684 -1
176 867 -18
236 323 -2
320 960 -2
582 731 19
193 919 4
340 380 -10
16 585 -15
395 761 -2
49 353 -12
126 865 -4
183 353 6
507 822 -4
394 765 -17
177 538 11
147 924 -8
186 772 13
160 305 -13
45 998 1
30 869 -7
553 650 -4
201 873 10
855 988 12
408 677 3
135 927 9
544 717 16
411 831 7
463 878 -4
30 990 19
166 771 -3
335 463 -5
306 665 -8
585 840 4
449 830 -2
598 922 -1
137 335 -8
809 993 -13
70 510 -17
238 652 20
546 768 8
189 610 -18
32 138 -6
240 432 4
499 543 9
846 916 -20
81 933 3
180 912 15
12 461 15
669 694 -18
152 584 -6
77 819 -3
128 901 5
657 985 17
263 537 -3
240 962 -9
232 958 8
119 672 -17
174 379 2
246 484 10
206 411 7
505 973 12
410 964 3
932 960 -8
509 714 -1
823 910 10
19 441 -6
63 484 -2
405 513 5
76 566 20
116 639 11
142 548 13
256 533 -17
475 837 -4
506 824 11
339 567 4
122 947 -13
115 530 -2
535 973 4
588 899 16
828 960 -20
149 937 -9
215 882 20
80 837 -4
758 901 14
659 779 -6
608 813 -9
694 736 16
391 735 6
647 661 5
791 934 -5
515 770 -14
259 701 -6
666 939 18
490 942 -7
213 441 1
44 74 3
351 411 3
107 688 -10
983 996 12
274 536 -5
41 334 14
111 658 -13
99 275 -3
300 939 17
26 699 -10
817 820 2
263 383 -17
24 775 8
432 978 -10
143 237 -14
21 248 -13
11 692 -8
340 373 18
70 369 -15
124 489 17
880 881 -3
612 801 -14
4 15 -14
383 420 8
343 384 -8
514 760 -19
5 388 13
787 918 -2
217 653 12
604 833 -6
357 547 4
181 879 2
622 967 16
437 576 -18
225 922 6
349 463 5
360 701 -6
386 610 -12
306 501 -14
98 472 -20
755 858 7
95 174 -12
413 749 -8
405 974 -17
38 543 -7
100 783 11
197 944 1
45 438 -14
291 579 20
157 499 11
421 954 -8
616 784 17
294 504 -18
17 870 -11
37 699 14
110 832 -1
338 547 20
40 444 -10
422 546 -14
163 960 -4
133 263 -8
62 877 19
25 172 -18
446 494 16
531 947 12
39 664 17
373 918 13
454 614 -10
138 872 -11
599 852 -9
120 180 -12
658 758 -3
206 777 -19
421 702 -9
139 687 5
428 561 11
83 972 1
319 654 12
276 878 -1
44 980 11
23 103 -16
187 391 -20
94 163 5
224 538 -3
46 272 -4
798 810 -11
362 737 8
128 835 -18
81 494 20
501 708 -16
357 923 -7
542 825 -17
253 722 7
371 714 -8
826 849 17
765 982 -8
671 975 -3
80 650 -7
456 641 -2
231 968 18
276 976 -3
77 501 7
133 927 15
80 506 17
13 602 -19
265 817 1
312 340 -13
107 874 -15
489 976 -4
224 227 18
451 455 14
78 847 -9
815 960 7
201 280 7
401 454 16
136 937 -5
249 814 3
663 948 -10
105 986 18
113 661 -3
470 553 -8
800 953 -8
46 491 16
109 956 -12
250 666 16
107 995 -17
505 547 20
616 872 7
188 611 12
211 823 11
55 984 -8
126 370 7
711 880 -10
461 705 13
345 530 -5
331 595 -2
218 309 15
88 465 -10
139 281 -11
384 643 -10
296 759 -7
112 184 18
267 961 -11
335 750 -2
420 565 7
102 893 -12
142 966 3
34 795 1
328 976 -20
46 998 20
736 801 15
141 741 -12
289 490 15
367 675 2
555 646 -17
889 900 -1
834 964 10
583 973 16
408 712 -11
276 413 11
431 695 -12
356 930 -7
152 871 4
184 940 -10
169 960 9
117 770 -2
53 111 -16
33 807 7
429 627 4
291 922 6
105 652 3
545 838 -2
90 114 4
116 926 8
282 958 -9
237 578 -4
34 893 -16
114 736 1
214 823 -11
290 324 7
88 226 -12
168 298 4
25 515 -10
224 495 11
614 650 7
578 727 11
239 623 3
754 809 5
79 262 6
227 914 -8
384 489 -18
817 865 -8
14 132 14
487 581 -6
215 796 -18
54 699 -8
208 757 18
456 742 -6
369 445 -4
541 966 12
32 680 -13
8 997 10
605 987 15
280 373 4
282 333 -11
641 760 14
87 323 15
271 818 7
97 516 -8
391 734 -1
70 944 6
71 909 -1
340 539 -14
527 923 5
415 453 -15
35 806 -4
786 854 -12
135 893 -19
5 963 -15
436 512 1
109 877 7
860 925 -6
638 732 7
326 991 13
643 847 -19
48 372 3
862 885 -4
177 782 1
173 403 -3
86 255 -3
34 65 13
344 779 -16
307 977 -14
570 713 -12
211 371 -8
227 495 -9
278 955 -12
87 192 4
265 607 16
336 667 2
34 860 -17
229 541 -7
283 661 20
629 740 -11
78 637 14
814 822 -17
407 547 -17
526 913 -5
519 788 9
654 833 17
871 947 -20
136 727 -18
28 407 9
74 114 9
538 743 -18
309 920 14
168 566 20
377 560 -6
81 647 -5
137 170 6
208 459 1
57 326 4
18 972 -3
396 695 -12
254 840 18
224 848 -1
346 694 1
237 787 -15
15 185 10
348 474 -20
935 945 6
621 669 -14
464 951 10
437 817 -1
473 999 2
95 330 19
301 435 2
330 727 4
455 987 -13
98 978 -18
96 825 -20
108 650 10
652 863 2
357 451 17
437 709 5
304 445 -1
479 971 -19
381 399 -9
680 961 8
198 543 12
123 778 7
10 721 13
92 382 8
96 910 -16
430 786 -5
94 571 13
368 960 8
355 612 10
748 952 -13
89 901 9
59 470 9
391 943 -18
74 778 -20
177 196 -3
245 516 -16
143 468 -14
856 935 19
86 199 -9
14 210 -8
196 861 -8
253 312 -15
48 846 10
756 969 -3
175 429 -8
485 591 -18
946 949 -10
629 864 -18
679 721 -9
652 853 -17
9 338 -11
818 885 -9
589 684 5
240 270 -2
483 931 19
524 932 -11
96 671 -15
282 761 17
669 941 -1
468 659 -18
111 879 -3
682 731 -3
90 856 -3
519 853 -3
52 335 3
20 123 8
725 958 -11
492 607 -20
307 790 13
218 632 -3
67 320 -14
866 933 15
658 904 10
7 943 14
207 214 2
497 578 -12
381 775 18
536 798 3
18 543 7
39 257 -4
806 924 6
818 898 14
202 629 -2
355 579 -2
788 991 9
186 806 19
246 299 3
134 732 -9
256 492 -1
741 915 -11
482 575 -20
112 713 12
814 985 -16
680 905 20
280 297 -3
317 444 -13
267 623 -8
13 627 -11
412 861 -19
892 940 -15
57 404 -6
59 185 -6
49 400 3
411 636 -7
35 465 -12
100 860 10
140 667 -2
301 621 -16
400 743 -10
401 708 10
22 37 7
701 820 -1
386 579 -9
163 916 11
284 797 -4
549 951 9
92 892 4
468 734 14
478 927 -15
280 454 -12
545 837 -2
546 573 16
97 826 16
310 970 1
331 764 -17
486 787 -7
313 487 6
304 896 3
504 692 -2
28 583 15
556 968 17
259 372 -9
464 512 -15
143 160 11
914 977 -2
479 640 15
2 566 11
275 990 13
704 987 -14
60 656 -7
63 927 8
14 805 -8
917 987 -11
178 275 17
799 851 -7
74 941 9
395 618 -16
160 486 1
316 474 -1
862 907 1
79 647 8
20 332 -8
75 793 -7
537 967 17
56 514 -9
426 462 6
55 698 16
502 600 -16
205 759 15
499 940 2
167 387 2
285 751 -3
126 843 18
908 915 17
177 516 -19
584 791 -3
6 963 5
704 856 -7
377 461 -17
262 331 19
261 515 11
210 958 -4
285 872 11
20 309 -2
65 231 -17
8 600 -14
623 638 -17
282 345 12
488 679 20
56 756 -13
604 890 17
395 896 13
759 913 1
25 805 -19
216 485 -10
275 571 -1
340 780 5
448 642 6
74 401 18
206 471 -2
69 731 -20
559 595 -9
582 987 -10
484 830 -4
763 919 12
323 467 -5
129 373 -3
530 653 -2
528 872 -13
370 435 -15
59 659 12
9 429 15
416 667 9
338 339 -12
830 950 -11
199 818 7
113 257 -12
265 354 11
289 711 -20
294 826 13
78 793 8
147 892 -8
377 680 14
754 932 12
129 471 -10
507 911 9
89 923 -5
693 809 10
153 944 -5
16 301 -14
5 929 7
407 680 -1
95 185 6
144 486 14
223 779 -20
219 400 -15
534 641 4
341 771 16
41 250 6
141 337 -12
599 886 -15
93 260 8
222 899 2
283 915 2
105 271 -3
430 556 1
817 965 -18
52 753 16
650 708 1
455 469 11
758 915 -9
864 933 -7
490 606 4
527 902 3
65 728 -19
814 932 -4
367 392 -1
640 779 2
203 778 9
375 890 10
575 915 10
206 523 -3
57 580 14
179 277 7
104 512 8
88 833 -5
84 454 -2
189 470 -16
550 598 2
187 546 -7
282 289 -9
471 979 -2
513 567 -13
435 647 -14
40 383 -3
146 630 3
90 878 19
371 748 -14
551 944 6
133 202 6
100 254 16
278 669 18
464 796 -5
129 726 -12
241 638 11
407 670 17
106 184 5
260 916 4
166 729 13
91 735 17
645 992 -2
90 590 11
557 879 19
810 916 -16
72 721 -4
327 682 -13
64 717 -17
647 809 -10
28 880 -8
99 266 -10
2 104 -2
554 846 12
341 473 20
644 739 -5
219 861 -5
112 506 7
83 708 -4
120 626 -17
52 720 11
372 847 -20
77 813 7
659 760 -13
261 979 -8
24 249 -17
19 808 -16
141 425 8
614 874 13
163 709 -2
174 867 12
369 548 -9
664 731 -18
0 422 4
855 936 16
15 56 17
467 711 -9
37 569 3
2 611 -19
730 941 4
216 311 1
641 683 -2
478 805 -12
60 63 -6
210 496 -8
95 695 -1
541 781 -8
379 719 -20
580 709 7
93 96 -18
128 957 7
49 435 -8
139 966 3
60 822 5
310 439 8
65 937 -2
206 238 4
605 658 2
230 452 -5
428 696 10
568 856 -6
125 695 -16
594 728 15
580 830 10
204 579 3
960 971 -4
184 192 19
634 657 -17
545 728 -20
858 959 -17
591 615 10
716 875 17
499 877 -15
405 870 15
654 671 -20
297 928 -7
438 867 9
509 927 13
187 876 1
274 615 -4
267 347 -14
370 997 10
758 993 -1
303 678 18
377 627 20
469 710 -19
239 922 9
9 88 3
319 393 -13
101 579 7
41 714 20
70 183 -15
177 983 -8
406 955 -3
500 819 -15
606 608 -3
249 828 16
341 682 8
144 662 -12
667 703 -14
69 488 14
204 304 20
201 415 -8
308 361 -8
571 591 10
476 619 -4
189 260 -19
205 650 -10
218 732 10
104 747 -9
86 433 -14
288 913 -17
595 984 -18
115 347 -14
359 973 -13
564 588 -4
608 774 17
89 703 -6
141 225 -3
611 928 -4
143 823 3
926 940 -7
176 857 20
493 829 -12
765 842 5
616 899 16
180 863 -12
480 975 17
346 895 -11
117 434 -6
270 347 17
41 524 -9
328 617 18
222 944 3
449 843 3
369 734 20
314 798 15
7 647 5
524 528 -5
102 390 -19
843 919 4
347 752 18
7 238 -1
193 248 4
107 999 -12
864 978 -18
172 979 12
543 892 7
334 898 20
355 692 10
555 637 18
719 968 11
681 862 3
201 225 -6
97 576 7
400 434 13
379 411 -20
504 671 -6
804 932 1
135 279 -9
251 756 19
658 994 -8
523 769 -18
109 263 -7
352 658 12
138 735 -2
378 796 15
560 693 -13
757 972 -4
139 779 4
675 939 -19
467 910 12
522 846 -18
152 898 -4
65 750 -14
214 464 -1
861 949 7
158 420 -13
592 761 20
250 503 -3
94 255 11
9 971 7
237 978 -1
51 442 17
759 794 -18
342 771 -20
443 674 -13
414 876 -19
96 221 -3
546 771 18
802 993 13
165 930 -2
45 605 3
15 991 1
323 878 -8
323 469 -6
330 365 13
794 994 -8
89 647 12
97 242 -3
48 386 9
133 610 1
383 901 -10
288 749 20
482 763 -10
81 419 6
157 823 13
6 16 -20
397 512 1
308 583 3
506 827 -8
507 792 6
612 994 9
565 733 -12
432 618 -2
148 859 1
283 675 -17
289 569 -11
172 429 -13
566 963 -4
43 693 -6
265 477 -14
51 288 8
469 801 -2
187 823 -1
656 893 -2
10 781 1
67 269 -7
151 491 14
248 689 20
65 982 7
474 772 -11
333 733 -11
465 952 -11
271 943 12
312 566 -16
505 881 20
664 874 -19
157 283 -8
275 684 5
288 968 -6
308 946 5
591 660 6
174 637 15
245 926 -9
611 983 -16
144 465 -18
165 259 -11
346 420 -16
710 733 6
453 811 -20
278 550 15
400 921 19
23 934 4
25 486 -12
473 496 10
239 329 18
553 754 19
295 755 1
50 399 -12
495 929 20
16 257 18
98 884 4
508 639 13
395 698 19
514 655 15
606 738 10
187 934 18
255 431 -19
354 931 -6
534 898 -12
580 865 5
44 476 -9
178 705 -15
577 710 19
450 755 -7
343 400 -13
359 753 1
532 824 -13
286 503 -20
137 789 7
412 499 -10
431 512 16
90 219 -11
60 834 18
523 595 12
126 550 18
946 963 16
425 474 -14
189 426 9
94 454 -2
515 776 -4
46 563 18
78 366 3
491 913 4
658 761 4
349 829 7
9 352 6
253 712 8
174 568 6
613 875 -9
76 670 12
831 954 -11
314 578 -10
41 340 5
292 825 18
637 859 -18
496 740 -8
122 413 -10
308 540 -10
123 903 5
129 803 17
415 931 9
475 653 2
127 464 -8
528 808 13
274 928 12
297 652 -16
418 533 12
804 977 11
870 922 16
52 555 -6
296 952 18
66 755 -18
262 401 -4
575 861 -20
595 610 3
65 530 18
560 738 -15
290 877 6
94 673 17
597 921 19
370 613 -8
298 853 7
324 991 -10
452 502 -9
127 742 1
550 845 2
596 812 -4
435 858 -9
68 247 1
573 828 -13
14 47 -2
