100 4950 1
13 88 15
16 93 -5
29 32 -1
6 48 -7
9 90 -15
50 91 11
41 42 4
25 34 -18
44 47 -17
2 50 -11
4 96 -1
36 48 -14
96 99 -10
55 61 -4
29 45 -11
48 58 12
6 61 5
25 47 -9
43 64 12
1 67 9
17 48 1
36 61 -20
31 67 16
3 5 -11
24 64 -15
43 77 -2
1 80 -16
17 61 4
58 62 -9
61 67 -3
10 21 4
54 64 7
73 77 19
12 67 -7
31 80 1
3 18 -10
5 27 18
65 78 -1
68 83 -18
26 86 19
58 75 -16
42 67 -14
61 80 -17
80 93 15
0 70 4
19 83 -15
12 80 -14
53 81 -2
72 94 7
56 86 -12
9 11 13
5 40 -18
46 78 8
65 91 4
49 83 -4
68 96 -6
7 86 -10
26 99 6
42 80 17
0 83 -14
19 96 9
60 97 11
13 22 -18
32 35 -18
16 27 3
35 40 15
34 81 -6
53 94 -14
37 86 -1
56 99 4
9 24 -16
28 37 -14
27 41 -4
30 46 11
90 97 -3
7 99 -4
20 38 5
39 51 11
4 30 5
23 43 -19
83 94 -13
41 97 3
25 89 -19
13 35 -11
16 40 4
34 94 -17
37 99 18
8 41 11
27 54 13
11 46 -12
71 97 -19
30 59 -3
20 51 1
4 43 17
23 56 -14
22 60 3
38 41 1
15 57 -18
18 62 -19
50 51 1
8 54 -20
11 59 11
52 60 -3
1 14 15
45 57 -1
64 70 -2
3 60 -19
22 73 -13
38 54 6
15 70 -13
18 75 -10
33 60 6
52 73 -13
10 76 1
45 70 -10
3 73 -8
47 79 -7
0 4 -6
21 63 9
40 76 -16
12 14 -11
33 73 19
10 89 12
51 90 10
7 20 -14
67 71 -20
26 33 4
70 76 18
28 79 19
47 92 7
0 17 14
19 30 -18
5 95 8
63 73 8
21 76 -6
40 89 -2
81 90 -18
39 93 18
14 36 3
74 87 -13
13 77 -10
32 90 9
16 82 -8
35 95 14
7 33 10
67 84 7
26 46 -10
70 89 -3
9 79 19
28 92 -2
69 93 19
2 39 -12
62 90 -9
20 93 5
23 98 20
14 49 -14
13 90 -20
16 95 -18
29 34 -10
6 50 -8
9 92 -10
50 93 -9
41 44 -15
8 96 18
25 36 11
44 49 -5
2 52 -2
4 98 -10
36 50 19
55 63 -12
38 96 -1
29 47 -12
6 63 -6
24 53 1
43 66 8
1 69 -16
17 50 1
36 63 20
31 69 -9
3 7 1
24 66 -3
43 79 10
1 82 -9
58 64 1
61 69 9
80 82 16
19 72 -12
10 23 3
54 66 -20
12 69 -1
31 82 -10
72 83 14
5 29 6
46 67 3
65 80 7
49 72 12
68 85 12
26 88 -7
58 77 1
42 69 7
61 82 -9
0 72 18
19 85 -13
12 82 -8
53 83 -15
72 96 12
56 88 -18
9 13 -8
14 91 -17
46 80 5
5 42 -17
65 93 -8
49 85 8
68 98 8
21 23 -8
7 88 20
20 27 2
39 40 6
23 32 6
0 85 -13
41 86 -14
60 99 5
13 24 12
44 91 17
32 37 11
16 29 -11
35 42 5
34 83 9
53 96 16
37 88 -15
9 26 -16
27 43 -5
30 48 -19
71 86 -17
90 99 6
20 40 -10
39 53 13
4 32 1
23 45 10
83 96 20
41 99 8
13 37 3
25 91 13
16 42 -17
15 46 6
34 96 -10
18 51 16
8 43 -8
27 56 -8
11 48 17
71 99 17
30 61 3
1 3 3
4 45 -15
45 46 -1
22 62 -15
38 43 14
15 59 -2
18 64 16
8 56 -4
11 61 -12
52 62 18
10 65 -17
1 16 -17
45 59 9
64 72 1
3 62 -10
22 75 1
38 56 -7
40 65 14
33 62 14
52 75 14
10 78 4
3 75 -16
47 81 10
0 6 -18
21 65 -11
40 78 7
12 16 1
33 75 8
74 76 -13
32 79 6
51 92 -18
35 84 -10
7 22 15
67 73 12
26 35 7
70 78 9
89 91 6
9 68 20
28 81 -20
47 94 -20
0 19 -20
5 97 -5
63 75 8
21 78 -18
62 79 -13
81 92 -17
39 95 -8
14 38 -13
74 89 10
13 79 -19
32 92 11
16 84 -10
35 97 -1
7 35 19
9 81 6
28 94 -8
69 95 2
2 41 -7
62 92 -2
20 95 14
4 87 11
14 51 18
13 92 -15
16 97 -16
57 98 7
29 36 -12
48 49 2
6 52 -9
50 95 17
8 98 7
25 38 19
44 51 -10
2 54 16
84 93 -16
43 55 20
87 98 12
17 39 10
36 52 -10
55 65 -11
38 98 -20
29 49 -13
6 65 -6
24 55 -12
43 68 12
1 71 -3
17 52 -3
36 65 -12
10 12 19
54 55 7
12 58 10
31 71 5
3 9 7
24 68 -15
65 69 18
68 74 -13
1 84 -9
58 66 4
77 79 -12
42 58 3
61 71 -2
80 84 -5
19 74 -19
10 25 8
54 68 14
12 71 -13
31 84 19
72 85 -5
5 31 -17
46 69 6
65 82 1
49 74 18
68 87 -19
7 77 -7
26 90 -8
58 79 -3
42 71 -16
61 84 -20
0 74 13
19 87 -10
60 88 12
16 18 -10
34 72 19
53 85 -3
72 98 1
37 77 -12
56 90 -15
9 15 1
14 93 5
5 44 10
46 82 -19
49 87 9
7 90 2
20 29 -14
39 42 6
23 34 -10
83 85 -7
0 87 4
41 88 7
13 26 -14
32 39 20
44 93 18
16 31 -20
2 96 12
35 44 -1
34 85 -9
53 98 20
37 90 -9
9 28 -18
8 32 18
27 45 -19
11 37 -15
30 50 -16
71 88 -8
29 91 6
20 42 -7
4 34 -18
23 47 -9
83 98 -5
25 93 -1
15 48 -9
18 53 -8
59 91 20
8 45 8
27 58 -3
11 50 16
30 63 -9
1 5 10
4 47 14
45 48 13
3 51 17
22 64 4
38 45 9
57 58 -1
15 61 -18
18 66 18
33 51 -15
52 64 -5
10 67 -6
1 18 -1
45 61 11
3 64 16
22 77 -10
40 67 -13
33 64 9
52 77 13
10 80 -16
28 70 5
47 83 -18
0 8 18
19 21 10
5 86 9
63 64 4
21 67 -14
40 80 -11
14 27 5
74 78 -14
32 81 -2
51 94 -1
35 86 -20
7 24 1
67 75 -7
26 37 -10
70 80 15
9 70 12
28 83 -10
47 96 10
0 21 14
5 99 -11
21 80 -15
62 81 -14
81 94 5
20 84 14
39 97 -20
14 40 -4
74 91 2
13 81 13
32 94 1
16 86 8
35 99 1
7 37 17
6 41 10
9 83 -17
50 84 8
69 97 -6
25 27 16
2 43 -10
62 94 5
20 97 12
4 89 19
36 41 7
13 94 1
16 99 17
29 38 -3
48 51 7
6 54 12
92 94 -18
50 97 -14
25 40 -13
2 56 -2
84 95 19
43 57 8
1 60 -13
17 41 -8
36 54 16
55 67 10
29 51 7
31 60 -17
24 57 3
43 70 -3
1 73 -8
17 54 -12
10 14 -11
54 57 13
12 60 -9
31 73 10
3 11 16
5 20 8
24 70 5
65 71 18
68 76 4
26 79 8
58 68 15
77 81 12
42 60 16
61 73 11
80 86 18
0 63 -3
19 76 -10
54 70 -9
12 73 15
53 74 17
72 87 18
56 79 -13
46 71 13
5 33 15
65 84 -17
49 76 -2
68 89 10
7 79 -8
26 92 -6
42 73 8
0 76 -15
19 89 4
60 90 5
13 15 3
16 20 19
34 74 10
53 87 -5
37 79 7
56 92 -14
9 17 19
28 30 -3
14 95 17
27 34 -9
46 84 7
30 39 -11
49 89 -10
7 92 -15
48 93 13
20 31 -11
39 44 -19
4 23 -18
23 36 -17
83 87 18
41 90 11
25 82 -3
13 28 -19
44 95 7
16 33 6
2 98 5
34 87 4
37 92 7
78 93 4
8 34 -9
27 47 13
11 39 -18
30 52 -2
71 90 2
29 93 -18
20 44 6
4 36 10
23 49 1
25 95 -9
15 50 -18
59 93 -10
18 55 -19
17 96 -2
8 47 19
11 52 -9
52 53 10
1 7 -13
45 50 -7
3 53 8
22 66 10
38 47 20
15 63 1
18 68 7
33 53 3
52 66 14
10 69 16
1 20 -6
45 63 -11
3 66 -5
21 56 4
40 69 -11
33 66 -16
10 82 5
51 83 16
7 13 -10
28 72 -9
47 85 -7
0 10 4
19 23 -4
5 88 -17
63 66 -12
21 69 15
40 82 18
81 83 19
14 29 -19
74 80 16
13 70 -2
32 83 -18
51 96 -10
35 88 -20
7 26 7
26 39 5
67 77 -16
70 82 14
9 72 4
28 85 9
0 23 10
2 32 19
62 83 -11
81 96 -2
20 86 11
39 99 5
23 91 3
14 42 17
13 83 -10
32 96 11
16 88 -1
6 43 17
9 85 -18
50 86 5
69 99 -9
25 29 15
2 45 -3
62 96 1
20 99 -4
4 91 -19
36 43 1
55 56 -9
38 89 -15
29 40 -7
48 53 -17
92 96 16
6 56 -9
50 99 -9
25 42 -10
24 46 -8
84 97 2
43 59 -8
1 62 19
17 43 -15
36 56 1
31 62 -20
24 59 19
43 72 -2
1 75 9
17 56 -4
61 62 -19
19 65 6
10 16 -12
54 59 20
12 62 1
31 75 -11
72 76 -14
5 22 -5
46 60 20
65 73 -19
49 65 -20
68 78 -13
26 81 19
58 70 -20
42 62 -10
61 75 5
0 65 -13
19 78 -15
12 75 -9
53 76 15
72 89 2
56 81 -1
14 84 17
46 73 20
5 35 -4
65 86 -6
49 78 -11
68 91 8
7 81 4
26 94 -8
23 25 19
42 75 1
0 78 9
41 79 -20
60 92 -11
13 17 -8
44 84 -17
16 22 -5
34 76 -10
53 89 -3
37 81 -19
56 94 -19
9 19 16
14 97 -8
27 36 20
30 41 1
71 79 10
90 92 16
7 94 -2
48 95 9
20 33 -9
6 98 -10
39 46 6
4 25 -9
23 38 7
83 89 -3
41 92 2
13 30 6
25 84 15
44 97 -5
16 35 16
34 89 -4
37 94 -6
78 95 9
36 98 -12
8 36 12
27 49 -19
11 41 -2
30 54 -11
71 92 8
29 95 18
4 38 -11
22 55 -12
25 97 5
66 98 -8
15 52 1
18 57 -18
59 95 -11
17 98 7
8 49 4
11 54 -1
52 55 -11
1 9 -3
45 52 -6
64 65 16
3 55 -17
22 68 14
38 49 7
33 55 16
52 68 8
10 71 9
3 68 11
47 74 7
21 58 15
40 71 6
33 68 11
10 84 -16
51 85 11
7 15 -3
26 28 20
70 71 3
28 74 -6
47 87 -5
0 12 -7
19 25 20
5 90 -20
63 68 20
21 71 16
62 72 -4
81 85 7
39 88 -5
14 31 5
74 82 13
13 72 -11
32 85 18
51 98 -18
16 77 -20
35 90 -8
7 28 -3
9 74 -14
28 87 4
69 88 16
2 34 8
62 85 15
81 98 -16
20 88 17
23 93 8
14 44 -12
13 85 10
16 90 -6
6 45 7
50 88 -17
8 91 11
25 31 5
11 96 -14
2 47 10
43 48 8
84 86 -18
4 93 11
17 32 15
36 45 20
55 58 15
38 91 19
29 42 -9
6 58 14
24 48 -18
84 99 10
43 61 -15
1 64 -7
17 45 -18
36 58 7
12 51 -7
31 64 5
24 61 5
1 77 -6
58 59 -20
42 51 14
61 64 -3
19 67 12
10 18 -5
54 61 3
12 64 -5
31 77 -9
72 78 -1
46 62 18
5 24 1
65 75 -9
49 67 3
68 80 -12
7 70 16
26 83 -20
58 72 3
42 64 -14
61 77 11
0 67 19
19 80 -17
60 81 -8
34 65 -4
53 78 4
72 91 1
37 70 17
56 83 -17
14 86 -7
46 75 -17
5 37 -14
49 80 3
7 83 19
26 96 8
20 22 -2
23 27 -4
0 80 -7
41 81 17
60 94 -18
13 19 -13
44 86 -7
16 24 14
2 89 -20
35 37 8
34 78 15
53 91 -1
37 83 13
56 96 -17
9 21 14
14 99 -1
8 25 15
27 38 -13
30 43 1
71 81 15
90 94 -3
29 84 12
48 97 -18
20 35 -18
4 27 -12
23 40 -18
83 91 14
41 94 -8
25 86 11
44 99 -7
15 41 10
59 84 11
18 46 12
78 97 -19
8 38 20
27 51 -5
11 43 -4
30 56 9
71 94 -19
29 97 11
4 40 16
22 57 -18
25 99 13
15 54 -2
18 59 -5
59 97 9
52 57 3
10 60 -3
1 11 8
45 54 11
3 57 5
22 70 -19
40 60 -5
33 57 19
52 70 12
10 73 7
47 76 16
0 1 -6
5 79 -12
21 60 15
40 73 -14
14 20 -7
32 74 19
51 87 -13
35 79 -7
7 17 -4
67 68 7
26 30 -16
70 73 -14
9 63 3
28 76 10
47 89 16
0 14 12
5 92 -16
21 73 9
62 74 -9
81 87 -2
39 90 19
14 33 -20
74 84 12
13 74 5
32 87 -5
16 79 -2
35 92 -3
7 30 -17
6 34 12
9 76 -1
28 89 -4
69 90 -4
27 93 6
30 98 -19
2 36 2
62 87 -10
20 90 13
4 82 7
23 95 1
13 87 -19
16 92 9
57 93 -11
29 31 18
6 47 -20
50 90 17
8 93 12
25 33 14
11 98 3
2 49 6
43 50 -17
84 88 -1
87 93 2
1 53 1
4 95 4
17 34 -9
36 47 -7
55 60 -2
96 98 1
38 93 18
29 44 18
31 53 -6
24 50 17
43 63 1
1 66 1
17 47 -13
12 53 -18
31 66 6
3 4 3
24 63 -18
68 69 13
26 72 8
58 61 -1
42 53 -11
61 66 1
0 56 -6
19 69 -1
54 63 14
12 66 16
53 67 20
72 80 6
56 72 17
5 26 8
46 64 -15
65 77 -15
49 69 3
68 82 -15
7 72 17
26 85 -4
42 66 5
0 69 -9
19 82 -2
60 83 -3
34 67 13
53 80 -4
72 93 -13
37 72 7
56 85 6
9 10 7
14 88 3
5 39 8
46 77 12
49 82 14
7 85 -1
48 86 11
20 24 -20
23 29 -18
41 83 -9
60 96 19
13 21 13
25 75 -18
44 88 13
16 26 13
2 91 9
34 80 -19
37 85 15
78 86 3
97 99 17
8 27 -2
27 40 -14
11 32 19
71 83 -14
30 45 9
90 96 -16
29 86 8
48 99 -18
20 37 -7
4 29 15
23 42 1
41 96 2
25 88 -16
15 43 1
18 48 -2
59 86 -4
78 99 10
17 89 17
8 40 6
27 53 -8
11 45 12
30 58 -11
71 96 -7
29 99 18
3 46 4
22 59 6
38 40 -4
15 56 14
18 61 -7
59 99 -4
33 46 20
52 59 -8
10 62 10
1 13 -6
45 56 -14
3 59 -16
22 72 9
40 62 -15
33 59 1
52 72 -7
10 75 -19
51 76 -18
28 65 -18
47 78 -10
0 3 -12
5 81 -9
21 62 13
40 75 11
14 22 9
32 76 16
51 89 -6
35 81 4
7 19 -17
26 32 -3
67 70 -12
70 75 5
9 65 17
28 78 -16
47 91 -7
0 16 -3
5 94 -12
2 25 14
21 75 -1
62 76 -2
81 89 6
20 79 -2
39 92 -17
23 84 5
14 35 -14
13 76 10
32 89 13
16 81 16
35 94 -13
76 95 -10
6 36 -3
9 78 1
50 79 -18
69 92 15
27 95 -18
2 38 11
62 89 -9
20 92 20
4 84 -20
23 97 6
13 89 7
16 94 16
57 95 -16
29 33 18
15 98 9
6 49 -14
50 92 17
8 95 11
25 35 -2
24 39 9
84 90 2
43 52 4
87 95 -19
1 55 -16
4 97 2
45 98 2
17 36 -12
36 49 -10
38 95 4
31 55 6
75 98 -8
24 52 4
43 65 19
1 68 -13
17 49 -18
19 58 8
12 55 1
31 68 -5
46 53 -15
5 15 3
65 66 -13
49 58 -1
68 71 -4
26 74 15
58 63 11
42 55 7
61 68 -6
0 58 -6
19 71 -14
12 68 -12
53 69 1
72 82 6
56 74 5
46 66 3
5 28 -15
65 79 -7
49 71 -4
68 84 -20
7 74 14
26 87 3
42 68 -3
0 71 -11
41 72 -5
60 85 11
44 77 2
34 69 -14
53 82 13
37 74 -8
56 87 -2
9 12 5
14 90 -11
27 29 4
71 72 -1
30 34 -4
7 87 -13
48 88 1
20 26 15
4 18 -3
23 31 -5
41 85 3
60 98 8
13 23 10
25 77 -15
44 90 -3
16 28 16
2 93 -20
34 82 -7
37 87 17
78 88 -12
36 91 5
8 29 8
27 42 11
11 34 -1
30 47 7
71 85 -9
90 98 20
29 88 -2
4 31 -7
23 44 17
22 48 17
25 90 8
66 91 18
15 45 -16
18 50 -1
59 88 9
17 91 20
8 42 20
11 47 -5
1 2 -9
3 48 5
22 61 11
38 42 -14
15 58 15
18 63 20
33 48 -3
52 61 17
10 64 15
45 58 -9
3 61 7
47 67 11
21 51 -10
40 64 -5
33 61 3
10 77 7
51 78 13
7 8 11
28 67 12
47 80 -19
0 5 -18
5 83 18
21 64 13
40 77 -10
39 81 -4
14 24 -2
74 75 20
13 65 15
32 78 4
51 91 4
16 70 -5
35 83 11
7 21 -7
70 77 11
9 67 10
28 80 -11
69 81 -13
5 96 12
2 27 -10
62 78 -15
81 91 11
20 81 -17
39 94 -14
23 86 -16
14 37 16
13 78 11
32 91 15
16 83 15
35 96 -4
76 97 5
6 38 -5
9 80 3
50 81 -13
69 94 13
8 84 -9
27 97 -12
11 89 7
2 40 -7
62 91 2
20 94 11
4 86 -20
23 99 4
17 25 10
36 38 -5
38 84 -8
57 97 16
29 35 20
6 51 -6
50 94 -6
91 95 -18
8 97 16
24 41 4
84 92 -8
43 54 15
1 57 13
87 97 -9
4 99 6
17 38 16
36 51 -5
38 97 -1
12 44 -2
31 57 -12
24 54 -18
1 70 11
42 44 -17
19 60 1
10 11 -5
12 57 4
31 70 -12
46 55 9
5 17 16
65 68 20
49 60 -12
68 73 -14
7 63 14
26 76 7
58 65 -16
42 57 -17
61 70 -2
0 60 -2
19 73 2
60 74 -17
34 58 -15
53 71 20
72 84 19
37 63 5
56 76 -19
14 79 4
5 30 -12
46 68 16
49 73 14
7 76 -19
26 89 1
0 73 -14
41 74 1
60 87 -20
44 79 9
16 17 15
34 71 18
53 84 10
37 76 12
56 89 1
9 14 5
14 92 -3
27 31 -2
71 74 5
30 36 -5
29 77 2
48 90 -17
20 28 -14
39 41 -15
6 93 19
4 20 -4
23 33 -19
83 84 -15
41 87 -17
25 79 -15
44 92 6
85 93 17
16 30 -15
2 95 20
15 34 4
59 77 7
18 39 16
78 90 17
36 93 -19
8 31 13
27 44 -14
11 36 -9
30 49 6
71 87 -9
29 90 20
4 33 -4
22 50 -11
25 92 -7
66 93 -20
15 47 -13
59 90 -10
18 52 20
17 93 -16
8 44 9
11 49 9
10 53 -7
54 96 6
1 4 -1
45 47 4
3 50 -19
22 63 19
40 53 11
33 50 2
52 63 -14
10 66 17
3 63 -14
47 69 5
5 72 17
21 53 -10
40 66 -20
33 63 2
32 67 -14
51 80 -10
35 72 18
7 10 2
9 56 -4
28 69 -13
47 82 -9
0 7 14
5 85 5
21 66 15
62 67 -12
39 83 19
14 26 -17
74 77 4
13 67 -20
32 80 -15
51 93 -5
16 72 -9
35 85 -4
7 23 17
6 27 -5
9 69 7
28 82 1
69 83 -15
27 86 11
30 91 2
2 29 2
62 80 -14
81 93 -14
20 83 10
39 96 5
4 75 15
23 88 9
13 80 11
16 85 -3
57 86 -20
76 99 12
6 40 8
50 83 12
69 96 7
8 86 1
27 99 19
25 26 -12
11 91 -14
2 42 -14
20 96 -19
4 88 17
17 27 -16
36 40 9
38 86 -14
57 99 19
29 37 1
31 46 -18
50 96 13
91 97 -6
8 99 15
24 43 8
84 94 -9
43 56 8
87 99 -19
1 59 19
17 40 -16
38 99 -8
12 46 14
31 59 -5
24 56 -8
42 46 13
0 49 11
19 62 17
10 13 -19
54 56 -5
12 59 10
53 60 17
72 73 -12
46 57 3
5 19 15
65 70 6
49 62 5
68 75 19
7 65 -6
26 78 6
42 59 -16
0 62 -8
19 75 16
60 76 -6
34 60 -5
53 73 -16
72 86 1
37 65 16
56 78 3
14 81 -11
46 70 -19
5 32 -16
49 75 12
7 78 17
26 91 -17
41 76 2
60 89 6
13 14 -18
25 68 17
44 81 -13
16 19 -5
2 84 -7
34 73 -3
37 78 -13
78 79 15
9 16 -10
14 94 13
55 95 -1
8 20 -19
27 33 8
11 25 13
30 38 -10
71 76 -18
29 79 2
48 92 19
20 30 13
6 95 -12
4 22 3
23 35 20
41 89 8
25 81 -5
44 94 4
85 95 -20
2 97 -20
15 36 -7
18 41 16
59 79 10
78 92 7
36 95 18
8 33 6
27 46 -11
11 38 -16
71 89 19
30 51 14
29 92 -20
4 35 11
3 39 -19
22 52 4
66 95 19
24 98 18
15 49 10
59 92 -9
18 54 6
17 95 -17
33 39 6
10 55 -16
54 98 20
1 6 -16
45 49 8
3 52 20
22 65 -5
40 55 12
33 52 8
52 65 -17
10 68 9
51 69 11
28 58 10
47 71 10
5 74 17
21 55 -9
40 68 -1
14 15 6
32 69 -15
51 82 -4
35 74 -16
7 12 -15
9 58 19
28 71 -13
47 84 13
0 9 14
5 87 9
21 68 -7
62 69 13
81 82 -2
20 72 13
39 85 -13
23 77 -5
14 28 14
74 79 -7
13 69 3
32 82 -11
16 74 -14
35 87 -13
76 88 -5
6 29 -13
9 71 12
50 72 8
69 85 11
27 88 -11
30 93 4
2 31 -7
62 82 -8
20 85 8
39 98 -6
4 77 2
23 90 -7
13 82 20
16 87 -20
57 88 4
15 91 -9
6 42 -11
18 96 13
50 85 7
69 98 15
8 88 1
25 28 -13
11 93 -14
24 32 -17
43 45 15
87 88 20
1 48 -10
4 90 -7
45 91 7
17 29 -16
36 42 17
38 88 13
31 48 -2
91 99 14
75 91 -7
24 45 18
84 96 -3
43 58 20
1 61 -17
17 42 9
12 48 4
31 61 19
5 8 -6
49 51 20
26 67 6
42 48 -2
0 51 12
19 64 -11
12 61 2
53 62 -14
72 75 8
56 67 17
5 21 -18
46 59 -4
65 72 16
49 64 5
68 77 -13
7 67 -19
26 80 -19
42 61 10
0 64 4
60 78 -4
34 62 -16
53 75 2
37 67 -2
56 80 12
14 83 7
7 80 9
48 81 1
4 11 -20
23 24 -10
41 78 -2
60 91 -3
25 70 7
13 16 -5
44 83 -11
16 21 -9
2 86 -18
34 75 3
37 80 -12
78 81 -18
14 96 8
55 97 -12
8 22 -6
27 35 5
11 27 -15
71 78 16
30 40 -17
90 91 20
29 81 13
48 94 -16
20 32 15
6 97 -11
4 24 18
23 37 -6
22 41 -17
25 83 16
44 96 12
85 97 4
2 99 -11
15 38 -20
18 43 -4
59 81 12
78 94 17
17 84 16
36 97 -8
8 35 14
11 40 5
29 94 -1
3 41 -6
22 54 -18
66 97 8
15 51 -19
18 56 18
59 94 -3
17 97 -3
33 41 -9
52 54 9
10 57 -18
45 51 -8
3 54 7
47 60 12
21 44 17
40 57 -3
33 54 -19
10 70 10
51 71 -8
28 60 -15
47 73 -19
5 76 -7
21 57 -12
40 70 20
39 74 -2
14 17 12
13 58 -15
32 71 -2
51 84 6
16 63 5
35 76 -5
7 14 -4
9 60 -4
28 73 20
69 74 14
5 89 12
2 20 -19
62 71 7
81 84 -5
20 74 17
39 87 9
23 79 12
14 30 -8
13 71 11
32 84 2
16 76 5
35 89 -4
76 90 -1
6 31 -20
9 73 8
50 74 3
69 87 -10
8 77 18
27 90 13
11 82 -6
30 95 6
2 33 5
62 84 5
20 87 13
4 79 -14
23 92 -13
64 93 -17
17 18 13
38 77 -4
57 90 5
15 93 -7
6 44 19
18 98 -14
50 87 -11
8 90 -8
11 95 12
24 34 17
43 47 -17
84 85 5
1 50 -19
87 90 9
4 92 20
45 93 3
17 31 -18
3 96 6
36 44 -9
38 90 -2
31 50 11
75 93 5
33 96 2
24 47 -7
84 98 5
1 63 -12
19 53 14
63 96 -1
12 50 7
31 63 15
46 48 10
5 10 3
49 53 -9
26 69 -1
42 50 -6
61 63 15
0 53 16
19 66 10
53 64 9
72 77 -2
56 69 -5
14 72 -6
5 23 -12
46 61 12
49 66 -19
68 79 -16
7 69 -14
26 82 -20
0 66 19
41 67 7
60 80 -16
44 72 -11
34 64 11
53 77 -8
37 69 -8
56 82 3
14 85 1
7 82 -11
48 83 -3
20 21 19
6 86 -13
4 13 17
23 26 -1
41 80 13
60 93 -20
13 18 -7
25 72 5
44 85 -17
16 23 1
2 88 -1
15 27 -5
18 32 8
78 83 5
36 86 -6
55 99 -1
8 24 -16
27 37 11
11 29 16
30 42 2
71 80 7
29 83 -10
48 96 -1
6 99 -19
4 26 -17
22 43 4
25 85 -2
66 86 3
85 99 -8
15 40 -14
59 83 -13
18 45 -1
78 96 -2
17 86 -12
36 99 -6
8 37 9
11 42 3
10 46 -11
29 96 14
3 43 -5
22 56 20
66 99 -10
40 46 8
17 99 -20
33 43 12
52 56 -15
10 59 17
3 56 -15
47 62 2
5 65 -11
21 46 -7
40 59 -14
33 56 -12
32 60 -12
51 73 -4
35 65 7
9 49 9
28 62 -19
47 75 2
5 78 -15
21 59 17
39 76 18
14 19 -1
13 60 -7
32 73 8
51 86 -19
16 65 -5
35 78 -1
7 16 12
9 62 1
28 75 -12
69 76 9
27 79 3
30 84 -7
2 22 -1
62 73 -1
81 86 1
20 76 15
39 89 5
4 68 12
23 81 12
14 32 -8
13 73 -14
16 78 -18
57 79 -6
76 92 -8
6 33 -15
50 76 -1
69 89 -15
8 79 5
27 92 -17
11 84 6
30 97 5
2 35 4
20 89 18
4 81 2
23 94 -9
64 95 -16
17 20 -16
38 79 7
57 92 -15
29 30 15
15 95 14
6 46 -9
50 89 -16
8 92 17
94 95 19
11 97 -16
52 98 18
24 36 -12
84 87 17
43 49 12
87 92 -20
1 52 -20
45 95 -14
17 33 16
3 98 -14
38 92 -18
79 93 14
82 98 18
12 39 -6
31 52 2
75 95 17
33 98 -18
24 49 -4
1 65 -4
19 55 11
63 98 1
12 52 17
31 65 -11
46 50 11
5 12 19
49 55 -6
7 58 5
26 71 20
42 52 -3
0 55 15
19 68 18
60 69 5
34 53 -13
53 66 -4
72 79 16
37 58 4
56 71 -16
14 74 -6
5 25 17
46 63 -18
49 68 -10
7 71 9
26 84 -18
0 68 -3
41 69 6
60 82 -11
44 74 2
2 77 20
34 66 7
53 79 -16
37 71 2
56 84 -8
14 87 -4
55 88 18
8 13 19
11 18 2
30 31 -8
29 72 -3
48 85 4
20 23 -4
6 88 -15
4 15 -16
23 28 -20
41 82 -4
25 74 4
44 87 1
85 88 -6
2 90 -14
15 29 -4
18 34 2
59 72 -5
78 85 5
97 98 5
36 88 19
8 26 -19
27 39 -3
11 31 2
30 44 -19
71 82 -3
29 85 -11
48 98 16
4 28 -15
3 32 -10
22 45 -1
25 87 20
66 88 -14
24 91 15
15 42 20
59 85 15
18 47 4
78 98 13
17 88 16
10 48 -8
54 91 16
3 45 -14
22 58 5
40 48 1
33 45 -11
52 58 8
10 61 -14
51 62 2
28 51 6
47 64 -3
5 67 14
21 48 7
40 61 10
32 62 -6
51 75 -10
35 67 1
9 51 -4
28 64 -3
47 77 -3
0 2 -8
5 80 18
21 61 10
20 65 18
39 78 19
23 70 -11
14 21 -20
13 62 4
32 75 -19
16 67 -16
35 80 -5
76 81 -8
6 22 -4
9 64 -18
50 65 -5
69 78 4
27 81 19
30 86 -10
2 24 -7
62 75 20
20 78 6
39 91 1
4 70 10
23 83 -4
13 75 -18
16 80 5
57 81 -6
76 94 1
15 84 -9
6 35 -5
50 78 -6
69 91 20
8 81 -13
27 94 20
11 86 -19
30 99 -17
2 37 -12
1 41 -6
4 83 -19
45 84 -13
64 97 -14
17 22 -4
38 81 14
57 94 -3
15 97 -18
31 41 -17
91 92 -15
75 84 -1
8 94 19
94 97 -4
11 99 -9
24 38 4
84 89 -4
43 51 14
1 54 16
87 94 10
45 97 -17
17 35 -1
38 94 12
79 95 19
12 41 -1
31 54 -1
75 97 2
24 51 2
26 60 15
67 98 20
0 44 -15
19 57 -13
12 54 -12
53 55 5
56 60 8
5 14 -17
46 52 18
49 57 15
68 70 15
7 60 11
26 73 16
42 54 -2
0 57 10
19 70 3
60 71 -14
34 55 -10
53 68 -8
72 81 1
37 60 -16
56 73 -3
14 76 11
46 65 -2
49 70 11
7 73 -4
48 74 -9
41 71 -16
60 84 -20
25 63 8
44 76 10
2 79 20
34 68 -16
37 73 16
14 89 20
55 90 -3
8 15 -10
27 28 -19
11 20 15
30 33 17
29 74 -10
48 87 -1
20 25 -19
6 90 -8
4 17 9
23 30 15
22 34 13
41 84 -2
25 76 -13
44 89 9
85 90 7
2 92 -6
43 93 20
15 31 -11
18 36 -10
59 74 -12
78 87 14
17 77 10
36 90 4
8 28 -13
11 33 5
71 84 -18
29 87 12
73 93 2
3 34 10
22 47 -13
66 90 -18
24 93 20
15 44 -5
18 49 19
59 87 20
17 90 19
33 34 12
10 50 -8
54 93 13
12 96 9
3 47 -16
47 53 -16
21 37 -5
40 50 -13
42 96 2
33 47 13
10 63 -12
51 64 -19
28 53 -3
47 66 -15
5 69 10
21 50 10
40 63 15
13 51 8
32 64 2
51 77 -15
16 56 -11
35 69 10
9 53 -19
28 66 -4
5 82 -6
2 13 -2
62 64 -1
20 67 13
39 80 -20
23 72 1
14 23 -10
13 64 11
32 77 -19
16 69 3
35 82 -15
76 83 4
6 24 -20
9 66 -5
50 67 17
69 80 -15
8 70 14
27 83 -1
30 88 -18
2 26 11
62 77 6
20 80 -13
4 72 4
23 85 -14
38 70 -5
57 83 -15
76 96 -2
15 86 4
6 37 5
18 91 19
50 80 -4
8 83 20
27 96 3
11 88 -13
24 27 -9
1 43 20
4 85 -10
45 86 -14
64 99 -19
17 24 20
36 37 -5
38 83 3
57 96 -11
15 99 12
31 43 15
91 94 2
75 86 -5
94 99 18
24 40 18
84 91 2
43 53 -7
87 96 2
1 56 8
45 99 -7
17 37 14
19 46 12
79 97 18
63 89 6
12 43 11
31 56 2
75 99 -17
26 62 20
42 43 12
0 46 9
19 59 -18
12 56 -18
53 57 -1
56 62 -9
14 65 -12
46 54 -15
5 16 8
65 67 -3
49 59 -11
68 72 -5
7 62 -14
26 75 -4
42 56 -20
0 59 -3
41 60 8
60 73 -7
44 65 8
34 57 18
53 70 -19
37 62 -12
56 75 -5
14 78 11
7 75 -18
48 76 -11
6 79 13
4 6 -12
41 73 -9
60 86 -14
25 65 5
44 78 -4
2 81 3
15 20 19
34 70 15
18 25 14
37 75 -1
36 79 1
55 92 2
8 17 -10
27 30 -19
11 22 12
71 73 8
30 35 -1
29 76 -8
48 89 18
6 92 3
4 19 7
22 36 13
25 78 19
66 79 1
85 92 14
2 94 -1
43 95 19
15 33 -6
1 98 -6
59 76 1
18 38 8
78 89 8
17 79 -16
36 92 18
8 30 -14
11 35 8
29 89 17
73 95 -2
31 98 -8
3 36 12
22 49 15
66 92 -18
24 95 -6
59 89 -17
17 92 18
58 93 14
61 98 9
33 36 -10
10 52 4
54 95 -6
12 98 2
3 49 11
47 55 7
88 93 -5
21 39 14
40 52 19
42 98 9
33 49 17
32 53 3
51 66 5
9 42 -11
28 55 -17
47 68 -17
5 71 2
21 52 11
39 69 -20
13 53 -9
32 66 -15
51 79 13
16 58 -8
35 71 -9
7 9 -12
9 55 20
28 68 -13
5 84 3
2 15 6
62 66 19
20 69 -11
39 82 4
23 74 -15
14 25 8
13 66 5
16 71 -7
76 85 4
6 26 13
50 69 -18
69 82 2
8 72 15
27 85 -7
11 77 12
30 90 -16
2 28 -6
20 82 -2
4 74 -11
23 87 12
64 88 12
38 72 10
57 85 5
76 98 -7
15 88 11
18 93 -4
6 39 -17
50 82 10
8 85 -4
27 98 12
11 90 -19
24 29 11
1 45 9
45 88 19
17 26 13
3 91 4
36 39 -12
38 85 -20
79 86 17
98 99 -5
12 32 -5
31 45 18
91 96 4
75 88 -2
33 91 9
24 42 -16
1 58 -12
19 48 -3
79 99 -18
63 91 15
12 45 19
31 58 1
7 51 -6
26 64 14
42 45 -8
0 48 -10
19 61 15
60 62 -7
34 46 10
53 59 16
37 51 -9
56 64 -5
14 67 11
46 56 -14
5 18 -9
49 61 18
7 64 -13
26 77 9
0 61 -18
41 62 -6
60 75 -3
44 67 -14
2 70 -8
34 59 20
53 72 4
37 64 -4
56 77 -7
14 80 -6
55 81 12
29 65 13
48 78 9
6 81 19
4 8 -16
41 75 5
25 67 13
44 80 -20
2 83 18
15 22 7
59 65 16
18 27 6
36 81 16
55 94 1
8 19 -1
27 32 9
11 24 7
71 75 -15
30 37 4
29 78 6
48 91 -15
6 94 -11
4 21 -3
22 38 -16
25 80 -3
66 81 17
85 94 5
24 84 8
43 97 -4
15 35 13
59 78 11
18 40 12
78 91 -12
17 81 3
36 94 6
77 95 17
10 41 11
54 84 9
73 97 -10
3 38 -10
22 51 1
66 94 17
24 97 5
40 41 -20
17 94 -6
58 95 -17
33 38 -8
10 54 -6
54 97 -14
88 95 13
47 57 -19
46 98 20
5 60 -2
21 41 -19
40 54 17
32 55 -6
51 68 13
35 60 14
9 44 1
28 57 -15
47 70 -9
5 73 4
21 54 20
39 71 17
13 55 -11
32 68 14
51 81 1
16 60 18
35 73 -17
7 11 8
6 15 12
9 57 14
50 58 -11
69 71 4
27 74 9
30 79 19
2 17 -3
62 68 -16
20 71 4
39 84 -15
4 63 -2
23 76 17
13 68 8
16 73 -9
57 74 -2
76 87 14
6 28 -18
50 71 15
69 84 15
8 74 -19
27 87 17
11 79 -3
30 92 2
2 30 -2
1 34 -2
4 76 -1
23 89 7
64 90 -18
22 93 -7
38 74 -1
57 87 -7
15 90 -19
18 95 -2
31 34 -14
8 87 4
11 92 -1
52 93 -11
24 31 -9
43 44 12
1 47 17
45 90 -8
17 28 9
3 93 5
38 87 -5
79 88 4
82 93 7
12 34 19
31 47 11
91 98 17
75 90 13
33 93 15
24 44 20
26 53 -18
0 37 -14
19 50 1
63 93 -18
21 96 -7
12 47 19
5 7 -9
49 50 -14
7 53 -15
26 66 3
42 47 -12
0 50 9
19 63 10
60 64 17
34 48 7
53 61 -15
72 74 13
37 53 10
56 66 20
14 69 -8
46 58 -17
49 63 -20
7 66 -10
48 67 -20
41 64 1
60 77 -14
25 56 2
44 69 7
2 72 -11
34 61 15
37 66 -15
14 82 4
55 83 8
11 13 -8
29 67 2
48 80 20
6 83 -14
4 10 -11
41 77 -14
25 69 11
44 82 -2
2 85 13
43 86 -20
15 24 -5
18 29 8
59 67 7
78 80 8
17 70 19
36 83 8
55 96 -18
8 21 -17
11 26 -18
71 77 19
29 80 9
73 86 12
6 96 20
3 27 -2
22 40 7
66 83 -15
85 96 -4
24 86 -18
43 99 -16
15 37 9
18 42 8
59 80 20
17 83 -3
36 96 -19
77 97 -1
10 43 3
54 86 -1
73 99 9
12 89 -20
3 40 20
22 53 -7
66 96 -4
24 99 9
40 43 -13
58 97 4
42 89 -12
33 40 -5
10 56 -6
51 57 -19
54 99 17
28 46 -14
47 59 12
88 97 18
5 62 1
21 43 -2
40 56 9
32 57 4
51 70 6
35 62 -14
9 46 -17
28 59 7
47 72 -17
5 75 5
2 6 14
20 60 9
39 73 -4
23 65 3
14 16 -9
13 57 -17
32 70 13
16 62 -12
35 75 -9
6 17 -19
9 59 -9
50 60 -12
69 73 18
27 76 11
30 81 13
2 19 6
62 70 -8
20 73 -17
39 86 11
4 65 -6
23 78 10
16 75 -6
57 76 13
76 89 2
15 79 -20
6 30 -2
18 84 19
50 73 -2
69 86 -3
8 76 7
27 89 4
11 81 16
30 94 -10
1 36 -11
4 78 -11
45 79 16
64 92 3
22 95 4
38 76 12
57 89 16
15 92 -1
18 97 18
31 36 -19
75 79 14
8 89 15
11 94 16
52 95 -14
24 33 -5
10 98 -9
43 46 -7
87 89 -20
1 49 14
45 92 1
17 30 18
3 95 13
19 39 -5
79 90 -4
82 95 1
40 98 5
12 36 6
31 49 3
75 92 14
33 95 -1
26 55 16
67 93 -6
70 98 3
0 39 10
19 52 3
63 95 17
21 98 1
12 49 9
14 58 -8
5 9 13
46 47 2
49 52 15
7 55 -17
26 68 -15
42 49 -7
0 52 14
41 53 -15
60 66 -13
44 58 5
34 50 16
53 63 -15
37 55 -8
56 68 18
14 71 -6
7 68 11
48 69 6
6 72 -19
41 66 16
60 79 -18
25 58 -2
44 71 -19
2 74 14
34 63 -3
37 68 15
36 72 -18
55 85 -15
8 10 10
11 15 -8
29 69 7
48 82 -8
6 85 -17
4 12 -15
22 29 11
25 71 12
66 72 8
2 87 -9
43 88 8
15 26 -18
59 69 16
18 31 12
78 82 14
17 72 5
36 85 7
55 98 6
8 23 11
11 28 -13
29 82 -18
73 88 6
31 91 11
3 29 12
22 42 -7
66 85 17
85 98 -8
24 88 1
15 39 12
18 44 -1
59 82 -14
17 85 -3
58 86 20
77 99 20
61 91 7
10 45 19
54 88 16
12 91 -11
3 42 7
47 48 -9
21 32 -9
40 45 -2
58 99 6
42 91 -16
33 42 -8
0 94 -17
10 58 14
51 59 -18
28 48 2
88 99 -5
47 61 -10
5 64 17
21 45 -4
40 58 1
39 62 20
13 46 -20
32 59 7
51 72 15
16 51 18
35 64 -9
9 48 -8
28 61 17
5 77 -14
2 8 -14
20 62 18
39 75 11
23 67 -11
14 18 -6
13 59 -12
32 72 8
16 64 -5
35 77 18
76 78 17
6 19 -3
9 61 -12
50 62 -16
69 75 -7
8 65 6
27 78 4
11 70 -20
30 83 8
2 21 2
20 75 -18
4 67 14
23 80 4
64 81 9
38 65 19
57 78 -2
76 91 9
15 81 -3
6 32 2
18 86 -4
50 75 -1
8 78 -11
27 91 18
11 83 19
30 96 -4
1 38 3
4 80 -19
45 81 -1
64 94 10
17 19 11
3 84 20
22 97 -11
38 78 12
57 91 -11
15 94 -10
18 99 -13
12 25 -19
31 38 -6
75 81 -6
33 84 19
52 97 -17
24 35 -14
1 51 -1
87 91 -17
45 94 -18
86 95 -18
3 97 17
19 41 17
79 92 12
63 84 -20
82 97 4
12 38 9
31 51 14
75 94 17
33 97 10
7 44 -12
26 57 18
67 95 -20
0 41 17
19 54 -3
63 97 -8
34 39 9
37 44 16
56 57 17
14 60 6
5 11 -15
46 49 17
49 54 -4
7 57 -15
26 70 6
0 54 -10
41 55 -16
60 68 20
44 60 -9
2 63 1
34 52 6
53 65 14
37 57 -3
56 70 -14
14 73 16
55 74 3
29 58 15
48 71 -10
6 74 -3
41 68 6
25 60 10
44 73 2
2 76 -8
18 20 1
36 74 -3
55 87 -13
8 12 -13
11 17 -6
29 71 -1
48 84 -2
6 87 -9
4 14 4
22 31 11
25 73 -16
66 74 11
85 87 -3
24 77 -14
43 90 1
15 28 3
1 93 6
18 33 16
59 71 -20
78 84 8
17 74 19
36 87 5
77 88 -8
11 30 1
10 34 7
54 77 -17
73 90 -10
31 93 -10
3 31 3
22 44 7
66 87 -15
24 90 -18
17 87 1
58 88 -13
61 93 -9
10 47 10
54 90 -12
12 93 -2
3 44 10
47 50 -16
5 53 -13
46 91 19
49 96 5
21 34 -11
40 47 11
42 93 20
33 44 12
0 96 -9
32 48 -12
51 61 1
35 53 13
9 37 -7
28 50 12
47 63 -3
5 66 -20
21 47 5
39 64 -3
13 48 -1
32 61 -15
51 74 -4
16 53 6
35 66 7
6 8 19
9 50 -18
28 63 -16
27 67 -12
30 72 18
2 10 -6
20 64 -20
39 77 17
4 56 -2
23 69 -10
13 61 16
16 66 3
57 67 -8
76 80 -5
6 21 2
50 64 -11
69 77 -7
8 67 -20
27 80 -4
11 72 6
30 85 17
2 23 6
1 27 17
20 77 -9
4 69 -20
23 82 16
64 83 2
22 86 -10
38 67 -13
57 80 4
76 93 12
15 83 16
18 88 -20
50 77 -14
8 80 -8
11 85 6
52 86 -20
1 40 14
45 83 6
64 96 4
17 21 15
3 86 -16
22 99 10
38 80 -6
79 81 4
82 86 -4
15 96 1
12 27 -2
31 40 7
75 83 -4
94 96 -18
33 86 -14
52 99 17
24 37 -7
45 96 11
86 97 17
3 99 13
0 30 -11
19 43 -1
79 94 -9
63 86 -3
82 99 20
21 89 20
12 40 -16
75 96 4
33 99 -13
7 46 -17
26 59 -7
67 97 14
0 43 -19
19 56 4
63 99 -17
34 41 -15
53 54 -14
37 46 -20
56 59 -16
14 62 -1
46 51 16
5 13 9
49 56 18
7 59 5
48 60 -15
41 57 15
60 70 20
25 49 13
44 62 2
2 65 8
34 54 -10
37 59 -14
14 75 -20
55 76 3
29 60 3
48 73 14
6 76 -10
41 70 9
25 62 -7
44 75 -19
2 78 -7
15 17 -8
59 60 12
18 22 -3
17 63 20
36 76 -10
55 89 18
8 14 -18
11 19 8
30 32 15
29 73 -13
73 79 6
6 89 -1
4 16 -17
3 20 18
22 33 -13
66 76 1
85 89 -12
24 79 20
43 92 -16
15 30 7
1 95 10
59 73 -11
18 35 19
17 76 17
36 89 -18
77 90 17
80 95 15
10 36 -15
54 79 5
73 92 -19
31 95 -3
3 33 11
22 46 3
66 89 -10
24 92 -2
58 90 16
42 82 1
61 95 10
19 98 5
10 49 2
54 92 20
12 95 -14
28 39 8
47 52 -11
88 90 18
5 55 4
46 93 -6
49 98 20
21 36 -3
40 49 2
42 95 -15
0 98 -20
32 50 -8
51 63 16
35 55 -1
9 39 -7
28 52 8
47 65 -4
5 68 1
21 49 10
20 53 20
39 66 -6
23 58 14
13 50 5
32 63 -18
16 55 -5
35 68 4
6 10 14
9 52 3
50 53 -17
27 69 -1
30 74 4
2 12 -16
62 63 -17
20 66 11
39 79 18
4 58 -1
23 71 18
13 63 16
16 68 -15
57 69 -7
76 82 3
15 72 12
6 23 11
18 77 6
50 66 -11
69 79 -3
8 69 -2
27 82 -13
11 74 -2
30 87 -1
1 29 7
4 71 18
45 72 4
64 85 9
22 88 -15
38 69 -12
57 82 -18
15 85 -6
18 90 -11
8 82 -12
11 87 13
52 88 -2
24 26 5
10 91 -11
1 42 15
45 85 15
64 98 7
17 23 1
3 88 14
19 32 -19
38 82 19
79 83 15
82 88 -3
40 91 -10
12 29 -7
31 42 -15
91 93 20
75 85 -4
94 98 -12
33 88 -15
67 86 5
26 48 8
86 99 -16
70 91 -16
0 32 -17
19 45 2
79 96 -2
63 88 -8
21 91 10
12 42 11
7 48 -2
26 61 -15
67 99 -6
9 94 3
0 45 -12
41 46 -3
34 43 -8
53 56 -13
37 48 10
56 61 -2
14 64 -16
7 61 -4
48 62 13
41 59 17
60 72 -1
25 51 -5
44 64 -19
2 67 6
34 56 -18
37 61 7
14 77 14
55 78 -4
29 62 7
48 75 -10
6 78 -4
4 5 18
25 64 1
2 80 -13
43 81 20
15 19 -16
18 24 -19
59 62 17
17 65 -13
36 78 -20
55 91 1
8 16 -13
11 21 -15
29 75 -15
73 81 -17
6 91 6
3 22 -13
22 35 -15
66 78 15
85 91 4
24 81 -7
43 94 -20
15 32 -15
1 97 -16
18 37 -17
59 75 11
17 78 -11
77 92 7
80 97 10
10 38 17
54 81 12
73 94 2
12 84 13
31 97 -18
3 35 -12
24 94 -16
65 95 -7
21 25 7
58 92 15
42 84 -17
61 97 -19
33 35 -14
10 51 19
51 52 13
54 94 -19
12 97 -2
28 41 -18
47 54 -20
88 92 11
5 57 9
46 95 1
21 38 10
40 51 -14
39 55 -6
42 97 -10
13 39 13
32 52 -17
51 65 14
16 44 13
35 57 11
34 98 -4
9 41 12
28 54 -3
5 70 17
20 55 8
39 68 -17
23 60 -20
13 52 -1
32 65 -18
16 57 4
35 70 -16
6 12 13
9 54 18
50 55 13
8 58 -17
27 71 4
11 63 3
30 76 -13
2 14 16
62 65 2
20 68 -1
4 60 2
23 73 -4
64 74 18
38 58 -1
57 71 -2
76 84 -13
15 74 -10
18 79 -10
6 25 -17
50 68 4
8 71 -13
27 84 -8
11 76 -3
30 89 -18
1 31 11
4 73 2
45 74 -17
64 87 -13
3 77 -14
22 90 16
38 71 -5
57 84 -2
15 87 -13
18 92 -19
12 18 -17
33 77 -19
52 90 -17
24 28 6
10 93 -10
1 44 15
45 87 17
86 88 -1
3 90 6
89 93 1
19 34 -7
79 85 -1
63 77 8
82 90 18
40 93 -18
12 31 9
31 44 2
75 87 -3
33 90 -19
67 88 -19
26 50 -18
70 93 -17
28 96 5
0 34 20
19 47 20
79 98 -17
63 90 14
21 93 7
14 53 10
7 50 10
26 63 14
9 96 -7
0 47 5
41 48 -9
60 61 -12
44 53 12
34 45 17
53 58 -4
37 50 -12
56 63 -10
14 66 -9
48 64 18
6 67 -3
41 61 8
25 53 -10
44 66 19
2 69 -20
36 67 -18
55 80 6
29 64 -7
48 77 6
6 80 -15
4 7 1
22 24 -20
25 66 19
66 67 -18
2 82 18
43 83 20
15 21 7
1 86 14
18 26 13
59 64 3
17 67 18
36 80 3
55 93 -12
8 18 -1
11 23 5
10 27 17
73 83 4
31 86 3
3 24 13
22 37 -17
66 80 15
24 83 -16
43 96 5
1 99 5
17 80 -19
58 81 7
77 94 13
61 86 -4
80 99 -10
10 40 12
54 83 12
73 96 2
12 86 1
31 99 -15
3 37 -10
5 46 13
24 96 -5
65 97 -3
21 27 1
58 94 -15
42 86 5
61 99 -14
0 89 -13
33 37 4
32 41 17
51 54 -3
35 46 -11
95 97 4
12 99 6
9 30 -11
28 43 -13
47 56 14
88 94 -2
5 59 -4
46 97 2
21 40 7
39 57 -2
42 99 -4
13 41 -2
32 54 -4
51 67 1
16 46 -5
35 59 1
9 43 9
28 56 9
27 60 -7
30 65 -2
2 3 17
20 57 -9
39 70 -1
4 49 9
23 62 -4
13 54 -17
16 59 -7
57 60 -18
6 14 -3
50 57 14
69 70 -3
8 60 -7
27 73 19
11 65 -4
30 78 1
2 16 -8
20 70 12
4 62 7
23 75 4
64 76 -3
22 79 18
38 60 -10
57 73 -1
76 86 13
15 76 10
18 81 4
50 70 16
8 73 -19
11 78 -4
52 79 -11
1 33 9
45 76 5
64 89 -14
3 79 20
22 92 5
38 73 -10
15 89 6
18 94 4
12 20 -12
31 33 -15
75 76 -17
33 79 -16
52 92 -10
24 30 -13
10 95 17
1 46 8
45 89 -20
86 90 -11
3 92 -18
89 95 4
47 98 9
19 36 -4
79 87 14
63 79 16
82 92 -5
21 82 16
40 95 6
12 33 17
75 89 -13
33 92 -9
74 93 5
7 39 19
26 52 -20
67 90 -11
70 95 1
28 98 6
0 36 -12
19 49 13
63 92 -20
21 95 -8
37 39 7
14 55 -19
13 96 -11
5 6 1
7 52 -7
26 65 -6
9 98 6
41 50 -7
60 63 -19
44 55 -13
2 58 -3
34 47 -17
37 52 20
56 65 2
14 68 -10
55 69 12
29 53 -11
48 66 13
6 69 8
41 63 12
25 55 6
44 68 2
2 71 16
36 69 -2
55 82 7
11 12 -15
29 66 2
48 79 -4
6 82 -2
4 9 12
3 13 -11
22 26 -7
66 69 1
24 72 1
43 85 16
15 23 -20
1 88 12
59 66 12
18 28 -14
17 69 1
36 82 13
77 83 13
80 88 -17
10 29 15
54 72 -12
73 85 7
31 88 -3
3 26 5
22 39 -12
66 82 -15
24 85 -4
43 98 15
17 82 -16
58 83 12
77 96 -8
61 88 -11
19 91 -8
10 42 -11
54 85 9
73 98 5
12 88 -4
28 32 -14
46 86 -14
5 48 7
65 99 10
49 91 10
21 29 15
40 42 2
58 96 10
42 88 -17
0 91 -19
32 43 1
51 56 -6
35 48 2
95 99 -5
9 32 -7
28 45 -18
88 96 10
47 58 -16
5 61 1
46 99 -14
21 42 10
20 46 7
39 59 14
23 51 -5
13 43 -2
32 56 -14
16 48 12
35 61 20
9 45 -13
27 62 -19
30 67 -11
2 5 -14
20 59 20
39 72 -8
4 51 -14
23 64 -12
13 56 -11
16 61 -20
57 62 14
15 65 17
6 16 -17
18 70 19
50 59 13
69 72 10
8 62 -19
27 75 10
11 67 7
30 80 1
2 18 -2
1 22 5
4 64 -7
45 65 -11
64 78 2
22 81 -2
38 62 8
57 75 -3
15 78 -11
18 83 4
8 75 3
11 80 -5
52 81 19
1 35 9
45 78 -15
64 91 -16
3 81 20
22 94 -5
38 75 20
40 84 3
12 22 3
31 35 -4
75 78 -5
33 81 1
52 94 -14
93 95 13
10 97 8
26 41 -19
67 79 8
86 92 -14
70 84 -2
3 94 -3
89 97 18
0 25 7
19 38 4
79 89 12
63 81 20
82 94 7
21 84 -16
40 97 -6
12 35 -12
33 94 -14
74 95 -18
32 98 9
7 41 5
67 92 8
26 54 -4
70 97 -17
9 87 18
0 38 -12
19 51 20
63 94 -7
21 97 15
62 98 -19
34 36 -15
37 41 2
14 57 -13
13 98 -11
7 54 -3
48 55 -12
92 98 8
41 52 -3
60 65 17
25 44 -18
44 57 18
2 60 7
34 49 2
37 54 1
14 70 17
55 71 -2
29 55 20
48 68 -13
6 71 10
41 65 14
25 57 -12
44 70 -17
2 73 -10
43 74 16
17 58 -11
36 71 5
55 84 20
8 9 10
11 14 20
29 68 -11
73 74 -15
6 84 -10
3 15 -11
22 28 -6
66 71 -10
24 74 -14
43 87 -17
15 25 14
1 90 1
18 30 -20
59 68 14
17 71 15
36 84 -2
77 85 14
80 90 -10
10 31 -6
54 74 -19
73 87 4
12 77 -5
31 90 -12
3 28 -2
66 84 1
24 87 -1
65 88 -13
68 93 -13
58 85 -18
77 98 -7
42 77 -7
61 90 -19
19 93 -2
10 44 10
54 87 6
12 90 3
28 34 -16
5 50 17
46 88 11
49 93 6
21 31 -12
40 44 4
7 96 17
39 48 8
58 98 3
42 90 15
0 93 -16
13 32 -16
32 45 -7
51 58 -18
16 37 17
35 50 10
34 91 17
37 96 13
9 34 -13
28 47 11
88 98 -17
5 63 -11
20 48 -20
39 61 9
23 53 -1
13 45 -10
32 58 9
16 50 -9
35 63 -15
9 47 -20
8 51 -9
27 64 5
11 56 16
30 69 20
2 7 -4
20 61 1
4 53 9
23 66 20
64 67 3
38 51 -13
57 64 -20
76 77 11
15 67 7
18 72 -11
6 18 -10
50 61 20
8 64 13
27 77 -12
11 69 12
30 82 -7
1 24 -2
4 66 -12
45 67 12
64 80 17
3 70 -3
22 83 -4
38 64 1
57 77 15
15 80 18
18 85 -16
33 70 -1
52 83 -18
10 86 16
1 37 -15
45 80 -2
3 83 9
22 96 13
19 27 -10
63 70 6
82 83 -16
40 86 -17
12 24 -19
31 37 -16
75 80 -6
33 83 18
52 96 4
93 97 -12
10 99 -13
67 81 -10
26 43 12
86 94 -4
70 86 20
89 99 8
0 27 3
19 40 -14
79 91 9
63 83 -2
82 96 -17
21 86 -8
40 99 -12
12 37 7
14 46 19
74 97 -1
7 43 5
67 94 6
26 56 -5
70 99 19
9 89 19
0 40 -4
44 46 -1
21 99 -14
34 38 8
37 43 4
14 59 9
7 56 16
48 57 6
6 60 -1
41 54 16
60 67 -19
25 46 10
44 59 -7
2 62 18
34 51 -20
37 56 20
36 60 -18
55 73 16
29 57 14
48 70 -14
6 73 6
25 59 -3
2 75 14
43 76 18
1 79 8
18 19 8
17 60 -9
36 73 -8
55 86 -5
8 11 11
11 16 3
10 20 3
29 70 10
73 76 -6
31 79 -1
3 17 15
22 30 7
66 73 -8
85 86 13
24 76 20
43 89 -4
1 92 20
59 70 -16
17 73 11
58 74 12
77 87 9
61 79 2
80 92 3
10 33 -5
54 76 -11
73 89 13
12 79 5
31 92 -15
3 30 -7
24 89 -18
65 90 -17
68 95 -11
26 98 8
58 87 -3
42 79 9
61 92 7
0 82 13
19 95 2
32 34 -9
35 39 -9
54 89 -4
12 92 -18
53 93 -9
56 98 18
9 23 2
28 36 -7
47 49 7
5 52 -6
46 90 3
49 95 20
21 33 7
7 98 13
39 50 15
42 92 -8
83 93 11
0 95 -1
13 34 -8
32 47 -5
51 60 3
16 39 -6
35 52 -20
34 93 14
37 98 -18
9 36 -12
28 49 12
20 50 -10
39 63 9
4 42 -8
23 55 14
13 47 18
16 52 8
6 7 11
8 53 -7
27 66 14
11 58 -13
30 71 -6
2 9 -13
20 63 10
4 55 14
23 68 -5
64 69 12
38 53 5
57 66 -4
76 79 -12
15 69 16
6 20 -7
18 74 -14
50 63 9
8 66 20
11 71 10
1 26 -4
45 69 3
64 82 12
3 72 -20
22 85 -18
38 66 12
15 82 20
18 87 -20
12 13 18
33 72 9
52 85 -19
10 88 -9
1 39 14
45 82 20
3 85 -13
22 98 15
19 29 -17
79 80 -5
63 72 -3
82 85 -11
40 88 17
12 26 -16
31 39 -13
75 82 1
33 85 14
74 86 -12
93 99 -19
7 32 4
67 83 10
26 45 14
86 96 11
70 88 19
28 91 -14
0 29 13
19 42 16
63 85 9
21 88 -16
14 48 -17
74 99 -13
7 45 -19
67 96 11
26 58 6
9 91 14
0 42 -1
41 43 -3
44 48 3
2 51 6
34 40 18
37 45 -14
56 58 5
14 61 -5
55 62 -6
29 46 4
48 59 -11
6 62 -19
41 56 -7
25 48 1
44 61 5
2 64 9
36 62 -1
55 75 -4
29 59 -1
48 72 17
6 75 -14
3 6 -4
25 61 11
24 65 3
43 78 12
15 16 -13
1 81 -8
18 21 -11
17 62 9
36 75 -10
80 81 8
10 22 -19
54 65 -20
73 78 -14
31 81 -3
3 19 19
22 32 -2
66 75 8
24 78 19
43 91 -15
1 94 -17
17 75 4
58 76 -16
77 89 -3
61 81 -8
80 94 -2
19 84 14
10 35 -4
54 78 -19
73 91 12
12 81 -18
31 94 -4
72 95 7
46 79 -7
5 41 -1
65 92 -16
49 84 -1
68 97 5
21 22 -14
58 89 11
42 81 14
61 94 14
0 84 -18
19 97 -17
32 36 15
35 41 -17
12 94 20
53 95 -4
9 25 -2
28 38 -20
88 89 8
47 51 4
46 92 -14
5 54 2
49 97 -19
21 35 -1
20 39 -18
39 52 -11
42 94 -4
83 95 -7
0 97 7
41 98 -3
13 36 2
32 49 -19
16 41 -4
35 54 3
34 95 16
9 38 9
27 55 15
71 98 -18
30 60 -6
20 52 -9
39 65 15
4 44 9
23 57 -11
13 49 -7
16 54 -20
6 9 20
50 52 -4
8 55 -14
27 68 19
11 60 2
30 73 12
2 11 12
1 15 3
4 57 7
64 71 -15
22 74 7
38 55 14
57 68 -1
15 71 4
18 76 -15
8 68 5
11 73 19
52 74 -4
1 28 -5
45 71 -7
64 84 15
3 74 2
22 87 -19
38 68 -9
18 89 -14
12 15 12
33 74 14
52 87 -13
24 25 19
10 90 11
26 34 18
67 72 -11
3 87 -8
89 90 -12
47 93 20
0 18 -16
19 31 17
79 82 -5
63 74 12
82 87 8
21 77 13
40 90 -9
12 28 13
33 87 -20
74 88 1
7 34 -15
67 85 1
26 47 11
86 98 -2
70 90 9
28 93 18
0 31 19
19 44 9
63 87 13
21 90 1
14 50 8
13 91 17
16 96 4
7 47 10
9 93 8
41 45 3
25 37 20
44 50 -5
2 53 3
34 42 2
37 47 3
14 63 -15
55 64 -4
29 48 -12
48 61 -2
6 64 -20
41 58 6
25 50 12
44 63 -5
2 66 -11
43 67 4
17 51 -7
36 64 2
55 77 17
29 61 8
6 77 20
3 8 -3
24 67 18
43 80 12
15 18 -14
1 83 -19
59 61 9
18 23 -8
17 64 -5
36 77 11
77 78 16
80 83 16
10 24 -8
54 67 6
73 80 -10
12 70 4
31 83 -9
3 21 15
66 77 6
24 80 -6
65 81 3
68 86 6
1 96 16
58 78 -12
77 91 19
42 70 -19
61 83 2
80 96 3
19 86 -9
10 37 3
54 80 -14
12 83 -6
31 96 -12
72 97 -8
5 43 -8
46 81 -11
65 94 -5
49 86 18
68 99 13
21 24 -12
7 89 7
58 91 -19
42 83 -8
61 96 -16
0 86 -7
19 99 -10
13 25 9
32 38 -16
35 43 11
34 84 12
53 97 -15
37 89 -11
9 27 16
28 40 -4
88 91 10
46 94 9
5 56 4
49 99 3
20 41 19
39 54 17
23 46 -3
83 97 -17
0 99 6
13 38 -8
32 51 4
16 43 8
35 56 -9
34 97 7
9 40 -11
27 57 -14
30 62 14
20 54 13
39 67 -10
4 46 -11
23 59 19
38 44 -16
15 60 -8
18 65 6
6 11 -5
50 54 18
8 57 4
27 70 -2
11 62 -11
30 75 -1
1 17 7
4 59 10
45 60 -6
64 73 15
22 76 12
38 57 -5
57 70 7
15 73 6
18 78 5
11 75 -18
52 76 8
10 79 -13
1 30 -16
45 73 2
64 86 1
3 76 -20
22 89 4
19 20 10
40 79 4
12 17 -12
33 76 1
52 89 13
10 92 -2
67 74 11
26 36 -5
86 87 6
70 79 -11
3 89 -1
89 92 -2
47 95 -1
0 20 18
19 33 9
5 98 12
79 84 13
63 76 -13
82 89 -8
21 79 2
40 92 -19
12 30 -8
14 39 8
33 89 4
74 90 -8
32 93 13
35 98 -15
7 36 -2
67 87 -15
26 49 7
70 92 19
9 82 -16
28 95 -1
0 33 19
21 92 16
62 93 -18
14 52 -17
13 93 -14
16 98 4
7 49 7
48 50 -20
6 53 -18
92 93 9
9 95 -5
41 47 10
25 39 -1
44 52 -7
2 55 5
34 44 14
37 49 -5
36 53 10
55 66 13
29 50 9
48 63 -11
6 66 -15
25 52 -2
2 68 -1
43 69 10
1 72 -20
17 53 -6
36 66 10
55 79 -6
29 63 -9
31 72 20
3 10 -11
22 23 19
24 69 -17
43 82 -5
1 85 7
59 63 -4
17 66 17
58 67 -12
77 80 -6
61 72 12
80 85 -7
10 26 -9
54 69 4
73 82 -9
12 72 10
31 85 -18
3 23 -12
24 82 -6
65 83 -3
68 88 14
58 80 19
77 93 10
42 72 3
61 85 3
80 98 -11
0 75 11
19 88 -2
10 39 16
54 82 -13
12 85 -6
53 86 -13
72 99 7
56 91 17
28 29 16
46 83 -7
5 45 2
65 96 14
49 88 8
21 26 11
7 91 -2
39 43 3
42 85 4
83 86 13
0 88 -19
13 27 15
32 40 -15
51 53 -1
16 32 -4
35 45 7
95 96 13
34 86 14
53 99 4
37 91 16
9 29 10
28 42 9
5 58 -1
46 96 18
20 43 -1
39 56 16
23 48 3
83 99 9
13 40 2
25 94 20
16 45 15
35 58 -20
34 99 -15
8 46 -11
27 59 -7
11 51 19
30 64 -16
20 56 15
4 48 -18
23 61 11
38 46 -16
57 59 -20
15 62 -6
6 13 12
18 67 15
50 56 7
8 59 18
27 72 8
11 64 15
30 77 -19
1 19 5
4 61 15
45 62 -10
64 75 -13
3 65 5
22 78 -1
38 59 -5
57 72 -14
15 75 -16
18 80 -12
33 65 -11
52 78 -17
10 81 17
1 32 -8
45 75 18
3 78 3
22 91 15
19 22 11
63 65 9
40 81 9
12 19 -11
31 32 -8
33 78 -8
52 91 -11
10 94 12
51 95 20
7 25 -14
67 76 12
26 38 20
86 89 7
70 81 18
89 94 -15
28 84 9
47 97 16
0 22 -3
19 35 16
63 78 15
82 91 12
21 81 2
40 94 -13
81 95 -12
14 41 10
74 92 16
32 95 18
7 38 -19
26 51 3
67 89 -1
70 94 -19
9 84 -11
28 97 3
0 35 20
2 44 1
21 94 3
62 95 -1
20 98 -15
37 38 11
14 54 -20
13 95 -11
29 39 -16
48 52 -20
6 55 -19
92 95 7
9 97 -8
50 98 -5
41 49 2
25 41 20
44 54 -10
2 57 -3
36 55 11
55 68 4
29 52 10
48 65 -8
6 68 3
25 54 -7
24 58 -9
43 71 12
1 74 -17
17 55 -2
36 68 -4
10 15 13
54 58 -7
31 74 13
3 12 12
22 25 12
66 68 17
24 71 5
43 84 3
1 87 -14
17 68 -16
58 69 -19
77 82 2
61 74 -4
80 87 -20
19 77 -2
10 28 -1
54 71 -11
73 84 -18
12 74 -19
31 87 9
72 88 -16
3 25 -11
46 72 18
5 34 15
65 85 19
49 77 4
68 90 16
26 93 8
58 82 1
42 74 -3
61 87 -20
0 77 -11
19 90 3
12 87 -12
53 88 -13
56 93 -8
9 18 1
28 31 19
46 85 17
5 47 -3
65 98 -14
49 90 -18
21 28 19
7 93 -1
39 45 14
42 87 18
83 88 8
0 90 5
41 91 -10
13 29 -18
32 42 -7
51 55 3
16 34 -3
35 47 -16
95 98 -16
34 88 -4
37 93 -12
9 31 5
28 44 8
27 48 18
30 53 -6
71 91 10
20 45 13
39 58 4
4 37 -3
23 50 11
25 96 11
13 42 17
16 47 4
8 48 -17
27 61 20
11 53 8
30 66 14
2 4 -19
1 8 -17
20 58 -10
4 50 14
23 63 -14
22 67 15
38 48 1
57 61 -9
15 64 16
18 69 -18
8 61 -19
11 66 6
52 67 14
1 21 -10
45 64 20
64 77 -9
3 67 17
22 80 9
38 61 -16
15 77 17
18 82 18
33 67 -11
52 80 -6
10 83 19
26 27 -12
45 77 15
3 80 20
47 86 19
0 11 19
19 24 -3
63 67 13
21 70 -8
40 83 6
12 21 -14
75 77 -11
33 80 -20
74 81 17
93 94 7
10 96 -18
51 97 -8
7 27 -5
26 40 10
67 78 17
86 91 -12
70 83 -8
89 96 -7
28 86 8
47 99 -18
0 24 -16
19 37 20
63 80 -16
21 83 16
40 96 -17
81 97 6
14 43 11
74 94 15
13 84 7
32 97 19
16 89 6
7 40 10
67 91 17
70 96 -11
9 86 1
28 99 11
25 30 4
2 46 3
62 97 -15
34 35 -6
37 40 -6
14 56 14
55 57 -20
13 97 11
29 41 -14
48 54 -5
6 57 -16
92 97 2
9 99 -4
41 51 -1
25 43 -11
44 56 15
2 59 17
43 60 5
17 44 12
36 57 17
55 70 4
29 54 -10
6 70 -20
24 60 11
43 73 -10
1 76 -6
17 57 -6
36 70 -4
10 17 19
54 60 -8
12 63 12
31 76 -1
3 14 -8
22 27 5
66 70 -2
24 73 5
65 74 8
1 89 -12
58 71 6
77 84 16
42 63 12
61 76 11
80 89 15
19 79 -8
10 30 -10
54 73 12
12 76 10
31 89 6
72 90 -20
46 74 -8
5 36 4
65 87 12
49 79 10
68 92 15
26 95 2
58 84 12
42 76 12
61 89 -7
0 79 7
19 92 -9
35 36 -1
34 77 10
53 90 -14
37 82 12
56 95 6
9 20 2
28 33 -16
14 98 -5
46 87 13
5 49 -12
49 92 11
90 93 -12
21 30 17
7 95 18
20 34 -3
39 47 -18
23 39 17
83 90 -14
0 92 -20
41 93 -15
13 31 13
44 98 -10
32 44 -12
16 36 20
35 49 -5
34 90 -12
37 95 7
9 33 10
27 50 14
71 93 -2
30 55 17
20 47 16
39 60 -18
4 39 -17
23 52 3
13 44 -11
25 98 18
16 49 -11
15 53 -10
18 58 9
59 96 -5
8 50 -6
27 63 -18
11 55 16
30 68 -13
1 10 15
4 52 -20
45 53 -18
64 66 -14
22 69 -19
38 50 20
57 63 14
15 66 -1
18 71 -6
8 63 -13
11 68 18
52 69 16
10 72 -10
1 23 12
45 66 -1
64 79 2
3 69 -16
22 82 -19
38 63 -6
40 72 6
33 69 -3
52 82 2
10 85 1
26 29 19
70 72 16
3 82 12
47 88 -9
0 13 13
19 26 3
5 91 16
63 69 -6
21 72 -19
40 85 20
12 23 -19
33 82 -10
74 83 3
93 96 7
32 86 -15
51 99 -2
35 91 9
7 29 12
26 42 17
67 80 -19
86 93 8
70 85 -15
89 98 16
9 75 3
28 88 15
0 26 -10
63 82 13
21 85 -19
62 86 13
81 99 15
14 45 19
74 96 -13
13 86 -2
32 99 17
16 91 14
7 42 -20
9 88 -10
25 32 6
44 45 -4
2 48 16
62 99 -12
34 37 10
4 94 -5
37 42 -11
36 46 -7
55 59 -14
96 97 12
13 99 -3
29 43 5
48 56 -12
6 59 -9
92 99 1
25 45 7
2 61 13
43 62 -4
17 46 -8
36 59 11
55 72 2
29 56 -5
24 62 -3
43 75 -1
1 78 4
17 59 6
58 60 -3
61 65 -15
10 19 -14
54 62 15
73 75 2
12 65 -20
31 78 -6
3 16 18
24 75 -18
65 76 5
68 81 -13
1 91 -9
58 73 -17
77 86 -16
42 65 -8
61 78 7
80 91 -1
19 81 17
10 32 20
54 75 -9
12 78 17
72 92 16
46 76 -2
5 38 -3
65 89 -13
49 81 7
68 94 4
7 84 -6
26 97 -7
42 78 5
0 81 9
19 94 13
60 95 -17
13 20 3
32 33 -1
16 25 -18
35 38 -6
34 79 -10
53 92 13
37 84 -17
56 97 -6
9 22 4
28 35 13
46 89 -13
5 51 6
49 94 12
90 95 19
7 97 5
20 36 20
39 49 18
23 41 -14
83 92 15
41 95 3
13 33 -13
32 46 1
16 38 13
35 51 5
34 92 -20
37 97 6
9 35 2
8 39 11
27 52 4
11 44 -2
71 95 -9
30 57 14
29 98 -6
20 49 17
4 41 -19
23 54 15
38 39 -8
15 55 16
59 98 6
18 60 8
8 52 10
27 65 17
11 57 -7
30 70 -6
1 12 19
4 54 -6
45 55 -15
64 68 18
3 58 14
22 71 1
38 52 8
57 65 -10
15 68 -18
18 73 1
33 58 -13
52 71 13
10 74 -15
1 25 -4
45 68 -8
3 71 -5
22 84 15
40 74 -9
33 71 10
52 84 -8
10 87 13
51 88 17
7 18 -8
26 31 14
67 69 -15
70 74 -18
28 77 1
47 90 13
0 15 -19
19 28 9
5 93 -16
63 71 -13
82 84 8
21 74 3
40 87 9
81 88 3
14 34 3
74 85 -6
93 98 -4
32 88 -1
35 93 12
7 31 -5
26 44 6
67 82 -6
70 87 19
9 77 -8
28 90 2
0 28 -14
21 87 -10
62 88 15
20 91 7
23 96 2
14 47 -4
74 98 -5
