100 200 1
1 86 -1
19 46 14
73 81 -15
53 78 -6
2 39 3
30 55 -3
16 38 15
44 63 19
39 97 -13
63 98 15
23 25 20
30 73 -14
47 89 -17
3 86 -1
9 81 15
4 30 17
46 75 -3
26 69 20
1 79 -8
24 26 -5
15 87 -2
45 67 -18
0 44 17
54 79 -15
73 92 -3
45 85 10
64 98 -12
9 10 15
14 88 -11
28 87 -7
69 88 -4
3 97 4
5 94 -17
14 42 -6
1 26 14
56 60 -6
15 89 11
81 89 -1
44 49 -2
14 72 -3
3 81 20
31 42 10
48 58 -4
58 90 7
85 86 12
33 70 3
52 83 -1
27 93 1
33 88 15
8 34 15
44 88 -20
64 66 -4
7 78 5
73 78 9
30 52 -13
45 80 -14
2 54 7
46 54 10
21 34 -2
14 28 -5
22 96 -13
51 77 20
32 64 10
68 72 -4
13 69 -15
43 82 -17
33 81 -6
52 94 -16
16 74 5
18 71 -13
39 69 -5
18 80 13
17 48 11
22 71 -14
9 62 12
14 76 6
37 78 -3
29 95 3
50 90 -19
13 16 -10
65 81 -5
55 58 -2
9 37 16
25 88 -5
3 60 1
28 68 6
12 90 19
26 61 -5
38 63 12
27 90 -6
36 38 -7
19 22 -6
93 99 -6
68 88 11
34 68 -10
20 78 -17
37 73 12
4 15 3
24 48 17
77 93 -5
53 93 13
26 54 14
2 63 -19
34 98 -13
18 59 16
33 78 8
16 80 12
25 28 5
34 61 -11
0 93 -6
8 42 -2
73 77 -8
88 96 1
23 67 -4
68 99 -6
43 45 -8
21 79 12
15 29 4
18 34 -9
1 48 -10
51 67 -3
36 79 4
70 81 13
7 52 13
33 80 -19
17 29 11
83 93 -18
9 89 8
17 47 18
57 83 -19
29 76 -6
48 89 19
58 66 -18
51 60 3
33 55 -5
50 80 4
67 96 -1
25 60 12
1 13 -10
25 78 -1
14 41 15
31 57 -12
37 61 7
29 87 10
7 84 19
29 96 5
40 96 -13
7 93 -6
72 94 -15
67 89 -5
45 86 -9
34 86 2
17 24 15
59 94 -17
9 75 -6
29 53 -16
0 81 -10
8 94 10
4 42 3
85 94 12
49 74 -14
40 71 -10
15 17 -12
23 64 16
4 60 -17
18 86 11
15 44 -17
73 95 4
13 56 -17
36 76 4
64 92 -12
16 52 14
10 66 -19
44 68 -11
31 98 3
34 97 18
0 10 -18
48 59 1
17 35 -19
65 84 6
11 83 -11
3 45 -10
46 80 -3
74 96 8
65 93 -6
38 76 -15
43 90 -12
12 66 11
55 64 3
15 92 -11
55 73 19
47 69 -19
73 97 -13
39 40 -1
56 90 -10
65 68 -11
8 80 -12
23 50 20
14 47 8
11 94 -16
