100 2475 1
13 88 -4
16 93 -4
17 58 8
36 71 17
55 84 -13
0 5 20
40 41 -11
6 48 14
58 95 -8
50 91 -9
29 68 3
44 47 -19
39 81 -19
2 50 5
22 28 9
14 24 15
13 65 10
32 78 4
24 74 -11
43 87 -10
16 70 6
35 83 -10
47 57 12
18 30 11
59 68 -7
17 71 10
36 84 13
77 85 19
28 80 11
29 45 11
48 58 -15
73 87 9
25 47 8
31 90 20
23 86 -11
3 28 -12
43 64 -18
35 60 14
66 84 -15
13 78 -2
65 88 7
16 83 14
17 48 -17
36 61 -2
28 57 -3
47 70 -9
58 85 -9
9 80 18
50 81 6
42 77 19
61 90 -4
19 93 12
39 71 16
31 67 1
10 44 11
2 40 -13
3 5 -17
54 87 -16
20 94 -12
13 55 -5
4 86 7
51 81 12
24 64 -13
43 77 11
16 60 6
35 73 -17
1 80 -9
46 88 -19
17 61 17
58 62 -6
49 93 -19
50 58 -5
9 57 -19
69 71 17
29 35 10
61 67 -15
40 44 -9
7 96 -15
27 74 8
39 48 16
30 79 -20
50 94 6
10 21 -14
2 17 20
62 68 8
8 97 -16
54 64 13
20 71 -5
39 84 11
13 32 -1
32 45 -6
51 58 -17
24 41 12
3 18 -2
16 37 -4
1 57 -19
34 91 -3
13 68 14
4 99 7
5 27 9
16 73 -10
17 38 4
76 87 8
9 34 -12
36 51 8
88 98 -1
26 86 -1
38 97 18
58 75 -3
69 84 -13
42 67 -10
80 93 8
8 74 -12
19 83 2
20 48 -14
39 61 -2
12 44 8
11 79 18
31 57 17
2 30 -14
1 34 10
12 80 -16
13 45 5
23 89 -17
64 90 3
24 54 -4
9 11 -11
1 70 -13
57 87 -11
9 47 4
15 90 -15
8 51 17
26 99 -4
19 60 -2
30 69 -5
31 34 -18
10 11 -7
60 97 5
11 92 -2
12 57 -11
16 27 -13
34 81 17
46 55 12
5 17 -5
65 68 -15
56 99 1
57 64 4
3 93 8
76 77 -20
28 37 4
15 67 -8
27 41 -18
6 18 -17
38 87 3
79 88 -2
58 65 11
30 46 -10
50 61 -4
82 93 -2
7 99 9
8 64 -8
39 51 -3
12 34 -6
30 82 -19
31 47 -11
4 30 -11
91 98 -19
23 43 18
83 94 8
41 97 -3
1 24 -3
33 93 -1
34 58 7
25 89 -1
72 84 19
4 66 18
64 80 -6
24 44 2
16 40 -15
3 70 9
22 83 -8
14 79 10
34 94 12
26 53 4
46 68 10
38 64 1
49 73 7
7 76 -17
8 41 -17
26 89 13
27 54 1
19 50 -3
11 46 15
71 97 17
63 93 -4
21 96 6
41 74 -20
33 70 6
12 47 -15
10 86 2
16 17 5
34 71 7
53 84 18
5 7 11
56 89 15
22 96 -14
15 57 -17
26 66 -19
27 31 -3
30 36 -14
63 70 15
82 83 2
48 90 6
8 54 -19
40 86 -12
19 63 -6
60 64 -15
11 59 2
6 93 -18
4 20 14
23 33 -2
41 87 -6
52 96 8
93 97 -2
53 61 2
44 92 3
85 93 6
72 74 -4
45 57 -2
37 53 -11
10 99 -17
16 30 15
56 66 9
2 95 8
14 69 -4
15 34 -14
67 81 -8
26 43 -2
46 58 -15
18 39 10
59 77 1
78 90 -17
70 86 12
48 67 16
27 44 8
0 27 -18
18 75 -2
79 91 6
11 36 -6
71 87 -12
63 83 -18
82 96 3
29 90 -19
52 73 11
25 56 1
44 69 6
4 33 15
10 76 -10
2 72 10
22 50 -19
14 46 15
74 97 -4
3 73 6
14 82 14
55 83 14
47 79 11
67 94 -5
26 56 -3
0 4 -13
59 90 -5
18 52 7
11 13 10
70 99 19
17 93 16
9 89 15
29 67 -11
21 63 -9
44 46 -15
10 53 -14
41 77 -6
25 69 -11
44 82 2
37 43 10
10 89 4
22 63 -4
59 67 -5
18 29 5
78 80 -1
17 70 17
47 92 -7
8 21 11
19 30 -17
71 77 -17
21 76 -5
40 89 19
41 54 -7
60 67 -7
33 50 -20
6 96 6
25 46 -9
44 59 4
10 66 10
3 27 -20
22 40 -3
74 87 6
85 96 -6
13 77 -9
37 56 20
24 86 -20
43 99 -20
16 82 -1
47 69 6
7 33 19
67 84 -7
59 80 -9
36 96 -16
9 79 -6
77 97 4
28 92 -4
29 57 10
6 73 -7
10 43 -11
2 39 -17
62 90 -17
54 86 19
20 93 19
32 67 17
43 76 -12
3 40 12
22 53 -4
66 96 5
13 90 -5
28 69 17
29 34 12
8 11 -5
0 7 -18
5 85 -16
9 92 -15
50 93 6
10 20 19
21 66 -20
62 67 17
41 44 -12
8 96 -6
31 79 -19
51 57 -3
22 30 -9
14 26 -17
66 73 -15
13 67 3
4 98 4
24 76 8
43 89 7
16 72 -12
35 85 -9
55 63 16
28 46 -16
47 59 -12
5 62 -1
77 87 13
9 69 19
61 79 2
27 86 -15
6 63 -18
20 83 17
12 79 1
4 75 9
23 88 -3
51 70 -14
43 66 -14
13 80 5
24 89 -1
65 90 14
17 50 1
57 86 13
9 46 14
68 95 -19
28 59 -17
26 98 11
5 75 14
58 87 -5
69 96 4
2 6 14
61 92 7
8 86 -5
27 99 4
0 82 -10
19 95 -20
11 91 16
39 73 -5
32 34 -8
23 65 17
2 42 -14
14 16 6
12 92 19
13 57 -18
53 93 -4
24 66 7
43 79 20
56 98 -3
35 75 -11
36 40 -7
9 23 -18
28 36 3
1 82 1
46 90 -14
6 17 13
5 52 15
58 64 14
50 60 14
27 76 -7
39 50 5
31 46 19
50 96 3
10 23 -18
91 97 4
42 92 -10
83 93 10
62 70 -16
0 95 8
20 73 -20
13 34 -16
31 82 -9
4 65 20
32 47 -1
24 43 -10
16 39 3
35 52 -3
1 59 -17
5 29 17
46 67 -3
37 98 -17
16 75 10
57 76 -13
49 72 -17
15 79 -7
18 84 -5
69 86 11
42 69 17
61 82 19
8 76 8
27 89 -5
20 50 15
39 63 -6
30 94 -14
72 96 -2
45 79 -15
64 92 2
56 88 11
22 95 10
38 76 17
42 46 7
15 92 12
21 23 -1
8 53 10
27 66 4
20 27 -20
11 58 4
39 40 1
30 71 -13
10 13 15
23 32 -20
8 89 3
54 56 -19
0 85 -12
11 94 14
12 59 -8
72 73 -14
4 55 7
44 91 -14
24 33 5
10 98 11
43 46 17
87 89 -7
34 83 -7
45 92 15
5 19 6
37 88 -2
65 70 8
57 66 -13
3 95 16
15 69 20
26 78 5
27 43 11
19 39 -7
71 86 13
90 99 -14
50 63 -1
8 66 4
19 75 -4
20 40 4
60 76 -14
39 53 -12
4 32 19
23 45 -15
83 96 -9
75 92 -18
41 99 -19
1 26 -3
33 95 18
34 60 -4
53 73 4
72 86 -16
64 82 -11
37 65 -5
22 85 4
15 46 17
34 96 -15
67 93 -20
46 70 -16
18 51 9
8 43 -3
27 56 11
18 87 13
12 13 -1
30 61 1
71 99 11
21 98 9
52 85 16
13 14 -11
25 68 9
44 81 -19
4 45 -10
45 46 1
10 88 10
16 19 10
2 84 -19
14 58 14
46 47 -9
37 78 -9
38 43 -10
3 85 20
9 16 -15
14 94 1
55 95 15
8 20 4
26 68 -17
19 29 -5
30 38 1
42 49 -5
48 92 5
40 88 -11
41 53 -20
20 30 18
60 66 14
52 62 -13
31 39 -7
4 22 -20
23 35 7
75 82 -20
41 89 -19
33 85 -7
34 50 10
74 86 -19
44 94 -14
85 95 -20
45 59 20
37 55 7
56 68 -10
22 75 -1
15 36 -15
7 32 10
86 96 18
70 88 9
36 95 -2
27 46 19
0 29 4
19 42 19
6 72 2
71 89 13
30 51 -7
29 92 -6
4 35 -13
44 71 12
22 52 14
74 99 12
37 68 13
3 75 -3
36 72 -18
55 85 -2
8 10 -8
67 96 4
26 58 -14
18 54 10
59 92 -2
17 95 10
9 91 13
29 69 17
48 82 -8
0 42 -18
33 39 11
12 16 16
4 12 -9
44 48 18
2 51 -19
34 40 -17
74 76 19
25 71 15
66 72 2
37 45 -19
56 58 -12
22 65 17
15 26 18
26 35 -9
18 31 -9
78 82 14
70 78 2
89 91 19
36 85 -6
9 68 1
55 98 6
28 81 -1
29 46 8
8 23 -20
48 59 12
40 55 7
0 19 -2
5 97 -14
11 28 -6
21 78 10
62 79 12
41 56 10
73 88 2
31 91 15
2 64 10
22 42 -17
14 38 -1
13 79 -2
24 88 -5
16 84 -17
35 97 13
55 75 6
47 71 -15
59 82 -18
18 44 -19
5 74 9
17 85 11
58 86 4
69 95 -2
48 72 1
40 68 9
2 41 9
62 92 3
14 15 11
12 91 -11
14 51 14
7 12 -17
13 92 -9
18 21 -1
16 97 19
29 36 20
0 9 -4
40 45 7
80 81 10
58 99 15
50 95 -7
10 22 20
42 91 18
21 68 -14
81 82 -18
0 94 4
73 78 -11
20 72 19
31 81 19
10 58 17
51 59 1
2 54 2
22 32 2
14 28 -4
74 79 9
87 98 -6
32 82 -9
24 78 8
43 91 15
16 74 14
17 39 6
36 52 18
28 48 10
88 99 -6
5 64 2
38 98 -20
17 75 -2
50 72 -12
69 85 6
29 49 -10
21 45 -3
80 94 -7
40 58 10
6 65 -5
19 84 3
54 78 4
73 91 -3
20 85 -19
39 98 -17
12 81 -5
72 95 -17
51 72 -9
24 55 -19
16 51 10
35 64 11
5 41 -7
65 92 -3
16 87 -2
9 48 -20
28 61 -20
5 77 11
6 42 15
18 96 -1
50 85 -19
10 12 19
42 81 -3
61 94 12
54 55 -7
0 84 2
19 97 19
25 28 19
20 62 -9
11 93 13
31 71 19
24 32 -4
43 45 5
35 41 12
14 18 -12
87 88 -14
12 94 -13
32 72 7
45 91 1
4 90 16
24 68 -15
16 64 11
17 29 -2
35 77 7
76 78 -10
9 25 -17
36 42 -1
1 84 -9
47 51 -5
5 54 12
6 19 5
58 66 -8
77 79 13
50 62 1
49 97 5
9 61 -2
42 58 16
80 84 18
8 65 1
19 74 16
39 52 15
11 70 14
10 25 3
83 95 -4
0 97 2
41 98 7
31 84 -13
4 67 6
32 49 19
23 80 -7
24 45 -4
72 85 15
43 58 -20
1 61 -5
34 95 -14
76 91 15
68 87 -14
15 81 7
7 77 2
6 32 -12
18 86 -19
58 79 10
71 98 3
30 60 -13
50 75 -20
8 78 -10
60 88 9
11 83 -19
30 96 14
31 61 -9
4 44 20
23 57 -17
45 81 8
5 8 15
64 94 -10
17 19 14
3 84 12
49 51 15
14 93 -14
57 91 15
50 52 -4
15 94 11
27 68 -11
0 51 -6
18 99 5
19 64 2
20 29 4
30 73 -9
23 34 14
0 87 7
33 84 -15
52 97 -16
12 61 -20
24 35 2
56 67 9
16 31 -4
35 44 18
87 91 -16
34 85 -17
53 98 -5
86 95 19
46 59 -4
65 72 -16
57 68 -12
3 97 15
49 64 4
15 71 -6
7 67 6
8 32 -17
26 80 9
18 76 19
19 41 -14
79 92 -18
11 37 20
30 50 -13
82 97 16
8 68 18
0 64 20
60 78 8
11 73 -6
31 51 8
4 34 16
23 47 -1
1 28 13
33 97 5
34 62 9
25 93 4
45 71 -19
37 67 -2
3 74 -10
22 87 -1
7 44 3
26 57 4
48 81 13
0 41 -2
18 89 -4
19 54 17
12 15 -13
4 11 -16
1 5 -8
25 70 9
13 16 14
44 83 20
37 44 1
10 90 19
56 57 -11
2 86 17
3 51 -1
34 75 -10
46 49 -10
78 81 -7
38 45 -19
3 87 10
8 22 11
27 35 -7
18 66 -15
19 31 -16
71 78 -4
90 91 -1
40 90 2
0 54 -14
60 68 4
33 51 8
6 97 7
4 24 6
23 37 -4
10 67 2
1 18 13
25 83 -12
44 96 -19
45 61 -3
56 70 2
22 77 -15
55 74 -4
67 85 2
18 43 9
78 94 5
17 84 10
36 97 12
28 93 -12
29 58 12
8 35 -18
40 67 -15
19 44 -12
63 87 5
52 77 -18
25 60 2
44 73 3
2 76 18
3 41 11
22 54 12
66 97 -4
13 91 16
18 20 -2
36 74 -17
15 51 -12
55 87 15
59 94 -1
19 21 18
5 86 -4
11 17 -16
63 64 7
48 84 -20
21 67 20
41 45 -7
52 54 -20
25 37 12
4 14 -17
10 57 -5
22 31 -6
66 74 -14
45 51 -7
37 47 -11
32 81 -14
24 77 -16
43 90 -16
35 86 -4
15 28 17
1 93 4
7 24 17
70 80 -17
36 87 9
9 70 -6
28 83 -6
29 48 -12
47 96 -16
48 61 10
21 44 1
5 99 -3
6 64 -8
62 81 14
41 58 -12
54 77 19
33 54 -3
25 50 1
20 84 4
39 97 -16
44 63 7
31 93 12
10 70 -19
51 71 -3
2 66 -3
43 67 -19
14 40 5
74 91 4
13 81 -16
32 94 7
16 86 -8
17 51 -3
55 77 15
28 60 13
50 84 17
29 61 12
21 57 -14
61 93 17
25 27 12
39 74 11
62 94 6
14 17 2
32 71 12
51 84 14
24 67 -5
43 80 -6
16 63 -16
1 83 -10
47 50 10
7 14 -8
13 94 -5
18 23 12
5 53 -19
46 91 15
17 64 10
9 60 -20
77 78 -3
69 74 9
48 51 1
21 34 3
40 47 14
92 94 -1
10 24 -20
0 96 17
25 40 -14
3 21 19
35 53 11
66 77 15
16 76 -17
36 54 -4
9 37 -8
5 66 -15
58 78 -15
77 91 -3
50 74 14
9 73 16
69 87 -1
29 51 2
21 47 -10
80 96 3
8 77 -7
30 95 11
31 60 16
10 37 -15
2 33 -11
54 80 -17
12 83 12
31 96 -17
72 97 -15
4 79 -13
51 74 -20
24 57 8
32 61 18
43 70 -4
16 53 9
17 18 -8
35 66 -19
5 43 18
6 8 -9
46 81 -18
38 77 -5
57 90 4
15 93 10
7 89 16
27 67 20
58 91 -15
30 72 -9
50 87 -6
10 14 12
42 83 10
2 10 -4
61 96 -14
8 90 3
19 99 17
11 95 1
31 73 7
32 38 -2
24 34 -17
43 47 8
84 85 4
1 50 -13
87 90 11
13 61 10
45 93 5
37 89 -9
17 31 -3
3 96 -5
36 44 5
76 80 -16
68 76 -19
28 40 -20
9 27 7
46 94 19
49 99 -17
69 77 11
42 60 -8
8 67 -17
27 80 -12
39 54 12
31 50 -8
83 97 17
2 23 -7
54 70 8
0 99 1
12 73 14
53 74 -5
72 87 2
4 69 6
23 82 -4
32 51 8
34 97 9
46 71 -18
65 84 -7
38 67 -6
57 80 15
76 93 15
15 83 -20
27 57 -1
42 73 17
8 80 -5
0 76 11
19 89 -11
60 90 -10
39 67 5
52 86 16
11 85 11
31 63 13
12 50 -8
34 74 -7
53 87 -4
45 83 1
46 48 -5
64 96 2
56 92 1
9 17 15
49 53 13
28 30 20
22 99 -2
15 60 17
26 69 -4
27 34 -18
18 65 13
38 80 15
79 81 -9
15 96 4
61 63 -1
48 93 20
8 57 -15
19 66 -14
20 31 6
39 44 -17
11 62 18
23 36 19
83 87 -6
75 83 -5
94 96 15
41 90 3
52 99 15
13 28 -9
25 82 12
72 77 11
45 60 -14
56 69 2
2 98 3
14 72 17
34 87 4
5 23 2
78 93 -1
38 57 4
57 70 1
49 66 12
7 69 13
27 47 -14
18 78 -19
19 43 -11
79 94 -6
11 39 -19
82 99 19
21 89 12
0 66 -20
41 67 5
20 44 1
11 75 16
12 40 14
44 72 12
4 36 1
23 49 -19
10 79 5
34 64 5
53 77 -3
64 86 -20
37 69 -1
56 82 -5
3 76 17
22 89 -14
14 85 13
7 46 8
26 59 13
67 97 -6
59 93 20
0 43 -3
20 21 -10
6 86 1
11 52 -19
12 17 -14
63 99 -5
41 80 -17
60 93 2
34 41 -20
13 18 -4
25 72 -10
16 23 6
2 88 -16
3 53 11
22 66 15
15 27 19
67 74 -18
26 36 -12
86 87 -15
89 92 -16
55 99 19
48 60 12
0 20 -2
18 68 -18
19 33 10
79 84 -17
11 29 -1
5 98 8
71 80 5
30 42 -16
63 76 10
82 89 -7
29 83 2
21 79 1
33 53 20
25 49 -17
2 65 -7
22 43 17
74 90 -2
25 85 3
66 86 7
45 63 -19
37 59 -5
32 93 7
35 98 6
7 36 19
26 49 7
59 83 16
18 45 18
70 92 18
17 86 -6
28 95 15
29 60 7
6 76 4
11 42 17
10 46 -3
29 96 -2
62 93 17
33 66 7
25 62 -19
51 83 14
22 56 17
59 60 18
18 22 19
17 63 -17
55 89 15
28 72 20
7 49 1
48 50 19
47 85 13
0 10 -5
19 23 -11
92 93 20
6 53 -20
17 99 -15
63 66 -19
29 73 7
40 82 -1
33 43 -3
6 89 10
4 16 7
44 52 -8
10 59 -17
2 55 5
3 20 17
34 44 6
66 76 10
85 89 -18
32 83 7
51 96 8
24 79 -20
3 56 18
43 92 9
35 88 19
55 66 9
26 39 -2
18 35 16
70 82 -12
17 76 -2
36 89 3
9 72 -3
29 50 -20
48 63 -15
80 95 12
0 23 16
6 66 8
10 36 5
2 32 -17
62 83 -19
73 92 14
33 56 5
20 86 -19
32 60 13
23 91 5
51 73 5
3 33 -3
35 65 16
14 42 -3
13 83 -9
24 92 15
17 53 18
9 49 7
47 75 4
9 85 -12
50 86 20
29 63 -14
42 82 -12
19 98 -13
39 76 -14
10 49 17
3 10 5
62 96 -9
22 23 5
54 92 -2
20 99 18
13 60 17
32 73 7
36 43 -18
55 56 18
7 16 7
59 63 17
5 55 3
38 89 -13
49 98 -2
77 80 11
28 75 -1
29 40 19
21 36 -17
61 72 -6
40 49 14
30 84 3
10 26 1
42 95 14
2 22 -11
62 73 5
25 42 -8
31 85 20
32 50 2
51 63 -7
24 46 15
3 23 8
43 59 13
84 97 3
35 55 7
14 32 -9
1 62 -11
17 43 7
36 56 14
9 39 8
28 52 5
47 65 -9
58 80 -1
77 93 19
69 89 -3
21 49 -8
61 85 6
0 75 3
19 88 -10
39 66 -18
23 58 -19
12 85 -19
72 99 -7
32 63 20
64 95 -7
24 59 -12
43 72 -11
56 91 4
17 20 7
28 29 -15
46 83 -4
6 10 14
38 79 4
57 92 -1
49 88 -9
50 53 -2
15 95 -2
61 62 14
27 69 2
39 43 10
30 74 8
50 89 1
10 16 -5
42 85 11
2 12 -12
8 92 -8
94 95 -11
0 88 4
20 66 9
11 97 1
12 62 10
52 98 -1
31 75 -5
4 58 -7
32 40 -1
23 71 -6
72 76 6
43 49 -13
16 32 3
13 63 6
53 99 17
45 95 3
5 22 14
37 91 5
16 68 4
17 33 -5
57 69 -20
49 65 -7
68 78 13
26 81 18
5 58 -8
50 66 14
69 79 20
42 62 -4
82 98 -2
61 75 8
8 69 13
27 82 -14
0 65 3
19 78 6
20 43 -16
39 56 2
12 39 15
31 52 -16
23 48 20
83 99 14
53 76 18
25 94 -10
72 89 4
13 40 -6
64 85 -6
24 49 20
56 81 -14
35 58 -9
22 88 -18
14 84 4
5 35 9
65 86 -12
68 91 9
27 59 -10
63 98 17
42 75 -17
8 82 10
41 79 2
60 92 -7
52 88 2
44 84 13
4 48 -12
24 26 2
10 91 -8
16 22 1
53 89 20
5 12 -4
49 55 7
7 58 -15
26 71 -17
27 36 -5
6 13 7
38 82 -2
30 41 1
90 92 20
42 52 -15
82 88 -5
7 94 5
8 59 -16
0 55 15
40 91 -15
20 33 -17
6 98 -9
39 46 3
30 77 17
12 29 11
4 25 -15
91 93 4
23 38 4
75 85 9
94 98 4
34 53 19
4 61 -11
45 62 6
64 75 -19
37 58 -12
56 71 -5
3 65 9
14 74 18
34 89 -16
37 94 -10
49 68 -4
36 98 14
7 71 -1
27 49 7
19 45 3
71 92 -14
30 54 -12
29 95 -5
0 68 -7
41 69 1
60 82 18
33 65 15
52 78 7
4 38 -6
22 55 -19
53 79 -5
56 84 9
3 78 -14
22 91 -4
14 87 -6
55 88 16
7 48 12
8 13 -8
26 61 -4
67 99 -7
19 22 5
11 18 11
17 98 18
63 65 -12
29 72 3
8 49 -8
48 85 6
20 23 8
11 54 13
52 55 3
12 19 1
23 28 -8
41 82 8
1 9 16
33 78 -6
34 43 17
52 91 1
25 74 -7
85 88 6
45 52 -4
64 65 -4
10 94 2
2 90 -17
3 55 1
67 76 -16
59 72 13
18 34 -17
78 85 -14
70 81 -19
36 88 -15
28 84 -20
47 97 13
48 62 4
27 39 -18
0 22 10
19 35 -7
71 82 -20
63 78 11
3 32 6
14 41 10
66 88 9
37 61 20
32 95 -18
15 42 9
67 89 -17
9 84 -1
29 62 -5
40 71 5
6 78 -20
2 44 -5
21 94 13
54 91 -5
33 68 -9
20 98 1
10 84 -3
43 81 3
15 19 -17
7 15 -19
26 28 15
13 95 10
18 24 -2
8 16 10
48 52 -12
40 48 19
19 25 4
50 98 10
29 75 -7
21 71 17
62 72 18
41 49 1
73 81 -1
25 41 20
44 54 -18
3 22 -9
14 31 1
74 82 -18
66 78 -11
13 72 -15
51 98 13
24 81 9
43 94 -1
16 77 -11
36 55 8
28 51 19
7 28 6
18 37 -16
77 92 18
69 88 -10
10 38 13
2 34 -11
81 98 6
54 81 2
20 88 -8
25 54 -5
31 97 14
32 62 -14
51 75 13
24 58 -9
3 35 13
35 67 15
14 44 2
16 90 -1
17 55 12
36 68 -19
28 64 -7
47 77 11
0 2 1
58 92 6
61 97 11
8 91 17
54 58 14
33 35 14
11 96 18
39 78 -20
10 51 11
23 70 5
51 52 -3
84 86 -7
54 94 10
14 21 1
12 97 -19
4 93 -2
16 67 18
35 80 2
55 58 -14
28 41 1
38 91 -1
58 69 3
9 64 -9
50 65 6
69 78 -14
40 51 -11
27 81 -12
39 55 3
30 86 -10
10 28 -18
42 97 16
2 24 -9
54 71 9
73 84 7
39 91 -20
31 87 -15
4 70 10
32 52 -3
23 83 14
84 99 -4
43 61 2
1 64 7
34 98 -6
13 75 -8
65 85 -2
57 81 -14
76 94 -1
9 41 14
68 90 -10
28 54 -11
15 84 5
50 78 -2
69 91 -4
42 74 -9
61 87 3
27 94 -8
20 55 -6
39 68 13
12 51 -17
30 99 -14
1 41 3
53 88 -2
13 52 15
24 61 -6
56 93 4
17 22 -18
9 18 -11
28 31 20
5 47 -4
57 94 -6
49 90 -3
15 97 4
21 28 -17
8 58 10
27 71 -10
10 18 9
91 92 6
2 14 10
62 65 5
75 84 -10
94 97 11
54 61 11
20 68 -18
11 99 8
12 64 8
31 77 -18
51 55 -9
24 38 -16
64 74 -5
43 51 2
84 89 18
35 47 -13
95 98 -7
1 54 7
34 88 -4
65 75 1
37 93 -4
57 71 -7
7 70 7
26 83 -16
18 79 -3
6 25 6
38 94 7
79 95 2
30 53 -19
71 91 15
50 68 -10
42 64 1
61 77 -17
8 71 17
11 76 -15
31 54 6
4 37 11
23 50 -12
1 31 17
34 65 17
25 96 -17
53 78 -17
64 87 -2
37 70 5
56 83 13
16 47 -14
3 77 -3
22 90 2
46 75 -7
5 37 -3
49 80 11
15 87 -7
8 48 20
0 44 8
11 53 -17
2 4 14
41 81 -9
20 58 19
33 77 -12
52 90 13
53 55 13
44 86 11
23 63 -12
24 28 -13
10 93 6
35 37 -8
1 44 -10
45 87 -15
86 88 1
5 14 15
56 96 -12
57 61 -4
49 57 4
14 99 12
15 64 -14
7 60 -9
8 25 15
26 73 -11
27 38 -14
18 69 13
19 34 19
79 85 -4
30 43 -4
71 81 -18
63 77 -10
42 54 -6
8 61 13
48 97 -20
0 57 5
40 93 14
19 70 18
60 71 -9
20 35 13
11 66 -19
12 31 11
31 44 7
4 27 19
23 40 12
41 94 11
33 90 -19
34 55 2
72 81 -20
44 99 18
64 77 9
37 60 6
14 76 -1
15 41 9
46 65 7
18 46 9
38 61 16
70 93 5
28 96 -18
48 74 14
27 51 -14
18 82 6
11 43 -5
30 56 -20
71 94 1
29 97 18
41 71 -20
33 67 -14
2 79 7
22 57 8
34 68 15
25 99 13
37 73 -8
14 89 3
7 50 20
47 86 -4
26 63 -5
27 28 -19
0 11 -1
11 20 13
63 67 6
9 96 12
41 48 4
20 25 14
60 61 17
6 90 -13
12 21 2
23 30 18
10 60 14
22 34 -12
41 84 -6
1 11 -12
34 45 13
74 81 -7
93 94 10
85 90 -18
56 63 -19
2 92 11
22 70 2
14 66 -10
67 78 9
26 40 9
18 36 8
89 96 17
17 77 -16
36 90 -4
47 99 -8
8 28 -11
0 24 10
6 67 15
11 33 13
63 80 16
21 83 -15
81 97 -1
73 93 -1
33 57 -13
3 34 7
74 94 10
13 84 20
24 93 18
16 89 -2
36 67 11
55 80 -18
18 49 18
5 79 4
28 99 19
21 60 14
40 73 -17
33 34 6
10 50 19
2 46 -16
62 97 -18
34 35 -14
25 66 -14
37 40 -13
32 74 8
51 87 -8
3 47 6
14 56 8
15 21 -15
55 57 4
7 17 7
67 68 20
26 30 20
18 26 20
36 80 7
9 63 14
47 89 13
8 18 -4
21 37 -1
40 50 -8
0 14 1
5 92 -10
9 99 16
10 27 -12
21 73 18
33 47 9
25 43 15
39 90 -14
43 60 -20
3 24 19
22 37 -18
14 33 15
74 84 -14
24 83 -6
16 79 -15
36 57 6
55 70 -15
7 30 -13
6 34 -4
17 80 4
58 81 -13
29 54 18
69 90 -16
61 86 -10
21 50 -2
27 93 10
62 87 -18
54 83 -12
23 95 3
24 60 -19
51 77 -4
43 73 18
16 56 13
13 87 10
5 46 -5
24 96 3
57 93 -2
17 57 -8
36 70 10
6 47 12
58 94 -5
2 13 -5
61 99 6
62 64 1
54 60 -8
33 37 12
0 89 4
20 67 -7
25 33 5
11 98 -8
2 49 19
43 50 -12
3 14 4
84 88 18
1 53 -12
87 93 -12
13 64 14
32 77 6
24 73 -8
65 74 20
16 69 3
36 47 1
9 30 7
76 83 8
28 43 2
55 60 -8
47 56 16
46 97 -14
6 24 20
38 93 18
58 71 -1
69 80 -4
42 63 4
8 70 -7
19 79 12
30 88 -10
10 30 -20
42 99 13
20 80 -13
31 89 -18
32 54 4
1 66 6
46 74 -10
57 83 2
17 47 -12
76 96 -18
28 56 10
15 86 7
27 60 9
30 65 11
27 96 11
19 92 -5
20 57 20
11 88 -8
12 53 10
23 62 -8
3 4 16
13 54 12
4 85 -2
16 59 20
17 24 18
28 33 -13
26 72 20
46 87 -14
6 14 1
38 83 -4
49 92 9
90 93 6
42 53 -5
61 66 3
21 30 17
0 56 3
20 34 1
39 47 9
30 78 2
23 39 -3
2 16 -8
75 86 12
54 63 -13
0 92 20
20 70 13
12 66 2
53 67 -1
13 31 11
44 98 -15
23 75 18
64 76 14
24 40 -16
84 91 -5
16 36 -10
43 53 12
35 49 -14
45 99 -13
5 26 -4
46 64 -6
65 77 -16
37 95 -16
17 37 11
76 86 6
68 82 -2
15 76 16
7 72 -14
26 85 -13
27 50 -12
79 97 -12
30 55 -12
71 93 -7
50 70 -8
42 66 -5
0 69 -5
60 83 -1
12 43 -3
31 56 6
4 39 9
75 99 16
1 33 -6
25 98 -5
45 76 13
64 89 9
56 85 6
9 10 -20
15 53 10
26 62 -10
5 39 1
59 96 19
46 77 -7
38 73 -5
7 85 -1
8 50 6
18 94 -8
19 59 16
31 33 9
60 96 20
53 57 -11
24 30 -15
16 26 -7
22 69 7
14 65 -13
34 80 12
45 89 8
5 16 4
46 54 -8
86 90 7
38 50 9
57 63 19
3 92 -20
89 95 -11
47 98 -9
8 27 -11
26 75 -3
27 40 -8
19 36 11
71 83 -10
82 92 17
29 86 14
21 82 12
0 59 7
41 60 16
40 95 3
20 37 19
60 73 -15
11 68 6
52 69 18
12 33 15
44 65 9
10 72 16
75 89 -13
1 23 17
33 92 -12
53 70 -18
3 69 8
14 78 -1
15 43 5
7 39 -1
67 90 -11
26 52 11
59 86 6
18 48 6
7 75 -19
8 40 3
48 76 -11
40 72 16
19 49 -2
71 96 -14
63 92 -1
21 95 17
41 73 2
33 69 -14
44 78 -2
10 85 3
3 46 9
22 59 -5
15 20 -14
26 29 4
13 96 9
37 75 -19
70 72 -17
55 92 -20
15 56 12
27 30 -13
59 99 -16
18 61 2
71 73 -2
30 35 13
63 69 -14
9 98 -13
29 76 4
33 46 -6
6 92 17
12 23 4
52 59 13
44 55 13
33 82 1
74 83 11
25 78 14
66 79 1
85 92 6
32 86 4
51 99 -5
43 95 15
14 68 18
55 69 17
26 42 -5
86 93 14
17 79 16
9 75 7
8 30 17
0 26 4
40 62 7
11 35 -3
29 89 -14
21 85 -14
62 86 -12
41 63 -10
81 99 17
52 72 10
25 55 -11
31 98 -14
51 76 -14
3 36 8
22 49 3
14 45 3
74 96 16
66 92 -11
32 99 -19
24 95 2
16 91 15
36 69 16
55 82 -15
7 42 2
5 81 -11
11 12 -11
17 92 11
58 93 -10
9 88 17
29 66 13
48 79 -8
40 75 5
33 36 -8
62 99 20
66 69 -8
12 98 18
43 85 13
3 49 18
36 46 3
15 23 11
96 97 17
1 88 19
7 19 -8
26 32 6
59 66 1
70 75 13
36 82 -3
77 83 -4
28 78 -17
29 43 -12
48 56 14
21 39 -1
0 16 -20
5 94 10
92 99 17
62 76 -10
54 72 14
33 49 -17
73 85 -2
20 79 4
32 53 -15
2 61 20
43 62 -17
14 35 -20
66 82 13
32 89 -12
24 85 6
43 98 -11
16 81 -15
17 46 -8
35 94 20
36 59 9
55 72 -18
28 55 -17
47 68 -17
5 71 -8
6 36 -19
17 82 11
58 83 -7
9 78 8
50 79 10
69 92 6
21 52 -14
19 91 8
39 69 -20
2 38 11
73 98 -9
20 92 -13
12 88 4
13 53 -4
32 66 -19
4 84 11
24 62 -11
16 58 -1
7 9 4
13 89 -14
5 48 -6
57 95 15
58 60 7
9 55 -7
49 91 -19
28 68 11
21 29 -20
40 42 -16
6 49 -13
58 96 7
50 92 -1
2 15 -3
8 95 -17
39 82 -4
31 78 17
32 43 5
24 39 -5
3 16 -4
35 48 18
95 99 -8
4 97 14
24 75 -13
65 76 -20
16 71 -9
17 36 2
76 85 3
9 32 -2
68 81 -8
6 26 -10
58 73 15
77 86 -7
50 69 -15
21 42 -5
27 85 -1
39 59 3
2 28 5
75 98 -2
20 82 7
12 78 17
32 56 13
72 92 -7
23 87 -12
24 52 17
64 88 -10
43 65 -18
4 74 12
46 76 17
68 94 -12
27 62 7
19 58 -18
30 67 -9
50 82 -9
27 98 -2
0 81 -2
19 94 3
20 59 -8
39 72 11
13 20 12
32 33 19
4 51 -4
23 64 1
13 56 -15
53 92 19
37 84 19
65 66 -11
36 39 9
3 91 -8
26 74 -11
46 89 -13
5 51 -17
38 85 2
50 59 2
69 72 -13
61 68 18
7 97 -20
27 75 7
39 49 17
12 32 1
30 80 -1
31 45 -11
23 41 -15
83 92 10
1 22 -4
33 91 17
12 68 -10
72 82 7
45 65 -13
24 42 -2
22 81 -8
1 58 -1
34 92 -12
5 28 10
65 79 11
9 35 3
49 71 -16
27 52 15
18 83 -2
11 44 -7
71 95 -14
42 68 -19
0 71 12
60 85 18
11 80 -8
12 45 20
31 58 -11
4 41 -16
44 77 6
53 82 -1
64 91 17
14 90 18
15 55 -20
18 60 3
71 72 -20
48 88 -15
8 52 15
27 65 16
19 61 1
60 62 -2
11 57 -15
12 22 19
30 70 -15
23 31 -1
75 78 -9
41 85 2
1 12 -16
60 98 -20
33 81 -12
34 46 -4
53 59 3
25 77 13
44 90 16
13 23 4
93 95 -17
37 51 -4
16 28 -7
22 71 -18
34 82 12
67 79 -7
46 56 -11
37 87 -11
38 52 14
57 65 -7
70 84 -12
3 94 12
49 61 -10
89 97 -16
15 68 15
7 64 -5
8 29 -14
26 77 14
27 42 -11
18 73 -17
30 47 7
29 88 -13
40 97 4
0 61 -20
33 58 18
52 71 -20
12 35 -10
4 31 12
1 25 7
74 95 16
53 72 4
25 90 -11
66 91 11
45 68 14
32 98 -14
15 45 -15
7 41 15
67 92 -9
18 50 7
9 87 -11
29 65 12
40 74 -12
0 38 -3
19 51 12
62 98 -17
1 2 -6
34 36 12
52 84 -5
44 80 -15
37 41 -6
10 87 -6
51 88 4
3 48 -15
22 61 -7
14 57 14
67 69 -1
26 31 -3
55 94 -7
28 77 -9
7 54 -10
47 90 -19
18 63 15
5 93 1
11 24 -18
92 98 -8
71 75 -20
30 37 13
40 87 -19
6 94 3
14 34 11
74 85 -17
34 49 -20
37 54 -14
3 61 -14
43 97 -1
14 70 -12
7 31 16
47 67 14
26 44 2
18 40 20
78 91 11
9 77 -2
77 95 -14
28 90 -11
29 55 -6
21 51 -6
40 64 -4
6 71 -9
10 41 8
21 87 -17
33 61 -9
25 57 -20
20 91 2
44 70 15
10 77 20
51 78 -6
23 96 -16
43 74 13
14 47 -17
