100 2475 1
16 93 12
36 71 -4
55 84 -17
28 67 -13
47 80 9
40 41 -19
0 5 -15
11 14 19
6 48 -2
58 95 -19
50 91 1
73 74 -9
44 47 -1
39 81 4
2 50 -12
3 15 11
22 28 6
54 97 13
66 71 -14
13 65 9
43 87 -10
16 70 7
35 83 -4
1 90 8
7 21 -16
88 95 18
59 68 11
5 60 18
46 98 4
70 77 16
36 84 1
77 85 15
9 67 -8
28 80 19
29 45 -19
69 81 -3
48 58 -20
21 41 3
10 31 -5
54 74 -6
25 47 -6
32 55 -9
23 86 -3
43 64 15
14 37 5
1 67 -2
66 84 -13
36 61 15
9 44 -15
28 57 16
6 38 -19
58 85 17
42 77 -18
61 90 -1
8 84 12
27 97 -15
23 99 -15
24 64 14
16 60 10
17 25 20
35 73 18
7 11 8
6 15 -20
38 84 3
17 61 -17
58 62 -14
49 93 -1
50 58 9
69 71 5
29 35 -2
61 67 12
21 31 -7
7 96 -2
40 44 1
27 74 -9
6 51 18
58 98 -6
50 94 9
42 90 -3
54 64 -6
0 93 12
20 71 -20
39 84 -18
12 67 4
31 80 5
32 45 -20
3 18 -19
43 54 -14
16 37 18
35 50 6
34 91 11
13 68 2
4 99 -1
37 96 -9
16 73 -20
17 38 9
28 47 -4
88 98 -3
5 63 15
38 97 -14
58 75 -11
50 71 -16
42 67 15
61 80 11
8 74 -6
19 83 4
11 79 18
12 44 -12
31 57 -15
2 30 8
1 34 -6
53 81 15
4 76 -1
24 54 -20
16 50 6
35 63 20
9 11 2
5 40 -20
46 78 -6
65 91 11
57 87 5
49 83 -17
42 44 -6
7 86 -8
27 64 20
31 34 16
10 11 -4
42 80 14
2 7 18
0 83 18
19 96 -5
11 92 -19
12 57 -14
13 22 -9
31 70 15
23 66 20
16 27 -13
1 47 20
53 94 8
45 90 2
46 55 3
65 68 14
38 51 -12
56 99 6
57 64 -3
3 93 -6
9 24 -16
49 60 16
28 37 -3
26 76 -11
27 41 5
6 18 2
38 87 11
30 46 -14
90 97 9
7 99 -15
8 64 -11
27 77 -12
19 73 -6
20 38 11
39 51 8
30 82 -11
31 47 -12
4 30 -11
91 98 4
83 94 14
75 90 -18
41 97 -15
34 58 -16
25 89 -1
13 35 17
53 71 5
64 80 -19
56 76 -20
14 79 18
5 30 14
46 68 -7
37 99 14
57 77 -18
49 73 -5
15 80 -20
7 76 10
26 89 3
27 54 -17
18 85 -18
19 50 -5
71 97 16
30 59 -6
21 96 8
0 73 7
41 74 -10
20 51 17
60 87 6
52 83 -5
4 43 15
22 60 6
53 84 19
5 7 20
56 89 16
9 14 9
49 50 3
26 66 -20
71 74 7
29 77 13
48 90 7
8 54 17
40 86 20
19 63 -6
20 28 -1
39 41 12
4 20 -14
23 33 -12
75 80 -3
1 14 -5
33 83 13
52 96 17
25 79 7
53 61 15
93 97 -5
44 92 19
56 66 1
2 95 2
3 60 -15
15 34 1
67 81 5
38 54 18
78 90 17
36 93 17
15 70 17
48 67 -11
27 44 17
0 27 -10
79 91 -18
11 36 -9
71 87 -12
29 90 -13
41 64 4
60 77 -16
33 60 9
52 73 -10
44 69 20
10 76 6
2 72 16
14 46 -5
74 97 -4
66 93 -16
37 66 2
14 82 -1
15 47 -9
55 83 16
47 79 15
7 43 19
26 56 -15
0 4 -6
18 52 1
11 13 15
70 99 -16
9 89 14
8 44 1
21 63 -14
0 40 -7
11 49 9
12 14 -15
44 46 7
41 77 -11
54 96 18
33 73 -17
34 38 -5
44 82 -18
45 47 -12
10 89 -9
2 85 -2
3 50 -13
7 20 -14
26 33 8
59 67 -11
78 80 14
70 76 12
17 70 -13
36 83 11
28 79 -7
7 56 18
8 21 5
40 53 -5
29 80 10
33 50 -9
25 46 11
39 93 -18
10 66 -7
2 62 -6
22 40 1
14 36 13
34 51 -1
85 96 16
32 90 1
43 99 14
16 82 13
35 95 -7
36 60 4
55 73 -18
67 84 -15
5 72 -11
70 89 12
36 96 13
9 79 5
28 92 -15
69 93 -19
6 73 5
10 43 -5
2 39 2
20 93 3
12 89 10
32 67 3
23 98 2
2 75 -16
3 40 -5
43 76 -14
35 72 20
14 49 20
1 79 3
7 10 17
18 19 -3
24 99 -20
36 73 16
28 69 -6
29 34 3
47 82 -13
8 11 -5
40 43 -2
5 85 20
11 16 18
6 50 2
9 92 -19
50 93 -2
29 70 -8
42 89 -18
21 66 -1
62 67 4
8 96 -17
33 40 -9
25 36 13
31 79 10
51 57 16
2 52 5
3 17 5
22 30 4
66 73 -19
85 86 15
32 80 -11
4 98 13
51 93 -4
16 72 14
35 85 -4
55 63 13
28 46 7
1 92 -17
7 23 1
47 59 6
59 70 2
5 62 -7
38 96 -19
77 87 -2
9 69 -3
28 82 -15
69 83 8
21 43 -15
40 56 -17
80 92 -13
27 86 -6
6 63 10
30 91 17
2 29 -18
39 96 5
31 92 11
4 75 5
24 53 16
43 66 2
3 30 -13
35 62 -18
17 50 14
36 63 -2
9 46 -1
68 95 9
47 72 16
5 75 -20
42 79 13
2 6 -20
61 92 -6
27 99 -1
0 82 -13
19 95 10
20 60 11
39 73 -4
31 69 -19
23 65 7
2 42 10
3 7 -12
35 39 -11
14 16 12
20 96 17
53 93 4
4 88 3
43 79 -20
17 27 -10
36 40 -1
9 23 -18
47 49 1
46 90 -19
38 86 20
57 99 8
58 64 10
49 95 14
50 60 -19
9 59 -18
29 37 16
69 73 16
80 82 16
31 46 -17
50 96 -14
2 19 -15
83 93 2
62 70 20
8 99 -1
54 66 -4
20 73 9
12 69 5
13 34 -6
31 82 -11
4 65 -18
32 47 5
51 60 -20
24 43 12
35 52 8
87 99 20
46 67 -20
65 80 -8
17 40 6
76 89 -17
9 36 13
28 49 16
68 85 -15
6 30 7
38 99 -2
42 69 -16
61 82 8
8 76 -16
27 89 -18
0 72 9
19 85 -6
39 63 8
12 46 11
30 94 -6
11 81 -19
4 42 9
23 55 16
1 36 -19
13 47 -3
72 96 -13
64 92 15
6 7 -8
65 93 20
57 89 7
49 85 10
68 98 -16
42 46 -20
8 53 2
0 49 -11
10 13 -4
23 32 -5
2 9 12
8 89 3
0 85 4
60 99 -5
52 95 7
12 59 -20
13 24 18
4 55 14
72 73 -17
24 33 13
10 98 -11
35 42 12
87 89 20
1 49 14
45 92 2
46 57 1
5 19 -16
37 88 15
17 30 3
57 66 12
3 95 19
49 62 -12
9 26 -3
76 79 17
68 75 -8
15 69 -5
7 65 -1
18 74 -17
19 39 8
50 63 -17
90 99 -2
82 95 -15
8 66 11
19 75 -12
20 40 17
39 53 -3
12 36 17
31 49 -19
4 32 19
23 45 17
83 96 10
75 92 -12
41 99 -7
53 73 4
45 69 -12
37 65 -17
16 42 11
22 85 -19
15 46 12
26 55 15
18 51 -2
38 66 3
15 82 15
7 78 12
8 43 12
18 87 12
19 52 -14
11 48 9
12 13 -5
63 95 -20
41 76 -16
33 72 11
52 85 4
25 68 2
4 45 -14
45 46 -10
22 62 -10
34 73 2
45 82 9
5 9 -3
46 47 -12
78 79 15
3 85 20
49 52 19
22 98 -11
55 95 5
8 20 11
18 64 15
19 29 3
79 80 -11
30 38 -4
71 76 -18
63 72 -7
8 56 7
40 88 -12
41 53 5
0 52 19
20 30 -5
60 66 -14
31 39 -13
44 58 1
1 16 18
33 85 2
53 63 -1
93 99 -19
45 59 -6
2 97 -2
3 62 -15
22 75 -4
14 71 -3
7 32 2
26 45 4
67 83 3
59 79 -14
18 41 -18
38 56 6
7 68 -11
8 33 12
0 29 19
6 72 3
11 38 19
30 51 -14
63 85 14
29 92 -13
52 75 15
2 74 11
3 39 5
22 52 -12
14 48 -18
34 63 -6
66 95 -18
37 68 -8
36 72 -8
55 85 17
7 45 -14
8 10 -14
11 15 8
9 91 -14
29 69 -3
48 82 1
40 78 1
33 39 -18
12 16 14
44 48 -14
4 12 15
2 51 -15
22 29 1
1 6 -15
33 75 4
34 40 -5
74 76 12
25 71 -11
66 72 -16
45 49 -20
2 87 6
43 88 -19
15 26 17
55 62 -3
67 73 19
26 35 -9
18 31 -20
89 91 1
17 72 3
9 68 -9
55 98 6
47 94 -17
8 23 6
5 97 18
11 28 1
6 62 7
29 82 1
21 78 -12
41 56 5
73 88 -9
33 52 -8
10 68 -7
2 64 14
74 89 14
13 79 18
24 88 -3
16 84 2
15 39 -9
7 35 4
47 71 -12
18 44 -5
5 74 9
17 85 -18
58 86 -5
9 81 10
29 59 14
48 72 -9
2 41 -18
62 92 10
54 88 6
25 61 -18
32 69 14
51 82 17
24 65 12
3 42 -2
43 78 5
15 16 -10
7 12 6
18 21 4
29 36 -14
47 84 15
21 32 -11
40 45 -10
50 95 14
21 68 -15
8 98 1
54 65 -8
33 42 -10
25 38 -7
39 85 18
23 77 18
84 93 4
43 55 6
22 32 19
14 28 -7
87 98 -19
35 87 -12
55 65 -5
1 94 -2
88 99 13
47 61 -2
5 64 -6
38 98 -20
77 89 -15
29 49 7
61 81 1
40 58 -11
27 88 -14
30 93 4
10 35 13
62 82 7
20 85 -3
12 81 -12
31 94 -7
32 59 3
23 90 -18
24 55 -17
43 68 -16
1 71 -20
13 82 6
5 41 4
36 65 12
28 61 5
21 22 14
6 42 3
50 85 18
69 98 -9
42 81 -1
2 8 3
8 88 5
0 84 -15
19 97 -1
20 62 6
31 71 1
32 36 13
23 67 -8
24 32 7
3 9 -18
35 41 16
1 48 5
13 59 2
53 95 12
32 72 3
24 68 19
65 69 -7
17 29 6
36 42 11
76 78 -13
1 84 1
5 54 4
46 92 12
6 19 -7
38 88 2
58 66 -19
9 61 20
77 79 4
69 75 -14
61 71 -10
27 78 15
19 74 13
39 52 -1
30 83 -16
42 94 1
0 97 17
41 98 -11
13 36 -2
31 84 17
32 49 17
4 67 10
23 80 7
64 81 -20
84 96 -7
1 61 -15
46 69 14
5 31 14
65 82 -19
38 65 20
76 91 -7
68 87 -19
7 77 9
27 55 20
6 32 -13
58 79 13
50 75 -16
42 71 -8
61 84 12
27 91 -16
11 83 16
39 65 -5
30 96 -6
31 61 12
4 44 -20
12 48 -17
23 57 12
1 38 -4
13 49 18
53 85 -14
4 80 12
5 8 -20
64 94 3
56 90 16
16 54 -7
3 84 19
22 97 -13
14 93 -8
46 82 -20
38 78 7
49 87 -18
50 52 7
42 48 -2
27 68 -14
0 51 -5
19 64 -18
39 42 13
12 25 18
2 11 -6
41 88 9
33 84 20
52 97 18
44 93 -8
4 57 -16
64 71 -17
1 51 -18
34 85 8
45 94 16
5 21 6
65 72 18
37 90 7
57 68 19
49 64 -10
9 28 -15
68 77 -5
7 67 6
8 32 -13
26 80 13
18 76 1
19 41 16
11 37 10
71 88 -18
30 50 -12
82 97 11
42 61 -8
8 68 -18
20 42 -2
11 73 -11
31 51 6
4 34 20
23 47 17
83 98 -2
75 94 19
1 28 -11
33 97 2
34 62 -10
53 75 -5
25 93 7
37 67 13
56 80 8
3 74 13
22 87 1
14 83 -6
67 95 7
18 53 14
59 91 2
38 68 -6
7 80 -3
48 81 -20
8 45 -19
18 89 9
19 54 5
11 50 -18
4 11 -9
63 97 -9
23 24 9
1 5 -18
52 87 14
25 70 4
13 16 3
45 48 4
37 44 -3
10 90 -11
14 60 -13
46 49 -7
5 11 -18
37 80 15
38 45 -4
3 87 -11
49 54 -15
47 93 18
18 66 -19
19 31 -3
79 82 -14
11 27 -17
71 78 -8
30 40 14
63 74 -19
29 81 12
21 77 11
41 55 1
20 32 -12
44 60 -6
23 37 3
2 63 -9
74 88 -15
44 96 -10
85 97 -16
45 61 -5
37 57 -7
3 64 5
22 77 3
14 73 -14
15 38 11
7 34 -2
26 47 -13
59 81 3
70 90 20
29 58 11
40 67 13
0 31 14
63 87 -10
29 94 -15
21 90 5
52 77 16
25 60 -7
44 73 10
10 80 -11
2 76 -8
3 41 2
22 54 18
14 50 3
66 97 -7
13 91 14
18 20 -8
16 96 -14
36 74 6
55 87 4
28 70 19
8 12 2
0 8 -19
18 56 -18
19 21 5
5 86 1
17 97 -12
63 64 14
9 93 16
40 80 -10
41 45 19
33 41 2
52 54 -11
25 37 -3
10 57 13
22 31 -15
74 78 -8
25 73 -19
66 74 -16
85 87 -15
32 81 -12
37 47 2
51 94 13
24 77 -2
43 90 17
47 60 -14
7 24 15
78 84 13
36 87 15
77 88 3
29 48 16
47 96 6
21 44 9
40 57 13
5 99 -12
6 64 6
11 30 -9
21 80 -18
41 58 -19
81 94 19
33 54 3
73 90 4
31 93 5
10 70 4
2 66 20
22 44 -18
14 40 -9
32 94 8
24 90 -19
16 86 18
17 51 7
36 64 4
28 60 20
5 76 -17
17 87 15
58 88 -13
9 83 -14
29 61 14
69 97 15
61 93 -10
40 70 3
6 77 -9
62 94 -6
54 90 1
20 97 -6
13 58 -12
51 84 16
43 80 -2
16 63 -8
13 94 -16
59 61 -10
46 91 -1
9 60 -17
40 47 14
80 83 8
92 94 -8
50 97 -6
42 93 9
54 67 -2
0 96 8
25 40 8
20 74 17
39 87 -6
32 48 4
23 79 6
43 57 8
13 71 -10
24 80 17
9 37 -13
28 50 11
68 86 -8
5 66 -1
6 31 -3
9 73 14
50 74 17
21 47 1
80 96 -20
8 77 -14
27 90 11
11 82 -12
39 64 20
30 95 -2
10 37 8
2 33 4
20 87 3
13 48 12
32 61 -4
64 93 5
46 81 -17
38 77 11
17 54 -9
57 90 -15
9 50 -8
49 86 -10
68 99 4
7 89 -8
58 91 -5
42 83 15
8 90 -19
54 57 -14
0 86 -12
19 99 15
11 95 -15
12 60 -19
13 25 -1
4 56 11
23 69 -7
24 34 -6
43 47 16
53 97 -2
4 92 16
5 20 -16
24 70 -11
17 31 -18
3 96 -1
28 40 19
46 94 6
38 90 -16
58 68 -17
49 99 -18
77 81 -19
61 73 -16
80 86 14
27 80 11
20 41 20
11 72 -10
2 23 11
1 27 13
20 77 -1
13 38 -1
4 69 -20
64 83 9
24 47 -7
84 98 14
16 43 -19
56 79 -19
35 56 18
22 86 -16
1 63 17
34 97 -10
46 71 20
38 67 17
57 80 6
76 93 1
9 40 -1
49 76 -20
26 92 11
18 88 2
19 53 -13
50 77 15
63 96 20
8 80 -15
19 89 -19
20 54 -2
39 67 -10
52 86 6
13 15 1
11 85 8
4 46 -11
23 59 16
16 20 -19
1 40 15
45 83 4
64 96 -18
37 79 -8
38 44 6
3 86 -17
49 53 -12
9 17 -19
15 60 4
18 65 17
6 11 -14
79 81 6
30 39 6
49 89 19
50 54 -17
82 86 11
61 63 2
8 57 -9
39 44 -20
30 75 2
31 40 -8
83 87 9
75 83 -16
94 96 -19
33 86 -16
13 28 -16
25 82 18
72 77 2
24 37 5
64 73 3
56 69 -17
16 33 -19
2 98 -8
22 76 -5
14 72 9
34 87 -18
45 96 1
5 23 -6
46 61 8
38 57 2
3 99 -16
49 66 2
8 34 -13
0 30 5
79 94 10
30 52 -20
63 86 -8
82 99 14
29 93 11
21 89 19
41 67 -17
60 80 2
11 75 11
52 76 17
44 72 1
10 79 8
34 64 -1
53 77 4
37 69 -14
56 82 6
22 89 18
15 50 9
26 59 -14
18 55 -4
19 20 17
7 82 -5
48 83 -13
6 86 4
12 17 -15
4 13 10
23 26 -14
13 18 -11
56 59 4
15 27 18
67 74 1
86 87 -8
5 13 13
70 79 10
49 56 -9
36 86 3
47 95 -17
8 24 3
48 60 -14
19 33 -20
79 84 3
5 98 3
71 80 -11
82 89 16
29 83 -10
21 79 -9
41 57 -10
60 70 -5
6 99 -9
25 49 -3
4 26 -12
44 62 14
2 65 -9
22 43 -5
33 89 16
85 99 -2
37 59 -4
32 93 3
3 66 -17
35 98 7
67 87 -3
18 45 7
59 83 -11
70 92 17
17 86 -1
36 99 -8
28 95 -16
8 37 10
40 69 4
11 42 -5
29 96 12
62 93 -10
44 75 4
51 83 20
2 78 12
22 56 17
14 52 -1
15 17 10
59 60 -14
18 22 -17
17 63 7
28 72 4
0 10 18
29 73 20
21 69 -20
40 82 -17
41 47 20
73 79 6
52 56 -13
25 39 8
10 59 4
2 55 -7
22 33 -1
14 29 -3
34 44 15
74 80 6
85 89 -18
13 70 4
37 49 -16
51 96 2
43 92 5
3 56 -5
35 88 2
55 66 17
47 62 19
26 39 -9
59 73 2
17 76 16
9 72 -18
29 50 5
40 59 -10
6 66 -9
10 36 4
54 79 -17
73 92 12
33 56 16
39 99 11
31 95 -11
51 73 1
2 68 11
43 69 10
35 65 17
13 83 -10
32 96 -11
24 92 -5
36 66 -7
47 75 9
5 78 11
29 63 11
42 82 -10
19 98 -2
10 49 -7
2 45 15
3 10 20
14 19 -8
4 91 -12
32 73 -3
51 86 -1
24 69 10
43 82 -12
16 65 -13
36 43 18
1 85 -11
59 63 14
46 93 1
77 80 2
9 62 19
28 75 19
69 76 15
48 53 -1
61 72 12
21 36 -20
40 49 8
27 79 3
6 56 -20
92 96 -2
30 84 2
2 22 -10
81 86 6
0 98 19
73 82 -10
20 76 -13
39 89 -6
12 72 -19
32 50 1
4 68 6
84 97 -15
3 23 -1
1 62 17
13 73 2
65 83 -5
16 78 -6
76 92 9
9 39 -8
28 52 -15
5 68 14
77 93 -12
50 76 -4
69 89 2
42 72 -10
39 66 -4
54 82 4
20 89 -4
12 85 15
13 50 -18
4 81 20
72 99 14
32 63 5
24 59 9
64 95 -8
43 72 4
16 55 12
1 75 -15
46 83 -18
5 45 12
6 10 -6
17 56 19
9 52 -12
50 53 -19
29 30 11
21 26 -5
7 91 -7
6 46 16
39 43 10
50 89 -5
83 86 18
94 95 20
12 62 -18
13 27 15
51 53 10
23 71 -14
34 86 18
13 63 -15
46 60 -11
37 91 8
57 69 -9
3 98 -10
9 29 18
28 42 -11
26 81 -11
79 93 4
58 70 -3
50 66 -14
69 79 -19
8 69 -19
27 82 12
0 65 10
39 56 11
11 74 12
31 52 12
23 48 -19
83 99 -5
75 95 1
33 98 3
12 75 -12
25 94 -10
53 76 4
45 72 20
56 81 10
22 88 -17
5 35 -6
57 82 13
49 78 -19
15 85 -1
7 81 -15
26 94 1
27 59 17
19 55 -17
11 51 -19
30 64 -3
63 98 2
41 79 -2
20 56 -7
60 92 -2
12 52 18
4 48 -20
44 84 -11
16 22 -19
46 50 6
5 12 15
56 94 -7
17 23 13
49 55 9
7 58 -1
26 71 20
19 32 -12
79 83 -5
30 41 -15
82 88 -15
7 94 -11
48 95 -18
8 59 -2
0 55 -15
19 68 -18
60 69 17
11 64 -12
12 29 3
91 93 19
83 89 20
41 92 17
34 53 -20
25 84 -19
16 35 -13
22 78 11
14 74 15
34 89 14
67 86 -12
26 48 -19
46 63 20
86 99 4
5 25 5
78 95 17
36 98 6
0 32 4
19 45 20
79 96 12
71 92 -13
30 54 -1
63 88 -1
21 91 2
0 68 5
33 65 -3
12 42 20
44 74 -11
2 77 -1
34 66 -16
53 79 13
25 97 16
37 71 -10
22 91 9
14 87 19
8 13 11
18 57 19
59 95 19
17 98 -10
63 65 -8
29 72 17
48 85 -2
41 46 -16
6 88 6
12 19 -11
31 32 16
4 15 10
23 28 -17
41 82 16
1 9 -2
34 43 -12
25 74 -8
44 87 -17
45 52 -3
37 48 7
10 94 18
56 61 3
14 64 -19
26 38 1
78 85 -2
38 49 -17
97 98 15
89 94 19
36 88 3
28 84 5
7 61 14
27 39 -13
19 35 -6
11 31 -3
71 82 -6
30 44 13
63 78 15
82 91 17
40 94 -10
41 59 15
33 55 -4
25 51 -10
44 64 18
4 28 -1
3 32 7
22 45 -5
25 87 -15
66 88 5
3 68 -13
15 42 20
47 74 11
18 47 -19
59 85 6
17 88 13
48 75 -9
6 78 10
10 48 3
62 95 -18
20 98 -8
2 80 -3
14 54 10
15 19 5
13 95 -11
59 62 -6
70 71 -9
17 65 11
36 78 -6
55 91 -5
48 52 -18
0 12 -12
5 90 -20
92 95 14
9 97 16
41 49 4
73 81 -9
6 91 7
52 58 -13
10 61 3
51 62 3
2 57 10
3 22 -3
74 82 -7
13 72 -19
32 85 16
51 98 -19
43 94 -18
16 77 10
35 90 20
55 68 -9
28 51 7
1 97 11
7 28 5
59 75 -18
17 78 5
9 74 1
69 88 6
40 61 16
6 68 2
2 34 13
81 98 -5
54 81 -18
73 94 -1
20 88 15
31 97 13
32 62 12
3 35 19
43 71 16
13 85 12
24 94 20
65 95 -3
36 68 -2
9 51 18
47 77 15
21 25 -4
6 45 -9
58 92 19
50 88 -6
10 15 -19
21 61 18
25 31 -2
11 96 -4
10 51 -8
23 70 19
51 52 -14
3 12 1
43 48 -4
22 25 -20
14 21 8
66 68 5
12 97 19
32 75 -11
24 71 3
43 84 -6
35 80 -4
36 45 5
1 87 -7
88 92 -16
46 95 -15
6 22 -7
38 91 -15
58 69 5
50 65 -20
29 42 -5
61 74 -2
21 38 -11
40 51 -1
80 87 -6
27 81 -9
19 77 6
10 28 -2
42 97 -4
2 24 -10
62 75 13
54 71 14
73 84 -14
20 78 8
31 87 15
51 65 -6
23 83 -1
3 25 -10
16 44 -12
35 57 -1
34 98 -1
5 34 -19
16 80 -8
57 81 -15
36 58 -19
76 94 -12
49 77 -7
68 90 6
28 54 -8
15 84 18
5 70 -7
27 94 13
19 90 -3
20 55 13
11 86 -10
12 87 3
32 65 -6
45 84 1
56 93 -18
17 22 -14
16 57 19
9 18 -6
1 77 -6
46 85 16
6 12 -14
38 81 18
57 94 -13
58 59 4
42 51 7
15 97 -13
8 58 -10
27 71 -8
19 67 13
39 45 -10
30 76 -13
31 41 -15
10 18 19
62 65 -5
8 94 -11
41 91 -3
20 68 -18
11 99 18
12 64 -5
32 42 -4
4 60 -4
23 73 -1
24 38 7
43 51 1
16 34 -19
84 89 -1
35 47 9
95 98 -5
87 94 -16
34 88 17
45 97 -16
37 93 19
65 75 -10
38 58 -14
17 35 15
57 71 -12
76 84 8
9 31 7
49 67 -4
15 74 5
26 83 4
18 79 5
6 25 8
79 95 -4
58 72 1
61 77 -11
8 71 -19
27 84 15
19 80 18
20 45 -15
30 89 8
23 50 7
1 31 -17
34 65 -17
25 96 -5
13 42 13
4 73 11
45 74 -10
37 70 19
16 47 -10
67 98 -3
26 60 -8
5 37 9
57 84 -11
49 80 16
7 83 -4
8 48 -16
26 96 11
18 92 16
19 57 17
11 53 13
12 18 -1
23 27 -3
2 4 -19
60 94 -3
33 77 -19
53 55 8
13 19 -5
44 86 8
56 60 17
16 24 -18
35 37 -7
34 78 5
86 88 -6
5 14 -14
46 52 13
37 83 -1
3 90 -3
89 93 12
14 99 4
15 64 14
8 25 -15
26 73 -4
82 90 17
42 54 6
29 84 -1
48 97 -20
0 57 12
60 71 1
20 35 -19
11 66 12
52 67 -18
12 31 -4
31 44 -3
4 27 18
75 87 -2
41 94 3
33 90 -20
53 68 -11
25 86 -12
14 76 -13
46 65 -15
78 97 -15
49 70 2
15 77 -13
8 38 10
18 82 16
79 98 -12
11 43 9
30 56 7
63 90 18
29 97 19
21 93 13
60 84 -9
33 67 19
44 76 -13
10 83 -13
22 57 8
25 99 -6
26 27 -20
45 77 15
37 73 11
3 80 3
15 54 20
7 50 10
8 15 16
26 63 1
27 28 -13
47 86 18
59 97 -17
19 24 7
18 59 -10
11 20 7
30 33 -3
63 67 20
29 74 -12
40 83 -11
0 47 -2
6 90 5
4 17 20
44 53 -9
23 30 11
75 77 17
22 34 -19
34 45 -20
53 58 -9
44 89 -3
85 90 4
51 97 5
2 92 12
3 57 10
43 93 10
22 70 -5
14 66 -5
18 36 -10
78 87 4
28 86 -9
47 99 16
40 60 -19
0 24 -12
19 37 -19
71 84 -20
63 80 14
29 87 2
21 83 -8
81 97 -10
41 61 -8
73 93 -19
33 57 -17
52 70 -4
44 66 -17
15 44 -4
18 49 9
70 96 -19
29 64 19
40 73 19
25 30 6
4 7 5
2 46 14
62 97 19
22 24 -1
25 66 18
12 96 14
37 40 -16
32 74 -18
51 87 7
35 79 -3
14 56 17
55 57 20
15 21 -5
7 17 7
18 26 10
59 64 7
70 73 -5
17 67 18
55 93 12
0 14 15
40 50 -8
5 92 -5
11 23 2
92 97 -3
6 57 10
9 99 -4
81 87 -9
41 51 -14
33 47 -8
25 43 -9
39 90 14
44 56 2
10 63 -12
51 64 4
2 59 20
43 60 3
22 37 1
14 33 11
74 84 -20
43 96 4
28 53 -7
1 99 13
47 66 4
9 76 19
28 89 18
29 54 13
80 99 14
27 93 18
6 70 19
30 98 16
10 40 8
54 83 -1
73 96 -14
20 90 14
4 82 -5
32 64 -19
43 73 -9
5 46 12
24 96 -18
65 97 -2
16 92 -12
17 57 -7
28 66 19
29 31 6
21 27 10
58 94 16
50 90 -14
10 17 6
42 86 -4
61 99 13
62 64 -13
8 93 7
54 60 5
0 89 9
33 37 9
25 33 -18
20 67 15
11 98 18
12 63 3
51 54 7
84 88 11
3 14 -12
95 97 -7
87 93 -18
1 53 -7
12 99 20
13 64 16
4 95 -8
65 74 12
16 69 -5
17 34 4
9 30 -11
1 89 -19
5 59 -6
6 24 -16
38 93 -8
58 71 13
77 84 15
50 67 11
29 44 -3
42 63 18
21 40 -3
61 76 -20
80 89 -5
8 70 14
39 57 7
31 53 3
2 26 -3
62 77 6
20 80 15
31 89 -16
72 90 20
32 54 20
23 85 2
24 50 9
16 46 -10
35 59 6
1 66 5
17 47 -3
49 79 -7
68 92 -6
28 56 11
15 86 15
27 60 -3
6 37 18
58 84 1
42 76 -18
61 89 3
19 92 -17
4 49 -15
13 54 -8
57 60 6
36 37 -11
68 69 -8
46 87 -19
57 96 11
49 92 6
42 53 -3
61 66 -2
7 95 8
27 73 -8
20 34 7
39 47 -1
30 78 -4
31 43 -15
83 90 -17
75 86 17
20 70 6
13 31 -17
53 67 -14
32 44 12
4 62 5
24 40 16
56 72 -16
16 36 8
35 49 -17
1 56 19
46 64 -18
5 26 12
38 60 -20
17 37 1
7 72 3
27 50 7
19 46 12
79 97 -6
71 93 -17
30 55 -3
50 70 5
42 66 16
8 73 -18
0 69 -9
19 82 -10
39 60 -14
52 79 2
12 43 1
4 39 -8
75 99 -5
1 33 -10
34 67 -9
45 76 -19
64 89 3
37 72 2
16 49 9
9 10 13
22 92 6
15 53 8
46 77 9
18 58 10
5 39 -11
38 73 -7
42 43 16
15 89 -19
48 86 -1
27 63 17
19 59 -10
20 24 -5
30 68 19
31 33 -11
23 29 -5
41 83 -12
1 10 -18
60 96 -6
33 79 -11
52 92 6
13 21 6
25 75 7
4 52 -17
44 88 -2
64 66 -10
56 62 -10
22 69 16
14 65 18
45 89 -15
86 90 -8
46 54 -4
65 67 -3
38 50 11
5 16 -11
49 59 -14
47 98 -18
7 62 -11
26 75 -2
27 40 -16
18 71 6
79 87 1
11 32 -10
90 96 -17
42 56 9
48 99 14
21 82 -10
0 59 -8
41 60 11
20 37 16
60 73 2
44 65 19
23 42 -4
34 57 -19
74 93 -10
25 88 10
45 66 19
64 79 -14
37 62 -10
3 69 20
15 43 -13
26 52 -14
18 48 8
38 63 -6
78 99 -12
70 95 4
17 89 -15
48 76 -1
8 40 -10
19 49 -10
11 45 -6
71 96 8
4 6 -19
63 92 -7
29 99 -3
21 95 1
60 86 -4
33 69 -8
25 65 -14
10 85 -3
2 81 -1
22 59 20
14 55 20
15 20 -11
34 70 12
13 96 11
5 6 12
38 40 -4
70 72 4
3 82 -17
36 79 -3
55 92 13
47 88 -4
27 30 14
0 13 -18
59 99 -15
19 26 9
11 22 -17
30 35 8
9 98 3
48 89 2
40 85 -13
41 50 -11
60 63 19
4 19 18
2 58 -14
22 36 -11
1 13 -7
34 47 18
25 78 18
37 52 -1
51 99 -19
15 33 10
55 69 8
7 29 -3
26 42 -11
86 93 -7
78 89 9
36 92 2
9 75 15
28 88 -4
48 66 -20
0 26 3
40 62 -16
11 35 -14
6 69 20
41 63 -8
73 95 3
31 98 -6
10 75 19
51 76 16
2 71 13
3 36 15
22 49 13
14 45 -19
74 96 -20
66 92 12
55 82 -3
28 65 -11
7 42 -14
59 89 20
5 81 14
11 12 1
17 92 9
9 88 -19
48 79 -9
21 62 13
61 98 13
25 32 18
44 45 -4
62 99 12
66 69 6
12 98 -15
37 42 -5
32 76 -15
4 94 14
24 72 11
35 81 -11
36 46 -14
15 23 13
7 19 6
88 93 14
26 32 11
18 28 2
77 83 14
29 43 -1
48 56 6
80 88 14
40 52 1
6 59 8
92 99 -9
10 29 10
42 98 -12
54 72 -14
73 85 17
25 45 -8
39 92 -7
32 53 10
2 61 -20
13 76 14
24 85 16
16 81 3
76 95 -7
55 72 -17
47 68 15
5 71 -14
77 96 5
21 52 18
61 88 -11
39 69 18
2 38 8
62 89 16
73 98 -19
20 92 -8
23 97 -14
24 62 -4
16 58 2
28 32 -9
17 59 12
58 60 19
9 55 -15
49 91 -3
28 68 -3
29 33 1
21 29 -17
61 65 7
40 42 14
6 49 -8
10 19 -1
42 88 1
2 15 -2
8 95 7
0 91 8
20 69 -15
25 35 -17
39 82 2
23 74 13
51 56 -2
24 39 -2
43 52 20
35 48 -11
14 25 -9
95 99 6
1 55 1
87 95 2
9 32 -16
28 45 -14
47 58 6
6 26 -6
58 73 -18
77 86 13
50 69 -14
69 82 -14
21 42 5
31 55 -17
23 51 -8
75 98 -8
54 75 -14
20 82 -15
12 78 -16
72 92 -18
4 74 9
23 87 2
64 88 9
24 52 13
43 65 10
35 61 -3
5 38 -16
65 89 18
17 49 6
76 98 17
15 88 18
7 84 19
26 97 4
27 62 4
18 93 16
19 58 -5
30 67 11
2 5 13
19 94 -16
60 95 -9
11 90 -11
39 72 -1
13 20 14
31 68 12
32 33 13
4 51 10
23 64 3
35 38 15
13 56 -4
45 88 9
46 53 20
56 97 -17
17 26 9
57 62 8
3 91 8
28 35 -8
15 65 -5
26 74 1
5 51 -19
18 70 7
46 89 4
79 86 4
58 63 -8
49 94 -2
50 59 -9
90 95 -12
69 72 -15
42 55 13
61 68 -18
19 71 10
20 36 14
39 49 -15
12 32 -5
31 45 -14
91 96 -13
23 41 -17
75 88 14
32 46 10
4 64 -3
64 78 -9
56 74 -6
16 38 -13
5 28 -3
65 79 7
38 62 -10
37 97 11
68 84 -1
15 78 14
7 74 5
8 39 -10
26 87 11
27 52 -16
63 91 9
42 68 6
29 98 11
8 75 14
0 71 -6
41 72 2
11 80 -17
12 45 20
23 54 -18
1 35 -11
53 82 -18
64 91 -19
37 74 -15
38 39 -4
3 81 4
9 12 -4
22 94 -13
14 90 4
15 55 3
7 51 2
27 29 -17
59 98 15
71 72 9
42 45 10
0 48 -10
20 26 12
11 57 3
23 31 -1
75 78 -8
1 12 -12
60 98 -2
33 81 -3
34 46 -5
52 94 -7
93 95 12
13 23 10
4 54 -16
37 51 2
10 97 -7
3 58 9
22 71 -11
67 79 12
46 56 -12
86 92 -1
5 18 -19
78 88 -14
57 65 20
70 84 20
89 97 15
36 91 15
15 68 15
8 29 19
27 42 17
19 38 17
11 34 6
30 47 5
90 98 6
63 81 -16
21 84 -4
40 97 -17
0 61 -1
41 62 6
60 75 3
33 58 10
52 71 -15
4 31 -20
44 67 -12
23 44 3
10 74 -1
2 70 8
22 48 13
1 25 -16
25 90 -13
66 91 -10
32 98 -11
37 64 -14
3 71 11
22 84 -7
14 80 -6
55 81 -5
26 54 -15
67 92 9
70 97 -14
17 91 18
8 42 3
48 78 -9
0 38 -9
40 74 -5
11 47 -13
4 8 17
63 94 -10
21 97 -10
41 75 -1
1 2 -6
52 84 -16
37 41 -15
22 61 6
14 57 14
15 22 9
67 69 12
13 98 -12
18 27 -10
70 74 -7
15 58 -11
55 94 -13
47 90 -17
8 19 -5
48 55 10
27 32 -2
19 28 -1
11 24 8
30 37 8
71 75 -8
63 71 -18
29 78 -20
48 91 5
21 74 -19
40 87 9
41 52 4
81 88 12
33 48 -8
10 64 -5
2 60 -4
22 38 -6
14 34 7
34 49 6
25 80 11
66 81 -9
45 58 12
85 94 1
37 54 3
35 93 3
15 35 -13
55 71 -16
47 67 -17
18 40 3
70 87 -2
36 94 4
28 90 13
29 55 -20
40 64 16
0 28 7
6 71 -11
10 41 -17
25 57 14
44 70 -2
10 77 7
23 96 4
51 78 -19
3 38 -11
14 47 -20
66 94 -18
