100 4950 1
13 88 -5
16 93 -17
29 32 19
6 48 13
9 90 6
50 91 17
41 42 -14
25 34 -7
44 47 -17
2 50 -15
4 96 17
36 48 8
55 61 -5
96 99 -1
29 45 9
48 58 -17
6 61 14
25 47 -17
43 64 -12
1 67 20
17 48 -12
36 61 -1
31 67 -18
3 5 3
24 64 20
43 77 -2
1 80 -20
17 61 -10
58 62 2
61 67 -9
10 21 2
54 64 10
73 77 -10
12 67 10
31 80 -2
3 18 18
5 27 3
65 78 8
68 83 17
26 86 1
58 75 16
42 67 11
61 80 1
80 93 -13
0 70 -10
19 83 16
12 80 -1
53 81 5
72 94 -7
56 86 20
9 11 16
5 40 3
46 78 -5
65 91 -18
49 83 1
68 96 -6
7 86 -14
26 99 16
42 80 -10
0 83 -17
19 96 17
60 97 -3
13 22 1
32 35 17
16 27 -13
35 40 -7
34 81 -17
53 94 17
37 86 -15
56 99 1
9 24 -4
28 37 15
27 41 15
30 46 -2
90 97 -16
7 99 1
20 38 -14
39 51 -4
4 30 18
23 43 12
83 94 -12
41 97 1
13 35 20
25 89 -3
16 40 13
34 94 -6
37 99 -2
8 41 -14
27 54 -4
11 46 16
71 97 19
30 59 3
20 51 5
4 43 -13
23 56 13
22 60 -4
38 41 11
15 57 -15
18 62 -1
50 51 5
8 54 -17
11 59 12
52 60 -14
1 14 -13
45 57 17
64 70 3
3 60 -13
22 73 -17
38 54 10
15 70 -13
18 75 -5
33 60 -13
52 73 6
10 76 11
45 70 -9
3 73 4
47 79 5
0 4 -16
21 63 18
40 76 10
12 14 -4
33 73 16
10 89 -20
51 90 -2
7 20 7
67 71 -5
26 33 -7
70 76 7
28 79 -4
47 92 5
0 17 -3
19 30 -11
5 95 -1
63 73 18
21 76 -17
40 89 -10
81 90 5
39 93 -17
14 36 7
74 87 16
13 77 3
32 90 -8
16 82 -8
35 95 9
7 33 16
26 46 10
67 84 -10
70 89 -14
9 79 -8
28 92 16
69 93 10
2 39 -6
62 90 6
20 93 16
23 98 15
14 49 9
13 90 -15
16 95 20
29 34 -16
6 50 5
9 92 3
50 93 -10
8 96 14
41 44 7
25 36 -12
44 49 19
2 52 3
4 98 8
36 50 -7
55 63 -6
38 96 8
29 47 -1
6 63 17
24 53 -19
43 66 -7
1 69 10
17 50 15
36 63 9
31 69 -20
3 7 3
24 66 -2
43 79 -8
1 82 -20
58 64 7
61 69 -11
80 82 20
19 72 11
10 23 20
54 66 17
12 69 -9
31 82 -20
72 83 -5
5 29 -13
46 67 4
65 80 13
49 72 1
68 85 15
26 88 -5
58 77 -12
42 69 5
61 82 20
0 72 4
19 85 5
12 82 -7
53 83 -5
72 96 -5
56 88 -14
9 13 -14
14 91 -16
46 80 -14
5 42 -15
65 93 -18
49 85 -4
68 98 11
21 23 -7
7 88 -16
20 27 -7
39 40 -8
23 32 7
0 85 -12
41 86 -11
60 99 3
13 24 4
32 37 4
44 91 -4
16 29 -4
35 42 16
34 83 -8
53 96 10
37 88 -8
9 26 1
27 43 -1
30 48 -17
71 86 -15
90 99 17
20 40 4
39 53 -5
4 32 3
23 45 -10
83 96 -15
41 99 -3
25 91 -18
13 37 4
16 42 -16
15 46 9
34 96 -2
18 51 2
8 43 1
27 56 14
11 48 11
30 61 -6
71 99 9
1 3 -5
4 45 -11
45 46 12
22 62 -3
38 43 2
15 59 14
18 64 7
8 56 -4
11 61 -19
52 62 -13
10 65 11
1 16 13
45 59 6
64 72 8
3 62 -14
22 75 6
38 56 18
40 65 -7
33 62 16
52 75 16
10 78 -13
3 75 2
47 81 9
0 6 -6
21 65 5
40 78 2
12 16 -1
33 75 16
74 76 -18
32 79 11
51 92 9
35 84 2
7 22 5
67 73 -6
26 35 12
70 78 -7
89 91 14
9 68 -3
28 81 -10
47 94 8
0 19 -17
5 97 -15
63 75 -9
21 78 -11
62 79 -7
81 92 7
39 95 -7
14 38 3
74 89 -17
13 79 -12
32 92 12
16 84 -2
35 97 9
7 35 12
9 81 -13
28 94 -8
69 95 -15
2 41 11
62 92 -8
20 95 -2
4 87 -16
14 51 -15
13 92 2
16 97 14
57 98 -15
29 36 -9
48 49 7
6 52 18
50 95 8
8 98 18
25 38 -15
44 51 3
2 54 -13
43 55 -4
84 93 -17
87 98 20
17 39 -18
36 52 -16
55 65 15
38 98 9
29 49 3
6 65 -10
24 55 -1
43 68 -5
1 71 -4
17 52 12
36 65 2
10 12 19
54 55 3
12 58 4
31 71 7
3 9 -12
24 68 -7
65 69 19
68 74 -3
1 84 17
58 66 -5
77 79 8
42 58 -7
61 71 12
80 84 -15
19 74 4
10 25 -20
54 68 -5
12 71 -10
31 84 -1
72 85 -5
5 31 10
46 69 5
65 82 -18
49 74 -20
68 87 -4
7 77 18
26 90 16
58 79 18
42 71 18
61 84 4
0 74 9
19 87 10
60 88 19
16 18 12
34 72 16
53 85 -17
72 98 19
37 77 6
56 90 -10
9 15 10
14 93 4
46 82 -12
5 44 -5
49 87 -20
7 90 -17
20 29 -3
39 42 12
23 34 -7
83 85 -5
0 87 -15
41 88 7
13 26 18
32 39 -13
44 93 -17
16 31 -6
2 96 -13
35 44 -16
34 85 -15
53 98 3
37 90 2
9 28 -15
8 32 20
27 45 7
11 37 -3
71 88 -7
30 50 -17
29 91 -11
20 42 -14
4 34 -11
23 47 6
83 98 -8
25 93 -6
15 48 14
59 91 -15
18 53 -15
8 45 -16
27 58 -14
11 50 -2
30 63 -3
1 5 -4
4 47 17
45 48 3
3 51 3
22 64 -1
38 45 -3
57 58 -4
15 61 10
18 66 -6
33 51 -14
52 64 5
10 67 -5
1 18 11
45 61 -16
3 64 -6
22 77 -1
40 67 18
33 64 -12
52 77 1
10 80 -15
28 70 7
47 83 -19
0 8 18
19 21 16
5 86 -20
63 64 -11
21 67 16
40 80 -20
14 27 -19
74 78 1
32 81 -3
51 94 10
35 86 -20
7 24 4
26 37 -9
67 75 13
70 80 1
9 70 -15
28 83 -8
47 96 -6
0 21 8
5 99 6
21 80 -19
62 81 -2
81 94 18
20 84 19
39 97 5
14 40 18
74 91 -5
13 81 -16
32 94 2
16 86 -13
35 99 -20
7 37 -18
6 41 8
9 83 -4
50 84 15
69 97 20
25 27 5
2 43 12
62 94 4
20 97 -11
4 89 16
36 41 15
13 94 6
16 99 -7
29 38 -14
48 51 -12
92 94 12
6 54 19
50 97 -18
25 40 20
2 56 2
43 57 18
84 95 -3
1 60 -11
17 41 19
36 54 -10
55 67 -7
29 51 -7
31 60 14
24 57 13
43 70 -13
1 73 5
17 54 -9
10 14 -10
54 57 -13
12 60 1
31 73 7
3 11 10
5 20 -13
24 70 -7
65 71 19
68 76 -14
26 79 -20
58 68 -8
77 81 11
42 60 11
61 73 -3
80 86 11
0 63 -19
19 76 1
54 70 -17
12 73 -14
53 74 19
72 87 -10
56 79 5
5 33 18
46 71 12
65 84 1
49 76 -5
68 89 -13
7 79 7
26 92 10
42 73 20
0 76 -13
19 89 4
60 90 -15
13 15 11
16 20 18
34 74 16
53 87 -13
37 79 12
56 92 2
9 17 10
28 30 -5
14 95 -14
27 34 8
46 84 -18
30 39 15
49 89 17
7 92 6
48 93 -11
20 31 7
39 44 18
4 23 -3
23 36 -6
83 87 -3
41 90 -4
13 28 7
25 82 -17
44 95 12
16 33 -10
2 98 13
34 87 17
37 92 -20
78 93 -4
8 34 -14
27 47 3
11 39 8
30 52 -20
71 90 -12
29 93 -20
20 44 -7
4 36 -18
23 49 -12
25 95 12
15 50 14
18 55 10
59 93 -6
17 96 1
8 47 -20
11 52 -8
52 53 20
1 7 -8
45 50 6
3 53 -19
22 66 -15
38 47 -16
15 63 -18
18 68 -3
33 53 18
52 66 -5
10 69 -6
1 20 12
45 63 5
3 66 13
21 56 17
40 69 12
33 66 4
10 82 -12
51 83 -4
7 13 -8
28 72 -9
47 85 13
0 10 4
19 23 -3
5 88 -10
63 66 -7
21 69 -1
40 82 -4
81 83 -4
14 29 3
74 80 -20
13 70 6
32 83 17
51 96 16
35 88 4
7 26 -2
67 77 -12
26 39 -11
70 82 16
9 72 -17
28 85 -5
0 23 -1
2 32 -17
62 83 15
81 96 -17
20 86 -13
39 99 12
23 91 -3
14 42 -9
13 83 -15
32 96 -12
16 88 -10
6 43 12
9 85 3
50 86 -12
69 99 18
25 29 -12
2 45 -16
62 96 13
20 99 -8
4 91 11
36 43 9
55 56 -11
38 89 14
29 40 16
48 53 -1
6 56 -5
92 96 7
50 99 -8
25 42 14
24 46 -18
84 97 9
43 59 13
1 62 -7
17 43 -17
36 56 -15
31 62 19
24 59 -18
43 72 -8
1 75 20
17 56 -7
61 62 19
19 65 -8
10 16 -19
54 59 -17
12 62 6
31 75 8
72 76 10
46 60 -4
5 22 20
65 73 13
49 65 -19
68 78 8
26 81 3
58 70 14
42 62 -7
61 75 2
0 65 2
19 78 6
12 75 17
53 76 12
72 89 11
56 81 -2
14 84 -12
46 73 -16
5 35 4
65 86 15
49 78 3
68 91 16
7 81 7
26 94 -18
23 25 8
42 75 20
0 78 11
41 79 -17
60 92 10
13 17 -2
44 84 -1
16 22 17
34 76 -5
53 89 -1
37 81 -17
56 94 -1
9 19 -3
14 97 19
27 36 10
71 79 -13
30 41 -12
90 92 -8
7 94 15
48 95 -12
20 33 15
39 46 8
6 98 16
4 25 -6
23 38 11
83 89 -4
41 92 -14
25 84 -15
13 30 -18
44 97 5
16 35 8
34 89 -10
37 94 12
78 95 -5
36 98 1
8 36 3
27 49 3
11 41 13
71 92 12
30 54 4
29 95 11
4 38 -15
22 55 -12
25 97 6
66 98 20
15 52 -2
59 95 -15
18 57 -2
17 98 -18
8 49 20
11 54 9
52 55 20
1 9 5
45 52 -14
64 65 6
3 55 8
22 68 3
38 49 -5
33 55 12
52 68 -12
10 71 -2
3 68 20
47 74 -13
21 58 20
40 71 19
33 68 13
10 84 -6
51 85 4
7 15 -5
26 28 3
70 71 20
28 74 -20
47 87 -3
0 12 9
19 25 3
5 90 -2
63 68 -15
21 71 -10
62 72 -11
81 85 15
39 88 6
14 31 18
74 82 4
13 72 20
32 85 7
51 98 -13
16 77 8
35 90 -3
7 28 -20
9 74 3
28 87 -11
69 88 -5
2 34 1
62 85 -19
81 98 -11
20 88 3
23 93 14
14 44 -15
13 85 -8
16 90 -6
6 45 -10
50 88 -18
8 91 -9
25 31 -11
11 96 16
2 47 -8
84 86 -1
43 48 2
4 93 10
17 32 2
36 45 17
55 58 -13
38 91 -8
29 42 4
6 58 18
24 48 -9
43 61 8
84 99 -12
1 64 18
17 45 20
36 58 -3
12 51 16
31 64 -4
24 61 18
1 77 -12
58 59 8
42 51 5
61 64 -10
19 67 -9
10 18 11
54 61 7
12 64 -11
31 77 -18
72 78 -15
5 24 -2
46 62 15
65 75 -14
49 67 -2
68 80 -1
7 70 -19
26 83 -1
58 72 -4
42 64 3
61 77 -2
0 67 9
19 80 1
60 81 -15
34 65 -13
53 78 -14
72 91 -12
37 70 5
56 83 -2
14 86 10
46 75 -15
5 37 -12
49 80 -4
7 83 3
26 96 20
20 22 -12
23 27 20
0 80 -17
41 81 -15
60 94 18
13 19 7
44 86 11
16 24 -2
2 89 17
35 37 12
34 78 -4
53 91 14
37 83 14
56 96 9
9 21 -1
14 99 -2
8 25 -13
27 38 -14
71 81 5
30 43 20
90 94 -12
29 84 -7
48 97 -1
20 35 -2
4 27 11
23 40 -17
83 91 11
41 94 14
25 86 5
44 99 -7
15 41 8
59 84 3
18 46 12
78 97 -3
8 38 3
27 51 11
11 43 11
30 56 -7
71 94 18
29 97 -1
4 40 8
22 57 -3
25 99 2
15 54 -11
18 59 -2
59 97 -3
52 57 -9
10 60 17
1 11 -6
45 54 -5
3 57 -1
22 70 -11
40 60 -15
33 57 10
52 70 -11
10 73 -15
47 76 13
0 1 1
5 79 18
21 60 10
40 73 -10
14 20 9
32 74 12
51 87 -15
35 79 -19
7 17 14
26 30 -19
67 68 15
70 73 -4
9 63 -1
28 76 4
47 89 6
0 14 10
5 92 10
21 73 9
62 74 10
81 87 -9
39 90 9
14 33 6
74 84 1
13 74 13
32 87 -13
16 79 9
35 92 19
7 30 1
6 34 -19
9 76 -15
28 89 -2
69 90 -10
27 93 7
30 98 3
2 36 -18
62 87 -18
20 90 -6
4 82 -1
23 95 3
13 87 -18
16 92 7
57 93 10
29 31 -3
6 47 10
50 90 19
8 93 20
25 33 11
11 98 19
2 49 2
84 88 8
43 50 2
87 93 19
1 53 -20
4 95 -10
17 34 17
36 47 10
55 60 -19
96 98 7
38 93 -11
29 44 -7
31 53 7
24 50 2
43 63 -16
1 66 -3
17 47 -17
12 53 -5
31 66 -16
3 4 5
24 63 -13
68 69 -7
26 72 4
58 61 5
42 53 -8
61 66 14
0 56 -3
19 69 1
54 63 -3
12 66 -14
53 67 -20
72 80 2
56 72 -7
46 64 -8
5 26 -17
65 77 15
49 69 -2
68 82 6
7 72 -16
26 85 5
42 66 9
0 69 -4
19 82 7
60 83 3
34 67 -1
53 80 -19
72 93 12
37 72 -6
56 85 -15
9 10 -4
14 88 15
46 77 2
5 39 -5
49 82 -15
7 85 -10
48 86 11
20 24 4
23 29 -14
41 83 1
60 96 20
25 75 11
13 21 -9
44 88 -17
16 26 10
2 91 -15
34 80 -14
37 85 16
78 86 7
97 99 -8
8 27 5
27 40 17
11 32 19
30 45 -8
71 83 -1
90 96 5
29 86 -19
48 99 3
20 37 -15
4 29 -5
23 42 -9
41 96 -8
25 88 7
15 43 -19
59 86 -12
18 48 17
78 99 12
17 89 20
8 40 4
27 53 3
11 45 3
71 96 -5
30 58 -14
29 99 -6
3 46 1
22 59 -3
38 40 7
15 56 17
18 61 18
59 99 17
33 46 -9
52 59 -3
10 62 -5
1 13 12
45 56 -17
3 59 16
22 72 4
40 62 7
33 59 7
52 72 -10
10 75 -16
51 76 -15
28 65 6
47 78 -17
0 3 18
5 81 3
21 62 -9
40 75 -19
14 22 -14
32 76 -13
51 89 11
35 81 3
7 19 1
67 70 10
26 32 8
70 75 7
9 65 3
28 78 -9
47 91 12
0 16 -5
5 94 10
2 25 -14
21 75 -17
62 76 -13
81 89 2
20 79 -3
39 92 -14
23 84 -1
14 35 -20
13 76 -18
32 89 8
16 81 19
35 94 -6
76 95 -6
6 36 -14
9 78 11
50 79 -10
69 92 -10
27 95 -14
2 38 20
62 89 4
20 92 8
4 84 -20
23 97 -1
13 89 5
16 94 14
57 95 14
29 33 4
15 98 -6
6 49 -5
50 92 17
8 95 -6
25 35 -19
24 39 17
43 52 -5
84 90 -2
1 55 2
87 95 4
4 97 -19
45 98 19
17 36 13
36 49 -2
38 95 -2
31 55 -17
75 98 -14
24 52 12
43 65 -16
1 68 -15
17 49 20
19 58 4
12 55 -6
31 68 -14
46 53 -18
5 15 8
65 66 -19
49 58 -17
68 71 7
26 74 -20
58 63 -10
42 55 4
61 68 10
0 58 20
19 71 6
12 68 1
53 69 1
72 82 -19
56 74 -16
46 66 4
5 28 10
65 79 -19
49 71 -10
68 84 2
7 74 -3
26 87 -20
42 68 14
0 71 -9
41 72 1
60 85 17
44 77 -2
34 69 -15
53 82 12
37 74 5
56 87 19
9 12 20
14 90 -18
27 29 -5
71 72 20
30 34 20
7 87 18
48 88 14
20 26 -1
4 18 -7
23 31 16
41 85 -19
60 98 4
13 23 15
25 77 10
44 90 17
16 28 9
2 93 -13
34 82 -19
37 87 -12
78 88 10
36 91 -14
8 29 -13
27 42 5
11 34 -11
71 85 -19
30 47 8
90 98 10
29 88 13
4 31 19
23 44 -10
22 48 16
25 90 -11
66 91 -12
15 45 -1
59 88 14
18 50 11
17 91 6
8 42 -4
11 47 -2
1 2 13
3 48 12
22 61 -5
38 42 -17
15 58 15
18 63 12
33 48 -10
52 61 -13
10 64 5
45 58 4
3 61 3
47 67 10
21 51 7
40 64 -7
33 61 20
10 77 -8
51 78 3
7 8 -10
28 67 11
47 80 -15
0 5 15
5 83 19
21 64 -13
40 77 -7
39 81 14
14 24 13
74 75 16
13 65 -11
32 78 5
51 91 3
16 70 -20
35 83 14
7 21 -16
70 77 2
9 67 12
28 80 12
69 81 8
5 96 2
2 27 -17
62 78 -8
81 91 -13
20 81 19
39 94 -19
23 86 12
14 37 -4
13 78 -3
32 91 -4
16 83 -4
35 96 10
76 97 18
6 38 -7
9 80 14
50 81 20
69 94 -14
8 84 -17
27 97 -9
11 89 17
2 40 2
62 91 -11
20 94 -15
4 86 19
23 99 -14
17 25 -6
36 38 -8
38 84 -16
57 97 14
29 35 -10
6 51 -1
50 94 17
91 95 -11
8 97 -8
24 41 -14
84 92 -2
43 54 8
1 57 -8
87 97 -6
4 99 -8
17 38 2
36 51 14
38 97 -16
12 44 -19
31 57 10
24 54 9
1 70 2
42 44 5
19 60 7
10 11 1
12 57 9
31 70 -19
5 17 -11
46 55 -16
65 68 -10
49 60 6
68 73 14
7 63 -2
26 76 -17
58 65 -18
42 57 4
61 70 3
0 60 11
19 73 -9
60 74 3
34 58 10
53 71 14
72 84 19
37 63 17
56 76 -5
14 79 3
5 30 2
46 68 -4
49 73 1
7 76 -5
26 89 14
0 73 -10
41 74 13
60 87 20
44 79 -12
16 17 3
34 71 19
53 84 14
37 76 11
56 89 -17
9 14 19
14 92 9
27 31 4
30 36 19
71 74 -19
29 77 -13
48 90 12
20 28 17
39 41 -17
6 93 -4
4 20 -14
23 33 8
83 84 -3
41 87 -5
25 79 -5
44 92 -19
85 93 10
16 30 11
2 95 10
15 34 4
59 77 5
18 39 15
78 90 1
36 93 9
8 31 -1
27 44 -6
11 36 -14
30 49 8
71 87 15
29 90 1
4 33 16
22 50 -16
25 92 3
66 93 -20
15 47 3
59 90 10
18 52 9
17 93 17
8 44 15
11 49 -5
10 53 7
54 96 -19
1 4 -2
45 47 -16
3 50 18
22 63 20
40 53 -2
33 50 15
52 63 -16
10 66 -19
3 63 -18
47 69 -5
5 72 -9
21 53 17
40 66 5
33 63 9
32 67 -12
51 80 20
35 72 19
7 10 -6
9 56 -7
28 69 -7
47 82 20
0 7 -15
5 85 -6
21 66 -12
62 67 1
39 83 -1
14 26 12
74 77 -12
13 67 -7
32 80 -18
51 93 6
16 72 20
35 85 -15
7 23 -8
6 27 1
9 69 10
28 82 18
69 83 -5
27 86 -7
30 91 -17
2 29 -7
62 80 -1
81 93 3
20 83 14
39 96 10
4 75 -13
23 88 11
13 80 10
16 85 14
57 86 -3
76 99 -14
6 40 -13
50 83 -4
69 96 -7
8 86 -6
27 99 -13
25 26 -5
11 91 17
2 42 7
20 96 -16
4 88 6
17 27 -9
36 40 -15
38 86 11
57 99 6
29 37 13
31 46 -4
50 96 -17
91 97 -4
8 99 19
24 43 18
84 94 -7
43 56 7
87 99 -12
1 59 12
17 40 -13
38 99 -1
12 46 -1
31 59 -2
24 56 -5
42 46 -10
0 49 -14
19 62 19
10 13 20
54 56 9
12 59 5
53 60 -10
72 73 -8
5 19 1
46 57 -19
65 70 16
49 62 -4
68 75 5
7 65 -5
26 78 -1
42 59 -12
0 62 -2
19 75 -13
60 76 8
34 60 20
53 73 -12
72 86 2
37 65 12
56 78 3
14 81 19
5 32 18
46 70 -8
49 75 -9
7 78 -12
26 91 -6
41 76 10
60 89 -3
13 14 -10
25 68 18
44 81 16
16 19 -1
2 84 3
34 73 20
37 78 1
78 79 -15
9 16 -16
14 94 10
55 95 3
8 20 18
27 33 10
11 25 8
71 76 1
30 38 8
29 79 8
48 92 -10
20 30 5
6 95 -16
4 22 -14
23 35 -7
41 89 -1
25 81 6
44 94 3
85 95 -12
2 97 9
15 36 11
59 79 10
18 41 -13
78 92 -18
36 95 -12
8 33 20
27 46 1
11 38 13
71 89 4
30 51 16
29 92 -3
4 35 9
3 39 -10
22 52 -2
66 95 -4
24 98 13
15 49 -2
59 92 -20
18 54 -18
17 95 10
33 39 -20
10 55 18
54 98 14
1 6 3
45 49 16
3 52 -2
22 65 -9
40 55 -15
33 52 -10
52 65 -18
10 68 -15
51 69 19
28 58 -19
47 71 10
5 74 12
21 55 1
40 68 16
14 15 -4
32 69 -15
51 82 -16
35 74 1
7 12 -12
9 58 19
28 71 20
47 84 -20
0 9 16
5 87 -6
21 68 -10
62 69 6
81 82 -14
20 72 -3
39 85 -2
23 77 8
14 28 13
74 79 3
13 69 11
32 82 -1
16 74 -19
35 87 17
76 88 -11
6 29 -11
9 71 8
50 72 13
69 85 -6
27 88 9
30 93 9
2 31 -15
62 82 -17
20 85 -16
39 98 -4
4 77 12
23 90 14
13 82 20
16 87 11
57 88 -3
15 91 -5
18 96 6
6 42 13
50 85 -5
69 98 12
8 88 3
25 28 4
11 93 16
24 32 -17
43 45 8
87 88 -8
1 48 20
4 90 -10
45 91 -15
17 29 -6
36 42 -7
38 88 1
31 48 8
91 99 -7
75 91 20
24 45 -15
43 58 -2
84 96 11
1 61 5
17 42 -15
12 48 -1
31 61 16
5 8 12
49 51 -5
26 67 4
42 48 1
0 51 -6
19 64 4
12 61 -13
53 62 -20
72 75 -4
56 67 1
5 21 -3
46 59 -16
65 72 -19
49 64 -13
68 77 9
7 67 -1
26 80 6
42 61 14
0 64 20
60 78 5
34 62 -2
53 75 12
37 67 -11
56 80 -13
14 83 7
7 80 17
48 81 -4
4 11 -14
23 24 -8
41 78 -18
60 91 1
13 16 19
25 70 -1
44 83 4
16 21 11
2 86 -6
34 75 -19
37 80 10
78 81 -20
14 96 -4
55 97 9
8 22 9
27 35 -20
11 27 -16
30 40 -14
71 78 -18
90 91 -9
29 81 16
48 94 13
20 32 -9
6 97 4
4 24 10
23 37 -19
22 41 19
25 83 9
44 96 9
85 97 -9
2 99 7
15 38 1
18 43 -15
59 81 17
78 94 -19
17 84 2
36 97 10
8 35 19
11 40 1
29 94 -17
3 41 -5
22 54 -16
66 97 6
15 51 -4
18 56 11
59 94 10
17 97 -13
33 41 -14
52 54 -15
10 57 -16
45 51 2
3 54 11
47 60 4
21 44 9
40 57 -20
33 54 -1
10 70 11
51 71 -2
28 60 -15
47 73 20
5 76 -1
21 57 4
40 70 -7
39 74 8
14 17 -11
13 58 7
32 71 11
51 84 7
16 63 17
35 76 -3
7 14 2
9 60 -3
28 73 -9
69 74 2
5 89 -15
2 20 -13
62 71 17
81 84 1
20 74 18
39 87 -18
23 79 -8
14 30 3
13 71 9
32 84 -18
16 76 10
35 89 6
76 90 -14
6 31 14
9 73 -19
50 74 -1
69 87 -13
8 77 6
27 90 7
11 82 1
30 95 -15
2 33 -15
62 84 14
20 87 5
4 79 1
23 92 18
64 93 13
17 18 1
38 77 -1
57 90 -12
15 93 -4
18 98 -2
6 44 -8
50 87 8
8 90 15
11 95 -2
24 34 -19
84 85 -1
43 47 11
1 50 -16
87 90 5
4 92 -15
45 93 -11
17 31 -17
36 44 20
3 96 -14
38 90 18
31 50 1
75 93 17
33 96 -19
24 47 16
84 98 -20
1 63 -8
19 53 -10
63 96 -16
12 50 14
31 63 12
46 48 14
5 10 1
49 53 -18
26 69 -17
42 50 19
61 63 15
0 53 3
19 66 -4
53 64 6
72 77 -6
56 69 6
14 72 -7
5 23 -1
46 61 6
49 66 -12
68 79 10
7 69 3
26 82 6
0 66 -9
41 67 6
60 80 11
44 72 20
34 64 -2
53 77 -2
37 69 -9
56 82 -14
14 85 19
7 82 -14
48 83 -18
20 21 -2
6 86 9
4 13 16
23 26 5
41 80 -18
60 93 1
13 18 -4
25 72 -7
44 85 -2
16 23 18
2 88 1
15 27 13
18 32 3
78 83 6
36 86 12
55 99 -20
8 24 19
27 37 11
11 29 -12
30 42 -1
71 80 2
29 83 6
48 96 -12
6 99 -1
4 26 -10
22 43 4
25 85 -1
66 86 -17
85 99 -5
15 40 -5
18 45 -20
59 83 16
78 96 17
17 86 -19
36 99 -1
8 37 5
11 42 -20
10 46 6
29 96 7
3 43 -5
22 56 10
66 99 5
40 46 -7
17 99 17
33 43 -12
52 56 10
10 59 -15
3 56 -5
47 62 20
5 65 -11
21 46 -7
40 59 20
33 56 13
32 60 -6
51 73 17
35 65 13
9 49 1
28 62 6
47 75 15
5 78 -11
21 59 -1
39 76 11
14 19 -3
13 60 -4
32 73 17
51 86 -2
16 65 2
35 78 -3
7 16 12
9 62 14
28 75 -16
69 76 -10
27 79 -17
30 84 14
2 22 -2
62 73 -3
81 86 -1
20 76 -13
39 89 -6
4 68 -7
23 81 20
14 32 2
13 73 8
16 78 -6
57 79 7
76 92 11
6 33 -3
50 76 4
69 89 9
8 79 -15
27 92 5
11 84 14
30 97 2
2 35 20
20 89 -3
4 81 10
23 94 16
64 95 -12
17 20 20
38 79 -8
57 92 -17
29 30 13
15 95 -6
6 46 -3
50 89 1
8 92 -16
94 95 -5
11 97 6
52 98 -11
24 36 19
84 87 -6
43 49 -3
1 52 13
87 92 7
45 95 8
17 33 -6
3 98 15
38 92 18
79 93 5
82 98 1
12 39 -1
31 52 -14
75 95 -12
33 98 4
24 49 5
1 65 5
19 55 16
63 98 -2
12 52 15
31 65 -19
5 12 -5
46 50 -12
49 55 13
7 58 -4
26 71 11
42 52 6
0 55 17
19 68 3
60 69 3
34 53 -7
53 66 -7
72 79 -11
37 58 14
56 71 -12
14 74 -4
46 63 -1
5 25 11
49 68 10
7 71 -18
26 84 -4
0 68 3
41 69 -11
60 82 -1
44 74 15
2 77 6
34 66 8
53 79 8
37 71 -1
56 84 -2
14 87 -14
55 88 -18
8 13 19
11 18 -20
30 31 -1
29 72 20
48 85 19
20 23 -8
6 88 20
4 15 -18
23 28 8
41 82 -17
25 74 -20
44 87 15
85 88 -16
2 90 13
15 29 -18
18 34 -3
59 72 -15
78 85 18
97 98 20
36 88 -3
8 26 -4
27 39 -18
11 31 -12
30 44 3
71 82 7
29 85 10
48 98 -17
4 28 19
3 32 17
22 45 -8
25 87 -6
66 88 -5
24 91 -8
15 42 -9
18 47 -2
59 85 -6
78 98 -7
17 88 -7
10 48 1
54 91 2
3 45 -18
22 58 18
40 48 7
33 45 -1
52 58 9
10 61 -10
51 62 9
28 51 6
47 64 8
5 67 17
21 48 -8
40 61 -12
32 62 -2
51 75 20
35 67 -12
9 51 -5
28 64 -19
47 77 -18
0 2 10
5 80 15
21 61 14
20 65 9
39 78 6
23 70 10
14 21 -19
13 62 18
32 75 19
16 67 -18
35 80 -2
76 81 5
6 22 7
9 64 -2
50 65 15
69 78 16
27 81 -14
30 86 9
2 24 -16
62 75 8
20 78 8
39 91 -20
4 70 14
23 83 18
13 75 19
16 80 8
57 81 -17
76 94 -1
15 84 11
6 35 -8
50 78 -6
69 91 -4
8 81 -5
27 94 12
11 86 18
30 99 13
2 37 -5
1 41 -14
4 83 -2
45 84 -6
64 97 7
17 22 16
38 81 -4
57 94 13
15 97 19
31 41 13
91 92 20
75 84 12
8 94 -16
94 97 10
11 99 -14
24 38 -18
43 51 -6
84 89 3
87 94 -14
1 54 14
45 97 -13
17 35 19
38 94 3
79 95 4
12 41 -18
31 54 -17
75 97 7
24 51 -1
67 98 -5
26 60 19
0 44 3
19 57 -3
12 54 5
53 55 -19
56 60 16
46 52 -6
5 14 2
49 57 18
68 70 -20
7 60 -19
26 73 4
42 54 7
0 57 15
19 70 -11
60 71 -9
34 55 19
53 68 -9
72 81 4
37 60 -5
56 73 -4
14 76 5
46 65 -7
49 70 -7
7 73 -14
48 74 -5
41 71 -3
60 84 2
25 63 16
44 76 14
2 79 -18
34 68 9
37 73 -5
14 89 4
55 90 -20
8 15 3
27 28 -14
11 20 16
30 33 -7
29 74 7
48 87 -15
20 25 -7
6 90 -3
4 17 17
23 30 -17
22 34 -2
41 84 3
25 76 12
44 89 -20
85 90 -14
2 92 16
43 93 15
15 31 16
18 36 -17
59 74 -6
78 87 -19
17 77 -1
36 90 14
8 28 8
11 33 3
71 84 6
29 87 -9
73 93 -7
3 34 18
22 47 -20
66 90 -13
24 93 -3
15 44 19
59 87 13
18 49 -15
17 90 -20
33 34 8
10 50 20
54 93 12
12 96 12
3 47 12
47 53 -13
21 37 2
40 50 3
42 96 13
33 47 -8
10 63 9
51 64 4
28 53 9
47 66 -7
5 69 15
21 50 -13
40 63 -17
13 51 -6
32 64 -16
51 77 3
16 56 -14
35 69 18
9 53 6
28 66 -2
5 82 -18
2 13 -19
62 64 -5
20 67 20
39 80 -7
23 72 19
14 23 -1
13 64 14
32 77 -18
16 69 -18
35 82 12
76 83 18
6 24 -11
9 66 1
50 67 -17
69 80 -14
8 70 10
27 83 -10
30 88 -16
2 26 -17
62 77 9
20 80 16
4 72 1
23 85 17
38 70 6
57 83 12
76 96 20
15 86 -7
18 91 8
6 37 7
50 80 -18
8 83 16
27 96 -4
11 88 -6
24 27 16
1 43 16
4 85 -6
45 86 -8
64 99 6
17 24 -19
36 37 -17
38 83 -8
57 96 2
15 99 -12
31 43 18
91 94 -7
75 86 1
94 99 14
24 40 10
84 91 -9
43 53 11
87 96 -20
1 56 -7
45 99 7
17 37 -13
19 46 -13
79 97 10
63 89 -1
12 43 3
31 56 -6
75 99 7
26 62 -16
42 43 -1
0 46 -9
19 59 8
12 56 -16
53 57 15
56 62 9
14 65 -15
5 16 16
46 54 -15
65 67 15
49 59 -9
68 72 3
7 62 10
26 75 4
42 56 -4
0 59 15
41 60 -10
60 73 12
44 65 19
34 57 8
53 70 5
37 62 8
56 75 14
14 78 20
7 75 -9
48 76 -3
6 79 14
4 6 -2
41 73 3
60 86 -7
25 65 -18
44 78 14
2 81 6
15 20 -16
34 70 -12
18 25 -7
37 75 11
36 79 8
55 92 -2
8 17 -9
27 30 -13
11 22 -15
71 73 19
30 35 9
29 76 9
48 89 -20
6 92 -13
4 19 -7
22 36 -5
25 78 -7
66 79 -16
85 92 19
2 94 15
43 95 -10
15 33 -17
1 98 12
18 38 -9
59 76 -11
78 89 9
17 79 -9
36 92 1
8 30 9
11 35 3
29 89 -12
73 95 -18
31 98 13
3 36 16
22 49 -12
66 92 -19
24 95 19
59 89 -18
17 92 1
58 93 -3
61 98 18
33 36 17
10 52 -17
54 95 17
12 98 6
3 49 -20
88 93 1
47 55 -16
21 39 6
40 52 -15
42 98 2
33 49 -17
32 53 -9
51 66 -10
9 42 17
28 55 18
47 68 7
5 71 10
21 52 19
39 69 1
13 53 5
32 66 4
51 79 9
16 58 15
35 71 19
7 9 -16
9 55 10
28 68 13
5 84 -8
2 15 18
62 66 18
20 69 16
39 82 1
23 74 -2
14 25 7
13 66 -17
16 71 11
76 85 -4
6 26 14
50 69 12
69 82 1
8 72 12
27 85 16
11 77 -16
30 90 -13
2 28 -19
20 82 4
4 74 6
23 87 6
64 88 5
38 72 19
57 85 -6
76 98 1
15 88 7
18 93 -12
6 39 -5
50 82 -8
8 85 -7
27 98 2
11 90 6
24 29 -18
1 45 -1
45 88 8
17 26 -7
36 39 18
3 91 19
38 85 -19
79 86 14
98 99 3
12 32 -19
31 45 -6
91 96 -19
75 88 15
33 91 18
24 42 -15
1 58 -13
19 48 -3
79 99 -13
63 91 7
12 45 -8
31 58 -10
7 51 16
26 64 1
42 45 16
0 48 17
19 61 -15
60 62 17
34 46 -9
53 59 -3
37 51 13
56 64 -2
14 67 2
46 56 -4
5 18 -19
49 61 -12
7 64 -17
26 77 -14
0 61 -20
41 62 -17
60 75 1
44 67 -2
2 70 -15
34 59 -15
53 72 -10
37 64 -13
56 77 15
14 80 17
55 81 -18
29 65 -12
48 78 -2
6 81 13
4 8 7
41 75 3
25 67 -10
44 80 20
2 83 -10
15 22 -4
18 27 3
59 65 10
36 81 6
55 94 -10
8 19 -16
27 32 -10
11 24 -11
71 75 5
30 37 -8
29 78 -6
48 91 -9
6 94 2
4 21 15
22 38 20
25 80 16
66 81 -2
85 94 2
24 84 17
43 97 13
15 35 20
18 40 -5
59 78 17
78 91 -12
17 81 11
36 94 13
77 95 -15
10 41 -6
54 84 -10
73 97 -7
3 38 19
22 51 14
66 94 -7
24 97 1
40 41 18
17 94 17
58 95 -6
33 38 20
10 54 20
54 97 5
88 95 13
47 57 13
5 60 -1
46 98 4
21 41 12
40 54 -1
32 55 -12
51 68 -3
35 60 -16
9 44 4
28 57 -14
47 70 5
5 73 -2
21 54 -12
39 71 13
13 55 -16
32 68 -1
51 81 16
16 60 -19
35 73 1
7 11 -11
6 15 -1
9 57 12
50 58 14
69 71 -17
27 74 1
30 79 5
2 17 -2
62 68 -5
20 71 14
39 84 12
4 63 -18
23 76 12
13 68 -12
16 73 -11
57 74 7
76 87 -14
6 28 16
50 71 11
69 84 15
8 74 -7
27 87 -14
11 79 -9
30 92 13
2 30 15
1 34 19
4 76 5
23 89 -19
64 90 -3
22 93 7
38 74 9
57 87 2
15 90 -8
18 95 -18
31 34 -19
8 87 -11
11 92 -1
52 93 2
24 31 -7
43 44 -6
1 47 13
45 90 4
17 28 -11
3 93 9
38 87 -17
79 88 -6
82 93 -11
12 34 11
31 47 4
91 98 -11
75 90 12
33 93 11
24 44 -15
26 53 -16
0 37 13
19 50 -9
63 93 -2
21 96 19
12 47 -19
5 7 -7
49 50 19
7 53 -12
26 66 19
42 47 20
0 50 -10
19 63 14
60 64 6
34 48 7
53 61 16
72 74 2
37 53 -17
56 66 -20
14 69 -13
46 58 3
49 63 14
7 66 6
48 67 20
41 64 1
60 77 1
25 56 10
44 69 20
2 72 20
34 61 17
37 66 10
14 82 -17
55 83 13
11 13 -9
29 67 20
48 80 -19
6 83 -7
4 10 -3
41 77 3
25 69 3
44 82 -11
2 85 -5
43 86 -6
15 24 -12
59 67 -8
18 29 11
78 80 11
17 70 -3
36 83 -6
55 96 -4
8 21 2
11 26 -7
71 77 8
29 80 19
73 86 19
6 96 -6
3 27 14
22 40 -2
66 83 19
85 96 16
24 86 -14
43 99 10
15 37 -20
59 80 15
18 42 15
17 83 6
36 96 -8
77 97 13
10 43 11
54 86 15
73 99 -9
12 89 -20
3 40 3
22 53 -13
66 96 11
24 99 2
40 43 3
58 97 6
42 89 -7
33 40 -1
10 56 20
51 57 -14
54 99 -7
28 46 -10
47 59 -20
88 97 -19
5 62 6
21 43 10
40 56 13
32 57 -4
51 70 -4
35 62 10
9 46 1
28 59 -16
47 72 12
5 75 -3
2 6 -5
20 60 8
39 73 20
23 65 20
14 16 -3
13 57 10
32 70 -18
16 62 9
35 75 -5
6 17 6
9 59 -3
50 60 -15
69 73 16
27 76 10
30 81 -3
2 19 -20
62 70 -15
20 73 18
39 86 2
4 65 -9
23 78 -15
16 75 16
57 76 -6
76 89 18
15 79 -19
18 84 -18
6 30 3
50 73 -7
69 86 5
8 76 20
27 89 -10
11 81 -19
30 94 -15
1 36 -4
4 78 3
45 79 -16
64 92 12
22 95 -12
38 76 13
57 89 -20
15 92 -14
18 97 -6
31 36 -2
75 79 -20
8 89 -9
11 94 -16
52 95 7
24 33 13
43 46 15
10 98 -16
1 49 14
87 89 -4
45 92 -1
17 30 4
3 95 13
19 39 8
79 90 8
82 95 4
40 98 -1
12 36 1
31 49 -5
75 92 20
33 95 14
26 55 14
67 93 -17
70 98 8
0 39 14
19 52 3
63 95 20
21 98 1
12 49 -3
14 58 -12
46 47 -3
5 9 -18
49 52 15
7 55 -18
26 68 -11
42 49 18
0 52 12
41 53 15
60 66 -14
44 58 15
34 50 5
53 63 11
37 55 9
56 68 4
14 71 13
7 68 12
48 69 14
6 72 -7
41 66 -13
60 79 8
25 58 -1
44 71 7
2 74 -10
34 63 13
37 68 16
36 72 16
55 85 12
8 10 -1
11 15 20
29 69 -6
48 82 -18
6 85 20
4 12 17
22 29 -2
25 71 -13
66 72 16
2 87 17
43 88 10
15 26 3
18 31 -10
59 69 -9
78 82 -16
17 72 -19
36 85 3
55 98 3
8 23 -11
11 28 -18
29 82 -10
73 88 -14
31 91 20
3 29 -2
22 42 -20
66 85 6
85 98 -6
24 88 -20
15 39 18
59 82 11
18 44 -13
17 85 19
58 86 19
77 99 1
61 91 -11
10 45 2
54 88 -8
12 91 -16
3 42 -1
47 48 -5
21 32 12
40 45 -14
58 99 13
42 91 -2
0 94 -7
33 42 -14
10 58 -2
51 59 14
28 48 4
88 99 -12
47 61 -2
5 64 -11
21 45 -3
40 58 7
39 62 2
13 46 -6
32 59 3
51 72 7
16 51 -14
35 64 -16
9 48 -15
28 61 -9
5 77 10
2 8 -20
20 62 11
39 75 10
23 67 9
14 18 -2
13 59 -2
32 72 3
16 64 6
35 77 9
76 78 -7
6 19 6
9 61 -1
50 62 1
69 75 -4
8 65 15
27 78 -15
11 70 -1
30 83 -11
2 21 7
20 75 -12
4 67 7
23 80 10
64 81 -20
38 65 11
57 78 -19
76 91 17
15 81 17
18 86 5
6 32 -3
50 75 10
8 78 -5
27 91 -4
11 83 4
30 96 19
1 38 10
4 80 2
45 81 9
64 94 8
17 19 20
3 84 6
22 97 7
38 78 5
57 91 -7
15 94 -11
18 99 9
12 25 7
31 38 -7
75 81 12
33 84 -8
52 97 5
24 35 20
87 91 11
1 51 -8
45 94 -4
86 95 -5
3 97 -9
19 41 20
79 92 -14
63 84 18
82 97 16
12 38 -15
31 51 10
75 94 -9
33 97 18
7 44 -14
67 95 12
26 57 11
0 41 -4
19 54 -4
63 97 -20
34 39 -15
37 44 20
56 57 2
14 60 6
46 49 7
5 11 -16
49 54 -13
7 57 -11
26 70 -13
0 54 -17
41 55 -13
60 68 18
44 60 -16
2 63 3
34 52 -1
53 65 2
37 57 -4
56 70 5
14 73 8
55 74 1
29 58 -19
48 71 5
6 74 -6
41 68 18
25 60 -17
44 73 -14
2 76 -2
18 20 -6
36 74 6
55 87 1
8 12 -10
11 17 18
29 71 3
48 84 8
6 87 -18
4 14 -9
22 31 -20
25 73 1
66 74 12
85 87 14
24 77 -14
43 90 -20
15 28 -18
1 93 -7
18 33 18
59 71 18
78 84 -16
17 74 15
36 87 1
77 88 6
11 30 5
10 34 -16
54 77 -15
73 90 3
31 93 -12
3 31 13
22 44 6
66 87 20
24 90 3
17 87 3
58 88 12
61 93 16
10 47 14
54 90 -13
12 93 2
3 44 -19
47 50 -9
46 91 5
5 53 5
49 96 -8
21 34 20
40 47 -1
42 93 11
0 96 12
33 44 15
32 48 -10
51 61 13
35 53 -15
9 37 13
28 50 10
47 63 19
5 66 14
21 47 14
39 64 19
13 48 10
32 61 12
51 74 -5
16 53 -1
35 66 18
6 8 10
9 50 16
28 63 -4
27 67 16
30 72 -15
2 10 13
20 64 -11
39 77 -19
4 56 13
23 69 8
13 61 -8
16 66 20
57 67 -18
76 80 12
6 21 11
50 64 19
69 77 6
8 67 3
27 80 5
11 72 -19
30 85 -17
2 23 11
1 27 -20
20 77 -5
4 69 9
23 82 16
64 83 13
22 86 -1
38 67 -15
57 80 -14
76 93 18
15 83 18
18 88 -6
50 77 -15
8 80 -1
11 85 -3
52 86 13
1 40 -16
45 83 2
64 96 -17
17 21 -15
3 86 3
22 99 -3
38 80 -18
79 81 6
82 86 19
15 96 12
12 27 18
31 40 1
75 83 -20
94 96 8
33 86 15
52 99 9
24 37 -12
45 96 6
86 97 -11
3 99 -17
0 30 -16
19 43 -15
79 94 13
63 86 5
82 99 -4
21 89 6
12 40 2
75 96 -18
33 99 -8
7 46 -15
67 97 -10
26 59 9
0 43 14
19 56 14
63 99 -13
34 41 -3
53 54 -4
37 46 -5
56 59 -6
14 62 8
46 51 -20
5 13 -1
49 56 -5
7 59 20
48 60 -11
41 57 -5
60 70 -7
25 49 -12
44 62 17
2 65 -15
34 54 -16
37 59 3
14 75 -9
55 76 -18
29 60 -1
48 73 2
6 76 12
41 70 7
25 62 16
44 75 7
2 78 -20
15 17 7
18 22 19
59 60 -3
17 63 9
36 76 -1
55 89 -20
8 14 -4
11 19 2
30 32 -8
29 73 -3
73 79 1
6 89 14
4 16 6
3 20 17
22 33 -1
66 76 -17
85 89 12
24 79 20
43 92 -13
15 30 5
1 95 -6
59 73 1
18 35 -7
17 76 -12
36 89 -3
77 90 10
80 95 2
10 36 -7
54 79 7
73 92 2
31 95 8
3 33 -16
22 46 -17
66 89 -2
24 92 10
58 90 -7
42 82 10
61 95 -16
19 98 -10
10 49 8
54 92 1
12 95 11
28 39 -12
47 52 3
88 90 -19
5 55 -5
46 93 9
49 98 15
21 36 20
40 49 20
42 95 10
0 98 -3
32 50 -16
51 63 -18
35 55 -9
9 39 5
28 52 -1
47 65 -9
5 68 -4
21 49 -18
20 53 -19
39 66 14
23 58 -13
13 50 7
32 63 1
16 55 3
35 68 13
6 10 6
9 52 3
50 53 14
27 69 -13
30 74 -12
2 12 -16
62 63 -15
20 66 -5
39 79 -7
4 58 6
23 71 4
13 63 10
16 68 8
57 69 -5
76 82 -11
15 72 19
6 23 13
18 77 13
50 66 -9
69 79 13
8 69 -13
27 82 13
11 74 -3
30 87 17
1 29 -10
4 71 -2
45 72 2
64 85 7
22 88 19
38 69 -7
57 82 12
15 85 -9
18 90 -15
8 82 13
11 87 6
52 88 11
24 26 20
10 91 -12
1 42 17
45 85 -9
64 98 -15
17 23 -19
3 88 6
19 32 11
38 82 1
79 83 13
82 88 -15
40 91 -19
12 29 -17
31 42 -4
91 93 -4
75 85 -6
94 98 -13
33 88 -7
26 48 -9
67 86 1
86 99 17
70 91 -5
0 32 -11
19 45 3
79 96 20
63 88 -2
21 91 -6
12 42 1
7 48 13
67 99 -6
26 61 -13
9 94 -4
0 45 13
41 46 -20
34 43 15
53 56 12
37 48 -19
56 61 8
14 64 7
7 61 -11
48 62 -11
41 59 -1
60 72 2
25 51 -4
44 64 -15
2 67 -20
34 56 -15
37 61 -17
14 77 19
55 78 -4
29 62 5
48 75 4
6 78 7
4 5 -8
25 64 19
2 80 1
43 81 14
15 19 2
18 24 18
59 62 17
17 65 -7
36 78 3
55 91 9
8 16 19
11 21 -9
29 75 -20
73 81 -14
6 91 11
3 22 -10
22 35 -14
66 78 12
85 91 1
24 81 -20
43 94 18
15 32 9
1 97 2
18 37 -17
59 75 2
17 78 12
77 92 -16
80 97 19
10 38 9
54 81 18
73 94 12
12 84 20
31 97 -15
3 35 12
24 94 9
65 95 -14
21 25 4
58 92 3
42 84 6
61 97 -7
33 35 -16
10 51 -1
51 52 14
54 94 2
12 97 -9
28 41 -19
88 92 15
47 54 2
46 95 15
5 57 8
21 38 1
40 51 11
39 55 2
42 97 2
13 39 -6
32 52 -10
51 65 12
16 44 -15
35 57 -1
34 98 -13
9 41 19
28 54 11
5 70 18
20 55 -1
39 68 18
23 60 -16
13 52 3
32 65 -18
16 57 11
35 70 -12
6 12 17
9 54 -16
50 55 1
8 58 8
27 71 17
11 63 16
30 76 18
2 14 20
62 65 -8
20 68 15
4 60 -15
23 73 -17
64 74 5
38 58 -1
57 71 16
76 84 16
15 74 18
6 25 1
18 79 8
50 68 8
8 71 3
27 84 5
11 76 -1
30 89 10
1 31 -12
4 73 1
45 74 -17
64 87 5
3 77 -20
22 90 8
38 71 19
57 84 -8
15 87 -15
18 92 10
12 18 1
33 77 -16
52 90 -4
24 28 11
10 93 2
1 44 -7
45 87 11
86 88 -14
3 90 -15
89 93 -2
19 34 -5
79 85 -9
63 77 -15
82 90 14
40 93 -3
12 31 12
31 44 3
75 87 3
33 90 -1
26 50 7
67 88 18
70 93 6
28 96 -2
0 34 -13
19 47 -2
79 98 5
63 90 -11
21 93 -11
14 53 -11
7 50 -9
26 63 6
9 96 -8
0 47 15
41 48 12
60 61 -16
44 53 -1
34 45 -17
53 58 -17
37 50 16
56 63 2
14 66 5
48 64 11
6 67 1
41 61 17
25 53 5
44 66 19
2 69 7
36 67 -2
55 80 14
29 64 8
48 77 -8
6 80 13
4 7 17
22 24 15
25 66 1
66 67 -7
2 82 -7
43 83 17
15 21 -11
1 86 10
59 64 -7
18 26 -7
17 67 12
36 80 -4
55 93 15
8 18 -7
11 23 5
10 27 -18
73 83 11
31 86 -12
3 24 -9
22 37 -19
66 80 18
24 83 -10
43 96 3
1 99 -20
17 80 2
58 81 -20
77 94 19
61 86 5
80 99 20
10 40 8
54 83 -10
73 96 -4
12 86 -6
31 99 19
3 37 -15
5 46 -18
24 96 18
65 97 -16
21 27 10
58 94 -18
42 86 -2
61 99 20
33 37 -10
0 89 -8
32 41 19
51 54 6
35 46 -11
95 97 7
12 99 -3
9 30 -6
28 43 -2
88 94 7
47 56 -3
46 97 17
5 59 15
21 40 -7
39 57 -10
42 99 -8
13 41 -13
32 54 -19
51 67 9
16 46 -4
35 59 -4
9 43 -7
28 56 -18
27 60 7
30 65 -15
2 3 15
20 57 1
39 70 15
4 49 -1
23 62 -15
13 54 14
16 59 -3
57 60 20
6 14 -19
50 57 8
69 70 7
8 60 6
27 73 -2
11 65 -1
30 78 -19
2 16 -18
20 70 -9
4 62 13
23 75 10
64 76 -7
22 79 -18
38 60 10
57 73 16
76 86 3
15 76 -4
18 81 -7
50 70 -18
8 73 -1
11 78 1
52 79 10
1 33 14
45 76 -9
64 89 -9
3 79 -8
22 92 14
38 73 -7
15 89 3
18 94 -20
12 20 -3
31 33 -2
75 76 -6
33 79 -9
52 92 5
24 30 7
10 95 14
1 46 9
45 89 -14
86 90 20
3 92 -16
89 95 14
47 98 18
19 36 -19
79 87 -5
63 79 19
82 92 -6
21 82 -17
40 95 -16
12 33 -2
75 89 14
33 92 9
74 93 -20
7 39 -8
26 52 -9
67 90 -7
70 95 18
28 98 -11
0 36 -17
19 49 -6
63 92 16
21 95 7
37 39 7
14 55 -16
5 6 2
13 96 -19
7 52 15
26 65 6
9 98 7
41 50 5
60 63 5
44 55 2
2 58 -17
34 47 -5
37 52 -11
56 65 12
14 68 -15
55 69 12
29 53 -7
48 66 14
6 69 -11
41 63 14
25 55 9
44 68 19
2 71 -11
36 69 -2
55 82 15
11 12 -3
29 66 -6
48 79 -6
6 82 -2
4 9 -4
3 13 19
22 26 -4
66 69 18
24 72 16
43 85 16
15 23 -9
1 88 2
18 28 19
59 66 -16
17 69 -6
36 82 -8
77 83 -4
80 88 13
10 29 -3
54 72 16
73 85 13
31 88 14
3 26 4
22 39 -15
66 82 -7
24 85 7
43 98 3
17 82 9
58 83 18
77 96 14
61 88 -17
19 91 -17
10 42 8
54 85 16
73 98 -6
12 88 -8
28 32 -17
5 48 2
46 86 -18
65 99 -1
49 91 12
21 29 19
40 42 19
58 96 11
42 88 -12
0 91 3
32 43 -13
51 56 -6
35 48 12
95 99 -13
9 32 -19
28 45 -8
88 96 14
47 58 -1
46 99 -19
5 61 12
21 42 9
20 46 19
39 59 10
23 51 10
13 43 6
32 56 -7
16 48 -4
35 61 14
9 45 -16
27 62 9
30 67 8
2 5 17
20 59 -14
39 72 -10
4 51 18
23 64 -15
13 56 16
16 61 -3
57 62 8
15 65 -4
18 70 16
6 16 2
50 59 -18
69 72 3
8 62 -15
27 75 -1
11 67 -17
30 80 -4
2 18 -9
1 22 -4
4 64 11
45 65 -3
64 78 -8
22 81 19
38 62 1
57 75 -5
15 78 2
18 83 1
8 75 10
11 80 -19
52 81 19
1 35 -14
45 78 3
64 91 20
3 81 -2
22 94 7
38 75 4
40 84 13
12 22 13
31 35 8
75 78 4
33 81 3
52 94 1
93 95 17
10 97 8
26 41 8
67 79 12
86 92 18
70 84 7
3 94 -14
89 97 -9
0 25 20
19 38 -20
79 89 7
63 81 2
82 94 -1
21 84 5
40 97 -15
12 35 -10
33 94 -10
74 95 9
32 98 -13
7 41 1
67 92 2
26 54 11
70 97 19
9 87 16
0 38 -16
19 51 -18
63 94 -6
21 97 14
62 98 16
34 36 -14
37 41 16
14 57 -16
13 98 3
7 54 1
48 55 6
92 98 7
41 52 2
60 65 -16
25 44 1
44 57 20
2 60 9
34 49 20
37 54 3
14 70 -17
55 71 19
29 55 12
48 68 1
6 71 -17
41 65 -6
25 57 -4
44 70 -5
2 73 -2
43 74 -3
17 58 17
36 71 -5
55 84 -11
8 9 -15
11 14 19
29 68 13
73 74 -1
6 84 -16
3 15 -16
22 28 16
66 71 20
24 74 8
43 87 6
15 25 19
1 90 -19
18 30 7
59 68 15
17 71 -20
36 84 6
77 85 4
80 90 -9
10 31 3
54 74 2
73 87 12
12 77 -17
31 90 8
3 28 -12
66 84 2
24 87 2
65 88 -5
68 93 -8
58 85 -17
77 98 -20
42 77 -9
61 90 -17
19 93 12
10 44 15
54 87 15
12 90 -3
28 34 -1
46 88 -9
5 50 12
49 93 18
21 31 20
7 96 6
40 44 8
39 48 -20
58 98 1
42 90 -3
0 93 2
13 32 3
32 45 -4
51 58 16
16 37 -4
35 50 20
34 91 -7
37 96 11
9 34 17
28 47 -13
88 98 -19
5 63 13
20 48 -20
39 61 13
23 53 2
13 45 1
32 58 13
16 50 -15
35 63 -16
9 47 -18
8 51 -16
27 64 6
11 56 2
30 69 10
2 7 14
20 61 6
4 53 -2
23 66 9
64 67 -13
38 51 -18
57 64 -6
76 77 -5
15 67 -13
6 18 9
18 72 -18
50 61 15
8 64 10
27 77 16
11 69 2
30 82 -18
1 24 -13
4 66 -2
45 67 -14
64 80 20
3 70 13
22 83 -4
38 64 -13
57 77 8
15 80 -10
18 85 -18
33 70 15
52 83 -1
10 86 -3
1 37 19
45 80 6
3 83 19
22 96 -10
19 27 5
63 70 -14
82 83 -14
40 86 -13
12 24 1
31 37 14
75 80 11
33 83 20
52 96 -7
93 97 -17
10 99 5
67 81 -15
26 43 7
86 94 13
70 86 -2
89 99 -7
0 27 3
19 40 7
79 91 -7
63 83 17
82 96 14
21 86 -7
40 99 -8
12 37 17
14 46 9
74 97 -10
7 43 -9
67 94 -19
26 56 -1
70 99 -1
9 89 -2
0 40 -9
44 46 -8
21 99 -7
34 38 -2
37 43 5
14 59 20
7 56 -8
48 57 -18
6 60 7
41 54 -16
60 67 2
25 46 -7
44 59 -18
2 62 -16
34 51 -3
37 56 3
36 60 -2
55 73 10
29 57 -4
48 70 -11
6 73 3
25 59 6
2 75 9
43 76 -17
1 79 5
18 19 -8
17 60 -10
36 73 4
55 86 -14
8 11 -14
11 16 13
10 20 1
29 70 -12
73 76 7
31 79 8
3 17 -19
22 30 -17
66 73 1
85 86 17
24 76 -9
43 89 10
1 92 18
59 70 -20
17 73 -20
58 74 13
77 87 -19
61 79 -2
80 92 -17
10 33 -5
54 76 -18
73 89 -19
12 79 -20
31 92 8
3 30 19
24 89 -15
65 90 7
68 95 13
26 98 16
58 87 8
42 79 16
61 92 5
0 82 19
19 95 -8
32 34 -20
35 39 14
54 89 19
12 92 14
53 93 14
56 98 -17
9 23 -17
28 36 -18
47 49 20
46 90 11
5 52 -15
49 95 -15
21 33 -8
7 98 -16
39 50 16
42 92 -14
83 93 -9
0 95 4
13 34 -12
32 47 16
51 60 -7
16 39 13
35 52 -8
34 93 16
37 98 -14
9 36 7
28 49 -19
20 50 7
39 63 -16
4 42 -18
23 55 8
13 47 -2
16 52 -14
6 7 -18
8 53 -3
27 66 -8
11 58 5
30 71 5
2 9 15
20 63 -7
4 55 3
23 68 -5
64 69 3
38 53 -1
57 66 18
76 79 -8
15 69 5
6 20 6
18 74 -16
50 63 7
8 66 2
11 71 20
1 26 17
45 69 -7
64 82 -10
3 72 -9
22 85 5
38 66 18
15 82 2
18 87 17
12 13 -4
33 72 -3
52 85 -20
10 88 -2
1 39 9
45 82 -11
3 85 -8
22 98 -20
19 29 14
79 80 -10
63 72 20
82 85 3
40 88 -15
12 26 18
31 39 -19
75 82 -19
33 85 7
74 86 -10
93 99 5
7 32 -11
26 45 -10
67 83 -8
86 96 15
70 88 1
28 91 -1
0 29 18
19 42 16
63 85 4
21 88 -15
14 48 18
74 99 5
7 45 2
67 96 -10
26 58 -2
9 91 18
0 42 8
41 43 -10
44 48 -11
2 51 15
34 40 -18
37 45 -5
56 58 -15
14 61 -12
55 62 20
29 46 -13
48 59 -8
6 62 -12
41 56 -12
25 48 20
44 61 16
2 64 -14
36 62 17
55 75 -1
29 59 4
48 72 15
6 75 -2
3 6 -7
25 61 -16
24 65 -9
43 78 -10
15 16 -2
1 81 -14
18 21 -11
17 62 9
36 75 7
80 81 15
10 22 3
54 65 -3
73 78 -20
31 81 17
3 19 17
22 32 19
66 75 19
24 78 -4
43 91 -19
1 94 -18
17 75 19
58 76 2
77 89 10
61 81 -4
80 94 19
19 84 -16
10 35 9
54 78 -7
73 91 -10
12 81 -20
31 94 5
72 95 -14
46 79 -6
5 41 -13
65 92 -6
49 84 9
68 97 12
21 22 16
58 89 -1
42 81 -7
61 94 8
0 84 13
19 97 15
32 36 2
35 41 -7
12 94 -3
53 95 -3
9 25 16
28 38 18
47 51 -11
88 89 -1
5 54 5
46 92 16
49 97 -10
21 35 -12
20 39 -20
39 52 -2
42 94 -10
83 95 -14
0 97 10
41 98 17
13 36 -1
32 49 -10
16 41 8
35 54 -6
34 95 10
9 38 2
27 55 -12
71 98 -4
30 60 16
20 52 -5
39 65 18
4 44 2
23 57 -2
13 49 -18
16 54 2
6 9 5
50 52 3
8 55 -13
27 68 20
11 60 -3
30 73 -4
2 11 6
1 15 -13
4 57 -15
64 71 -20
22 74 -19
38 55 -16
57 68 2
15 71 -12
18 76 20
8 68 7
11 73 3
52 74 10
1 28 -16
45 71 -19
64 84 -7
3 74 -7
22 87 15
38 68 -17
18 89 -10
12 15 -10
33 74 20
52 87 -9
24 25 -19
10 90 -14
67 72 -1
26 34 1
3 87 13
89 90 -3
47 93 20
0 18 -10
19 31 -13
79 82 7
63 74 14
82 87 -8
21 77 -4
40 90 6
12 28 -19
33 87 12
74 88 3
7 34 8
67 85 -17
26 47 19
86 98 -13
70 90 5
28 93 -6
0 31 18
19 44 6
63 87 -7
21 90 17
14 50 14
13 91 4
16 96 14
7 47 -10
9 93 18
41 45 -9
25 37 -5
44 50 14
2 53 -6
34 42 17
37 47 -5
14 63 -9
55 64 -16
29 48 17
48 61 -8
6 64 -6
41 58 3
25 50 5
44 63 18
2 66 -3
43 67 -10
17 51 -15
36 64 19
55 77 10
29 61 -6
6 77 19
3 8 5
24 67 1
43 80 -5
15 18 13
1 83 11
18 23 -4
59 61 17
17 64 15
36 77 -6
77 78 -13
80 83 -4
10 24 13
54 67 -17
73 80 -13
12 70 5
31 83 -17
3 21 -8
66 77 -9
24 80 17
65 81 17
68 86 -17
1 96 16
58 78 2
77 91 18
42 70 17
61 83 11
80 96 -9
19 86 -2
10 37 10
54 80 -19
12 83 12
31 96 2
72 97 4
46 81 19
5 43 -8
65 94 12
49 86 -12
68 99 -13
21 24 19
7 89 19
58 91 19
42 83 -12
61 96 -3
0 86 3
19 99 -5
13 25 16
32 38 10
35 43 10
34 84 -19
53 97 -13
37 89 -11
9 27 -14
28 40 2
88 91 -17
46 94 12
5 56 -14
49 99 1
20 41 10
39 54 2
23 46 -12
83 97 7
0 99 9
13 38 2
32 51 -14
16 43 16
35 56 16
34 97 9
9 40 11
27 57 5
30 62 5
20 54 -12
39 67 -19
4 46 -11
23 59 -11
38 44 -20
15 60 -2
18 65 4
6 11 -11
50 54 7
8 57 -15
27 70 -11
11 62 14
30 75 -3
1 17 -5
4 59 6
45 60 11
64 73 -6
22 76 11
38 57 -17
57 70 11
15 73 -19
18 78 20
11 75 12
52 76 2
10 79 8
1 30 -3
45 73 16
64 86 -9
3 76 6
22 89 -4
19 20 -7
40 79 -13
12 17 8
33 76 3
52 89 16
10 92 15
67 74 -12
26 36 -11
86 87 20
70 79 15
3 89 10
89 92 19
47 95 -3
0 20 -10
19 33 -4
5 98 15
79 84 -6
63 76 11
82 89 7
21 79 -17
40 92 4
12 30 -13
14 39 -5
33 89 -20
74 90 8
32 93 3
35 98 -11
7 36 -16
67 87 1
26 49 -15
70 92 6
9 82 4
28 95 -4
0 33 19
21 92 -13
62 93 10
14 52 -11
13 93 -16
16 98 10
7 49 11
48 50 -8
92 93 17
6 53 -2
9 95 -12
41 47 1
25 39 -8
44 52 -6
2 55 -3
34 44 14
37 49 11
36 53 -11
55 66 14
29 50 -3
48 63 -17
6 66 3
25 52 3
2 68 -7
43 69 -2
1 72 -13
17 53 9
36 66 14
55 79 18
29 63 1
31 72 -20
3 10 -6
22 23 -11
24 69 -2
43 82 13
1 85 3
59 63 -11
17 66 20
58 67 -1
77 80 16
61 72 12
80 85 18
10 26 -13
54 69 10
73 82 -9
12 72 -6
31 85 -15
3 23 8
24 82 -9
65 83 -5
68 88 18
58 80 7
77 93 -5
42 72 -20
61 85 18
80 98 -14
0 75 -2
19 88 11
10 39 8
54 82 1
12 85 -9
53 86 -17
72 99 -5
56 91 14
28 29 13
46 83 -4
5 45 -4
65 96 -19
49 88 -14
21 26 -8
7 91 11
39 43 7
42 85 -13
83 86 6
0 88 -14
13 27 -3
32 40 4
51 53 15
16 32 -13
35 45 -15
95 96 -20
34 86 -1
53 99 -20
37 91 -3
9 29 20
28 42 1
5 58 -2
46 96 -9
20 43 -8
39 56 4
23 48 -15
83 99 -6
13 40 2
25 94 3
16 45 18
35 58 9
34 99 -4
8 46 16
27 59 -10
11 51 10
30 64 -13
20 56 8
4 48 -16
23 61 -17
38 46 -19
57 59 8
15 62 -17
6 13 9
18 67 15
50 56 -2
8 59 -16
27 72 -4
11 64 -10
30 77 20
1 19 5
4 61 17
45 62 18
64 75 7
3 65 1
22 78 -1
38 59 16
57 72 4
15 75 13
18 80 -18
33 65 -4
52 78 20
10 81 -18
1 32 -12
45 75 10
3 78 18
22 91 4
19 22 15
63 65 2
40 81 20
12 19 14
31 32 -10
33 78 -14
52 91 -15
10 94 -13
51 95 -11
7 25 -17
67 76 -12
26 38 20
86 89 4
70 81 -7
89 94 5
28 84 -4
47 97 -8
0 22 14
19 35 -11
63 78 -4
82 91 17
21 81 10
40 94 15
81 95 -11
14 41 -9
74 92 7
32 95 19
7 38 20
67 89 -12
26 51 -13
70 94 -8
9 84 -7
28 97 -3
0 35 10
2 44 -5
21 94 10
62 95 -9
20 98 -11
37 38 -9
14 54 3
13 95 -3
29 39 -6
48 52 -9
92 95 18
6 55 2
9 97 -16
50 98 16
41 49 2
25 41 -18
44 54 -8
2 57 8
36 55 -10
55 68 -4
29 52 -19
48 65 -7
6 68 10
25 54 6
24 58 18
43 71 -16
1 74 19
17 55 -14
36 68 -16
10 15 -17
54 58 -10
31 74 9
3 12 -11
22 25 16
66 68 9
24 71 -4
43 84 5
1 87 16
17 68 10
58 69 -10
77 82 -9
61 74 -14
80 87 -8
19 77 4
10 28 20
54 71 -14
73 84 -19
12 74 14
31 87 -16
72 88 -18
3 25 10
5 34 -14
46 72 3
65 85 -7
49 77 -14
68 90 3
26 93 -8
58 82 11
42 74 19
61 87 19
0 77 -20
19 90 9
12 87 -16
53 88 -10
56 93 -2
9 18 9
28 31 2
5 47 -10
46 85 16
65 98 -2
49 90 20
21 28 -4
7 93 -1
39 45 -11
42 87 -13
83 88 9
0 90 -4
41 91 17
13 29 17
32 42 2
51 55 -1
16 34 -18
35 47 -4
95 98 10
34 88 -13
37 93 1
9 31 17
28 44 14
27 48 14
71 91 -1
30 53 -3
20 45 -15
39 58 18
4 37 -2
23 50 -4
13 42 14
25 96 19
16 47 9
8 48 -9
27 61 2
11 53 5
30 66 20
2 4 -2
1 8 -11
20 58 -12
4 50 -10
23 63 -4
22 67 -15
38 48 18
57 61 -9
15 64 -15
18 69 1
8 61 19
11 66 -20
52 67 14
1 21 15
45 64 -10
64 77 -13
3 67 -20
22 80 11
38 61 17
15 77 15
18 82 18
33 67 -14
52 80 3
10 83 -4
26 27 17
45 77 -10
3 80 -7
47 86 -12
0 11 18
19 24 -7
63 67 -19
21 70 -9
40 83 -3
12 21 4
75 77 12
33 80 4
74 81 -10
93 94 -15
10 96 3
51 97 -9
7 27 3
67 78 -3
26 40 -8
86 91 -15
70 83 -1
89 96 13
28 86 -14
47 99 7
0 24 7
19 37 10
63 80 -18
21 83 -6
40 96 -6
81 97 1
14 43 -19
74 94 -19
13 84 1
32 97 13
16 89 6
7 40 -18
67 91 17
70 96 20
9 86 12
28 99 16
25 30 19
2 46 -10
62 97 -3
34 35 7
37 40 6
14 56 -16
55 57 12
13 97 18
29 41 -6
48 54 -14
92 97 -20
6 57 -12
9 99 -2
41 51 4
25 43 -3
44 56 -2
2 59 15
43 60 8
17 44 14
36 57 -8
55 70 -1
29 54 12
6 70 10
24 60 -17
43 73 20
1 76 -13
17 57 15
36 70 -20
10 17 5
54 60 -7
12 63 8
31 76 14
3 14 13
22 27 15
66 70 -19
24 73 18
65 74 12
1 89 3
58 71 -15
77 84 -20
42 63 10
61 76 15
80 89 12
19 79 -2
10 30 2
54 73 -1
12 76 20
31 89 3
72 90 -17
46 74 -8
5 36 -1
65 87 -16
49 79 -2
68 92 -12
26 95 -18
58 84 3
42 76 13
61 89 12
0 79 18
19 92 7
35 36 15
34 77 19
53 90 10
37 82 -7
56 95 14
9 20 -9
28 33 -18
14 98 -14
5 49 -19
46 87 16
49 92 -6
90 93 6
21 30 13
7 95 2
20 34 -7
39 47 -10
23 39 11
83 90 15
0 92 -8
41 93 10
13 31 -8
32 44 14
44 98 -16
16 36 -13
35 49 12
34 90 -20
37 95 -3
9 33 -15
27 50 -20
30 55 -14
71 93 -14
20 47 5
39 60 -16
4 39 -17
23 52 4
25 98 5
13 44 13
16 49 19
15 53 3
18 58 4
59 96 -20
8 50 -4
27 63 -7
11 55 11
30 68 -7
1 10 16
4 52 20
45 53 -4
64 66 -20
22 69 18
38 50 -20
57 63 4
15 66 -12
18 71 8
8 63 -7
11 68 -8
52 69 18
10 72 12
1 23 14
45 66 20
64 79 -9
3 69 -9
22 82 18
38 63 -15
40 72 -19
33 69 15
52 82 20
10 85 -9
26 29 -20
70 72 19
3 82 -19
47 88 10
0 13 -19
19 26 5
5 91 3
63 69 20
21 72 8
40 85 -19
12 23 20
33 82 4
74 83 -6
93 96 2
32 86 -6
51 99 7
35 91 16
7 29 -4
67 80 -17
26 42 5
86 93 8
70 85 19
89 98 1
9 75 11
28 88 -16
0 26 -3
63 82 16
21 85 -6
62 86 -18
81 99 -11
14 45 12
74 96 15
13 86 14
32 99 -20
16 91 12
7 42 -11
9 88 5
25 32 17
44 45 -15
2 48 -20
62 99 -9
34 37 13
37 42 -14
4 94 -4
36 46 16
55 59 -16
96 97 -10
13 99 -2
29 43 -15
48 56 -15
6 59 -18
92 99 10
25 45 -16
2 61 -2
43 62 -7
17 46 3
36 59 2
55 72 6
29 56 -15
24 62 -7
43 75 -12
1 78 -11
17 59 3
58 60 5
61 65 -20
10 19 -6
54 62 -17
73 75 -16
12 65 -4
31 78 -6
3 16 -17
24 75 2
65 76 -9
68 81 -11
1 91 -1
58 73 5
77 86 10
42 65 2
61 78 -14
80 91 19
19 81 -6
10 32 1
54 75 7
12 78 -7
72 92 1
46 76 -1
5 38 16
65 89 -13
49 81 -11
68 94 -17
7 84 3
26 97 18
42 78 -2
0 81 -14
19 94 18
60 95 -1
13 20 -17
32 33 -9
16 25 20
35 38 -12
34 79 -7
53 92 3
37 84 -3
56 97 -1
9 22 2
28 35 -17
5 51 -4
46 89 -12
49 94 8
90 95 -8
7 97 -3
20 36 -10
39 49 -16
23 41 1
83 92 1
41 95 14
13 33 2
32 46 8
16 38 13
35 51 -1
34 92 -10
37 97 -5
9 35 11
8 39 -17
27 52 2
11 44 -8
30 57 14
71 95 -11
29 98 3
20 49 18
4 41 -19
23 54 -20
38 39 -14
15 55 1
18 60 10
59 98 -3
8 52 5
27 65 -1
11 57 -9
30 70 16
1 12 15
4 54 -14
45 55 -12
64 68 19
3 58 -5
22 71 -3
38 52 11
57 65 20
15 68 5
18 73 -11
33 58 -9
52 71 -6
10 74 -17
1 25 -3
45 68 -3
3 71 -4
22 84 15
40 74 17
33 71 15
52 84 2
10 87 13
51 88 -17
7 18 6
26 31 1
67 69 -7
70 74 20
28 77 5
47 90 15
0 15 13
19 28 -12
5 93 -12
63 71 13
82 84 -1
21 74 7
40 87 -16
81 88 16
14 34 -11
74 85 19
93 98 -4
32 88 8
35 93 3
7 31 5
26 44 6
67 82 -16
70 87 -14
9 77 8
28 90 -15
0 28 1
21 87 2
62 88 4
20 91 10
23 96 -12
14 47 -6
74 98 16
