100 200 1
18 72 -9
10 34 -4
47 53 -8
26 85 8
21 80 -17
62 81 5
33 45 15
16 38 12
87 89 -11
54 86 -12
36 80 1
27 77 -7
37 79 -4
12 25 19
34 92 16
23 25 -10
22 35 10
8 18 -3
40 50 -3
76 79 -11
0 78 1
29 59 1
24 81 17
35 90 12
34 67 -1
7 28 7
64 80 -1
44 47 1
9 56 -15
63 91 -20
2 50 -4
8 66 -17
20 31 -4
14 79 -7
39 44 -12
25 61 -12
49 55 8
3 33 -12
24 65 -20
44 77 7
12 54 -8
33 86 18
13 92 10
39 74 -7
2 89 12
11 37 6
16 33 -18
82 88 -10
2 43 16
31 79 5
64 91 -13
54 90 -20
6 34 -15
23 93 -20
9 21 19
57 70 -8
49 66 -2
14 44 13
6 70 14
24 85 6
15 82 17
81 82 6
16 81 -3
71 81 -5
18 23 -3
2 36 -16
8 52 9
60 62 17
28 73 -19
12 31 -6
78 86 -14
6 45 -11
24 60 4
52 76 -15
40 56 -6
57 72 19
42 84 -9
7 80 11
45 64 1
64 77 -10
34 73 4
51 52 -6
54 94 11
9 80 7
66 77 -18
4 93 1
25 70 7
42 95 2
5 48 13
56 66 1
5 57 -3
6 31 -18
4 13 -6
41 62 -20
18 39 8
66 70 18
26 61 -17
43 77 17
75 82 6
41 80 -17
24 73 -10
39 55 -13
8 77 6
10 83 -5
22 48 -5
42 97 -5
76 92 -2
2 88 15
16 87 -20
73 84 3
6 79 -15
58 62 16
24 39 -16
6 33 -2
51 65 9
24 48 6
18 96 -11
16 44 17
64 93 5
89 92 -20
47 86 -9
18 50 11
42 81 -17
10 21 5
0 84 -19
53 65 20
11 84 -18
15 20 10
5 52 -10
37 66 -7
29 37 -2
86 89 1
70 81 -3
1 2 4
4 90 -2
17 29 -16
30 90 15
10 87 17
88 89 -18
68 83 -18
22 61 -4
0 95 -11
9 43 -20
2 37 20
32 38 -17
29 94 -4
26 58 -20
2 3 -11
48 64 -12
75 91 16
32 86 -16
63 80 -10
50 55 5
12 16 7
72 85 8
77 81 -5
12 80 19
16 41 -11
73 93 19
67 89 2
16 50 15
55 96 -20
47 92 13
57 60 10
11 72 -2
9 20 1
14 34 6
2 78 14
3 43 -10
46 78 -19
31 59 13
76 91 -6
20 68 -12
48 84 -5
5 58 13
55 62 -2
7 22 -18
23 73 2
16 34 -11
7 31 11
45 79 -3
17 72 4
16 52 5
29 46 -10
42 80 -6
65 84 -7
23 48 -19
28 99 8
22 58 -18
11 92 8
10 41 -15
26 92 8
30 62 3
45 90 20
38 51 -4
51 78 -20
11 76 -5
51 87 5
12 50 -11
31 63 -4
