100 4950 1
13 88 8
16 93 12
29 32 -5
6 48 8
9 90 -19
50 91 -12
41 42 -18
25 34 18
44 47 10
2 50 14
4 96 -12
36 48 -20
55 61 -1
96 99 -3
29 45 -2
48 58 5
6 61 6
25 47 17
43 64 20
1 67 -17
17 48 -5
36 61 -11
31 67 4
3 5 -11
24 64 -20
43 77 -1
1 80 8
17 61 12
58 62 7
61 67 8
10 21 16
54 64 -5
73 77 17
12 67 -14
31 80 2
3 18 18
5 27 -2
65 78 14
68 83 -20
26 86 13
58 75 -6
42 67 -13
61 80 -11
80 93 -17
0 70 -7
19 83 7
12 80 -14
53 81 -14
72 94 3
56 86 13
9 11 -13
46 78 13
5 40 -2
65 91 5
49 83 -17
68 96 -17
7 86 11
26 99 -18
42 80 1
0 83 4
19 96 -15
60 97 -8
13 22 -9
32 35 -9
16 27 -7
35 40 13
34 81 -19
53 94 17
37 86 -10
56 99 9
9 24 -20
28 37 -8
27 41 -15
30 46 -18
90 97 7
7 99 14
20 38 -8
39 51 -11
4 30 19
23 43 11
83 94 -14
41 97 4
25 89 16
13 35 -2
16 40 7
34 94 3
37 99 12
8 41 3
27 54 -15
11 46 1
71 97 -20
30 59 -18
20 51 -10
4 43 -5
23 56 -13
22 60 -4
38 41 -12
15 57 14
18 62 6
50 51 -13
8 54 17
11 59 -5
52 60 -14
1 14 -1
45 57 13
64 70 8
3 60 2
22 73 -15
38 54 -6
15 70 -16
18 75 2
33 60 12
52 73 14
10 76 3
45 70 -13
3 73 5
47 79 8
0 4 3
21 63 -4
40 76 -19
12 14 -14
33 73 -16
10 89 -11
51 90 -4
7 20 -5
26 33 1
67 71 9
70 76 13
28 79 6
47 92 -19
0 17 14
19 30 -11
5 95 2
63 73 6
21 76 17
40 89 -17
81 90 13
39 93 13
14 36 15
74 87 -20
13 77 12
32 90 11
16 82 7
35 95 -18
7 33 11
67 84 12
26 46 -12
70 89 -20
9 79 -18
28 92 12
69 93 2
2 39 20
62 90 -14
20 93 4
23 98 9
14 49 -6
13 90 1
16 95 -4
29 34 -16
6 50 7
9 92 18
50 93 18
8 96 1
41 44 -2
25 36 -6
44 49 -20
2 52 -12
4 98 -19
36 50 5
55 63 15
38 96 9
29 47 20
6 63 -11
24 53 -18
43 66 -20
1 69 -2
17 50 9
36 63 18
31 69 18
3 7 18
24 66 -15
43 79 -11
1 82 5
58 64 -20
61 69 19
80 82 -4
19 72 16
10 23 -6
54 66 15
12 69 17
31 82 -13
72 83 -14
46 67 16
5 29 8
65 80 -6
49 72 10
68 85 18
26 88 -17
58 77 13
42 69 5
61 82 2
0 72 17
19 85 -20
12 82 19
53 83 1
72 96 -15
56 88 -15
9 13 -8
14 91 15
46 80 15
5 42 3
65 93 14
49 85 16
68 98 -13
21 23 -16
7 88 -6
20 27 7
39 40 3
23 32 -20
0 85 -17
41 86 -4
60 99 3
13 24 4
32 37 -17
44 91 2
16 29 -17
35 42 1
34 83 -20
53 96 -18
37 88 -4
9 26 -20
27 43 17
30 48 2
71 86 -10
90 99 -18
20 40 7
39 53 -7
4 32 -8
23 45 7
83 96 -3
41 99 -19
13 37 6
25 91 -1
16 42 -7
15 46 -7
34 96 -15
18 51 17
8 43 -5
27 56 17
11 48 -2
30 61 2
71 99 18
1 3 -13
4 45 19
45 46 4
22 62 -12
38 43 1
15 59 15
18 64 20
8 56 -13
11 61 15
52 62 -14
10 65 -17
1 16 -1
45 59 -19
64 72 8
3 62 17
22 75 -1
38 56 -5
40 65 -14
33 62 19
52 75 1
10 78 -5
3 75 -10
47 81 -10
0 6 14
21 65 -11
40 78 -14
12 16 12
33 75 -20
74 76 -7
32 79 -16
51 92 1
35 84 -2
7 22 -15
26 35 15
67 73 20
70 78 20
89 91 7
9 68 12
28 81 8
47 94 12
0 19 -6
5 97 15
63 75 12
21 78 6
62 79 -5
81 92 -3
39 95 16
14 38 11
74 89 10
13 79 -9
32 92 -6
16 84 -17
35 97 -10
7 35 -3
9 81 2
28 94 -19
69 95 20
2 41 -2
62 92 9
20 95 -1
4 87 15
14 51 15
13 92 -18
16 97 -16
57 98 20
29 36 -20
48 49 -14
6 52 -11
50 95 7
8 98 16
25 38 3
44 51 -17
2 54 -12
84 93 -4
43 55 10
87 98 12
17 39 -1
36 52 -5
55 65 -8
38 98 -17
29 49 -14
6 65 2
24 55 10
43 68 -20
1 71 -4
17 52 -9
36 65 17
10 12 -8
54 55 -16
12 58 12
31 71 -3
3 9 -13
24 68 -9
65 69 6
68 74 2
1 84 -7
58 66 -13
77 79 -2
42 58 -11
61 71 18
80 84 14
19 74 -17
10 25 -15
54 68 19
12 71 18
31 84 -17
72 85 -7
5 31 20
46 69 6
65 82 4
49 74 16
68 87 8
7 77 8
26 90 -19
58 79 -16
42 71 15
61 84 -4
0 74 -16
19 87 3
60 88 7
16 18 15
34 72 -7
53 85 1
72 98 9
37 77 16
56 90 9
9 15 4
14 93 11
46 82 6
5 44 16
49 87 9
7 90 -6
20 29 -11
39 42 -3
23 34 -10
83 85 4
0 87 3
41 88 7
13 26 10
44 93 -12
32 39 8
16 31 6
35 44 -12
2 96 -17
34 85 18
53 98 7
37 90 4
9 28 -1
8 32 18
27 45 4
11 37 5
30 50 -3
71 88 -6
29 91 3
20 42 19
4 34 -6
23 47 10
83 98 12
25 93 3
15 48 -18
59 91 9
18 53 18
8 45 12
27 58 13
11 50 14
30 63 -15
1 5 -15
4 47 -5
45 48 15
3 51 20
22 64 3
38 45 3
57 58 10
15 61 17
18 66 8
33 51 8
52 64 -9
10 67 -6
1 18 -15
45 61 -19
3 64 -12
22 77 -7
40 67 8
33 64 -9
52 77 5
10 80 -5
28 70 9
47 83 -14
0 8 10
19 21 12
5 86 1
63 64 12
21 67 4
40 80 -7
14 27 10
74 78 14
32 81 -13
51 94 -14
35 86 -12
7 24 -2
26 37 -15
67 75 -10
70 80 4
9 70 5
28 83 5
47 96 -19
0 21 -15
5 99 -11
21 80 2
62 81 -12
81 94 -3
20 84 1
39 97 19
14 40 -6
74 91 -7
13 81 -6
32 94 3
16 86 4
35 99 20
7 37 8
6 41 -6
9 83 -1
50 84 18
69 97 -10
25 27 -10
2 43 -13
62 94 20
20 97 10
4 89 4
36 41 -12
13 94 -12
16 99 -1
29 38 3
48 51 -14
92 94 -6
6 54 -4
50 97 -2
25 40 -5
2 56 -5
43 57 5
84 95 -7
1 60 9
17 41 13
36 54 14
55 67 15
29 51 3
31 60 20
24 57 -19
43 70 2
1 73 1
17 54 -8
10 14 -12
54 57 15
12 60 6
31 73 16
3 11 20
5 20 11
24 70 20
65 71 11
68 76 5
26 79 6
58 68 12
77 81 -9
42 60 6
61 73 -16
80 86 6
0 63 14
19 76 -14
54 70 -3
12 73 8
53 74 -5
72 87 6
56 79 -9
46 71 2
5 33 -9
65 84 -12
49 76 1
68 89 20
7 79 -7
26 92 5
42 73 8
0 76 3
19 89 16
60 90 -16
13 15 -1
16 20 20
34 74 10
53 87 -9
37 79 8
56 92 20
9 17 -7
28 30 1
14 95 -1
27 34 20
46 84 -20
30 39 19
49 89 -8
7 92 12
48 93 14
20 31 16
39 44 -11
4 23 2
23 36 -2
83 87 4
41 90 -1
13 28 2
25 82 3
44 95 -15
16 33 -8
2 98 15
34 87 -19
37 92 1
78 93 -13
8 34 -6
27 47 4
11 39 10
71 90 -13
30 52 -14
29 93 6
20 44 -3
4 36 1
23 49 10
25 95 -9
15 50 18
59 93 -15
18 55 8
17 96 -13
8 47 -11
11 52 18
52 53 7
1 7 8
45 50 -6
3 53 -19
22 66 -14
38 47 4
15 63 15
18 68 18
33 53 -16
52 66 -3
10 69 3
1 20 17
45 63 -18
3 66 12
21 56 -12
40 69 -14
33 66 12
10 82 4
51 83 -7
7 13 6
28 72 -1
47 85 -11
0 10 14
19 23 -7
5 88 7
63 66 -11
21 69 5
40 82 9
81 83 -12
14 29 14
74 80 18
13 70 17
32 83 -6
51 96 12
35 88 17
7 26 -9
67 77 3
26 39 -1
70 82 10
9 72 -7
28 85 4
0 23 -3
2 32 8
62 83 -6
81 96 -12
20 86 11
39 99 -4
23 91 18
14 42 -10
13 83 -8
32 96 15
16 88 6
6 43 11
9 85 15
50 86 -18
69 99 19
25 29 -17
2 45 19
62 96 -17
20 99 -6
4 91 19
36 43 -8
55 56 12
38 89 20
29 40 14
48 53 14
6 56 -8
92 96 -19
50 99 -4
25 42 17
24 46 -15
43 59 2
84 97 8
1 62 19
17 43 -14
36 56 3
31 62 15
24 59 14
43 72 -1
1 75 -17
17 56 -14
61 62 -18
19 65 -14
10 16 17
54 59 -18
12 62 -11
31 75 3
72 76 -4
46 60 19
5 22 15
65 73 -19
49 65 -7
68 78 -10
26 81 -15
58 70 19
42 62 9
61 75 -8
0 65 -3
19 78 -4
12 75 -11
53 76 4
72 89 16
56 81 14
14 84 -13
46 73 -1
5 35 1
65 86 -6
49 78 -8
68 91 10
7 81 9
26 94 12
23 25 7
42 75 -19
0 78 20
41 79 -19
60 92 5
13 17 -7
44 84 2
16 22 -20
34 76 13
53 89 -3
37 81 9
56 94 -17
9 19 -18
14 97 2
27 36 -10
71 79 12
30 41 12
90 92 -1
7 94 14
48 95 4
20 33 -11
6 98 -3
39 46 8
4 25 -8
23 38 2
83 89 1
41 92 -18
13 30 12
25 84 -8
44 97 7
16 35 20
34 89 11
37 94 -5
78 95 7
36 98 6
8 36 -1
27 49 -1
11 41 17
71 92 10
30 54 10
29 95 -8
4 38 -8
22 55 -15
25 97 -20
66 98 -14
15 52 9
59 95 11
18 57 3
17 98 2
8 49 -18
11 54 -11
52 55 -11
1 9 -18
45 52 1
64 65 20
3 55 -20
22 68 -19
38 49 -11
33 55 2
52 68 -10
10 71 -1
3 68 -18
47 74 -19
21 58 2
40 71 13
33 68 -12
10 84 -14
51 85 20
7 15 11
26 28 -16
70 71 9
28 74 3
47 87 -7
0 12 9
19 25 10
5 90 9
63 68 -11
21 71 12
62 72 14
81 85 -13
39 88 15
14 31 15
74 82 -13
13 72 -3
32 85 7
51 98 -2
16 77 -19
35 90 14
7 28 15
9 74 18
28 87 -6
69 88 -3
2 34 -3
62 85 -2
81 98 -3
20 88 -18
23 93 2
14 44 20
13 85 -19
16 90 7
6 45 -9
50 88 13
8 91 7
25 31 1
11 96 12
2 47 -2
84 86 -8
43 48 -10
4 93 6
17 32 -20
36 45 6
55 58 12
38 91 12
29 42 -7
6 58 -11
24 48 -11
43 61 -10
84 99 -11
1 64 -4
17 45 -12
36 58 -5
12 51 10
31 64 3
24 61 -17
1 77 7
58 59 2
42 51 5
61 64 15
19 67 8
10 18 7
54 61 -12
12 64 20
31 77 -17
72 78 -16
46 62 1
5 24 14
65 75 6
49 67 -14
68 80 -17
7 70 -4
26 83 -9
58 72 -18
42 64 -12
61 77 -5
0 67 15
19 80 -6
60 81 -7
34 65 -2
53 78 -13
72 91 -3
37 70 15
56 83 17
14 86 -4
5 37 16
46 75 -1
49 80 -4
7 83 4
26 96 13
20 22 13
23 27 -7
0 80 -11
41 81 -8
60 94 11
13 19 -20
44 86 13
16 24 -11
2 89 13
35 37 16
34 78 -16
53 91 10
37 83 -8
56 96 -1
9 21 7
14 99 -20
8 25 1
27 38 -8
30 43 5
71 81 -16
90 94 -20
29 84 -17
48 97 -6
20 35 4
4 27 -19
23 40 13
83 91 3
41 94 8
25 86 4
44 99 18
15 41 5
18 46 1
59 84 -5
78 97 -9
8 38 -19
27 51 -1
11 43 -15
71 94 -9
30 56 7
29 97 7
4 40 -9
22 57 14
25 99 -20
15 54 17
18 59 -7
59 97 -3
52 57 12
10 60 15
1 11 13
45 54 3
3 57 11
22 70 -6
40 60 14
33 57 11
52 70 -15
10 73 -4
47 76 6
0 1 18
5 79 -15
21 60 -15
40 73 1
14 20 11
32 74 2
51 87 -16
35 79 -10
7 17 13
26 30 -19
67 68 17
70 73 -3
9 63 12
28 76 -15
47 89 1
0 14 1
5 92 11
21 73 -16
62 74 16
81 87 -9
39 90 1
14 33 16
74 84 -13
13 74 -7
32 87 1
16 79 -10
35 92 -2
7 30 20
6 34 4
9 76 12
28 89 2
69 90 20
27 93 19
30 98 -2
2 36 14
62 87 -13
20 90 -7
4 82 9
23 95 17
13 87 20
16 92 -7
57 93 -6
29 31 17
6 47 -18
50 90 5
8 93 -11
25 33 -17
11 98 17
2 49 -20
84 88 11
43 50 -17
1 53 -5
87 93 -17
4 95 -5
17 34 -12
36 47 12
55 60 -11
96 98 -11
38 93 18
29 44 18
31 53 -19
24 50 -4
43 63 -2
1 66 -5
17 47 17
12 53 3
31 66 -6
3 4 20
24 63 -12
68 69 -17
26 72 -5
58 61 -18
42 53 -6
61 66 -17
0 56 -3
19 69 1
54 63 15
12 66 15
53 67 -20
72 80 1
56 72 8
5 26 9
46 64 -7
65 77 -10
49 69 16
68 82 -7
7 72 13
26 85 5
42 66 -1
0 69 5
19 82 -7
60 83 3
34 67 3
53 80 -3
72 93 5
37 72 1
56 85 14
9 10 16
14 88 -17
46 77 7
5 39 19
49 82 -2
7 85 -8
48 86 -12
20 24 -1
23 29 -6
41 83 15
60 96 -17
13 21 -20
25 75 18
44 88 7
16 26 -5
2 91 12
34 80 -4
37 85 6
78 86 -18
97 99 -5
8 27 -8
27 40 -8
11 32 10
30 45 3
71 83 -18
90 96 -13
29 86 5
48 99 -7
20 37 -20
4 29 -4
23 42 -3
41 96 6
25 88 8
15 43 -12
59 86 -4
18 48 -1
78 99 -7
17 89 2
8 40 3
27 53 -11
11 45 15
30 58 10
71 96 -5
29 99 -1
3 46 -14
22 59 20
38 40 -8
15 56 -20
59 99 -15
18 61 -2
33 46 -6
52 59 -20
10 62 -5
1 13 16
45 56 -5
3 59 5
22 72 11
40 62 2
33 59 -20
52 72 19
10 75 -11
51 76 20
28 65 14
47 78 -2
0 3 3
5 81 -18
21 62 -20
40 75 20
14 22 -18
32 76 4
51 89 -19
35 81 20
7 19 -6
67 70 -17
26 32 -10
70 75 6
9 65 -20
28 78 7
47 91 11
0 16 5
5 94 3
2 25 -5
21 75 19
62 76 18
81 89 -6
20 79 19
39 92 -17
23 84 -18
14 35 11
13 76 -3
32 89 -6
16 81 -15
35 94 -8
76 95 2
6 36 17
9 78 19
50 79 -14
69 92 -14
27 95 -18
2 38 -2
62 89 -8
20 92 9
4 84 3
23 97 -9
13 89 5
16 94 12
57 95 -20
29 33 3
15 98 2
6 49 -1
50 92 14
8 95 4
25 35 18
24 39 -8
84 90 20
43 52 20
87 95 3
1 55 -7
4 97 -2
45 98 -3
17 36 -19
36 49 -18
38 95 -8
31 55 7
75 98 -18
24 52 14
43 65 -17
1 68 3
17 49 -10
19 58 -4
12 55 14
31 68 -13
5 15 -19
46 53 7
65 66 -17
49 58 -4
68 71 -17
26 74 9
58 63 18
42 55 12
61 68 -18
0 58 -19
19 71 -8
12 68 11
53 69 16
72 82 -11
56 74 19
46 66 1
5 28 -3
65 79 20
49 71 -6
68 84 6
7 74 10
26 87 -4
42 68 19
0 71 -20
41 72 -10
60 85 -4
44 77 19
34 69 -3
53 82 16
37 74 -11
56 87 -15
9 12 -1
14 90 -19
27 29 -6
30 34 -13
71 72 -13
7 87 -17
48 88 13
20 26 1
4 18 20
23 31 14
41 85 -4
60 98 -13
13 23 -11
25 77 20
44 90 -13
16 28 -18
2 93 -8
34 82 -14
37 87 3
78 88 20
36 91 3
8 29 -2
27 42 16
11 34 -5
30 47 1
71 85 -10
90 98 -7
29 88 2
4 31 -9
23 44 1
22 48 -17
25 90 -12
66 91 -1
15 45 13
59 88 -12
18 50 -14
17 91 -2
8 42 18
11 47 -2
1 2 -3
3 48 -6
22 61 -16
38 42 11
15 58 9
18 63 -13
33 48 -10
52 61 18
10 64 7
45 58 -19
3 61 -5
47 67 13
21 51 9
40 64 -11
33 61 10
10 77 6
51 78 9
7 8 -20
28 67 9
47 80 -12
0 5 -18
5 83 -14
21 64 14
40 77 5
39 81 9
14 24 2
74 75 -2
13 65 -18
32 78 5
51 91 -18
16 70 17
35 83 19
7 21 -1
70 77 -20
9 67 -20
28 80 -9
69 81 -20
5 96 15
2 27 18
62 78 8
81 91 3
20 81 -10
39 94 -6
23 86 -20
14 37 -1
13 78 -12
32 91 -3
16 83 -7
35 96 -18
76 97 13
6 38 -4
9 80 -7
50 81 7
69 94 -6
8 84 15
27 97 -5
11 89 -7
2 40 -14
62 91 13
20 94 4
4 86 8
23 99 13
17 25 4
36 38 2
38 84 13
57 97 -2
29 35 -1
6 51 9
50 94 -9
91 95 12
8 97 -20
24 41 1
84 92 -19
43 54 -18
87 97 -4
1 57 -6
4 99 4
17 38 20
36 51 -7
38 97 1
12 44 -19
31 57 4
24 54 10
1 70 -9
42 44 8
19 60 11
10 11 -10
12 57 19
31 70 18
5 17 15
46 55 -6
65 68 5
49 60 -1
68 73 11
7 63 -10
26 76 -5
58 65 8
42 57 -5
61 70 10
0 60 5
19 73 20
60 74 20
34 58 -11
53 71 -4
72 84 -15
37 63 -11
56 76 -3
14 79 13
46 68 19
5 30 -10
49 73 -6
7 76 5
26 89 -9
0 73 10
41 74 -11
60 87 -14
44 79 8
16 17 -4
34 71 10
53 84 -6
37 76 16
56 89 8
9 14 17
14 92 18
27 31 -5
30 36 -10
71 74 14
29 77 5
48 90 18
20 28 3
39 41 12
6 93 9
4 20 -12
23 33 1
83 84 13
41 87 -2
25 79 -18
44 92 -1
85 93 16
16 30 -4
2 95 12
15 34 14
59 77 -14
18 39 -11
78 90 20
36 93 -5
8 31 9
27 44 15
11 36 15
71 87 10
30 49 -7
29 90 -2
4 33 5
22 50 -11
25 92 14
66 93 19
15 47 18
59 90 10
18 52 18
17 93 -12
8 44 7
11 49 -17
10 53 -17
1 4 10
54 96 -16
45 47 -14
3 50 -11
22 63 -12
40 53 19
33 50 1
52 63 19
10 66 -2
3 63 -2
47 69 -10
5 72 -14
21 53 17
40 66 -14
33 63 10
32 67 2
51 80 -12
35 72 -8
7 10 -11
9 56 -14
28 69 -19
47 82 9
0 7 20
5 85 -7
21 66 11
62 67 -13
39 83 -9
14 26 1
74 77 2
13 67 -17
32 80 -18
51 93 -20
16 72 2
35 85 3
7 23 -6
6 27 18
9 69 -20
28 82 -9
69 83 19
27 86 9
30 91 13
2 29 7
62 80 -17
81 93 11
20 83 14
39 96 -4
4 75 -16
23 88 -2
13 80 -3
16 85 -20
57 86 7
76 99 4
6 40 14
50 83 -15
69 96 16
8 86 -18
27 99 14
25 26 -4
11 91 15
2 42 -17
20 96 7
4 88 -19
17 27 3
36 40 19
38 86 -7
57 99 7
29 37 -15
31 46 20
50 96 -12
91 97 11
8 99 12
24 43 -8
43 56 -10
84 94 13
1 59 -5
87 99 -20
17 40 8
38 99 -10
12 46 -20
31 59 -2
24 56 -17
42 46 15
0 49 -8
19 62 12
10 13 -8
54 56 -17
12 59 6
53 60 4
72 73 16
5 19 -8
46 57 10
65 70 -18
49 62 6
68 75 10
7 65 -7
26 78 11
42 59 4
0 62 -11
19 75 -13
60 76 -18
34 60 20
53 73 -7
72 86 18
37 65 -10
56 78 -19
14 81 -13
46 70 -8
5 32 2
49 75 -9
7 78 18
26 91 -19
41 76 17
60 89 18
25 68 -4
13 14 7
44 81 9
16 19 -18
2 84 14
34 73 -18
37 78 15
78 79 13
9 16 2
14 94 -7
55 95 14
8 20 -10
27 33 -6
11 25 -1
71 76 14
30 38 -11
29 79 6
48 92 20
20 30 18
6 95 4
4 22 19
23 35 -10
41 89 7
25 81 6
44 94 4
85 95 -5
2 97 -7
15 36 -4
59 79 -11
18 41 -8
78 92 -7
36 95 16
8 33 5
27 46 15
11 38 -16
71 89 -12
30 51 -14
29 92 4
4 35 12
3 39 4
22 52 20
66 95 17
24 98 -9
15 49 -4
18 54 -3
59 92 6
17 95 -1
33 39 -2
10 55 -8
1 6 -19
54 98 4
45 49 -20
3 52 -12
22 65 7
40 55 -3
33 52 15
52 65 5
10 68 -13
51 69 -4
28 58 -6
47 71 -6
5 74 9
21 55 -14
40 68 -11
14 15 -17
32 69 19
51 82 3
35 74 -20
7 12 -18
9 58 -2
28 71 2
47 84 -16
0 9 -5
5 87 15
21 68 19
62 69 -2
81 82 -7
20 72 -15
39 85 -19
23 77 -6
14 28 -1
74 79 -19
13 69 19
32 82 12
16 74 -5
35 87 -13
76 88 -14
6 29 2
9 71 8
50 72 -20
69 85 -19
27 88 -12
30 93 14
2 31 -10
62 82 -19
20 85 1
39 98 3
4 77 -6
23 90 20
13 82 -4
16 87 2
57 88 -2
15 91 9
6 42 -8
18 96 -18
50 85 2
69 98 17
8 88 6
25 28 -18
11 93 5
24 32 17
43 45 11
1 48 -18
87 88 -13
4 90 2
45 91 6
17 29 -20
36 42 3
38 88 19
31 48 14
91 99 18
75 91 7
24 45 -12
43 58 12
84 96 -13
1 61 4
17 42 -19
12 48 14
31 61 -5
5 8 8
49 51 -12
26 67 -16
42 48 -14
0 51 14
19 64 1
12 61 14
53 62 -10
72 75 -6
56 67 20
46 59 2
5 21 -13
65 72 -14
49 64 14
68 77 10
7 67 -14
26 80 9
42 61 -3
0 64 -19
60 78 -3
34 62 12
53 75 -3
37 67 10
56 80 6
14 83 -16
7 80 -18
48 81 15
4 11 -5
23 24 16
41 78 10
60 91 19
25 70 10
13 16 -13
44 83 5
16 21 5
2 86 20
34 75 8
37 80 -20
78 81 -12
14 96 -5
55 97 20
8 22 14
27 35 8
11 27 17
30 40 -20
71 78 18
90 91 1
29 81 14
48 94 -3
20 32 -1
6 97 11
4 24 -1
23 37 15
22 41 -4
25 83 1
44 96 15
85 97 -12
2 99 18
15 38 20
59 81 -8
18 43 -9
78 94 -13
17 84 11
36 97 4
8 35 4
11 40 15
29 94 20
3 41 -15
22 54 -14
66 97 -1
15 51 11
59 94 -6
18 56 17
17 97 9
33 41 20
52 54 -7
10 57 -9
45 51 -4
3 54 1
47 60 6
21 44 -6
40 57 1
33 54 16
10 70 -8
51 71 18
28 60 -16
47 73 4
5 76 -15
21 57 -7
40 70 9
39 74 1
14 17 13
13 58 7
32 71 -1
51 84 15
16 63 -5
35 76 2
7 14 -12
9 60 5
28 73 17
69 74 -18
5 89 -3
2 20 -6
62 71 -15
81 84 -17
20 74 11
39 87 -18
23 79 17
14 30 18
13 71 4
32 84 8
16 76 4
35 89 9
76 90 -12
6 31 16
9 73 18
50 74 10
69 87 -19
8 77 -2
27 90 -12
11 82 16
30 95 2
2 33 4
62 84 -1
20 87 -7
4 79 20
23 92 17
64 93 1
17 18 -16
38 77 6
57 90 -18
15 93 -16
6 44 -17
18 98 18
50 87 6
8 90 7
11 95 -2
24 34 -20
43 47 -3
84 85 -3
1 50 -12
87 90 -1
4 92 -6
45 93 19
17 31 17
36 44 7
3 96 -8
38 90 15
31 50 9
75 93 5
33 96 10
24 47 17
84 98 -14
1 63 10
19 53 10
63 96 18
12 50 5
31 63 4
46 48 20
5 10 -18
49 53 -3
26 69 8
42 50 -15
61 63 6
0 53 -18
19 66 10
53 64 -2
72 77 -1
56 69 9
14 72 1
5 23 20
46 61 20
49 66 19
68 79 6
7 69 -17
26 82 -9
0 66 15
41 67 -16
60 80 -4
44 72 -3
34 64 -12
53 77 -7
37 69 5
56 82 1
14 85 17
7 82 18
48 83 16
20 21 -9
6 86 15
4 13 -18
23 26 -15
41 80 -1
60 93 -20
25 72 12
13 18 8
44 85 18
16 23 -20
2 88 -18
15 27 -20
18 32 -11
78 83 1
36 86 19
55 99 -5
8 24 11
27 37 19
11 29 12
30 42 9
71 80 -1
29 83 9
48 96 17
6 99 -19
4 26 -1
22 43 -18
25 85 19
66 86 7
85 99 4
15 40 -9
18 45 6
59 83 -15
78 96 -13
17 86 -19
36 99 -13
8 37 -20
11 42 -5
10 46 17
29 96 15
3 43 6
22 56 9
66 99 9
40 46 9
17 99 -17
33 43 12
52 56 -10
10 59 12
3 56 -16
47 62 -4
5 65 18
21 46 -6
40 59 9
33 56 -12
32 60 -15
51 73 8
35 65 -2
9 49 -6
28 62 -14
47 75 -9
5 78 -2
21 59 7
39 76 -14
14 19 -2
13 60 6
32 73 20
51 86 -16
16 65 -17
35 78 -20
7 16 -14
9 62 -7
28 75 -13
69 76 -13
27 79 -11
30 84 -20
2 22 -4
62 73 18
81 86 -13
20 76 -17
39 89 20
4 68 -19
23 81 12
14 32 10
13 73 1
16 78 -9
57 79 -12
76 92 1
6 33 -16
50 76 -9
69 89 -2
8 79 -6
27 92 3
11 84 13
30 97 19
2 35 5
20 89 8
4 81 9
23 94 19
64 95 -13
17 20 4
38 79 13
57 92 -12
29 30 -1
15 95 -19
6 46 7
50 89 2
8 92 -5
94 95 -12
11 97 5
52 98 -6
24 36 17
84 87 2
43 49 10
87 92 -5
1 52 -13
45 95 -12
17 33 -17
3 98 2
38 92 6
79 93 9
82 98 -11
12 39 -5
31 52 -16
75 95 20
33 98 5
24 49 -2
1 65 -20
19 55 -3
63 98 -12
12 52 11
31 65 5
46 50 10
5 12 2
49 55 12
7 58 5
26 71 -14
42 52 19
0 55 -7
19 68 1
60 69 2
34 53 15
53 66 19
72 79 11
37 58 -19
56 71 -10
14 74 18
46 63 -4
5 25 -13
49 68 -12
7 71 1
26 84 13
0 68 1
41 69 17
60 82 -7
44 74 -20
2 77 -3
34 66 13
53 79 -9
37 71 -6
56 84 5
14 87 -10
55 88 13
8 13 17
11 18 -20
30 31 11
29 72 17
48 85 18
20 23 11
6 88 -17
4 15 -5
23 28 10
41 82 -3
25 74 -5
44 87 19
85 88 20
2 90 10
15 29 -10
59 72 -10
18 34 20
78 85 -8
97 98 13
36 88 -7
8 26 -12
27 39 5
11 31 8
30 44 18
71 82 3
29 85 -17
48 98 -10
4 28 5
3 32 -11
22 45 -6
25 87 18
66 88 4
24 91 -15
15 42 -16
18 47 -7
59 85 -7
78 98 -3
17 88 -3
10 48 1
54 91 11
3 45 -4
22 58 3
40 48 5
33 45 12
52 58 7
10 61 -10
51 62 -3
28 51 -13
47 64 -10
5 67 -14
21 48 -18
40 61 20
32 62 12
51 75 -16
35 67 1
9 51 15
28 64 20
47 77 20
0 2 -2
5 80 15
21 61 9
20 65 10
39 78 13
23 70 -18
14 21 10
13 62 -1
32 75 14
16 67 -19
35 80 -10
76 81 -9
6 22 9
9 64 -10
50 65 3
69 78 6
27 81 8
30 86 -9
2 24 5
62 75 -18
20 78 -5
39 91 -7
4 70 13
23 83 -9
13 75 -6
16 80 14
57 81 -16
76 94 -8
15 84 -10
6 35 -9
50 78 -2
69 91 -13
8 81 4
27 94 12
11 86 18
30 99 -13
2 37 -13
1 41 -5
4 83 7
45 84 -8
64 97 5
17 22 -17
38 81 -7
57 94 5
15 97 -3
31 41 -14
91 92 17
75 84 -17
8 94 4
94 97 7
11 99 16
24 38 12
43 51 -19
84 89 10
1 54 9
87 94 -5
45 97 10
17 35 14
38 94 1
79 95 -13
12 41 -19
31 54 -18
75 97 -5
24 51 -11
67 98 -8
26 60 19
0 44 -16
19 57 15
12 54 -20
53 55 6
56 60 17
46 52 -7
5 14 7
49 57 -11
68 70 4
7 60 -10
26 73 3
42 54 15
0 57 15
19 70 14
60 71 19
34 55 9
53 68 16
72 81 -4
37 60 -13
56 73 5
14 76 -13
46 65 -12
49 70 -11
7 73 -19
48 74 1
41 71 15
60 84 -14
25 63 5
44 76 -15
2 79 -7
34 68 -6
37 73 -2
14 89 18
55 90 5
8 15 15
27 28 16
11 20 -13
30 33 16
29 74 -15
48 87 10
20 25 7
6 90 -17
4 17 -14
23 30 10
22 34 4
41 84 19
25 76 13
44 89 -13
85 90 5
2 92 -4
43 93 -10
15 31 18
59 74 8
18 36 12
78 87 14
17 77 -20
36 90 8
8 28 -7
11 33 -15
71 84 20
29 87 -8
73 93 -18
3 34 15
22 47 14
66 90 -6
24 93 4
15 44 1
18 49 2
59 87 10
17 90 15
33 34 -15
10 50 -17
54 93 -5
12 96 -19
3 47 16
47 53 15
21 37 14
40 50 -15
42 96 -20
33 47 4
10 63 18
51 64 -13
28 53 -15
47 66 4
5 69 19
21 50 12
40 63 -1
13 51 -13
32 64 2
51 77 13
16 56 12
35 69 2
9 53 12
28 66 -5
5 82 -14
2 13 12
62 64 -3
20 67 13
39 80 8
23 72 17
14 23 18
13 64 -10
32 77 -5
16 69 20
35 82 -7
76 83 11
6 24 -12
9 66 -11
50 67 10
69 80 -9
8 70 2
27 83 -19
30 88 18
2 26 7
62 77 5
20 80 20
4 72 15
23 85 -5
38 70 14
57 83 16
76 96 15
15 86 -11
18 91 8
6 37 -18
50 80 -20
8 83 -2
27 96 -2
11 88 15
24 27 -12
1 43 17
4 85 -10
45 86 9
64 99 3
17 24 -18
36 37 -9
38 83 18
57 96 20
15 99 -7
31 43 -19
91 94 13
75 86 20
94 99 20
24 40 -7
84 91 -18
43 53 -18
87 96 11
1 56 11
45 99 5
17 37 -9
19 46 6
79 97 -7
63 89 -7
12 43 -4
31 56 11
75 99 18
26 62 6
42 43 -15
0 46 -3
19 59 -15
12 56 10
53 57 -8
56 62 -17
14 65 -7
5 16 -14
46 54 8
65 67 -5
49 59 11
68 72 -17
7 62 -9
26 75 16
42 56 9
0 59 2
41 60 -20
60 73 -18
44 65 8
34 57 -6
53 70 -1
37 62 -3
56 75 14
14 78 -2
7 75 -7
48 76 -4
6 79 3
4 6 18
41 73 10
60 86 17
25 65 18
44 78 -13
2 81 -13
15 20 -7
34 70 2
18 25 -4
37 75 -14
36 79 18
55 92 9
8 17 -1
27 30 15
11 22 3
30 35 -5
71 73 -20
29 76 -2
48 89 11
6 92 4
4 19 10
22 36 11
25 78 -4
66 79 1
85 92 19
2 94 18
43 95 -2
15 33 -13
1 98 -1
59 76 -5
18 38 -16
78 89 -15
17 79 4
36 92 17
8 30 19
11 35 -17
29 89 -15
73 95 -2
31 98 19
3 36 -14
22 49 19
66 92 15
24 95 -2
59 89 13
17 92 14
58 93 -3
61 98 3
33 36 -13
10 52 -12
54 95 -18
12 98 -18
3 49 -6
47 55 -14
88 93 -6
21 39 13
40 52 -4
42 98 -9
33 49 8
32 53 19
51 66 -8
9 42 -3
28 55 -7
47 68 -1
5 71 -8
21 52 -5
39 69 -16
13 53 15
32 66 -20
51 79 -6
16 58 8
35 71 -10
7 9 -6
9 55 -13
28 68 -15
5 84 3
2 15 -12
62 66 -4
20 69 18
39 82 20
23 74 18
14 25 -20
13 66 -12
16 71 15
76 85 -10
6 26 -13
50 69 8
69 82 -8
8 72 16
27 85 -14
11 77 -13
30 90 3
2 28 10
20 82 -11
4 74 9
23 87 9
64 88 -18
38 72 -7
57 85 -13
76 98 -15
15 88 -5
6 39 -12
18 93 10
50 82 17
8 85 16
27 98 4
11 90 -10
24 29 -18
1 45 14
45 88 10
17 26 -4
3 91 13
36 39 13
38 85 -1
79 86 5
98 99 17
12 32 17
31 45 -2
91 96 17
75 88 3
33 91 -17
24 42 11
1 58 -2
19 48 -16
79 99 -17
63 91 -20
12 45 -2
31 58 12
7 51 -16
26 64 19
42 45 12
0 48 -4
19 61 -5
60 62 15
34 46 3
53 59 7
37 51 4
56 64 -8
14 67 16
5 18 9
46 56 6
49 61 -3
7 64 -5
26 77 -13
0 61 -9
41 62 -4
60 75 -2
44 67 -8
2 70 11
34 59 -9
53 72 12
37 64 19
56 77 -1
14 80 -3
55 81 9
29 65 3
48 78 8
6 81 10
4 8 -19
41 75 -14
25 67 7
44 80 -15
2 83 -19
15 22 -16
59 65 20
18 27 17
36 81 2
55 94 12
8 19 4
27 32 8
11 24 2
30 37 6
71 75 17
29 78 14
48 91 -13
6 94 -17
4 21 13
22 38 -8
25 80 2
66 81 15
85 94 7
24 84 -18
43 97 -16
15 35 -13
59 78 -8
18 40 10
78 91 7
17 81 -17
36 94 3
77 95 -10
10 41 -8
54 84 -6
73 97 20
3 38 10
22 51 -6
66 94 -4
24 97 -15
40 41 -14
17 94 20
58 95 -11
33 38 2
10 54 6
54 97 -1
88 95 10
47 57 15
46 98 -11
5 60 2
21 41 5
40 54 -6
32 55 11
51 68 -16
35 60 -13
9 44 -15
28 57 1
47 70 13
5 73 5
21 54 8
39 71 20
13 55 -11
32 68 -16
51 81 -3
16 60 -16
35 73 6
7 11 6
6 15 -17
9 57 -2
50 58 18
69 71 -9
27 74 2
30 79 8
2 17 -5
62 68 -2
20 71 -9
39 84 -19
4 63 8
23 76 12
13 68 -7
16 73 -19
57 74 -15
76 87 7
6 28 -11
50 71 19
69 84 -8
8 74 8
27 87 14
11 79 -12
30 92 -17
2 30 -13
1 34 15
4 76 1
23 89 7
64 90 -5
22 93 -12
38 74 16
57 87 -6
15 90 6
18 95 -20
31 34 -5
8 87 13
11 92 8
52 93 -5
24 31 -14
43 44 -8
1 47 4
45 90 -12
17 28 -15
3 93 7
38 87 -20
79 88 -20
82 93 -15
12 34 13
31 47 -7
91 98 7
75 90 -20
33 93 -9
24 44 3
26 53 3
0 37 4
19 50 10
63 93 -7
21 96 14
12 47 2
5 7 3
49 50 16
7 53 -9
26 66 -17
42 47 2
0 50 2
19 63 -6
60 64 14
34 48 -15
53 61 -2
72 74 3
37 53 -17
56 66 -9
14 69 -17
46 58 -1
49 63 4
7 66 2
48 67 -11
41 64 -17
60 77 -3
25 56 19
44 69 9
2 72 -6
34 61 10
37 66 9
14 82 -13
55 83 -16
11 13 5
29 67 -7
48 80 -6
6 83 -12
4 10 1
41 77 19
25 69 8
44 82 10
2 85 16
43 86 18
15 24 -5
18 29 13
59 67 9
78 80 -14
17 70 -8
36 83 -20
55 96 -8
8 21 9
11 26 9
71 77 1
29 80 -16
73 86 14
6 96 20
3 27 -4
22 40 -16
66 83 14
85 96 4
24 86 18
43 99 5
15 37 18
18 42 1
59 80 -12
17 83 18
36 96 -12
77 97 -4
10 43 11
54 86 -11
73 99 -13
12 89 -3
3 40 -10
22 53 -3
66 96 -10
24 99 -18
40 43 -12
58 97 -15
42 89 -6
33 40 15
10 56 -20
51 57 19
54 99 2
28 46 13
88 97 -20
47 59 -4
5 62 -4
21 43 7
40 56 19
32 57 11
51 70 -5
35 62 12
9 46 -15
28 59 -11
47 72 -6
5 75 14
2 6 -14
20 60 17
39 73 -9
23 65 -11
14 16 -6
13 57 9
32 70 -2
16 62 12
35 75 -4
6 17 16
9 59 -9
50 60 -9
69 73 -10
27 76 -6
30 81 9
2 19 10
62 70 4
20 73 -3
39 86 -14
4 65 -13
23 78 20
16 75 -19
57 76 8
76 89 -7
15 79 18
18 84 14
6 30 5
50 73 -1
69 86 -1
8 76 -1
27 89 -2
11 81 -12
30 94 6
1 36 10
4 78 -18
45 79 -17
64 92 6
22 95 -8
38 76 20
57 89 -15
15 92 -7
18 97 15
31 36 8
75 79 3
8 89 -11
11 94 -1
52 95 13
24 33 -1
10 98 -1
43 46 -18
1 49 16
87 89 1
45 92 -16
17 30 -12
3 95 1
19 39 7
79 90 -5
82 95 -19
40 98 14
12 36 -11
31 49 5
75 92 -11
33 95 7
26 55 10
67 93 16
70 98 1
0 39 -1
19 52 -14
63 95 -3
21 98 16
12 49 -6
14 58 -4
46 47 -18
5 9 -19
49 52 -2
7 55 -18
26 68 11
42 49 -2
0 52 -8
41 53 -1
60 66 -19
44 58 16
34 50 -9
53 63 10
37 55 12
56 68 19
14 71 -19
7 68 -11
48 69 18
6 72 11
41 66 8
60 79 19
25 58 -19
44 71 18
2 74 8
34 63 -18
37 68 -7
36 72 11
55 85 7
8 10 -10
11 15 12
29 69 -19
48 82 -6
6 85 -11
4 12 -1
22 29 8
25 71 -3
66 72 17
2 87 -12
43 88 20
15 26 15
59 69 3
18 31 13
78 82 12
17 72 18
36 85 -18
55 98 -1
8 23 -2
11 28 -8
29 82 -3
73 88 -19
31 91 -1
3 29 -2
22 42 -4
66 85 5
85 98 16
24 88 8
15 39 -17
18 44 -20
59 82 20
17 85 -7
58 86 4
77 99 -7
61 91 14
10 45 2
54 88 4
12 91 20
3 42 16
47 48 -18
21 32 -1
40 45 7
58 99 11
42 91 -19
33 42 17
0 94 -1
10 58 19
51 59 -3
28 48 11
88 99 1
47 61 -11
5 64 16
21 45 -1
40 58 -11
39 62 -12
13 46 -16
32 59 7
51 72 20
16 51 -4
35 64 -2
9 48 -5
28 61 -10
5 77 -8
2 8 6
20 62 -10
39 75 8
23 67 -17
14 18 8
13 59 1
32 72 -2
16 64 12
35 77 -18
76 78 2
6 19 10
9 61 -16
50 62 -7
69 75 -2
8 65 14
27 78 17
11 70 -2
30 83 -11
2 21 13
20 75 18
4 67 16
23 80 4
64 81 -7
38 65 1
57 78 13
76 91 -15
15 81 -2
18 86 2
6 32 -2
50 75 20
8 78 -15
27 91 -3
11 83 11
30 96 4
1 38 12
4 80 -15
45 81 5
64 94 -16
17 19 8
3 84 7
22 97 5
38 78 -10
57 91 -5
15 94 -4
18 99 -7
12 25 7
31 38 -18
75 81 -15
33 84 -15
52 97 -7
24 35 -18
87 91 -13
1 51 1
45 94 12
86 95 3
3 97 -19
19 41 -15
79 92 -19
63 84 6
82 97 6
12 38 13
31 51 -7
75 94 3
33 97 3
7 44 -1
67 95 -5
26 57 -2
0 41 -17
19 54 -9
63 97 14
34 39 -4
37 44 11
56 57 5
14 60 17
5 11 -13
46 49 -11
49 54 -18
7 57 17
26 70 19
0 54 18
41 55 12
60 68 16
44 60 17
2 63 -20
34 52 6
53 65 4
37 57 -4
56 70 -5
14 73 -19
55 74 4
29 58 20
48 71 -9
6 74 -7
41 68 13
25 60 12
44 73 -2
2 76 17
18 20 -6
36 74 20
55 87 16
8 12 14
11 17 -14
29 71 -17
48 84 16
6 87 20
4 14 12
22 31 -10
25 73 -6
66 74 12
85 87 6
24 77 -14
43 90 -14
15 28 2
1 93 -1
18 33 13
59 71 18
78 84 -11
17 74 -1
36 87 3
77 88 10
11 30 2
10 34 -2
54 77 15
73 90 15
31 93 4
3 31 8
22 44 -12
66 87 13
24 90 6
17 87 17
58 88 7
61 93 15
10 47 -18
54 90 -5
12 93 -20
3 44 20
47 50 -20
5 53 -10
46 91 -13
49 96 -19
21 34 1
40 47 -1
42 93 4
33 44 -3
0 96 -13
32 48 17
51 61 -19
35 53 14
9 37 16
28 50 -4
47 63 1
5 66 15
21 47 11
39 64 -6
13 48 -6
32 61 -9
51 74 2
16 53 -5
35 66 20
6 8 -13
9 50 14
28 63 12
27 67 8
30 72 -7
2 10 -8
20 64 16
39 77 7
4 56 -16
23 69 12
13 61 -11
16 66 -1
57 67 6
76 80 -7
6 21 -9
50 64 19
69 77 -6
8 67 -17
27 80 6
11 72 -10
30 85 5
2 23 -10
1 27 12
20 77 16
4 69 -8
23 82 2
64 83 9
22 86 17
38 67 -8
57 80 -10
76 93 -14
15 83 -16
18 88 -13
50 77 -8
8 80 -9
11 85 3
52 86 8
1 40 6
45 83 11
64 96 -14
17 21 -1
3 86 8
22 99 -20
38 80 8
79 81 11
82 86 5
15 96 9
12 27 -4
31 40 3
75 83 -10
94 96 20
33 86 -4
52 99 -4
24 37 -6
45 96 15
86 97 -7
3 99 9
0 30 18
19 43 -6
79 94 -9
63 86 5
82 99 15
21 89 -1
12 40 16
75 96 -5
33 99 -20
7 46 14
67 97 -16
26 59 1
0 43 -2
19 56 -8
63 99 -14
34 41 15
53 54 4
37 46 1
56 59 1
14 62 11
5 13 2
46 51 -8
49 56 9
7 59 14
48 60 -7
41 57 -2
60 70 -4
25 49 19
44 62 16
2 65 -3
34 54 -11
37 59 20
14 75 -8
55 76 -8
29 60 11
48 73 17
6 76 7
41 70 9
25 62 17
44 75 14
2 78 12
15 17 5
18 22 -6
59 60 9
17 63 -18
36 76 -14
55 89 6
8 14 -13
11 19 17
30 32 12
29 73 10
73 79 -11
6 89 9
4 16 -14
3 20 14
22 33 1
66 76 -14
85 89 4
24 79 -19
43 92 -3
15 30 -18
1 95 -5
18 35 -12
59 73 12
17 76 -14
36 89 20
77 90 -6
80 95 -14
10 36 6
54 79 -17
73 92 3
31 95 16
3 33 -14
22 46 -4
66 89 17
24 92 20
58 90 -9
42 82 10
61 95 -18
19 98 13
10 49 13
54 92 14
12 95 7
28 39 -7
47 52 -11
88 90 -5
5 55 12
46 93 -11
49 98 -7
21 36 7
40 49 -8
42 95 18
0 98 -12
32 50 10
51 63 17
35 55 -14
9 39 -1
28 52 -8
47 65 5
5 68 18
21 49 -5
20 53 -19
39 66 2
23 58 20
13 50 18
32 63 -18
16 55 20
35 68 4
6 10 -19
9 52 -3
50 53 15
27 69 11
30 74 14
2 12 16
62 63 -6
20 66 12
39 79 -10
4 58 -17
23 71 16
13 63 15
16 68 14
57 69 15
76 82 6
15 72 5
18 77 17
6 23 16
50 66 7
69 79 -17
8 69 -5
27 82 20
11 74 16
30 87 -13
1 29 -10
4 71 19
45 72 -20
64 85 -20
22 88 -6
38 69 13
57 82 11
15 85 -20
18 90 -5
8 82 2
11 87 -17
52 88 -10
24 26 13
10 91 17
1 42 13
45 85 -15
64 98 13
17 23 12
3 88 17
19 32 12
38 82 9
79 83 19
82 88 1
40 91 -17
12 29 14
31 42 -7
91 93 20
75 85 -2
94 98 -9
33 88 -4
26 48 -13
67 86 18
86 99 -3
70 91 1
0 32 -14
19 45 14
79 96 -20
63 88 -15
21 91 18
12 42 -13
7 48 18
26 61 -13
67 99 -6
9 94 -18
0 45 3
41 46 -10
34 43 11
53 56 8
37 48 -10
56 61 12
14 64 -17
7 61 -12
48 62 -17
41 59 -19
60 72 -4
25 51 -5
44 64 17
2 67 12
34 56 -20
37 61 6
14 77 -5
55 78 18
29 62 -1
48 75 2
6 78 19
4 5 -5
25 64 -5
2 80 -6
43 81 -3
15 19 17
18 24 10
59 62 11
17 65 7
36 78 -10
55 91 -19
8 16 -10
11 21 -10
29 75 5
73 81 -14
6 91 4
3 22 -6
22 35 -6
66 78 8
85 91 6
24 81 15
43 94 -15
15 32 3
1 97 13
59 75 -7
18 37 -15
17 78 -17
77 92 9
80 97 17
10 38 -6
54 81 10
73 94 12
12 84 10
31 97 -3
3 35 -18
24 94 8
65 95 -20
21 25 16
58 92 -20
42 84 10
61 97 13
33 35 5
10 51 -9
51 52 -3
54 94 1
12 97 11
28 41 14
88 92 -8
47 54 10
5 57 11
46 95 -4
21 38 14
40 51 5
39 55 2
42 97 2
13 39 -6
32 52 -17
51 65 3
16 44 -14
35 57 18
34 98 -3
9 41 -15
28 54 -7
5 70 8
20 55 11
39 68 -2
23 60 1
13 52 -11
32 65 -19
16 57 -16
35 70 19
6 12 16
9 54 -9
50 55 -9
8 58 -3
27 71 7
11 63 11
30 76 -18
2 14 8
62 65 -20
20 68 7
4 60 8
23 73 11
64 74 -14
38 58 -14
57 71 10
76 84 -15
15 74 -9
18 79 3
6 25 -14
50 68 -9
8 71 20
27 84 4
11 76 2
30 89 -3
1 31 12
4 73 -12
45 74 -20
64 87 -8
3 77 -11
22 90 -10
38 71 -19
57 84 8
15 87 -8
18 92 11
12 18 4
33 77 7
52 90 -12
24 28 1
10 93 -2
1 44 10
45 87 3
86 88 6
3 90 -20
89 93 12
19 34 -8
79 85 -18
63 77 10
82 90 4
40 93 -8
12 31 -8
31 44 5
75 87 -11
33 90 19
26 50 9
67 88 19
70 93 9
28 96 -10
0 34 -17
19 47 -9
79 98 10
63 90 -7
21 93 9
14 53 19
7 50 -2
26 63 5
9 96 15
0 47 8
41 48 -3
60 61 8
44 53 18
34 45 11
53 58 -1
37 50 9
56 63 13
14 66 -19
48 64 12
6 67 -16
41 61 16
25 53 1
44 66 -10
2 69 -9
36 67 -2
55 80 -5
29 64 -6
48 77 1
6 80 20
4 7 19
22 24 14
25 66 3
66 67 20
2 82 15
43 83 -5
15 21 -8
1 86 14
59 64 16
18 26 -16
17 67 7
36 80 -8
55 93 -3
8 18 13
11 23 11
10 27 -4
73 83 -18
31 86 5
3 24 16
22 37 -17
66 80 20
24 83 -2
43 96 3
1 99 15
17 80 -11
58 81 6
77 94 18
61 86 9
80 99 6
10 40 -5
54 83 7
73 96 4
12 86 -3
31 99 -16
3 37 -10
5 46 17
24 96 10
65 97 -6
21 27 -6
58 94 14
42 86 8
61 99 -4
0 89 2
33 37 3
32 41 2
51 54 5
35 46 -18
95 97 4
12 99 -16
9 30 -20
28 43 -12
88 94 19
47 56 20
46 97 10
5 59 6
21 40 1
39 57 -3
42 99 19
13 41 10
32 54 4
51 67 -16
16 46 -7
35 59 5
9 43 12
28 56 5
27 60 16
30 65 -11
2 3 17
20 57 8
39 70 1
4 49 7
23 62 -5
13 54 16
16 59 10
57 60 -9
6 14 15
50 57 16
69 70 -6
8 60 -10
27 73 -20
11 65 19
30 78 -19
2 16 10
20 70 3
4 62 17
23 75 11
64 76 17
22 79 -5
38 60 -5
57 73 8
76 86 18
15 76 20
18 81 -3
50 70 -6
8 73 -16
11 78 -19
52 79 9
1 33 2
45 76 -2
64 89 5
3 79 15
22 92 15
38 73 -5
15 89 12
18 94 1
12 20 -2
31 33 -3
75 76 3
33 79 -11
52 92 1
24 30 16
10 95 -8
1 46 -2
45 89 17
86 90 5
3 92 11
89 95 19
47 98 -17
19 36 3
79 87 -19
63 79 -13
82 92 -5
21 82 -10
40 95 9
12 33 -15
75 89 13
33 92 -12
74 93 -13
7 39 7
26 52 13
67 90 12
70 95 -4
28 98 15
0 36 10
19 49 -3
63 92 -9
21 95 -18
37 39 -16
14 55 12
13 96 -13
5 6 -20
7 52 10
26 65 3
9 98 13
41 50 3
60 63 16
44 55 -8
2 58 -4
34 47 -6
37 52 -7
56 65 -7
14 68 -5
55 69 -10
29 53 13
48 66 6
6 69 10
41 63 20
25 55 18
44 68 19
2 71 1
36 69 20
55 82 18
11 12 12
29 66 15
48 79 -11
6 82 13
4 9 -12
3 13 12
22 26 4
66 69 -12
24 72 -8
43 85 3
15 23 -15
1 88 1
18 28 -18
59 66 -15
17 69 -4
36 82 11
77 83 11
80 88 -2
10 29 8
54 72 -19
73 85 4
31 88 9
3 26 -16
22 39 -8
66 82 11
24 85 7
43 98 3
17 82 19
58 83 13
77 96 -14
61 88 -6
19 91 19
10 42 11
54 85 20
73 98 -4
12 88 18
28 32 -16
5 48 -11
46 86 7
65 99 -16
49 91 14
21 29 2
40 42 -15
58 96 -6
42 88 -2
0 91 -10
32 43 9
51 56 10
35 48 -15
95 99 -20
9 32 2
28 45 7
88 96 -3
47 58 9
5 61 -16
46 99 2
21 42 19
20 46 -18
39 59 7
23 51 -14
13 43 -4
32 56 -15
16 48 -11
35 61 -16
9 45 12
27 62 8
30 67 -14
2 5 17
20 59 18
39 72 -11
4 51 -20
23 64 -16
13 56 -2
16 61 -15
57 62 17
15 65 4
6 16 -14
18 70 10
50 59 8
69 72 5
8 62 4
27 75 -16
11 67 4
30 80 6
2 18 12
1 22 18
4 64 20
45 65 8
64 78 -14
22 81 20
38 62 14
57 75 -18
15 78 7
18 83 -11
8 75 17
11 80 13
52 81 8
1 35 20
45 78 7
64 91 -5
3 81 6
22 94 -5
38 75 -15
40 84 -19
12 22 13
31 35 -9
75 78 17
33 81 -10
52 94 -1
93 95 -1
10 97 13
67 79 -6
26 41 -17
86 92 7
70 84 -6
3 94 3
89 97 14
0 25 17
19 38 2
79 89 -18
63 81 -12
82 94 -12
21 84 -7
40 97 -13
12 35 -1
33 94 -3
74 95 -11
32 98 16
7 41 5
67 92 -15
26 54 -18
70 97 -12
9 87 -4
0 38 6
19 51 -10
63 94 -2
21 97 16
62 98 -5
34 36 4
37 41 -3
14 57 16
13 98 -2
7 54 -13
48 55 -18
92 98 18
41 52 11
60 65 -3
25 44 -14
44 57 -18
2 60 -12
34 49 5
37 54 -3
14 70 4
55 71 -15
29 55 16
48 68 -3
6 71 4
41 65 5
25 57 13
44 70 -7
2 73 14
43 74 19
17 58 14
36 71 -2
55 84 15
8 9 -1
11 14 18
29 68 10
73 74 6
6 84 -12
3 15 5
22 28 -3
66 71 5
24 74 -1
43 87 12
15 25 10
1 90 20
18 30 -9
59 68 9
17 71 -14
36 84 -6
77 85 9
80 90 -14
10 31 6
54 74 8
73 87 16
12 77 -13
31 90 -16
3 28 14
66 84 -13
24 87 20
65 88 -2
68 93 8
58 85 4
77 98 -9
42 77 12
61 90 2
19 93 12
10 44 -16
54 87 18
12 90 -12
28 34 11
46 88 14
5 50 -2
49 93 -20
21 31 19
40 44 -1
7 96 -19
39 48 3
58 98 6
42 90 -3
0 93 -1
13 32 -3
32 45 -18
51 58 -3
16 37 -2
35 50 1
34 91 -10
37 96 3
9 34 9
28 47 -6
88 98 1
5 63 -1
20 48 -15
39 61 5
23 53 20
13 45 -11
32 58 -4
16 50 6
35 63 -12
9 47 -5
8 51 14
27 64 -5
11 56 -16
30 69 8
2 7 -6
20 61 -16
4 53 16
23 66 -18
64 67 10
38 51 -12
57 64 18
76 77 1
15 67 17
6 18 -1
18 72 -12
50 61 -14
8 64 -1
27 77 20
11 69 17
30 82 -6
1 24 10
4 66 -11
45 67 -13
64 80 -1
3 70 -1
22 83 7
38 64 -18
57 77 5
15 80 -16
18 85 -3
33 70 -16
52 83 -20
10 86 5
1 37 -6
45 80 8
3 83 4
22 96 -14
19 27 -3
63 70 12
82 83 8
40 86 1
12 24 10
31 37 5
75 80 9
33 83 -14
52 96 -3
93 97 -8
10 99 1
67 81 10
26 43 -1
86 94 12
70 86 17
89 99 14
0 27 -7
19 40 -2
79 91 20
63 83 2
82 96 -18
21 86 10
40 99 -20
12 37 2
14 46 -12
74 97 19
7 43 8
26 56 -4
67 94 -12
70 99 -10
9 89 -9
0 40 5
44 46 11
21 99 -9
34 38 -4
37 43 -7
14 59 -15
7 56 -1
48 57 -3
6 60 -19
41 54 16
60 67 -9
25 46 -8
44 59 16
2 62 -9
34 51 6
37 56 7
36 60 18
55 73 -1
29 57 9
48 70 9
6 73 -5
25 59 -1
2 75 -9
43 76 15
1 79 20
18 19 7
17 60 -15
36 73 20
55 86 -3
8 11 14
11 16 14
10 20 16
29 70 7
73 76 8
31 79 11
3 17 -20
22 30 -16
66 73 10
85 86 -10
24 76 -6
43 89 17
1 92 12
59 70 17
17 73 3
58 74 3
77 87 11
61 79 -16
80 92 -20
10 33 12
54 76 12
73 89 8
12 79 -4
31 92 -18
3 30 1
24 89 8
65 90 20
68 95 -15
26 98 16
58 87 -18
42 79 -10
61 92 6
0 82 5
19 95 7
32 34 -9
35 39 8
54 89 -7
12 92 -11
53 93 -1
56 98 -5
9 23 -5
28 36 12
47 49 -16
46 90 14
5 52 11
49 95 -7
21 33 -4
7 98 -6
39 50 -1
42 92 4
83 93 8
0 95 -14
13 34 -18
32 47 -16
51 60 -14
16 39 -3
35 52 -18
34 93 -18
37 98 -14
9 36 10
28 49 11
20 50 14
39 63 -9
4 42 4
23 55 -10
13 47 8
16 52 -19
6 7 17
8 53 -1
27 66 -20
11 58 2
30 71 -4
2 9 5
20 63 16
4 55 -1
23 68 16
64 69 -2
38 53 20
57 66 13
76 79 -19
15 69 -11
6 20 -6
18 74 -11
50 63 -10
8 66 -7
11 71 -5
1 26 9
45 69 -17
64 82 -20
3 72 -7
22 85 10
38 66 -4
15 82 11
18 87 8
12 13 -4
33 72 2
52 85 11
10 88 16
1 39 12
45 82 -9
3 85 -17
22 98 16
19 29 4
79 80 -9
63 72 9
82 85 13
40 88 13
12 26 -3
31 39 19
75 82 8
33 85 2
74 86 6
93 99 11
7 32 2
26 45 -1
67 83 -12
86 96 20
70 88 4
28 91 -10
0 29 10
19 42 -17
63 85 -17
21 88 -9
14 48 19
74 99 1
7 45 -15
26 58 18
67 96 7
9 91 6
0 42 -6
41 43 -13
44 48 9
2 51 -11
34 40 14
37 45 5
56 58 16
14 61 16
55 62 16
29 46 -3
48 59 10
6 62 2
41 56 -19
25 48 5
44 61 -20
2 64 -6
36 62 19
55 75 -18
29 59 -7
48 72 9
6 75 7
3 6 2
25 61 20
24 65 -20
43 78 6
15 16 19
1 81 8
18 21 -3
17 62 7
36 75 -12
80 81 11
10 22 -15
54 65 19
73 78 8
31 81 -2
3 19 -1
22 32 -1
66 75 -7
24 78 -16
43 91 18
1 94 12
17 75 16
58 76 -7
77 89 12
61 81 1
80 94 17
19 84 -18
10 35 2
54 78 3
73 91 -19
12 81 3
31 94 4
72 95 -18
46 79 20
5 41 -16
65 92 13
49 84 20
68 97 -19
21 22 -3
58 89 -19
42 81 20
61 94 5
0 84 18
19 97 10
32 36 -18
35 41 12
12 94 -5
53 95 10
9 25 -2
28 38 11
88 89 -15
47 51 -13
5 54 9
46 92 -14
49 97 8
21 35 15
20 39 12
39 52 19
42 94 -20
83 95 -7
0 97 -19
41 98 -18
13 36 -17
32 49 1
16 41 10
35 54 1
34 95 19
9 38 1
27 55 -20
30 60 15
71 98 1
20 52 -15
39 65 -18
4 44 15
23 57 11
13 49 -15
16 54 3
6 9 -15
50 52 -18
8 55 -4
27 68 -11
11 60 4
30 73 18
2 11 -20
1 15 -19
4 57 -6
64 71 -11
22 74 -2
38 55 5
57 68 -7
15 71 -17
18 76 -6
8 68 -1
11 73 10
52 74 2
1 28 9
45 71 5
64 84 -7
3 74 6
22 87 -12
38 68 -3
18 89 -13
12 15 17
33 74 -20
52 87 9
24 25 -17
10 90 12
26 34 -14
67 72 -12
3 87 14
89 90 12
47 93 13
0 18 -13
19 31 15
79 82 -9
63 74 -1
82 87 8
21 77 2
40 90 14
12 28 4
33 87 19
74 88 16
7 34 -9
67 85 -5
26 47 18
86 98 -14
70 90 -1
28 93 14
0 31 18
19 44 -14
63 87 10
21 90 -3
14 50 10
13 91 -5
16 96 -11
7 47 5
9 93 -3
41 45 -19
25 37 -19
44 50 17
2 53 4
34 42 2
37 47 9
14 63 18
55 64 19
29 48 2
48 61 7
6 64 8
41 58 -12
25 50 2
44 63 3
2 66 -2
43 67 3
17 51 -2
36 64 10
55 77 14
29 61 5
6 77 -14
3 8 13
24 67 -19
43 80 3
15 18 3
1 83 9
59 61 -7
18 23 3
17 64 -12
36 77 -9
77 78 3
80 83 -14
10 24 -5
54 67 -4
73 80 -7
12 70 11
31 83 -20
3 21 -16
66 77 -20
24 80 9
65 81 2
68 86 17
1 96 -18
58 78 -2
77 91 -11
42 70 18
61 83 -18
80 96 -7
19 86 7
10 37 -17
54 80 11
12 83 11
31 96 5
72 97 -17
46 81 -13
5 43 -1
65 94 11
49 86 12
68 99 6
21 24 -18
7 89 9
58 91 13
42 83 -2
61 96 -18
0 86 20
19 99 10
13 25 20
32 38 10
35 43 -6
34 84 -12
53 97 -12
37 89 -18
9 27 -20
28 40 -16
88 91 13
5 56 -12
46 94 -12
49 99 -20
20 41 -11
39 54 8
23 46 18
83 97 6
0 99 3
13 38 12
32 51 -6
16 43 -13
35 56 10
34 97 14
9 40 -9
27 57 -19
30 62 11
20 54 12
39 67 -3
4 46 1
23 59 -18
38 44 -15
15 60 14
18 65 -3
6 11 1
50 54 17
8 57 -12
27 70 3
11 62 7
30 75 19
1 17 3
4 59 -6
45 60 20
64 73 -14
22 76 -15
38 57 14
57 70 -10
15 73 -18
18 78 -18
11 75 -18
52 76 8
10 79 19
1 30 -3
45 73 6
64 86 8
3 76 14
22 89 8
19 20 7
40 79 8
12 17 -3
33 76 10
52 89 -14
10 92 1
26 36 -18
67 74 -14
86 87 -13
70 79 -20
3 89 -6
89 92 6
47 95 19
0 20 9
19 33 12
5 98 17
79 84 -18
63 76 -15
82 89 7
21 79 -7
40 92 19
12 30 -14
14 39 20
33 89 -4
74 90 10
32 93 -13
35 98 -1
7 36 20
67 87 13
26 49 -1
70 92 -1
9 82 -6
28 95 -13
0 33 7
21 92 -16
62 93 -6
14 52 1
13 93 4
16 98 -9
7 49 -17
48 50 7
6 53 -10
92 93 -9
9 95 14
41 47 6
25 39 -13
44 52 14
2 55 -9
34 44 4
37 49 8
36 53 -3
55 66 -19
29 50 -18
48 63 9
6 66 4
25 52 -3
2 68 -19
43 69 -13
1 72 6
17 53 7
36 66 -1
55 79 11
29 63 -13
31 72 13
3 10 -12
22 23 2
24 69 5
43 82 -19
1 85 7
59 63 -5
17 66 -2
58 67 14
77 80 7
61 72 -3
80 85 1
10 26 -5
54 69 -17
73 82 15
12 72 8
31 85 12
3 23 12
24 82 -17
65 83 -16
68 88 9
58 80 16
77 93 14
42 72 -12
61 85 15
80 98 -2
0 75 2
19 88 -14
10 39 -19
54 82 2
12 85 12
53 86 4
72 99 12
56 91 11
28 29 12
5 45 3
46 83 18
65 96 -6
49 88 10
21 26 -4
7 91 -2
39 43 -7
42 85 -2
83 86 11
0 88 -12
13 27 -16
32 40 12
51 53 -2
16 32 -11
35 45 -14
95 96 19
34 86 16
53 99 3
37 91 -3
9 29 -9
28 42 -9
46 96 8
5 58 20
20 43 -4
39 56 18
23 48 -18
83 99 11
25 94 8
13 40 -10
16 45 -11
35 58 -15
34 99 7
8 46 1
27 59 -13
11 51 19
30 64 6
20 56 7
4 48 -20
23 61 -2
38 46 3
57 59 -6
15 62 12
18 67 -6
6 13 -2
50 56 10
8 59 20
27 72 14
11 64 -16
30 77 -9
1 19 -16
4 61 -4
45 62 16
64 75 16
3 65 12
22 78 2
38 59 -18
57 72 -18
15 75 -14
18 80 1
33 65 2
52 78 -7
10 81 5
1 32 -19
45 75 -15
3 78 16
22 91 13
19 22 -9
63 65 5
40 81 4
12 19 -15
31 32 -20
33 78 -3
52 91 20
10 94 -9
51 95 -3
7 25 -6
26 38 20
67 76 -16
86 89 20
70 81 16
89 94 6
28 84 -8
47 97 -9
0 22 5
19 35 -7
63 78 15
82 91 15
21 81 12
40 94 -3
81 95 -16
14 41 -3
74 92 -2
32 95 4
7 38 1
26 51 6
67 89 17
70 94 -12
9 84 8
28 97 13
0 35 2
2 44 5
21 94 17
62 95 -20
20 98 13
37 38 1
14 54 -15
13 95 -5
29 39 9
48 52 -6
92 95 1
6 55 -15
9 97 -14
50 98 13
41 49 9
25 41 -12
44 54 9
2 57 -8
36 55 17
55 68 7
29 52 -17
48 65 -18
6 68 12
25 54 -6
24 58 -7
43 71 15
1 74 4
17 55 -13
36 68 11
10 15 -18
54 58 9
31 74 -2
3 12 -18
22 25 -6
66 68 10
24 71 -15
43 84 8
1 87 -3
17 68 8
58 69 3
77 82 9
61 74 5
80 87 11
19 77 -5
10 28 4
54 71 -3
73 84 -2
12 74 -3
31 87 -11
72 88 2
3 25 -16
5 34 19
46 72 -10
65 85 -1
49 77 -7
68 90 -8
26 93 17
58 82 4
42 74 18
61 87 1
0 77 -4
19 90 3
12 87 11
53 88 15
56 93 -19
9 18 -5
28 31 -12
46 85 -17
5 47 9
65 98 10
49 90 9
21 28 -1
7 93 -18
39 45 15
42 87 11
83 88 -4
0 90 -20
41 91 -9
13 29 14
32 42 -5
51 55 10
16 34 -9
35 47 2
95 98 16
34 88 -7
37 93 -8
9 31 2
28 44 13
27 48 -5
30 53 11
71 91 4
20 45 -17
39 58 15
4 37 1
23 50 14
25 96 -7
13 42 16
16 47 -17
8 48 8
27 61 -6
11 53 -4
30 66 3
2 4 18
1 8 -19
20 58 -9
4 50 -15
23 63 -1
22 67 12
38 48 16
57 61 -15
15 64 -1
18 69 -10
8 61 12
11 66 -1
52 67 -3
1 21 -9
45 64 15
64 77 -4
3 67 13
22 80 16
38 61 -12
15 77 -12
18 82 -10
33 67 20
52 80 -9
10 83 -13
26 27 -15
45 77 -13
3 80 15
47 86 1
0 11 -8
19 24 8
63 67 -4
21 70 20
40 83 -18
12 21 -15
75 77 -10
33 80 -5
74 81 -6
93 94 -16
10 96 1
51 97 12
7 27 -12
26 40 4
67 78 3
86 91 12
70 83 -11
89 96 12
28 86 -4
47 99 19
0 24 -19
19 37 7
63 80 14
21 83 -10
40 96 7
81 97 8
14 43 -12
74 94 -5
13 84 19
32 97 -14
16 89 -9
7 40 11
67 91 -9
70 96 1
9 86 -13
28 99 -8
25 30 12
2 46 20
62 97 8
34 35 -1
37 40 -19
14 56 10
55 57 -18
13 97 -11
29 41 1
48 54 20
92 97 -4
6 57 16
9 99 16
41 51 8
25 43 -9
44 56 -17
2 59 -12
43 60 6
17 44 -12
36 57 18
55 70 9
29 54 5
6 70 -12
24 60 17
43 73 12
1 76 -12
17 57 13
36 70 -20
10 17 -18
54 60 15
12 63 -16
31 76 -19
3 14 10
22 27 9
66 70 4
24 73 -5
65 74 -10
1 89 -4
58 71 6
77 84 -6
42 63 -3
61 76 1
80 89 5
19 79 11
10 30 11
54 73 -17
12 76 17
31 89 -20
72 90 19
5 36 -11
46 74 12
65 87 10
49 79 20
68 92 12
26 95 15
58 84 10
42 76 10
61 89 -15
0 79 5
19 92 -20
35 36 -4
34 77 3
53 90 -7
37 82 -16
56 95 -12
9 20 16
28 33 -7
14 98 -13
5 49 -5
46 87 12
49 92 2
90 93 -6
21 30 -16
7 95 -19
20 34 8
39 47 -4
23 39 7
83 90 2
0 92 -3
41 93 8
13 31 -8
32 44 20
44 98 9
16 36 10
35 49 -9
34 90 -3
37 95 4
9 33 1
27 50 -16
71 93 -19
30 55 8
20 47 12
39 60 -20
4 39 -13
23 52 -5
13 44 11
25 98 -1
16 49 6
15 53 1
18 58 -6
59 96 -4
8 50 -2
27 63 12
11 55 12
30 68 5
1 10 -4
4 52 4
45 53 20
64 66 -18
22 69 -14
38 50 -14
57 63 -15
15 66 9
18 71 -2
8 63 -15
11 68 -19
52 69 -16
10 72 -20
1 23 -18
45 66 -11
64 79 19
3 69 19
22 82 12
38 63 11
40 72 15
33 69 -5
52 82 -19
10 85 -12
26 29 17
70 72 -13
3 82 2
47 88 15
0 13 -10
19 26 8
5 91 -16
63 69 -10
21 72 -16
40 85 17
12 23 6
33 82 -10
74 83 -16
93 96 -8
32 86 3
51 99 -2
35 91 -18
7 29 -15
26 42 -7
67 80 2
86 93 19
70 85 -6
89 98 7
9 75 -2
28 88 -12
0 26 -12
63 82 -11
21 85 2
62 86 16
81 99 9
14 45 -8
74 96 16
13 86 -20
32 99 19
16 91 19
7 42 -18
9 88 9
25 32 -3
44 45 4
2 48 12
62 99 19
34 37 6
37 42 -3
4 94 -12
36 46 13
55 59 10
96 97 -8
13 99 20
29 43 12
48 56 -9
6 59 18
92 99 -9
25 45 -18
2 61 10
43 62 4
17 46 -7
36 59 -16
55 72 8
29 56 9
24 62 9
43 75 -19
1 78 4
17 59 4
58 60 5
61 65 -9
10 19 1
54 62 18
73 75 3
12 65 17
31 78 4
3 16 -6
24 75 20
65 76 8
68 81 -7
1 91 10
58 73 2
77 86 4
42 65 19
61 78 14
80 91 -17
19 81 -15
10 32 14
54 75 -7
12 78 -17
72 92 -4
5 38 -14
46 76 -6
65 89 12
49 81 -13
68 94 1
7 84 -15
26 97 -8
42 78 13
0 81 -11
19 94 -1
60 95 -20
13 20 -13
32 33 -3
16 25 -7
35 38 -1
34 79 -4
53 92 -8
37 84 -10
56 97 15
9 22 5
28 35 -13
5 51 -6
46 89 7
49 94 12
90 95 13
7 97 17
20 36 -11
39 49 -15
23 41 19
83 92 -3
41 95 -20
13 33 -15
32 46 2
16 38 19
35 51 20
34 92 14
37 97 -6
9 35 9
8 39 -9
27 52 -15
11 44 9
30 57 -1
71 95 2
29 98 9
20 49 14
4 41 8
23 54 -5
38 39 -1
15 55 6
18 60 -1
59 98 -19
8 52 15
27 65 19
11 57 15
30 70 5
1 12 6
4 54 -19
45 55 -9
64 68 13
3 58 -18
22 71 -4
38 52 12
57 65 14
15 68 -7
18 73 20
33 58 12
52 71 -10
10 74 -8
1 25 20
45 68 4
3 71 -4
22 84 -1
40 74 -17
33 71 -1
52 84 -4
10 87 12
51 88 8
7 18 5
67 69 12
26 31 -4
70 74 16
28 77 1
47 90 -14
0 15 2
19 28 2
5 93 18
63 71 -11
82 84 17
21 74 7
40 87 -8
81 88 -8
14 34 2
74 85 1
93 98 -10
32 88 15
35 93 13
7 31 17
67 82 -5
26 44 9
70 87 14
9 77 14
28 90 -4
0 28 -20
21 87 -13
62 88 -10
20 91 3
23 96 6
14 47 -2
74 98 18
