100 2475 1
28 67 11
29 32 7
0 5 12
40 41 6
5 83 -3
6 48 -4
50 91 -12
21 64 1
40 77 7
10 54 5
2 50 -12
3 15 2
14 24 4
74 75 -1
13 65 -2
4 96 19
43 87 3
35 83 14
36 48 9
1 90 3
7 21 -10
18 30 10
5 60 -8
70 77 -6
77 85 -17
29 45 -13
69 81 -16
21 41 -9
40 54 -12
80 90 17
5 96 13
6 61 -20
2 27 -13
62 78 14
54 74 -4
20 81 6
12 77 16
23 86 -6
43 64 -2
35 60 4
14 37 -7
13 78 9
24 87 11
16 83 -20
17 48 17
36 61 13
68 93 5
6 38 20
77 98 -12
69 94 16
42 77 -13
21 54 18
19 93 6
39 71 5
11 89 13
31 67 -17
10 44 7
20 94 -1
12 90 2
13 55 11
51 81 -20
43 77 13
16 60 8
17 25 7
28 34 11
7 11 -10
46 88 -16
38 84 -9
58 62 -20
49 93 -18
9 57 8
69 71 -16
29 35 -11
61 67 19
40 44 19
6 51 -16
58 98 -15
30 79 -2
50 94 -9
73 77 -10
20 71 1
39 84 6
12 67 -16
13 32 17
32 45 14
24 41 18
43 54 -18
16 37 9
87 97 -15
65 78 8
16 73 13
76 87 8
26 86 12
5 63 16
6 28 13
58 75 -6
61 80 -14
80 93 10
27 87 3
20 48 14
39 61 12
11 79 -3
30 92 5
2 30 11
1 34 -4
12 80 -7
4 76 10
23 89 3
24 54 -15
16 50 -18
35 63 16
9 11 -11
22 93 -13
46 78 9
65 91 13
38 74 1
57 87 -13
49 83 -17
9 47 -15
68 96 2
15 90 -20
27 64 -18
42 80 4
2 7 -12
8 87 -13
0 83 19
19 96 19
20 61 7
60 97 1
12 57 8
13 22 -17
31 70 -18
32 35 -2
4 53 -14
34 81 -2
53 94 -11
45 90 -17
46 55 20
37 86 8
65 68 15
76 77 -14
3 93 7
9 24 7
15 67 -2
26 76 -16
6 18 13
18 72 4
79 88 -15
58 65 3
30 46 1
90 97 -7
82 93 -13
42 57 -2
7 99 -3
8 64 -9
20 38 12
60 74 -1
39 51 -1
11 69 -9
31 47 2
4 30 -18
83 94 2
75 90 -19
34 58 16
13 35 -1
53 71 15
72 84 -20
24 44 -3
37 63 -13
16 40 -18
56 76 -15
22 83 -11
14 79 3
34 94 9
5 30 7
37 99 -5
38 64 -5
49 73 9
7 76 2
26 89 -18
27 54 -13
0 37 3
19 50 10
11 46 -9
63 93 -20
21 96 -12
41 74 -14
60 87 19
33 70 16
12 47 11
52 83 11
4 43 18
23 56 -9
16 17 -15
1 37 7
34 71 17
53 84 -9
37 76 -9
56 89 -1
3 83 14
9 14 7
15 57 -11
7 53 5
26 66 -6
19 27 -12
82 83 -18
42 47 6
29 77 -20
8 54 14
0 50 -12
19 63 3
60 64 20
20 28 14
6 93 -2
12 24 -12
4 20 -14
23 33 17
75 80 -4
41 87 -20
1 14 -2
33 83 -14
34 48 15
25 79 -14
93 97 3
53 61 4
85 93 -1
45 57 12
64 70 10
56 66 -16
2 95 -1
3 60 -1
15 34 18
46 58 3
18 39 -2
70 86 -17
49 63 18
89 99 5
7 66 4
48 67 -18
0 27 10
19 40 10
79 91 10
11 36 -20
71 87 14
40 99 13
33 60 -16
4 33 20
2 72 8
14 46 -10
25 92 -14
37 66 1
14 82 11
7 43 -19
47 79 8
26 56 -6
0 4 -9
59 90 8
70 99 11
9 89 11
29 67 8
48 80 -20
40 76 -7
11 49 4
6 83 -5
12 14 -20
4 10 -17
44 46 5
21 99 14
54 96 -8
33 73 -4
34 38 -2
25 69 7
45 47 16
37 43 17
2 85 -18
43 86 -16
22 63 -17
7 20 6
26 33 8
18 29 -19
7 56 -13
19 30 6
6 60 12
81 90 -6
73 86 -15
6 96 3
52 63 -19
44 59 -6
39 93 -10
3 27 18
22 40 1
14 36 -12
34 51 -7
66 83 9
85 96 4
13 77 16
32 90 14
3 63 10
43 99 -9
16 82 8
47 69 20
26 46 -17
67 84 -14
18 42 1
70 89 17
17 83 9
29 57 8
40 66 -5
10 43 14
62 90 15
33 63 5
20 93 7
25 59 10
12 89 1
23 98 -4
2 75 2
3 40 7
43 76 2
22 53 -4
14 49 10
1 79 17
13 90 8
36 73 9
9 56 20
29 34 -4
8 11 -3
5 85 7
6 50 -15
11 16 5
58 97 -13
9 92 12
10 20 -20
42 89 3
21 66 15
62 67 4
41 44 16
8 96 12
33 40 -6
31 79 13
10 56 -15
2 52 1
3 17 19
22 30 17
13 67 -7
51 93 -8
36 50 -11
55 63 6
1 92 17
7 23 -19
5 62 15
6 27 5
77 87 3
69 83 17
29 47 4
21 43 -19
61 79 -10
80 92 18
6 63 -19
30 91 19
10 33 1
62 80 14
81 93 6
54 76 -6
73 89 -15
20 83 9
32 57 -1
51 70 -12
24 53 -16
3 30 1
43 66 20
35 62 9
65 90 -16
16 85 -12
9 46 -16
68 95 -13
28 59 6
26 98 17
5 75 -11
6 40 4
58 87 -12
50 83 14
69 96 -3
27 99 -6
0 82 -18
19 95 7
11 91 18
39 73 -1
32 34 4
23 65 12
2 42 4
35 39 -8
14 16 -11
13 57 2
53 93 -1
4 88 12
32 70 9
24 66 3
43 79 -19
16 62 10
17 27 -7
9 23 8
47 49 -7
5 52 13
6 17 -15
38 86 16
49 95 16
50 60 -2
69 73 2
29 37 -16
21 33 13
39 50 -6
30 81 11
31 46 -10
50 96 18
2 19 -4
8 99 -16
54 66 -15
0 95 15
20 73 -6
12 69 -6
23 78 -4
24 43 5
84 94 -19
35 52 1
1 59 2
87 99 -16
34 93 -7
46 67 -18
37 98 -15
65 80 -16
57 76 3
76 89 -14
9 36 1
49 72 8
15 79 -16
26 88 -16
6 30 20
38 99 -2
42 69 -20
27 89 13
19 85 16
12 46 11
31 59 -9
1 36 10
13 47 13
53 83 -10
72 96 9
4 78 -18
45 79 -19
24 56 3
64 92 -6
16 52 -7
56 88 -11
22 95 10
14 91 -2
5 42 11
38 76 11
49 85 17
15 92 -3
7 88 -3
8 53 -20
27 66 15
0 49 12
19 62 -3
20 27 -14
31 36 3
10 13 16
2 9 -12
75 79 -3
8 89 -10
20 63 17
11 94 19
12 59 11
53 60 -1
52 95 14
4 55 -20
32 37 -4
23 68 3
24 33 15
64 69 -1
43 46 -7
10 98 -10
13 24 -17
35 42 8
1 49 20
34 83 -19
37 88 10
57 66 -13
76 79 -18
9 26 19
3 95 12
68 75 10
15 69 14
7 65 17
18 74 -9
6 20 7
30 48 -1
71 86 3
50 63 -10
82 95 17
0 62 -16
60 76 11
11 71 13
4 32 19
23 45 5
83 96 11
33 95 3
34 60 3
13 37 -18
45 69 -16
64 82 9
56 78 -4
3 72 17
22 85 -20
34 96 17
67 93 11
5 32 3
18 51 -16
38 66 19
49 75 11
7 78 11
8 43 -18
27 56 -8
18 87 15
12 13 7
30 61 17
71 99 -12
63 95 16
12 49 -8
13 14 12
44 81 13
45 46 -13
22 62 -9
14 58 -9
34 73 -14
45 82 -20
5 9 19
46 47 1
78 79 14
9 16 -14
49 52 11
14 94 1
15 59 17
7 55 -2
8 20 15
18 64 -14
19 29 -11
79 80 4
11 25 12
71 76 -9
63 72 -12
82 85 18
8 56 20
48 92 -2
0 52 3
60 66 -16
6 95 -5
12 26 6
52 62 17
31 39 20
44 58 -16
23 35 -9
10 65 17
75 82 19
41 89 -11
93 99 9
25 81 12
44 94 -20
56 68 -18
14 71 -10
26 45 7
86 96 -3
18 41 -16
78 92 -19
70 88 -4
28 91 4
7 68 6
48 69 -4
40 65 -11
19 42 17
11 38 -14
30 51 -16
63 85 -10
29 92 -3
21 88 -2
41 66 17
52 75 6
25 58 -14
4 35 3
10 78 10
3 39 12
14 48 -1
74 99 7
34 63 -13
24 98 9
36 72 -3
15 49 14
47 81 -16
8 10 18
67 96 -8
11 15 -17
17 95 1
9 91 -18
48 82 -16
0 42 -9
40 78 -20
33 39 -2
44 48 -14
4 12 3
10 55 -17
1 6 -7
54 98 -1
33 75 7
74 76 20
25 71 1
66 72 4
45 49 -3
37 45 3
3 52 -7
43 88 17
22 65 16
55 62 -16
26 35 18
67 73 9
59 69 15
78 82 19
70 78 -1
89 91 2
9 68 2
48 59 6
40 55 13
5 97 6
6 62 -1
11 28 -14
63 75 -13
29 82 -19
21 78 10
62 79 6
41 56 3
73 88 17
33 52 -20
25 48 14
39 95 19
44 61 1
31 91 17
2 64 7
14 38 -17
74 89 17
85 98 -5
13 79 20
24 88 10
36 62 14
55 75 15
7 35 4
18 44 -9
5 74 -5
9 81 7
61 91 3
40 68 -8
6 75 19
62 92 13
54 88 -5
25 61 1
12 91 -2
32 69 -11
51 82 3
35 74 -17
14 51 -13
7 12 13
13 92 -14
17 62 -9
28 71 14
48 49 -2
0 9 -20
40 45 3
5 87 -9
50 95 -13
10 22 -13
42 91 -13
8 98 -17
81 82 -20
54 65 -20
33 42 19
20 72 3
39 85 20
31 81 -11
23 77 -9
51 59 -13
43 55 -18
14 28 10
87 98 -20
13 69 -1
24 78 -9
43 91 17
76 88 -1
28 48 -15
1 94 -11
5 64 5
38 98 7
17 75 -16
58 76 2
9 71 10
50 72 14
21 45 -6
61 81 7
40 58 -7
6 65 -16
19 84 -15
39 62 -17
30 93 8
73 91 -9
32 59 -15
23 90 16
16 51 13
1 71 20
13 82 9
16 87 -8
57 88 -9
17 52 1
49 84 14
9 48 -18
68 97 -6
21 22 13
6 42 4
50 85 10
10 12 1
54 55 -16
0 84 -5
20 62 -16
39 75 8
32 36 -16
23 67 16
35 41 -8
14 18 -20
1 48 -1
53 95 12
4 90 -10
32 72 -5
16 64 -2
17 29 8
35 77 20
68 74 5
58 66 -14
77 79 2
50 62 -18
69 75 1
61 71 -17
21 35 -18
80 84 -15
19 74 -12
20 39 19
39 52 9
11 70 19
91 99 14
42 94 -3
83 95 -7
75 91 -15
54 68 -6
0 97 -3
31 84 -5
72 85 12
23 80 -16
43 58 13
16 41 11
35 54 -4
34 95 13
68 87 20
7 77 7
26 90 -16
58 79 10
30 60 4
42 71 -3
27 91 10
19 87 7
60 88 -12
11 83 8
30 96 -1
31 61 20
4 44 -11
16 18 11
34 72 4
13 49 -6
53 85 -16
45 81 5
64 94 -12
56 90 -11
17 19 3
26 67 -7
46 82 -5
6 9 -12
49 87 19
50 52 -3
42 48 -20
27 68 -12
0 51 3
20 29 -10
39 42 12
23 34 -16
2 11 -18
83 85 5
0 87 -9
41 88 11
1 15 17
12 61 2
53 62 19
22 74 -1
53 98 17
45 94 12
86 95 20
46 59 -7
65 72 -15
37 90 8
38 55 8
3 97 -15
9 28 12
49 64 6
7 67 -4
8 32 16
18 76 -10
79 92 9
30 50 17
42 61 19
82 97 4
29 91 15
8 68 4
0 64 -14
60 78 -8
11 73 -19
52 74 19
31 51 -10
4 34 -20
75 94 -14
1 28 14
25 93 1
53 75 -18
64 84 9
37 67 -3
7 44 16
26 57 6
8 45 18
27 58 7
18 89 5
12 15 -7
30 63 5
4 11 9
63 97 -3
23 24 -18
60 91 -16
34 39 17
52 87 -13
25 70 -12
13 16 -17
4 47 -12
56 57 2
16 21 13
22 64 -15
14 60 -1
26 34 -9
5 11 10
37 80 8
57 58 -13
3 87 10
89 90 9
49 54 4
14 96 13
55 97 -6
47 93 17
8 22 9
7 57 20
0 18 -3
79 82 19
11 27 -7
30 40 16
90 91 2
63 74 11
82 87 3
48 94 2
21 77 19
0 54 13
41 55 7
60 68 -1
52 64 20
44 60 15
4 24 1
2 63 7
22 41 -19
33 87 12
25 83 14
45 61 12
85 97 1
37 57 -1
2 99 13
15 38 -1
7 34 7
67 85 17
18 43 -18
59 81 5
36 97 4
28 93 5
29 58 -17
48 71 20
0 31 -12
29 94 -11
21 90 -9
41 68 -2
33 64 -1
52 77 -5
10 80 -7
3 41 3
14 50 -17
13 91 7
18 20 18
16 96 -14
15 51 -2
55 87 8
47 83 -9
8 12 -2
0 8 -3
59 94 -19
18 56 -10
5 86 -20
11 17 -2
17 97 14
9 93 -13
29 71 2
48 84 -11
40 80 -14
33 41 -1
52 54 15
25 37 11
10 57 4
34 42 -4
25 73 -6
66 74 18
45 51 19
37 47 17
51 94 8
24 77 18
43 90 -5
14 63 15
15 28 -6
1 93 -2
47 60 -9
7 24 -19
36 87 -13
9 70 -17
77 88 11
11 30 -4
6 64 10
62 81 11
81 94 7
54 77 18
25 50 -3
44 63 13
39 97 -2
2 66 13
3 31 11
13 81 2
17 51 1
28 60 -15
47 73 -12
7 37 9
5 76 7
6 41 12
58 88 -6
9 83 -17
21 57 10
40 70 15
6 77 13
25 27 -9
39 74 -6
10 47 11
62 94 5
54 90 -17
13 58 17
4 89 14
32 71 -18
24 67 -19
35 76 -10
36 41 -10
15 18 13
1 83 -8
7 14 3
13 94 10
59 61 -16
16 99 -2
36 77 6
77 78 2
28 73 -1
69 74 -5
21 34 -14
40 47 -4
6 54 11
10 24 -11
62 71 4
81 84 -11
54 67 14
25 40 2
20 74 -17
31 83 -18
32 48 15
51 61 4
23 79 -20
2 56 19
43 57 -15
3 21 -8
35 53 5
14 30 -10
1 60 -7
66 77 3
65 81 1
16 76 -20
55 67 16
28 50 -15
1 96 -9
77 91 13
9 73 -6
29 51 7
42 70 -13
19 86 7
30 95 -5
12 83 -4
31 96 -3
72 97 -18
51 74 -15
24 57 4
23 92 4
43 70 -15
16 53 -7
1 73 -1
5 43 -5
46 81 -20
17 54 -5
57 90 15
49 86 -19
28 63 11
7 89 -15
6 44 -8
58 91 6
50 87 3
10 14 -18
42 83 -4
8 90 -11
54 57 10
0 86 -20
20 64 -20
13 25 -8
23 69 18
24 34 -3
84 85 1
43 47 -9
34 84 -13
13 61 18
4 92 18
45 93 15
5 20 19
37 89 -17
36 44 6
28 40 -18
88 91 5
5 56 -4
38 90 -5
58 68 3
77 81 3
49 99 12
50 64 14
42 60 -7
61 73 -5
80 86 2
27 80 7
19 76 6
20 41 -3
11 72 -13
31 50 11
23 46 20
2 23 9
75 93 6
0 99 17
1 27 17
33 96 5
53 74 -17
72 87 12
4 69 -3
32 51 13
64 83 -3
22 86 4
1 63 19
65 84 -6
57 80 -16
9 40 20
7 79 9
18 88 2
63 96 -6
8 80 4
0 76 17
60 90 -16
39 67 -15
52 86 -6
13 15 2
1 40 8
45 83 7
38 44 -19
56 92 16
17 21 12
9 17 -18
49 53 10
28 30 6
22 99 19
14 95 -12
15 60 -5
27 34 -16
6 11 -9
18 65 -5
38 80 1
79 81 9
82 86 8
7 92 -9
48 93 -17
8 57 -1
27 70 5
19 66 4
20 31 20
39 44 6
12 27 -2
31 40 12
4 23 2
94 96 -18
41 90 -4
1 17 -10
13 28 -18
44 95 -18
64 73 -1
56 69 -4
16 33 -3
2 98 19
22 76 -7
14 72 -6
5 23 -14
86 97 4
78 93 17
3 99 20
68 79 -5
8 34 -3
27 47 3
18 78 19
79 94 13
71 90 -15
63 86 -5
21 89 -1
20 44 -13
52 76 15
12 40 16
4 36 -20
44 72 -11
33 99 3
53 77 1
25 95 12
37 69 -16
22 89 -13
7 46 -5
17 96 -7
8 47 12
48 83 -3
0 43 -19
20 21 6
6 86 -14
52 53 18
12 17 -6
4 13 -16
60 93 2
33 76 20
52 89 15
53 54 10
45 50 -16
37 46 -10
10 92 -5
16 23 -16
15 27 -7
86 87 15
46 51 7
18 32 -20
78 83 9
38 47 -5
89 92 16
49 56 10
36 86 -7
55 99 15
15 63 -7
7 59 -10
48 60 -19
18 68 -15
19 33 -1
79 84 -20
11 29 -6
30 42 -6
71 80 -20
63 76 8
48 96 -5
33 53 12
52 66 8
44 62 13
4 26 4
2 65 3
1 20 16
14 39 15
33 89 -16
74 90 14
14 75 10
15 40 -9
7 36 -14
26 49 1
67 87 -1
18 45 -11
17 86 6
36 99 -8
28 95 20
48 73 -14
8 37 -4
0 33 -20
40 69 -8
11 42 -6
29 96 -11
62 93 -13
41 70 -4
33 66 -12
25 62 15
44 75 -14
3 43 15
14 52 5
15 17 8
66 99 18
59 60 -14
55 89 5
47 85 -5
8 14 10
19 23 3
11 19 6
17 99 20
63 66 -18
29 73 18
21 69 -16
81 83 -2
6 89 19
52 56 -14
25 39 8
44 52 12
3 20 18
22 33 -19
74 80 16
13 70 11
37 49 -12
32 83 7
51 96 2
24 79 1
3 56 -2
36 53 12
55 66 13
1 95 15
67 77 8
59 73 -4
18 35 12
9 72 -11
29 50 -3
48 63 5
21 46 -6
0 23 9
10 36 -15
62 83 6
81 96 5
54 79 -14
73 92 17
25 52 12
39 99 -8
31 95 2
51 73 17
23 91 9
3 33 11
22 46 1
35 65 -9
14 42 4
66 89 9
13 83 -16
32 96 5
24 92 -16
16 88 -11
17 53 10
47 75 11
5 78 16
6 43 -7
58 90 -12
29 63 6
42 82 16
69 99 -8
21 59 -15
39 76 8
10 49 -7
2 45 10
3 10 10
62 96 -6
14 19 15
32 73 -5
51 86 15
24 69 -16
43 82 11
1 85 -10
88 90 -4
47 52 15
59 63 -12
5 55 -12
38 89 4
49 98 18
77 80 -15
9 62 11
69 76 -13
21 36 4
40 49 14
80 85 -11
27 79 -5
6 56 -14
92 96 -16
30 84 15
50 99 -17
10 26 -18
42 95 -13
2 22 16
62 73 5
54 69 10
39 89 -9
32 50 11
51 63 -12
24 46 11
84 97 7
3 23 15
35 55 17
24 82 -16
16 78 2
17 43 10
76 92 -2
68 88 -17
47 65 -14
5 68 13
6 33 -17
77 93 4
50 76 4
8 79 3
27 92 -9
0 75 20
19 88 10
20 53 4
10 39 -6
54 82 2
12 85 2
13 50 12
4 81 -2
23 94 16
64 95 -16
17 20 -13
35 68 1
46 83 4
38 79 11
57 92 17
50 53 -17
29 30 16
15 95 1
7 91 -2
27 69 -19
6 46 -19
39 43 -11
30 74 18
2 12 11
62 63 -4
8 92 -12
54 59 11
39 79 10
13 27 -11
31 75 -19
84 87 15
1 52 -6
87 92 18
53 99 12
45 95 13
16 68 -14
76 82 6
9 29 -5
28 42 3
68 78 -15
26 81 -20
5 58 -13
18 77 6
38 92 15
58 70 17
82 98 13
61 75 11
8 69 -14
27 82 -3
0 65 -17
11 74 -20
12 39 7
30 87 19
31 52 20
23 48 13
83 99 4
75 95 -9
12 75 -15
53 76 17
13 40 -5
4 71 -20
25 94 -16
45 72 -16
35 58 -20
22 88 10
14 84 -14
34 99 -11
5 35 10
57 82 -6
15 85 2
7 81 11
18 90 19
19 55 18
11 51 -12
23 25 8
42 75 8
8 82 20
60 92 15
13 17 -3
4 48 -8
10 91 -17
1 42 -1
34 76 -20
45 85 -6
5 12 -19
46 50 -12
37 81 11
38 46 -10
56 94 -4
17 23 -8
9 19 1
49 55 1
14 97 20
15 62 20
26 71 -8
27 36 -14
6 13 -5
38 82 -1
30 41 -2
90 92 -17
50 56 1
42 52 9
82 88 7
27 72 -16
19 68 11
60 69 -8
11 64 9
12 29 -18
30 77 12
6 98 -17
91 93 -13
23 38 1
83 89 -18
1 19 11
72 79 -19
44 97 3
37 58 -20
67 86 -10
86 99 14
38 59 -10
78 95 17
57 72 7
49 68 3
36 98 20
15 75 -10
8 36 12
19 45 8
71 92 -3
30 54 -6
63 88 -9
0 68 -8
41 69 5
12 42 13
4 38 19
10 81 12
53 79 -12
66 98 6
56 84 11
3 78 7
14 87 -16
7 48 -3
8 13 12
59 95 -13
19 22 13
11 18 -13
17 98 9
63 65 10
9 94 -10
29 72 -5
48 85 -13
41 46 -17
20 23 -10
6 88 6
41 82 -13
33 78 -3
25 74 5
44 87 -13
45 52 12
85 88 7
64 65 8
37 48 19
10 94 -6
56 61 -18
3 55 -20
22 68 -6
15 29 2
7 25 -18
67 76 -15
59 72 -15
18 34 -10
78 85 14
97 98 -13
70 81 3
89 94 19
36 88 15
28 84 -6
47 97 15
48 62 -10
8 26 -2
27 39 6
0 22 10
11 31 17
30 44 4
82 91 12
40 94 12
41 59 16
44 64 -18
74 92 12
25 87 -14
66 88 -12
32 95 20
24 91 19
14 77 15
15 42 10
55 78 -14
7 38 -15
47 74 9
67 89 4
59 85 -7
78 98 -12
70 94 -1
28 97 -9
48 75 1
40 71 14
0 35 19
4 5 -17
2 44 -20
21 94 -14
62 95 -19
25 64 -4
37 38 -13
10 84 -5
2 80 17
43 81 19
22 58 -6
15 19 -1
26 28 17
13 95 -20
59 62 -12
70 71 -11
17 65 -20
47 87 11
40 48 -5
0 12 2
19 25 20
5 90 10
6 55 -20
9 97 -13
21 71 19
62 72 -5
41 49 16
33 45 -15
44 54 -3
3 22 -2
22 35 15
14 31 11
13 72 6
51 98 -6
43 94 20
16 77 -20
15 32 -3
28 51 -20
1 97 -2
55 68 16
5 67 1
77 92 11
9 74 4
29 52 19
21 48 20
6 68 4
2 34 12
62 85 -15
81 98 -8
73 94 13
32 62 -19
23 93 2
24 58 -2
51 75 -7
3 35 -4
1 74 12
13 85 -9
24 94 3
16 90 -15
17 55 2
9 51 -17
28 64 -16
47 77 -14
21 25 7
58 92 13
54 58 20
33 35 -12
11 96 20
10 51 9
51 52 12
2 47 -9
22 25 8
54 94 -6
14 21 15
66 68 5
13 62 19
4 93 -4
32 75 18
16 67 19
36 45 -4
76 81 8
1 87 10
88 92 9
6 22 13
17 68 -19
58 69 4
9 64 17
69 78 8
29 42 -18
80 87 18
19 77 2
30 86 1
42 97 -9
62 75 16
54 71 -4
39 91 17
12 74 4
13 39 -11
32 52 20
23 83 12
43 61 -13
16 44 3
1 64 8
34 98 11
46 72 -9
5 34 4
17 45 -16
76 94 2
9 41 -15
28 54 6
26 93 13
6 35 17
58 82 -10
50 78 19
69 91 8
42 74 -13
8 81 -5
30 99 -1
31 64 -11
23 60 -4
2 37 6
1 41 -6
12 87 8
13 52 16
4 83 9
45 84 -16
56 93 14
17 22 -19
35 70 14
9 18 -5
5 47 -13
38 81 11
9 54 19
50 55 -8
15 97 -14
7 93 3
8 58 -17
27 71 7
11 63 16
39 45 4
31 41 5
62 65 17
8 94 -3
94 97 9
0 90 19
41 91 7
11 99 19
12 64 16
72 78 20
64 74 -4
84 89 -16
95 98 4
1 54 -12
45 97 -15
65 75 -6
38 58 4
17 35 -8
57 71 15
49 67 -13
9 31 -15
28 44 15
26 83 -15
27 48 -10
18 79 -6
6 25 -3
79 95 8
42 64 12
8 71 -4
27 84 1
0 67 4
60 81 -1
39 58 -5
12 41 6
23 50 -7
75 97 14
1 31 -8
34 65 -8
13 42 -10
25 96 9
4 73 -1
45 74 2
56 83 -3
3 77 17
26 60 -12
5 37 -13
46 75 -9
49 80 9
15 87 13
7 83 13
2 4 4
41 81 -13
12 54 -6
44 86 6
23 63 -17
10 93 2
56 60 -8
2 89 -6
35 37 -13
1 44 -6
53 91 6
5 14 9
37 83 -15
38 48 11
56 96 -12
57 61 -1
9 21 5
7 60 -9
8 25 7
27 38 16
19 34 5
79 85 1
90 94 3
42 54 16
82 90 20
8 61 2
0 57 4
19 70 5
20 35 -6
60 71 5
52 67 3
31 44 -5
23 40 12
83 91 -19
25 86 17
45 64 -14
64 77 -9
37 60 11
22 80 -8
15 41 -19
67 88 -17
26 50 18
46 65 -15
18 46 -20
78 97 -12
70 93 15
15 77 15
48 74 8
27 51 -1
18 82 -20
11 43 2
30 56 -4
71 94 17
21 93 4
41 71 20
52 80 4
25 63 -2
4 40 -17
44 76 13
10 83 -8
2 79 -1
25 99 11
26 27 1
55 90 15
7 50 16
47 86 -7
59 97 15
19 24 -15
11 20 3
48 87 19
21 70 5
0 47 -4
41 48 16
6 90 1
52 57 -11
12 21 -1
44 53 -12
4 17 10
41 84 -16
1 11 8
25 76 19
45 54 3
37 50 15
51 97 -9
56 63 19
3 57 8
43 93 -6
22 70 15
15 31 -19
67 78 13
86 91 -6
18 36 7
59 74 -17
78 87 -1
70 83 -11
89 96 4
17 77 -7
36 90 5
28 86 19
48 64 11
8 28 -2
40 60 11
0 24 19
81 97 -18
33 57 19
73 93 -7
3 34 -5
74 94 -18
66 90 5
36 67 8
0 1 -9
18 49 13
5 79 5
70 96 3
28 99 -5
29 64 8
48 77 -15
21 60 13
33 34 1
6 80 -5
25 30 6
4 7 -6
10 50 1
62 97 4
14 20 -17
34 35 16
66 67 -8
12 96 3
51 87 -17
2 82 -7
3 47 1
35 79 17
14 56 5
55 57 -5
7 17 18
67 68 -13
26 30 -9
70 73 -8
17 67 -15
36 80 -18
9 63 -6
55 93 16
47 89 -11
48 54 3
0 14 18
40 50 -16
11 23 -13
92 97 6
9 99 11
42 96 -10
21 73 11
62 74 -3
81 87 16
33 47 -2
73 83 -10
10 63 -5
2 59 -12
43 60 -8
14 33 3
66 80 17
32 87 -4
24 83 -15
16 79 9
35 92 -2
36 57 -4
1 99 13
7 30 -19
5 69 -4
6 34 1
17 80 -1
77 94 -7
28 89 17
69 90 1
29 54 -5
21 50 5
40 63 5
27 93 -8
6 70 18
2 36 20
73 96 -17
12 86 -11
13 51 19
24 60 -7
43 73 -7
16 56 12
35 69 13
13 87 6
5 46 15
16 92 -2
36 70 -1
9 53 -11
28 66 -11
29 31 -13
21 27 14
5 82 18
6 47 20
8 93 9
39 80 -11
12 63 -5
11 98 10
31 76 4
51 54 -17
3 14 -20
95 97 13
14 23 -1
12 99 1
32 77 -11
24 73 17
16 69 4
17 34 3
36 47 13
47 56 -5
5 59 -16
46 97 6
38 93 18
58 71 4
77 84 11
29 44 -2
69 80 8
27 83 18
19 79 17
30 88 1
31 53 6
42 99 -18
54 73 6
20 80 -4
12 76 -7
72 90 15
51 67 -18
24 50 -20
16 46 6
35 59 12
1 66 12
46 74 11
17 47 -15
57 83 -12
68 92 9
15 86 9
18 91 -5
30 65 18
2 3 -13
61 89 -9
8 83 19
27 96 13
20 57 7
11 88 -5
31 66 -7
4 49 19
23 62 13
35 36 16
13 54 19
45 86 -11
24 63 4
37 82 3
16 59 12
57 60 -2
17 24 -17
36 37 19
68 69 9
26 72 -7
5 49 -13
38 83 1
50 57 -17
42 53 -8
15 99 -17
61 66 14
21 30 17
7 95 -12
27 73 -7
39 47 -16
91 94 -3
2 16 18
75 86 -9
54 63 -7
0 92 -6
20 70 -10
12 66 -14
13 31 -19
53 67 -13
32 44 7
44 98 1
23 75 8
72 80 -9
64 76 11
43 53 -15
56 72 11
84 91 3
1 56 -11
87 96 -9
45 99 19
46 64 12
57 73 -9
17 37 12
76 86 -6
15 76 -7
26 85 -11
18 81 -14
19 46 -12
79 97 -12
50 70 -6
63 89 -8
42 66 -15
8 73 12
0 69 -5
52 79 -4
12 43 -16
4 39 1
23 52 11
75 99 12
1 33 -11
53 80 11
72 93 -1
45 76 16
56 85 2
3 79 -10
9 10 18
22 92 2
14 88 13
15 53 -18
26 62 5
59 96 -3
38 73 -1
42 43 -16
15 89 17
19 59 4
31 33 14
1 10 -11
33 79 2
52 92 12
13 21 4
24 30 15
16 26 -18
2 91 -7
22 69 17
1 46 16
34 80 19
57 63 -12
97 99 18
49 59 -3
89 95 -1
68 72 3
47 98 4
7 62 11
18 71 13
19 36 16
79 87 -15
71 83 -17
63 79 -11
82 92 17
29 86 5
48 99 -19
21 82 20
8 63 -13
41 60 10
60 73 18
52 69 7
4 29 4
44 65 12
10 72 4
41 96 -20
33 92 -9
34 57 19
74 93 -2
25 88 5
37 62 13
3 69 -8
7 39 -2
67 90 -16
26 52 6
59 86 16
78 99 11
8 40 -13
27 53 9
11 45 -14
6 79 5
30 58 9
4 6 -19
41 73 16
33 69 3
52 82 12
44 78 -10
37 39 -11
3 46 -11
15 20 -6
34 70 -15
13 96 -10
18 25 -6
37 75 2
3 82 15
55 92 -16
7 52 17
8 17 -18
27 30 18
0 13 -3
18 61 -10
19 26 12
59 99 -17
11 22 7
71 73 -20
41 50 -11
52 59 16
44 55 19
10 62 -12
33 82 3
34 47 12
85 92 -10
32 86 1
37 52 20
56 65 -14
2 94 6
43 95 -13
3 59 10
35 91 4
14 68 -11
15 33 19
1 98 -1
7 29 7
78 89 -1
70 85 16
89 98 -4
36 92 -17
9 75 -14
28 88 2
0 26 20
11 35 -6
6 69 -6
63 82 -2
21 85 -19
81 99 -8
41 63 13
33 59 4
73 95 8
52 72 -19
44 68 13
3 36 -6
22 49 17
66 92 9
13 86 4
32 99 7
24 95 16
36 69 -4
55 82 17
59 89 6
5 81 6
11 12 -19
17 92 -17
58 93 20
48 79 14
61 98 -8
21 62 11
6 82 -2
25 32 -16
44 45 18
10 52 -2
2 48 -10
3 13 -12
22 26 18
37 42 -20
32 76 19
51 89 8
4 94 -5
24 72 -4
36 46 -12
96 97 8
1 88 15
88 93 19
7 19 9
26 32 -4
70 75 8
36 82 -6
77 83 -7
9 65 12
47 91 16
21 39 -16
80 88 -9
40 52 -6
6 59 2
10 29 4
42 98 17
21 75 -11
81 89 -1
20 79 13
39 92 -20
31 88 18
51 66 -13
2 61 -2
24 85 -6
35 94 -13
76 95 14
9 42 10
55 72 11
5 71 15
6 36 10
17 82 19
58 83 17
9 78 6
50 79 14
69 92 -13
39 69 1
2 38 9
62 89 17
12 88 -6
51 79 14
24 62 -10
28 32 -19
1 78 -20
17 59 -8
15 98 8
61 65 18
21 29 -18
40 42 -11
50 92 -18
10 19 20
62 66 -18
39 82 -12
3 16 10
84 90 1
14 25 -18
87 95 -16
1 55 -19
4 97 18
45 98 1
24 75 11
65 76 2
16 71 13
76 85 5
68 81 11
28 45 -20
88 96 -7
46 99 6
58 73 -16
77 86 -11
69 82 7
42 65 10
61 78 -4
21 42 -5
80 91 18
19 81 4
39 59 9
31 55 12
10 32 18
20 82 -1
12 78 -7
32 56 9
4 74 15
23 87 -7
64 88 1
24 52 -10
43 65 10
1 68 9
5 38 -14
38 72 17
17 49 10
15 88 1
7 84 -16
26 97 12
27 62 13
18 93 -15
30 67 -3
42 78 -15
8 85 14
0 81 5
20 59 10
60 95 9
39 72 2
12 55 10
31 68 -13
32 33 -10
16 25 -20
1 45 -8
34 79 -20
13 56 19
53 92 3
45 88 7
46 53 16
5 15 -10
37 84 13
16 61 -8
17 26 -2
3 91 17
9 22 14
36 39 17
68 71 -17
49 58 -5
15 65 -12
5 51 -8
18 70 3
6 16 -10
38 85 -13
79 86 -19
58 63 17
49 94 13
90 95 11
42 55 -16
7 97 2
27 75 10
0 58 -15
11 67 -17
39 49 -12
12 32 8
31 45 -18
30 80 -2
83 92 12
41 95 7
1 22 -8
12 68 -15
32 46 -20
45 65 3
24 42 -15
64 78 -8
16 38 6
1 58 -7
34 92 14
46 66 -9
38 62 13
9 35 -1
26 87 -3
27 52 -1
19 48 4
30 57 -7
71 95 10
63 91 12
42 68 -19
8 75 6
52 81 -11
31 58 -5
23 54 -12
53 82 9
64 91 11
56 87 -13
22 94 2
14 90 -16
59 98 -9
30 34 -12
71 72 -9
27 65 -2
0 48 9
40 84 -14
20 26 16
4 18 -5
23 31 -20
75 78 5
1 12 6
60 98 10
33 81 2
53 59 3
13 23 -11
4 54 -11
45 55 -6
64 68 -16
16 28 11
3 58 15
34 82 -1
86 92 -5
37 87 -7
57 65 18
49 61 -11
15 68 -11
27 42 6
18 73 -3
19 38 -6
11 34 -2
30 47 16
90 98 14
29 88 20
0 61 9
41 62 2
40 97 18
33 58 20
52 71 -4
4 31 2
23 44 3
10 74 2
22 48 -20
74 95 7
66 91 11
37 64 11
3 71 20
15 45 7
55 81 -6
67 92 -12
18 50 6
59 88 3
9 87 -4
29 65 19
0 38 1
40 74 17
19 51 8
62 98 -2
41 75 -6
33 71 10
44 80 19
37 41 -10
51 88 14
3 48 10
22 61 -5
14 57 4
18 27 12
59 65 -7
47 90 -20
48 55 -17
7 54 -4
27 32 18
19 28 6
5 93 8
92 98 14
11 24 -17
30 37 7
71 75 -1
63 71 15
82 84 -13
40 87 7
60 65 7
33 48 -20
44 57 14
10 64 -4
14 34 5
34 49 5
25 80 -4
37 54 13
32 88 -15
55 71 -16
15 35 4
7 31 -10
26 44 7
18 40 1
59 78 -9
70 87 14
17 81 10
28 90 -4
29 55 1
10 41 -8
10 77 -19
51 78 -7
2 73 3
66 94 -10
