100 200 1
57 91 14
72 73 9
7 17 -13
67 68 5
34 65 -11
26 94 -18
30 55 2
7 35 8
47 71 -9
34 74 8
3 31 7
20 47 -5
65 79 -6
17 94 19
88 93 9
73 74 17
15 32 -19
2 32 -13
10 36 -18
81 87 -15
7 37 18
10 54 -13
46 50 -8
53 98 -14
20 95 2
43 60 5
14 88 -4
26 53 -13
3 88 13
52 81 20
69 97 -6
43 78 -8
5 94 -17
27 36 7
15 80 -14
25 82 17
7 21 -7
30 59 -4
29 36 -19
30 68 13
60 69 15
15 46 -18
14 26 -18
31 42 19
37 92 -14
3 90 17
13 58 8
60 87 -18
4 34 8
27 29 1
16 63 -18
4 43 14
26 73 4
10 31 19
30 52 -12
82 99 -20
11 57 2
69 74 19
30 70 -11
22 87 -19
20 35 7
75 78 -3
14 37 -16
3 37 -12
15 66 16
13 78 -14
35 78 13
53 59 -4
93 95 -3
26 75 -16
8 36 -15
62 71 11
30 36 5
5 46 -13
8 45 -10
29 77 20
3 58 -5
67 79 -18
52 60 8
6 38 3
11 68 -7
4 93 2
19 20 -12
79 80 1
30 38 -1
11 34 10
46 95 -7
3 5 9
56 75 -16
22 73 -9
33 67 -18
26 61 18
16 60 3
27 90 7
65 74 16
2 15 -15
45 50 -12
9 30 -15
16 78 -15
90 91 15
49 84 7
9 66 18
6 97 12
41 64 -18
43 70 3
80 89 -10
13 66 -7
39 48 -19
53 56 -1
0 84 18
29 65 17
44 96 -17
30 42 15
22 59 3
2 90 -4
1 91 2
0 93 -20
19 51 -20
5 52 10
34 61 -18
46 81 -5
26 29 7
31 89 20
44 53 -8
14 82 20
15 47 -5
18 98 -4
4 26 -8
75 77 -1
27 85 8
27 30 15
25 67 -14
2 10 -7
0 77 -10
25 76 -6
83 93 16
19 35 12
0 40 5
63 78 14
4 56 -9
24 34 2
49 97 3
23 87 -18
8 65 -7
8 19 20
10 16 5
19 83 -5
20 48 -20
43 86 -5
63 80 4
6 85 -16
6 94 19
55 78 7
43 58 1
62 93 -4
25 53 4
44 75 8
25 71 -4
30 85 -9
27 98 -19
74 85 4
9 29 7
45 58 12
39 72 -8
57 87 19
5 58 -13
79 93 -16
55 71 -16
1 36 -19
15 99 -8
6 96 1
53 92 15
28 72 -18
34 88 5
29 46 -1
5 24 -12
19 87 6
68 71 -11
23 48 -19
30 96 -4
76 93 -15
43 90 17
46 89 -9
38 85 4
64 67 1
47 60 13
16 36 12
70 71 8
37 77 14
17 74 13
31 91 -4
37 86 10
10 13 -6
29 48 7
17 28 11
39 58 16
12 41 3
19 89 5
32 74 9
29 75 16
