12 66 1
3 4 -20
4 9 -6
3 7 12
4 6 -1
3 10 4
5 7 4
5 10 16
8 9 13
0 2 -15
0 5 9
1 6 13
0 8 -18
9 11 -19
2 11 -1
1 9 -10
0 11 20
2 8 -1
1 3 -1
2 5 12
6 11 -6
7 10 -16
6 8 -14
4 5 1
3 9 -12
5 6 -4
4 8 -13
3 6 12
5 9 -6
4 11 11
8 11 -7
9 10 -18
0 1 -20
2 4 14
10 11 16
0 4 -1
0 10 2
2 7 19
1 5 -10
1 2 -6
1 11 -1
2 10 -18
1 8 20
7 9 -9
6 7 -1
6 10 -7
4 7 9
3 5 20
3 11 14
4 10 13
3 8 -20
5 11 16
5 8 18
0 7 -11
0 3 -12
8 10 -20
0 9 12
1 4 -11
0 6 15
2 3 -1
2 9 10
1 7 1
2 6 -17
1 10 -19
7 11 5
6 9 2
7 8 -5
