1000 2000 0
176 869
131 223
883 990
48 454
54 385
313 874
507 739
244 774
639 895
412 587
54 879
357 651
101 316
93 461
892 931
383 416
132 654
535 550
37 682
161 488
68 260
213 764
675 938
93 173
611 773
340 575
106 408
271 890
66 192
423 838
369 867
312 333
311 517
576 937
187 747
721 946
236 868
445 633
280 831
461 577
181 443
694 699
880 975
87 781
180 829
449 459
166 665
312 719
646 744
210 442
300 781
197 243
601 858
233 840
150 168
345 523
297 632
497 657
455 660
116 965
99 467
719 849
102 801
672 774
88 723
283 553
75 146
655 870
447 512
758 962
134 955
884 958
180 842
107 363
640 826
82 535
142 586
470 680
239 747
239 518
19 335
560 839
108 529
296 500
128 507
175 210
332 831
6 172
759 904
165 919
295 391
314 404
457 947
210 432
792 937
152 756
460 500
55 823
29 771
318 416
744 896
113 392
126 474
38 218
225 947
976 995
532 869
591 924
558 598
863 974
282 434
388 452
835 912
32 408
216 754
741 984
726 861
142 661
140 880
128 497
775 982
667 891
328 671
232 734
52 358
27 185
31 335
308 958
743 886
27 450
206 452
178 619
344 651
650 843
230 257
326 490
440 475
659 928
179 291
764 981
277 597
611 851
669 712
602 659
201 315
7 858
570 706
45 67
53 745
353 857
67 271
707 860
351 524
290 693
256 551
522 936
74 251
551 850
225 420
703 947
264 411
358 949
198 402
452 547
168 788
458 627
10 122
49 50
1 302
4 573
36 754
170 196
568 651
531 998
450 924
818 911
790 992
180 511
385 614
369 935
62 784
197 563
138 285
411 672
132 699
25 344
684 803
415 678
627 943
562 697
182 412
276 605
280 755
346 700
293 508
68 835
220 295
324 532
37 210
759 838
421 959
239 802
361 419
538 726
428 854
455 728
520 708
173 484
320 503
363 501
205 818
217 792
486 800
252 633
283 886
449 769
122 294
266 833
676 817
659 993
259 385
54 361
786 804
528 954
615 693
775 831
500 712
296 833
30 268
879 888
37 164
164 268
430 504
8 515
307 662
434 623
11 291
336 725
569 847
72 944
91 814
451 977
407 641
223 969
211 586
198 238
44 180
90 296
35 360
148 566
400 867
320 758
421 661
620 641
519 558
256 593
762 990
778 818
179 755
715 878
822 861
261 973
94 567
270 384
589 775
163 258
181 455
568 572
240 361
152 248
77 483
207 858
225 992
39 636
196 327
376 523
224 654
225 619
65 401
68 635
512 532
750 849
528 656
172 463
774 797
760 899
509 908
686 949
197 412
670 861
502 868
583 713
195 488
301 735
198 493
444 783
383 395
423 431
21 308
20 721
534 713
247 391
46 221
348 931
535 794
391 929
257 440
61 236
185 909
797 799
152 503
22 802
366 612
538 575
91 264
197 245
334 516
290 967
277 390
503 702
421 749
533 990
653 906
192 697
233 698
308 499
795 846
451 813
27 894
99 999
384 494
503 594
392 992
280 522
687 760
396 962
616 736
379 909
211 916
714 899
350 473
47 664
429 766
657 773
843 900
133 624
568 781
414 494
144 633
80 203
230 822
773 841
442 821
17 269
354 448
355 529
608 709
213 216
724 920
837 946
89 903
111 433
118 966
454 543
192 772
200 547
479 865
151 505
425 894
282 845
798 847
101 504
14 356
456 472
218 271
582 584
108 256
548 820
442 955
298 416
349 876
20 557
244 939
243 565
32 796
426 952
350 813
422 429
654 815
352 593
313 522
100 149
724 910
771 991
240 946
48 367
356 483
849 910
163 699
239 837
117 768
506 543
75 622
763 879
143 905
42 710
310 753
479 711
108 655
90 606
639 785
82 602
26 212
73 144
485 763
102 845
676 708
273 583
320 515
99 138
365 437
803 928
79 983
61 291
329 636
200 900
227 588
561 613
459 602
372 454
572 628
170 319
182 293
240 792
180 369
558 809
354 405
786 816
144 446
137 407
447 978
259 927
87 406
398 856
461 912
583 758
401 638
189 718
904 929
249 589
523 563
3 713
511 625
423 741
498 655
235 690
273 982
113 701
79 708
701 871
453 540
366 621
173 980
468 785
45 422
619 837
63 327
107 891
87 684
176 353
492 998
454 477
58 626
110 178
315 547
474 720
170 574
791 921
448 667
172 619
306 848
380 425
52 65
187 784
196 424
714 944
406 791
74 89
735 738
95 786
524 783
605 628
438 896
62 874
551 773
73 883
628 876
461 470
119 855
110 132
726 895
115 592
400 761
401 726
146 436
5 460
319 507
493 809
664 956
149 361
474 795
847 928
156 894
50 733
0 912
62 478
54 474
77 112
125 763
104 740
266 393
127 952
28 601
784 993
151 900
397 849
465 867
302 989
186 369
376 875
175 476
403 483
180 591
31 611
131 698
167 392
368 382
703 860
390 400
440 895
520 775
149 194
9 974
169 172
453 870
231 677
578 721
217 221
397 417
300 893
715 726
309 453
193 650
354 604
150 725
436 673
924 985
36 294
622 800
300 749
107 583
628 843
896 923
360 534
159 630
218 679
146 956
729 782
346 492
640 673
45 235
204 408
95 730
263 314
316 469
342 607
260 568
547 747
618 807
509 900
441 994
466 938
507 710
26 257
27 222
117 381
167 876
52 660
421 643
278 972
16 594
846 935
673 863
532 595
282 978
6 140
222 518
112 832
547 989
406 784
27 199
15 899
276 940
410 754
41 628
111 723
882 978
587 652
115 922
99 605
929 946
28 136
282 955
258 369
149 691
504 510
763 770
366 954
43 709
400 538
610 793
706 730
544 582
164 181
590 963
68 329
716 779
485 883
185 505
109 632
55 395
16 669
398 505
32 39
515 910
829 957
602 686
180 813
869 886
112 678
67 118
14 600
360 599
253 473
868 926
68 836
665 826
700 704
139 896
429 735
296 471
337 472
144 602
221 297
453 683
26 201
113 880
260 633
37 741
742 822
335 547
19 198
145 423
103 426
128 599
204 329
368 846
456 693
21 244
875 942
87 189
56 839
540 543
22 617
564 757
488 618
433 682
35 672
215 868
18 174
23 289
99 693
76 938
400 541
600 715
28 489
421 600
542 710
148 325
406 849
474 575
201 682
211 875
479 955
780 803
16 407
394 996
85 506
600 692
604 842
652 739
743 857
149 792
171 551
271 409
183 525
569 969
246 990
622 832
21 463
785 859
294 621
365 910
266 559
431 855
52 715
103 272
125 556
31 512
261 974
354 793
273 719
7 191
480 640
580 727
803 884
95 389
131 720
211 600
230 470
459 967
187 508
153 366
77 785
818 905
143 321
105 740
405 852
117 943
672 787
157 341
683 945
11 812
520 918
470 572
344 841
659 853
131 468
484 772
208 688
605 653
393 999
482 811
156 232
777 845
668 938
147 412
485 853
100 337
658 744
40 731
147 677
13 634
367 717
53 670
373 760
102 791
222 707
496 867
180 747
294 732
20 349
492 604
733 779
483 784
23 125
451 572
349 524
254 552
648 671
808 809
167 404
277 764
344 445
228 270
227 799
300 640
163 671
364 660
412 557
859 868
569 949
648 684
81 722
232 891
78 424
677 869
589 756
416 419
738 964
733 769
376 648
704 971
50 218
436 662
151 938
363 449
280 680
26 269
139 146
563 968
117 164
521 742
25 426
349 370
539 647
63 538
59 159
264 591
190 233
125 778
582 608
150 197
381 438
574 753
177 559
336 961
612 865
462 957
544 581
146 837
383 484
307 525
414 508
325 808
759 920
120 784
129 524
414 773
374 700
218 681
507 555
278 732
678 931
95 467
21 289
137 729
33 937
194 445
46 467
72 339
659 810
644 681
154 674
488 928
57 741
491 853
436 917
369 598
166 275
231 633
730 991
111 833
287 421
451 938
65 457
347 966
802 952
36 924
570 974
27 875
242 620
343 968
740 896
315 869
88 827
77 323
272 764
699 980
624 986
852 930
101 616
663 914
690 931
393 681
82 639
578 726
88 719
671 774
615 873
715 960
716 925
62 401
319 960
78 754
137 840
333 486
619 992
202 969
165 264
37 344
230 659
152 739
741 954
675 780
277 999
142 811
410 854
15 181
94 999
251 574
311 359
50 175
381 683
115 155
16 527
825 845
697 925
216 472
280 902
247 725
863 957
412 792
7 972
49 560
212 358
685 807
671 872
173 775
482 856
687 996
560 812
173 366
464 695
274 943
398 484
62 535
48 600
721 994
686 887
373 576
117 736
475 969
11 834
809 814
452 805
404 765
330 736
97 348
165 748
97 613
182 837
759 998
148 844
217 386
293 933
352 839
701 764
65 666
458 777
324 368
307 724
285 705
140 961
618 622
468 534
193 707
835 885
47 95
239 445
607 612
106 446
367 487
250 805
805 978
684 917
261 963
83 319
129 435
59 456
559 922
268 858
85 773
172 512
327 535
339 509
311 447
496 987
204 321
90 299
443 603
80 514
208 291
211 854
654 786
28 998
372 579
4 906
810 890
574 942
111 623
712 992
297 899
429 969
33 969
94 570
93 754
702 984
534 762
32 515
347 756
224 536
539 548
451 584
68 288
1 118
305 646
367 441
812 971
343 758
30 261
20 891
663 848
353 951
235 550
500 970
386 719
70 599
30 153
22 972
93 358
194 261
593 910
158 424
677 760
3 141
239 677
842 976
89 589
280 306
60 940
549 839
709 977
620 899
399 671
45 259
432 439
105 984
166 814
245 878
390 967
313 604
92 227
373 389
242 580
427 854
224 382
836 909
722 744
413 812
644 824
636 969
569 650
728 823
271 993
137 355
441 766
709 846
448 625
276 290
12 360
603 944
64 370
165 947
226 963
728 944
239 258
739 810
917 996
596 761
150 186
135 286
642 648
58 597
104 335
651 733
32 953
13 711
27 380
93 554
254 508
319 488
693 815
553 804
94 635
776 849
542 682
474 776
626 910
103 640
764 996
88 453
807 957
768 886
482 492
259 600
475 978
351 454
124 146
6 419
245 701
739 944
466 520
916 985
198 476
398 879
493 659
881 884
65 361
449 961
807 934
372 634
122 980
353 355
16 441
37 909
56 742
150 935
751 895
215 506
59 524
262 474
75 239
273 861
82 98
20 452
88 178
87 887
284 498
182 221
122 319
652 930
240 311
64 85
125 855
55 265
12 569
72 583
182 980
65 315
666 684
156 204
342 480
327 580
980 996
324 691
258 337
642 857
789 876
77 819
837 952
447 883
16 925
53 318
705 769
193 212
200 782
63 893
515 528
727 793
417 896
211 382
178 205
138 169
162 526
357 436
795 927
608 957
420 906
79 613
218 771
523 998
50 406
61 415
384 696
550 728
207 654
99 563
827 893
50 298
532 566
666 795
14 460
249 363
92 910
88 531
327 547
25 362
145 656
264 756
360 989
227 725
75 448
328 548
250 974
227 316
82 752
56 205
114 295
72 298
151 707
59 481
666 893
288 978
339 498
271 629
486 553
337 839
470 874
42 284
401 860
816 873
123 995
79 580
503 907
62 527
184 224
622 944
74 501
140 675
587 986
235 418
389 513
33 320
286 500
620 754
654 667
43 742
1 925
41 589
635 919
45 559
15 42
191 613
186 418
390 822
568 865
267 608
674 846
441 644
545 881
651 899
90 337
13 648
207 742
496 616
842 844
97 461
209 559
607 977
104 851
24 742
746 992
514 606
131 459
182 541
157 368
382 486
534 849
180 208
143 698
494 892
63 68
241 483
550 564
207 490
735 875
302 727
174 807
427 987
385 841
203 721
273 291
683 949
470 576
443 559
516 543
285 939
356 554
748 786
451 828
435 963
360 789
666 981
692 890
121 809
758 835
261 932
191 724
599 698
424 437
617 752
470 553
362 727
352 942
448 650
494 617
364 916
814 973
274 879
355 724
450 467
226 988
230 958
265 650
552 743
77 599
4 731
4 502
88 730
46 913
64 781
613 731
191 593
118 343
478 506
146 936
55 552
401 817
152 750
323 897
21 303
802 868
358 711
282 981
682 951
555 996
53 749
115 166
248 466
315 605
364 906
267 336
232 607
36 961
617 863
62 461
818 853
139 644
114 242
822 823
527 789
108 922
233 428
96 868
91 115
683 893
474 899
192 921
554 779
69 850
765 962
191 318
622 770
463 517
534 806
236 963
606 682
108 814
336 821
590 966
350 576
161 560
196 783
424 790
578 848
236 590
48 768
370 410
434 840
67 638
170 910
672 748
86 916
427 571
145 593
317 556
74 798
568 812
406 862
21 908
946 992
391 590
334 730
72 464
103 717
589 956
127 516
240 722
568 789
16 541
333 742
129 338
716 772
659 683
573 988
211 901
277 846
369 700
98 206
163 717
4 315
42 427
147 592
52 620
457 934
563 952
64 185
765 906
75 87
138 292
252 277
169 508
328 910
5 894
76 954
734 811
291 879
102 863
44 364
493 605
84 586
658 672
590 766
87 182
570 824
805 956
140 602
489 756
355 527
219 895
729 817
139 228
126 258
372 436
778 858
309 416
300 941
241 626
486 722
243 815
252 375
47 351
702 877
157 897
49 577
16 629
278 549
56 701
281 819
905 912
42 394
185 851
127 352
97 738
505 978
70 721
686 724
339 500
170 579
524 582
306 997
387 842
681 916
686 845
590 877
419 766
580 720
787 933
316 939
446 905
213 374
21 878
462 849
617 872
638 666
550 553
177 945
506 626
572 986
537 879
303 797
348 719
266 915
129 272
453 741
130 762
58 248
391 537
467 941
21 711
135 696
608 916
440 923
693 960
740 955
12 253
344 726
358 481
328 638
33 312
518 735
29 427
205 769
607 812
31 616
612 927
519 699
336 843
181 969
437 666
295 433
583 720
622 648
84 893
413 803
150 838
449 756
629 952
509 627
98 827
116 961
441 492
652 941
284 545
200 286
207 999
622 949
180 982
305 339
506 737
114 133
439 833
705 803
280 925
414 776
635 744
3 796
626 695
270 731
593 747
228 914
397 543
166 939
147 660
99 620
209 263
558 905
378 529
148 890
677 862
307 914
28 187
328 448
357 771
871 992
136 772
151 257
343 464
389 580
394 658
30 641
586 599
382 949
73 868
558 617
190 370
22 148
869 924
348 398
12 449
211 658
68 380
326 761
281 344
921 970
53 486
31 992
935 990
866 890
658 861
1 969
223 524
39 852
508 922
183 982
20 201
254 368
559 595
76 590
644 782
408 691
108 286
380 894
345 607
104 401
90 237
482 761
323 359
124 415
281 707
7 504
157 183
394 913
230 927
632 821
104 293
111 826
82 619
288 724
373 602
82 655
412 530
332 421
558 584
47 517
27 459
57 567
189 637
17 122
722 957
194 572
218 929
324 947
163 850
239 314
302 928
773 779
11 981
322 614
396 563
773 815
276 912
53 80
397 644
536 951
223 491
81 407
588 769
345 862
546 772
757 806
252 819
259 715
727 820
73 259
76 822
540 548
450 920
615 987
209 714
254 865
294 901
113 597
942 973
59 626
500 777
666 809
399 694
226 394
759 857
256 645
482 728
66 521
183 697
214 684
862 985
392 547
200 233
181 628
627 831
527 856
573 594
190 713
614 632
221 966
10 337
342 847
54 380
384 929
632 765
806 838
556 892
303 446
54 416
332 918
278 947
534 873
8 40
570 826
403 569
83 299
543 729
426 818
193 350
593 815
225 419
430 788
92 384
668 845
291 858
388 418
126 381
2 611
103 663
10 206
349 575
321 742
635 789
780 798
33 720
0 543
536 666
258 838
161 231
186 553
270 812
443 969
529 663
203 987
668 678
98 296
86 996
790 932
180 631
186 674
386 470
224 408
249 730
83 289
609 893
232 906
100 607
268 334
204 844
134 636
327 914
347 749
481 563
547 774
243 542
552 623
304 558
612 674
128 561
187 647
248 477
44 827
0 412
609 870
137 911
829 873
122 257
268 311
293 484
425 969
363 994
451 698
48 573
283 476
217 647
295 795
152 895
587 823
176 880
346 388
99 102
59 66
234 592
4 624
368 412
657 923
579 595
530 590
23 902
5 359
302 731
286 723
446 861
692 773
297 738
540 904
291 694
336 845
322 947
683 809
188 458
291 550
142 836
392 602
84 257
361 794
922 947
372 889
360 420
179 345
659 982
163 666
8 118
410 506
476 717
287 701
656 684
72 776
203 967
86 302
342 902
718 744
763 895
419 712
213 235
544 743
279 409
611 882
50 357
241 562
473 948
18 633
331 864
66 301
439 812
585 866
565 622
47 696
561 917
626 903
12 860
288 386
660 932
166 509
379 653
534 676
102 753
287 426
541 571
16 686
199 313
132 223
473 552
320 724
594 963
169 411
755 917
190 205
129 640
22 248
242 517
4 725
15 209
70 261
175 463
408 814
327 740
565 877
393 542
168 832
697 953
369 593
249 268
522 692
15 860
772 839
178 329
809 986
133 852
499 680
76 991
718 989
836 944
184 646
120 890
564 787
178 751
150 918
832 866
140 724
176 418
23 813
144 694
363 918
737 979
644 751
468 562
325 891
262 951
379 453
75 487
249 752
155 745
721 747
445 663
106 968
311 583
664 887
78 906
561 874
323 328
114 154
104 406
855 948
100 292
77 537
54 670
140 593
595 728
137 704
868 923
197 718
273 448
15 827
156 537
469 768
386 999
634 692
399 709
945 962
148 718
23 129
649 820
232 568
294 363
727 776
176 264
554 704
734 900
268 984
637 738
57 163
12 915
34 445
721 966
761 773
280 357
820 859
156 550
153 890
60 582
501 819
39 379
128 982
926 962
351 502
50 245
99 775
165 720
1 123
613 767
419 636
527 727
27 32
149 632
180 885
328 783
369 406
24 637
406 702
84 688
122 943
215 842
523 958
503 900
186 555
57 670
96 927
517 920
135 589
34 543
188 372
14 70
532 899
676 684
867 889
88 779
431 587
290 648
350 370
620 639
526 632
223 823
157 649
267 866
73 735
455 837
451 458
193 571
81 101
523 971
407 616
774 818
467 667
