1000 2000 0
152 246
142 727
127 827
261 827
19 656
174 450
104 471
406 921
279 588
551 638
230 323
420 712
113 677
385 870
118 755
13 330
612 918
76 529
302 841
576 852
375 682
373 901
385 726
257 955
530 821
650 657
30 763
606 816
412 456
210 321
251 359
648 812
628 983
426 885
814 881
194 233
677 732
650 778
64 797
689 706
137 638
216 931
193 273
622 652
284 922
439 945
440 495
231 650
11 89
124 295
36 182
802 884
150 204
199 554
99 238
42 607
264 683
19 623
756 773
108 143
294 333
217 724
102 657
257 680
48 686
248 302
239 482
612 764
4 881
95 474
715 856
147 255
60 107
402 890
811 829
669 745
370 943
30 200
567 999
380 993
357 860
248 953
670 682
396 479
102 261
328 573
85 437
171 855
207 283
564 966
101 381
808 917
331 843
446 830
661 718
57 231
410 727
34 742
756 992
20 578
130 975
555 593
46 78
245 287
59 771
72 853
626 918
491 693
52 911
48 532
80 564
541 959
30 972
561 788
536 615
166 524
167 489
282 964
164 563
371 484
803 815
536 700
380 983
347 806
227 246
254 349
181 773
123 948
714 864
651 924
133 998
529 818
192 904
400 524
168 955
573 595
740 772
325 759
399 479
222 517
809 988
656 895
616 822
373 835
132 480
14 79
153 274
436 891
41 856
81 434
126 176
188 911
148 838
227 753
319 836
28 135
286 659
6 525
522 527
122 327
95 310
547 965
308 454
201 328
686 894
299 634
3 721
307 983
264 496
811 894
53 349
70 518
438 685
615 955
25 861
1 652
599 723
579 894
677 908
214 652
347 773
76 947
779 955
297 952
493 598
309 926
225 783
13 375
176 518
140 824
267 407
271 935
17 610
703 937
620 939
790 825
403 416
14 46
671 761
449 648
475 786
783 902
294 365
112 474
403 946
296 820
678 885
402 572
500 735
599 857
759 995
134 385
314 315
373 779
573 804
326 555
142 883
372 442
178 311
227 432
351 913
58 660
587 595
35 527
710 931
161 343
658 920
646 766
537 630
116 457
345 954
501 713
148 180
319 407
38 394
58 372
469 989
311 552
551 650
576 972
273 934
407 785
413 456
148 939
211 321
107 758
149 346
223 295
138 373
322 539
146 313
230 721
329 843
458 728
597 923
281 766
314 534
160 476
741 787
740 971
344 562
456 803
628 995
594 853
338 784
259 640
926 954
77 254
462 819
215 304
44 422
71 296
877 954
343 346
666 999
73 979
435 837
431 458
751 814
580 932
310 842
546 939
109 938
411 894
350 735
575 853
274 596
722 872
140 287
152 490
27 904
804 946
286 871
256 848
685 882
244 465
304 516
175 631
543 798
221 747
191 575
544 613
359 833
513 891
79 519
511 930
259 486
518 597
201 890
481 678
889 918
787 870
0 756
342 785
194 212
298 678
438 838
219 534
656 688
252 976
99 325
878 880
308 993
264 541
924 996
657 881
95 620
564 690
101 285
126 836
782 912
386 912
471 498
427 720
178 510
45 246
618 782
429 995
395 853
367 382
397 670
488 937
153 309
379 392
585 726
303 482
636 691
816 887
41 253
195 985
44 258
88 859
344 519
463 885
85 524
116 777
225 455
806 995
241 808
662 721
386 637
126 332
179 195
509 973
470 636
74 407
480 537
2 9
299 790
490 995
852 939
772 830
32 940
559 951
48 884
129 729
536 967
811 906
689 917
156 188
620 817
11 215
477 917
366 412
307 851
301 548
351 814
681 689
196 611
133 591
145 565
577 976
55 900
150 680
161 509
513 848
452 981
192 762
545 800
243 578
15 720
415 919
34 590
575 679
715 802
63 733
232 425
173 784
174 340
224 457
825 975
496 656
474 488
113 217
499 661
73 144
697 911
155 628
242 596
225 952
112 895
555 827
248 261
115 900
787 804
218 238
139 619
103 702
28 379
203 231
481 733
271 780
3 700
412 490
121 692
482 963
623 673
662 930
372 948
604 696
320 937
146 492
853 991
243 653
109 610
796 902
152 571
77 806
87 936
95 531
595 997
140 453
189 983
560 896
525 789
685 927
368 991
482 976
29 213
681 813
698 982
477 488
144 953
554 937
628 657
171 827
18 319
709 731
0 271
475 909
1 644
221 913
184 208
650 681
65 665
260 346
941 973
52 317
753 773
384 418
214 873
502 782
71 861
10 994
58 891
506 752
493 819
24 520
394 431
463 976
365 404
214 909
28 490
70 78
298 988
907 952
130 623
437 694
66 867
46 809
181 588
58 374
187 784
90 177
57 674
413 458
154 872
637 840
73 618
389 595
88 109
329 989
578 790
204 549
341 963
398 414
324 730
217 375
759 807
88 639
60 540
124 970
881 949
86 449
261 301
553 738
804 994
153 475
701 838
68 925
424 938
175 908
296 789
138 352
73 860
330 522
548 744
486 769
46 125
443 844
77 341
388 499
661 886
493 701
51 468
275 478
56 928
606 843
37 277
46 740
71 684
38 507
498 900
393 555
159 388
468 994
523 664
370 571
320 979
400 859
312 746
838 941
186 526
4 486
262 372
573 642
349 934
129 751
204 287
176 454
147 161
130 832
611 790
304 639
135 681
196 548
490 729
818 860
94 500
0 493
111 589
248 823
153 442
64 742
184 960
508 904
9 25
132 504
726 754
115 451
460 720
772 986
458 530
110 341
602 840
327 455
123 576
48 811
552 573
194 865
269 630
44 103
17 415
722 841
108 124
161 279
261 366
162 918
59 942
223 519
489 904
351 561
274 686
753 949
11 83
389 938
171 221
63 624
128 753
517 714
232 990
329 514
663 768
642 745
52 385
735 793
486 497
209 863
369 815
468 974
163 338
400 659
244 820
340 379
49 581
194 819
166 757
262 316
322 367
361 587
177 766
77 828
93 278
194 855
32 39
77 419
442 777
111 677
0 172
644 911
37 90
822 954
477 919
484 815
103 449
496 789
300 814
392 588
292 321
490 565
287 880
479 592
799 911
183 450
414 957
676 877
307 336
116 625
450 650
67 769
138 155
702 871
176 941
796 914
542 589
471 974
69 814
537 919
42 797
101 846
112 138
23 289
349 459
181 466
508 632
145 171
317 363
759 973
650 837
65 821
20 261
180 250
4 24
421 950
288 686
92 631
660 823
351 662
451 749
845 868
33 581
212 732
501 606
874 931
411 941
927 943
670 872
181 744
749 936
796 868
10 862
374 501
444 974
58 530
152 308
113 991
42 522
564 747
416 583
130 900
22 692
449 616
132 451
4 531
312 647
151 284
738 755
573 687
337 825
462 856
117 184
435 573
440 688
447 584
720 971
279 362
759 819
290 520
257 343
543 557
732 981
585 819
255 764
215 691
201 564
256 463
595 832
74 343
392 918
270 892
299 461
376 910
537 598
483 627
616 662
33 427
493 677
474 843
241 312
352 408
644 845
568 972
582 641
608 779
235 417
341 664
467 660
155 165
251 627
91 409
294 997
231 303
576 832
10 829
244 767
243 622
666 725
818 859
506 623
279 581
48 977
259 523
424 819
185 308
659 722
317 464
461 966
457 587
929 991
429 525
10 541
478 646
529 877
72 781
386 828
422 522
81 866
710 925
633 970
35 606
380 381
310 545
767 906
326 526
420 453
11 779
914 961
50 627
369 981
356 782
109 304
777 812
117 128
314 407
239 642
532 895
697 968
156 235
0 482
148 380
214 325
397 563
736 895
182 229
29 810
138 308
64 93
134 454
688 860
296 781
208 897
225 986
41 411
447 770
125 490
151 362
142 808
9 544
166 936
510 746
82 793
859 979
194 216
225 469
590 710
172 542
760 978
251 463
410 599
166 913
107 827
762 938
262 472
949 993
438 963
666 970
432 803
302 922
201 727
121 618
135 516
323 981
505 729
704 938
222 291
487 711
397 903
665 717
94 636
261 633
127 669
624 721
788 909
153 398
286 433
284 738
352 378
279 394
557 896
682 927
307 492
422 479
380 482
434 947
242 368
190 586
436 727
253 871
273 620
67 372
533 696
226 545
15 999
7 357
669 705
472 542
363 635
402 477
9 668
570 964
378 385
271 408
134 519
520 963
298 770
404 788
738 813
211 393
919 974
356 860
192 645
337 883
224 448
75 734
872 898
375 766
161 248
225 943
529 680
595 625
123 666
546 769
116 627
10 874
412 625
257 751
139 875
817 939
971 997
529 801
120 453
89 874
613 880
666 806
271 771
572 619
199 373
61 668
403 697
19 936
423 611
59 371
529 634
162 203
344 997
29 842
313 372
439 597
111 237
268 629
683 957
702 827
143 863
712 871
152 274
102 682
684 809
465 505
159 844
260 481
346 670
273 420
486 564
475 900
342 556
184 873
334 552
507 852
318 873
150 880
440 533
572 609
549 705
121 444
748 951
98 689
730 902
209 413
194 513
561 715
9 733
217 533
426 527
54 655
82 308
270 279
296 417
141 543
539 669
453 894
397 850
399 514
116 342
159 569
660 671
371 568
318 562
333 950
295 429
982 987
321 487
2 850
118 387
397 562
197 271
157 235
260 327
553 958
631 914
221 750
520 668
366 988
58 643
298 475
61 877
80 890
641 814
374 699
26 510
280 692
653 788
304 640
19 916
249 704
176 491
162 556
415 736
407 732
749 761
127 714
736 907
175 382
218 981
185 804
138 729
22 926
5 199
583 850
667 700
427 602
533 849
38 89
582 741
42 239
117 153
199 860
235 517
123 950
89 808
199 451
68 785
626 933
325 676
112 303
22 409
505 908
305 325
169 693
4 68
543 791
235 409
43 962
826 850
215 925
6 177
4 104
517 738
221 596
634 765
499 720
310 933
237 949
258 514
324 688
464 848
169 814
636 694
84 892
488 567
666 982
380 625
249 959
3 409
465 583
691 746
219 936
138 719
637 811
114 770
98 237
783 865
466 929
301 453
385 446
262 870
579 726
230 658
30 892
470 639
648 676
286 818
226 315
71 112
958 987
109 404
643 832
748 885
385 796
313 548
156 744
231 658
363 814
657 995
106 743
34 495
84 990
378 384
145 182
280 901
482 770
360 744
90 920
662 737
231 779
24 157
29 501
73 687
162 536
71 763
37 621
214 317
445 595
599 653
30 316
298 396
11 74
93 930
663 903
58 829
177 780
377 954
105 532
672 759
615 862
107 312
264 933
418 848
581 991
14 120
414 585
114 207
199 431
214 968
263 681
503 662
879 949
843 883
162 405
64 736
371 744
292 600
109 515
656 913
736 985
41 380
8 432
235 474
190 997
594 672
547 826
584 744
906 944
391 578
624 929
440 879
34 606
275 403
237 785
184 630
231 625
84 463
891 900
12 703
8 324
33 497
284 753
659 779
416 872
770 875
85 772
119 685
672 834
509 956
617 818
575 672
121 322
39 432
733 849
381 806
125 966
261 481
446 792
44 483
82 366
125 822
285 694
102 838
475 791
340 746
7 457
466 971
175 944
182 574
520 978
81 262
497 851
309 391
385 609
114 969
81 792
511 605
8 808
528 694
161 263
109 976
149 783
577 815
249 870
439 622
219 353
549 753
352 962
668 710
364 707
416 983
93 887
221 255
162 843
287 874
71 841
298 883
713 982
566 783
497 949
20 121
355 865
63 199
203 322
320 907
306 972
272 867
97 978
968 979
55 981
357 645
143 456
750 756
214 745
200 847
368 431
328 358
432 824
275 877
769 891
14 427
60 314
290 776
656 690
105 587
303 831
724 860
280 295
395 770
2 201
162 568
387 686
33 45
356 698
23 525
640 722
244 493
195 866
329 717
330 682
895 948
330 538
256 323
334 508
892 915
906 999
901 920
126 249
131 593
79 174
302 969
796 983
12 758
675 693
312 641
546 957
186 385
124 410
546 548
60 654
447 542
791 989
260 306
478 794
190 885
295 938
139 690
165 828
789 921
88 236
398 770
584 897
46 913
147 550
353 920
91 920
347 846
280 298
323 897
511 539
83 278
383 655
319 899
88 478
432 925
200 310
426 473
487 977
533 864
166 253
309 976
583 950
576 682
155 509
327 615
187 312
878 983
784 976
442 538
713 772
590 701
191 583
290 854
431 564
298 300
37 116
221 840
181 538
228 241
693 915
450 699
688 985
62 65
214 836
242 526
125 615
1 54
410 747
248 685
327 978
166 652
380 761
774 880
359 638
125 471
297 992
225 558
3 774
906 956
87 853
87 624
238 268
850 875
191 272
455 876
48 372
408 535
661 715
113 209
295 774
604 855
904 967
522 822
583 652
341 481
551 965
590 956
523 866
402 756
229 276
506 813
105 884
105 655
197 472
645 748
745 835
61 548
148 207
209 977
164 560
830 915
548 671
216 872
691 836
112 671
760 972
658 695
392 545
395 550
117 871
443 892
348 883
872 889
88 435
307 473
448 561
479 814
226 405
54 787
537 755
241 613
276 491
186 826
154 236
218 629
336 392
319 797
293 430
117 210
588 878
132 598
251 555
659 758
485 493
813 816
476 673
428 596
338 968
249 365
893 961
390 569
496 736
342 449
685 788
223 577
271 919
314 960
629 972
291 339
237 368
495 892
178 956
741 804
220 315
405 855
8 136
370 897
147 968
73 381
594 641
392 921
294 349
430 655
229 256
302 618
62 228
136 177
360 559
203 612
231 594
542 981
50 110
361 560
226 601
111 385
33 960
524 703
102 565
53 938
199 992
348 477
221 522
421 547
52 335
142 903
699 820
257 853
137 379
564 861
101 456
23 128
301 487
214 253
56 570
290 477
90 977
287 588
574 681
332 739
97 607
350 644
771 966
103 278
493 958
356 723
150 475
355 844
423 484
489 844
77 225
225 914
346 795
626 849
296 794
645 682
460 673
78 836
561 804
207 721
722 758
34 915
263 509
493 971
258 659
336 987
178 550
215 288
264 967
465 993
79 549
48 970
52 266
126 215
275 869
130 222
31 508
159 514
117 697
699 787
248 851
510 628
147 804
330 517
453 996
828 873
368 400
125 493
359 431
270 502
40 534
382 563
19 511
488 581
64 253
414 488
412 707
537 967
772 870
525 584
68 488
154 448
319 335
337 389
331 983
774 915
148 373
431 841
195 979
484 853
18 114
127 695
744 892
43 207
414 874
82 135
112 572
236 867
620 713
417 799
122 621
343 971
71 283
9 537
47 792
656 793
188 279
190 877
157 291
514 974
155 367
592 893
115 819
558 751
95 761
177 385
770 899
185 654
266 728
673 737
50 466
270 469
53 620
540 967
452 854
607 877
146 290
53 885
154 379
25 265
355 405
576 638
166 245
445 563
222 405
751 755
457 537
513 963
807 915
88 182
262 334
650 708
829 939
294 515
592 883
739 902
3 488
437 600
224 981
434 940
9 10
143 876
50 685
726 968
358 572
126 149
743 908
187 690
74 633
238 921
226 767
63 740
256 789
597 939
421 713
100 398
721 745
113 188
90 613
329 895
638 976
192 252
551 679
605 799
355 624
174 612
30 683
38 315
299 764
245 793
887 934
409 752
131 362
381 653
193 602
268 632
141 677
164 660
170 591
207 658
688 702
612 972
205 405
292 473
282 917
572 756
429 707
156 283
789 870
143 987
673 923
231 727
552 633
108 364
394 870
517 532
228 429
568 614
257 721
685 790
299 309
302 872
99 809
460 937
515 607
524 692
817 945
497 675
774 983
842 858
420 491
537 747
956 996
937 982
389 625
567 631
131 329
61 530
214 772
104 986
667 834
527 594
217 225
378 587
510 892
669 799
387 821
406 834
116 852
467 521
43 602
120 822
309 758
110 283
447 579
171 644
383 823
482 685
102 135
173 195
552 600
273 956
368 556
120 305
667 703
92 472
478 687
410 781
356 810
55 998
51 619
81 498
69 344
77 119
437 511
121 391
720 979
138 480
231 442
590 869
568 967
589 761
134 446
299 842
316 486
500 832
34 279
74 315
116 986
240 347
249 841
8 635
417 654
489 679
460 917
137 901
268 301
533 721
591 991
40 968
479 521
80 366
353 790
460 773
532 612
225 461
731 858
264 452
395 643
843 919
903 933
161 296
320 469
325 584
545 816
358 581
11 882
273 802
227 506
381 564
706 806
226 318
498 740
559 607
153 822
480 988
147 662
407 738
532 998
848 975
500 786
284 524
461 974
594 829
385 835
409 640
829 997
341 505
126 351
399 775
940 950
142 561
289 494
664 786
75 242
465 985
43 847
244 837
220 251
525 707
186 258
212 396
72 236
238 305
147 675
169 434
514 963
357 979
551 881
493 531
597 997
883 945
422 736
302 554
104 426
700 829
550 921
710 730
689 707
386 898
15 88
632 810
0 719
710 766
75 255
254 635
147 243
659 949
256 824
119 181
206 823
456 589
75 111
561 642
368 742
62 815
665 699
169 303
841 961
163 754
338 606
123 946
229 964
321 522
76 605
520 847
151 226
155 611
695 884
314 369
401 523
131 662
13 298
31 166
589 839
46 969
146 269
324 684
137 449
236 571
124 924
347 444
308 452
522 561
328 430
454 506
267 271
164 407
210 639
135 874
485 615
490 693
39 677
37 604
680 710
438 539
450 513
827 994
236 669
598 676
655 658
222 770
92 926
70 758
373 679
196 754
553 646
599 613
176 925
356 626
82 323
795 933
642 840
142 145
346 698
80 133
108 906
128 884
213 928
290 802
355 868
146 874
159 584
438 902
36 513
451 612
650 821
541 914
191 652
654 791
506 627
78 366
492 500
458 736
582 802
91 979
0 303
275 916
184 240
129 682
654 683
254 304
135 612
83 422
664 733
34 566
57 958
148 322
136 168
235 290
827 876
405 738
68 558
202 787
248 754
389 879
95 432
736 837
241 486
202 378
155 977
282 523
153 638
370 901
261 994
71 196
172 507
44 587
114 157
874 928
747 973
647 657
286 349
240 382
603 959
256 735
123 471
79 959
443 598
687 958
753 903
304 668
407 760
96 230
70 846
434 634
35 888
112 583
306 448
678 994
444 827
351 636
142 462
26 430
23 770
179 380
666 876
