1000 2000 0
430 865
396 872
22 545
167 820
31 630
659 873
30 930
316 390
676 782
512 939
499 591
172 196
330 819
885 892
187 770
767 936
91 802
292 792
313 586
238 821
219 313
364 402
343 465
441 771
350 769
530 965
446 477
436 692
34 160
592 796
100 599
158 540
142 861
579 862
879 974
79 167
270 372
119 877
246 918
301 854
59 683
773 849
311 638
667 947
162 286
270 902
657 673
30 511
92 343
441 905
553 966
77 857
263 755
523 794
656 686
327 739
261 385
559 982
753 847
84 609
434 987
809 864
265 800
303 912
409 930
97 169
668 781
265 656
264 840
4 472
672 751
461 976
129 652
175 619
376 609
138 966
148 256
151 261
263 588
203 308
209 617
509 729
828 854
565 889
574 629
22 790
29 686
829 855
249 280
184 825
12 453
558 886
137 713
753 981
800 913
431 930
614 643
160 961
20 987
539 994
246 512
426 708
207 404
43 561
178 377
135 644
529 949
63 921
353 723
55 800
575 952
126 860
134 572
50 987
48 123
411 849
90 385
55 921
264 686
25 112
310 653
324 408
400 812
264 951
72 192
367 900
92 552
393 400
212 388
550 612
186 744
93 516
30 576
13 264
483 967
92 179
47 665
204 240
924 938
408 793
353 857
39 581
554 618
316 975
552 657
466 999
79 739
856 925
91 713
572 937
37 364
500 503
553 887
256 780
246 358
76 175
72 699
680 735
551 850
111 398
167 973
628 953
328 661
144 840
39 558
653 717
414 966
254 339
115 898
382 753
139 208
293 940
138 249
43 240
228 551
223 881
181 210
116 346
80 423
273 738
226 892
414 979
182 327
323 415
49 966
64 600
485 859
827 888
164 687
29 728
411 793
98 333
118 162
270 525
215 589
389 662
548 798
21 989
412 910
594 621
17 646
560 894
506 508
343 896
332 621
124 363
816 999
303 859
458 882
444 947
7 946
95 421
434 790
325 883
511 973
239 285
765 889
771 969
150 213
158 742
20 283
156 781
316 510
231 960
41 162
288 564
6 469
78 574
573 696
356 847
729 800
302 467
98 588
312 368
228 783
675 685
405 861
598 730
237 459
409 422
387 812
62 872
524 817
269 527
536 791
557 585
201 429
90 970
9 982
79 323
610 713
173 824
375 550
50 790
96 906
571 870
122 369
653 939
827 832
397 690
310 456
683 967
255 606
353 683
106 397
221 384
375 936
142 356
131 984
635 783
258 796
334 526
358 883
291 564
517 647
229 360
513 613
166 834
502 603
277 930
185 667
530 967
222 814
338 617
484 591
394 697
775 883
251 505
718 794
62 489
651 704
71 394
557 696
142 454
281 612
788 974
386 814
205 739
272 420
74 584
650 780
81 443
395 490
6 449
845 955
548 997
202 854
220 759
201 517
3 7
261 531
8 351
75 112
60 132
400 991
168 568
844 888
636 822
184 958
224 765
82 910
285 744
38 495
472 836
120 793
189 398
162 530
216 272
422 606
164 719
189 892
145 477
553 680
351 582
74 273
158 532
250 386
82 393
134 440
556 578
72 757
77 692
276 938
865 924
10 144
329 535
762 911
276 529
272 904
265 779
687 917
491 862
749 977
50 976
500 767
28 170
174 373
85 295
603 895
138 307
142 277
587 807
247 479
947 970
610 647
231 354
319 992
194 323
608 722
245 819
124 758
586 703
255 720
91 352
27 825
47 654
196 899
552 826
799 932
173 915
437 616
53 590
284 868
318 781
477 508
617 668
561 767
141 559
661 854
261 475
191 676
950 957
392 815
611 624
589 951
87 704
53 711
338 960
397 637
23 804
695 708
318 758
82 481
449 683
124 218
284 881
347 412
423 630
34 446
635 815
706 875
610 758
845 889
468 939
603 718
239 850
126 793
76 972
97 766
279 743
31 412
867 913
14 588
38 982
434 802
813 978
651 916
288 864
430 768
657 959
375 981
664 855
370 408
450 782
758 898
548 679
89 510
658 896
745 964
88 551
381 767
183 294
796 866
85 625
539 832
210 656
83 701
233 380
64 422
43 399
439 485
185 977
775 928
205 663
130 898
252 658
210 741
485 717
101 605
381 888
388 784
353 826
63 844
765 999
204 474
187 650
148 313
273 573
508 741
907 975
332 515
64 435
30 293
303 308
114 521
735 905
448 546
193 585
30 558
527 610
417 595
217 506
471 651
638 828
222 355
64 821
276 332
399 811
28 755
731 992
94 700
286 870
555 915
364 789
713 714
597 768
174 585
548 875
244 909
447 680
438 860
646 660
212 288
783 894
682 991
97 975
332 878
556 888
685 773
384 781
18 129
561 822
922 950
606 830
893 923
257 825
572 837
245 442
330 666
109 289
235 428
620 764
615 914
343 492
416 970
420 860
259 763
303 949
247 380
78 193
288 906
535 783
240 340
106 111
110 639
718 904
231 291
300 507
196 944
133 250
58 485
379 391
188 860
823 962
318 826
583 980
134 596
501 947
342 365
389 971
116 318
195 611
381 701
213 745
506 961
507 697
185 646
85 330
354 375
413 690
78 965
675 775
500 694
412 810
99 350
130 603
151 360
783 982
261 906
242 664
463 632
513 978
641 669
221 461
116 933
10 686
519 792
523 762
127 533
408 552
39 569
119 449
686 905
141 208
584 894
439 576
0 614
756 777
495 556
465 942
780 954
584 750
355 927
201 640
574 885
327 599
196 790
191 446
177 511
209 500
199 944
9 146
132 625
305 553
283 943
23 309
60 785
240 981
655 851
325 796
34 95
135 815
430 849
144 455
349 744
189 871
417 506
434 824
341 367
86 406
580 649
360 380
5 152
677 847
351 417
32 929
540 841
245 664
86 756
428 901
340 788
616 692
45 611
286 408
772 976
732 903
94 732
825 951
877 998
276 629
151 857
68 185
186 735
471 575
134 661
107 707
436 617
901 982
306 507
237 673
777 803
267 781
46 733
453 971
634 983
35 803
192 378
289 719
123 278
381 802
363 754
116 239
489 750
100 560
260 512
402 861
216 591
122 547
383 439
159 731
359 756
489 642
535 609
264 932
393 525
299 481
806 843
851 994
2 230
169 227
518 906
150 888
351 649
472 530
487 918
715 925
28 898
40 872
46 952
634 973
286 784
254 572
179 249
83 690
522 917
135 471
461 492
199 492
216 581
238 340
869 997
207 761
725 952
194 678
13 752
16 528
384 695
523 853
89 103
98 975
308 556
437 441
265 823
187 266
48 71
28 767
566 671
573 975
25 469
125 556
177 566
317 991
540 654
706 723
404 501
150 505
25 999
300 938
115 892
52 198
49 538
316 802
198 926
77 111
675 820
247 559
258 797
233 624
124 717
221 241
602 872
910 988
15 172
31 525
559 910
303 575
684 761
260 613
786 808
398 583
824 920
169 580
660 934
679 947
644 989
169 616
135 474
642 656
89 852
373 760
22 682
66 725
632 727
110 651
291 434
736 964
24 90
133 900
268 450
229 495
38 110
444 532
648 707
319 388
25 930
34 670
910 978
428 560
721 962
47 868
42 610
23 102
675 931
301 461
539 778
848 859
189 399
139 807
38 761
339 752
727 834
56 400
711 889
857 943
36 162
302 461
634 642
394 544
441 512
293 348
295 803
7 665
304 363
507 951
525 856
124 661
358 599
14 789
424 544
260 930
169 174
680 915
527 785
26 125
166 285
206 995
108 280
300 630
519 817
238 804
121 893
292 366
383 484
456 617
272 653
392 489
448 878
70 963
45 790
285 362
117 406
203 409
177 271
322 775
69 329
19 737
72 892
232 472
563 837
296 493
221 728
65 889
48 391
374 412
413 669
267 960
215 275
793 926
213 351
185 252
285 339
477 689
73 685
64 865
572 963
266 591
526 667
54 708
502 718
1 436
56 897
306 663
644 658
255 554
278 866
739 932
362 945
16 308
165 516
430 936
325 654
36 142
153 398
218 298
73 554
99 692
365 991
568 762
160 293
171 308
193 884
297 304
51 800
386 641
621 773
433 573
38 309
810 825
586 671
94 734
229 550
652 653
388 952
590 821
363 370
908 987
185 363
812 870
738 921
657 996
268 626
304 320
56 972
326 604
336 797
132 738
333 728
407 677
532 708
191 415
58 529
292 732
467 584
537 908
740 742
920 938
463 879
47 635
275 679
89 223
407 569
8 829
208 854
509 702
26 468
522 641
7 46
210 405
23 399
351 530
276 765
250 298
143 235
56 841
486 574
242 888
295 485
266 836
154 366
472 941
364 813
325 513
13 18
289 819
22 475
222 500
374 634
101 210
234 331
134 918
885 966
772 909
468 763
636 639
379 834
424 985
850 864
241 491
160 237
702 706
225 632
257 764
404 634
41 731
161 647
729 839
480 629
841 900
55 894
423 732
611 703
418 574
320 496
304 817
584 722
549 993
113 319
116 882
291 734
23 654
418 695
557 853
234 465
506 658
219 714
800 876
175 644
635 894
625 880
431 749
350 532
80 671
89 311
298 750
853 972
263 878
472 643
168 640
335 408
376 791
113 417
261 315
316 925
13 70
65 934
581 936
82 694
22 154
30 503
567 628
115 727
28 579
435 817
589 912
782 961
304 928
885 910
364 384
328 876
628 988
431 968
740 820
474 557
370 994
733 817
665 762
925 987
446 989
39 485
213 229
697 836
488 842
370 441
722 780
762 816
287 443
275 963
206 454
551 754
27 897
197 405
350 355
354 883
202 340
337 830
35 608
609 880
44 922
388 732
38 390
242 534
210 990
422 501
222 964
451 793
8 632
148 526
239 873
508 918
453 753
28 955
313 450
248 958
12 193
17 308
470 927
373 585
35 706
160 737
212 259
349 493
747 948
654 720
840 847
69 475
487 988
15 504
71 930
332 934
284 894
492 694
81 943
491 698
528 616
634 863
81 979
546 899
222 689
330 637
784 807
420 939
633 903
151 750
4 588
198 453
505 610
62 449
495 825
297 352
18 751
701 930
153 158
679 762
420 422
116 276
503 685
419 951
134 181
105 532
213 739
453 949
413 913
707 865
307 602
774 891
587 656
551 819
47 791
259 302
21 510
125 747
534 915
362 394
65 207
260 791
322 623
446 658
212 491
616 840
463 747
42 196
38 46
151 740
43 389
517 574
407 702
233 406
123 125
646 840
183 670
117 761
780 925
21 873
66 795
312 527
553 653
346 440
98 338
363 758
223 369
489 754
385 776
399 860
165 364
171 444
154 620
224 944
1 32
67 243
266 681
26 61
290 665
318 355
42 536
836 954
177 989
161 227
34 946
590 898
831 961
261 988
76 268
135 354
469 608
176 657
67 979
68 300
316 551
776 881
642 801
195 261
374 492
97 592
139 180
75 461
417 984
278 789
102 563
422 919
452 941
210 361
563 665
450 608
348 740
875 900
96 790
516 818
483 641
20 651
185 718
601 633
808 846
49 794
264 373
247 815
119 629
261 304
579 879
344 747
28 627
242 556
470 563
285 926
11 394
276 325
607 833
51 615
652 841
176 503
148 404
371 678
530 851
81 759
44 54
70 192
221 919
89 205
497 939
208 427
294 579
847 908
10 591
500 684
388 888
368 830
387 663
377 878
162 581
715 873
284 952
217 224
19 617
481 562
499 696
431 561
392 490
243 361
122 629
55 984
663 840
141 764
421 898
86 828
80 339
406 918
203 855
500 553
604 790
105 289
324 327
588 931
113 409
561 648
725 936
402 920
464 752
263 582
35 983
289 899
677 981
62 448
314 663
199 453
457 977
273 402
151 376
612 771
84 243
110 115
340 657
265 892
737 887
490 601
321 829
640 954
86 288
598 957
119 959
274 604
264 294
221 598
506 581
564 937
709 946
46 602
130 861
835 942
219 938
708 837
474 490
573 612
220 875
136 387
153 556
254 379
323 887
584 779
44 240
60 922
337 642
154 786
890 971
522 953
266 847
410 891
558 726
168 720
55 663
230 552
181 659
352 886
170 766
237 676
488 932
310 925
100 298
507 536
59 117
136 629
397 521
92 968
13 415
466 620
208 999
745 858
82 136
342 361
806 990
80 849
242 359
418 621
484 795
377 403
251 709
593 738
15 581
194 812
11 956
176 306
346 946
97 879
144 173
467 863
181 240
268 882
255 571
771 865
11 439
559 802
373 446
639 682
164 272
130 167
159 868
20 673
498 971
805 979
112 118
401 895
456 565
339 654
941 988
76 689
211 505
330 871
357 559
80 659
155 610
426 924
50 673
111 948
499 764
110 723
231 604
511 738
671 876
327 837
877 981
455 614
611 861
531 609
533 798
694 715
147 582
487 767
661 803
432 980
343 759
824 946
128 605
148 583
359 883
63 970
111 781
47 122
346 684
735 874
173 347
137 281
410 439
361 812
598 904
319 931
797 970
234 335
405 482
217 282
1 541
615 929
151 974
669 820
37 809
848 908
172 359
505 834
146 981
638 689
473 881
77 127
78 617
626 980
524 703
269 413
124 998
767 955
501 576
238 611
485 568
584 690
362 497
247 696
13 614
466 819
296 673
470 709
188 731
129 416
227 573
293 518
419 743
370 887
94 803
194 661
386 831
387 567
250 678
306 313
783 912
600 796
184 589
94 924
411 780
250 534
51 208
817 910
917 997
92 362
9 184
447 675
186 554
726 913
593 649
330 684
444 669
169 995
76 767
534 599
98 297
48 296
129 141
486 787
149 873
419 468
329 840
80 773
702 942
185 795
156 997
420 698
148 239
238 807
218 563
571 867
580 952
203 965
3 531
625 694
29 669
28 295
355 461
316 353
23 625
314 917
174 943
641 903
209 263
328 592
349 386
821 870
636 708
499 819
26 141
431 684
518 689
532 852
273 512
204 678
251 381
104 182
815 831
13 823
107 601
109 382
556 693
18 523
466 799
540 748
396 475
453 600
886 976
376 762
182 631
676 794
12 714
74 280
406 524
577 751
47 671
274 570
99 489
70 691
298 698
112 428
94 639
308 748
273 790
127 407
112 693
236 988
130 598
246 364
299 519
110 503
641 893
144 761
262 753
176 570
82 377
3 4
407 582
741 836
24 701
855 858
553 556
349 906
2 533
335 971
477 826
716 928
876 917
822 946
331 708
170 382
57 325
643 980
130 166
50 731
46 352
260 275
290 712
462 675
60 744
608 958
499 822
285 862
138 700
284 754
37 468
656 662
275 525
162 913
564 664
369 568
916 966
162 504
205 582
646 733
57 338
386 922
184 644
450 943
71 358
304 709
137 303
102 345
828 974
68 697
839 989
526 529
488 911
489 876
20 577
554 856
434 711
455 505
580 765
410 991
273 348
457 923
54 426
146 509
748 843
448 465
832 985
315 466
162 373
69 145
500 777
545 928
354 543
281 818
810 939
240 557
607 759
431 762
596 866
21 635
783 921
73 645
529 696
256 272
803 935
189 447
508 987
218 919
153 381
346 696
0 59
408 936
307 704
841 903
699 819
317 525
448 828
292 846
203 997
79 473
5 258
67 764
334 699
345 708
322 990
550 997
467 819
53 456
369 921
405 615
572 612
474 714
665 690
297 300
153 515
19 435
4 392
378 453
169 608
228 694
201 677
221 655
278 780
92 361
273 436
652 878
12 23
578 663
336 492
213 916
127 498
243 264
155 566
12 517
25 78
685 911
305 361
0 808
102 410
595 608
169 765
503 610
31 651
238 721
443 861
160 652
121 581
630 687
312 786
124 964
373 765
305 747
261 295
523 969
631 688
309 637
587 990
548 653
433 523
199 356
417 844
496 728
368 808
646 932
185 686
99 125
208 935
193 281
785 867
609 870
276 581
474 825
447 808
699 943
477 979
2 457
101 579
115 334
91 126
359 960
389 723
662 881
881 956
941 970
78 452
570 914
197 552
632 709
432 455
11 398
651 844
22 556
777 840
636 864
57 779
805 938
173 990
111 112
336 459
81 498
363 827
305 328
385 845
785 821
674 984
641 807
497 799
264 560
531 532
553 699
18 126
66 697
325 957
360 420
125 374
203 702
307 759
568 571
444 913
732 822
381 973
84 378
165 940
185 918
575 695
45 386
200 409
160 452
452 480
281 598
763 787
159 529
18 898
362 708
79 914
196 267
199 830
553 833
337 800
402 780
19 899
604 735
175 329
284 910
459 762
792 971
20 720
400 712
653 892
220 336
652 933
341 891
476 707
184 944
427 814
300 481
307 340
286 317
402 757
10 153
188 425
180 421
35 820
130 600
269 758
385 524
56 385
461 928
856 969
195 320
712 955
565 756
387 490
24 438
878 987
43 680
106 736
349 643
232 961
89 274
133 875
340 530
161 299
421 604
137 207
437 468
201 228
74 910
229 555
737 845
395 587
11 332
85 281
860 952
718 868
138 293
66 942
288 726
147 750
346 996
741 851
640 948
404 937
419 800
360 485
193 637
893 985
232 336
672 837
84 178
197 198
161 806
513 965
661 863
10 902
112 541
646 820
859 964
860 929
692 707
755 763
199 545
250 856
35 931
707 835
308 946
673 958
225 310
391 571
657 870
649 866
12 431
379 453
269 581
510 564
301 570
206 561
100 400
613 656
798 967
55 657
336 756
8 811
431 499
432 464
437 579
7 208
66 788
319 968
439 890
498 939
525 664
367 901
641 875
360 596
646 810
550 842
34 697
496 871
622 718
196 201
454 725
180 751
30 577
600 699
128 969
22 722
661 974
614 899
467 700
144 684
223 977
37 558
299 478
478 709
151 314
724 850
168 632
631 808
273 834
180 234
251 523
129 188
24 660
65 661
232 280
154 626
797 961
108 330
63 853
261 343
105 590
305 386
241 859
226 736
191 629
85 382
181 319
553 636
30 37
295 686
351 358
797 853
461 489
263 919
337 868
220 283
43 241
68 414
75 310
213 918
483 513
16 224
94 552
140 668
554 802
52 555
236 901
194 904
711 785
97 742
17 490
216 699
408 869
37 813
4 636
461 466
120 173
378 468
666 755
723 917
8 526
134 373
197 541
104 350
95 530
61 388
433 934
448 797
32 739
760 920
411 915
86 301
