100 200 0
57 91
26 85
72 82
6 91
52 58
16 38
71 93
5 10
70 82
48 54
39 51
11 69
91 98
5 92
20 56
75 90
31 65
7 65
6 75
8 39
47 55
4 66
0 44
71 95
19 57
0 53
19 66
46 50
5 12
40 98
36 82
23 36
51 82
0 80
15 62
9 92
24 74
38 73
7 12
13 28
26 80
44 95
25 27
10 38
53 73
36 57
10 93
73 85
27 63
48 95
30 59
2 52
34 87
23 29
20 97
80 81
21 96
14 90
46 70
52 92
71 72
1 28
73 78
31 72
45 89
19 70
15 48
41 67
12 40
16 56
50 88
16 65
2 20
13 87
33 99
30 45
36 61
19 45
42 56
30 54
4 11
52 60
15 41
58 85
40 58
61 90
25 70
10 81
13 80
18 73
85 93
16 21
11 34
64 79
0 43
73 91
20 85
4 13
24 46
78 81
1 53
18 57
53 54
11 36
28 52
39 82
35 39
41 55
52 55
43 61
44 60
18 41
49 56
3 89
21 40
26 63
17 27
22 50
10 94
0 93
82 89
84 92
44 53
7 43
65 69
28 84
17 29
61 96
5 27
1 20
16 73
10 87
45 54
76 87
12 51
56 63
14 66
50 53
24 98
61 62
67 78
23 87
67 87
34 38
1 13
11 15
10 25
37 98
20 57
46 85
0 42
15 88
26 33
23 80
12 80
4 12
69 77
52 70
26 51
56 86
0 8
0 17
46 69
20 50
83 88
93 98
65 82
62 65
74 94
38 74
24 38
27 55
7 86
44 50
72 96
36 76
46 53
31 34
34 42
91 94
45 51
30 96
38 76
31 70
26 83
7 79
16 36
78 84
8 62
25 57
42 73
23 32
0 12
45 99
48 61
30 89
0 21
23 50
11 94
15 76
