100 200 0
10 43
25 96
1 49
54 86
18 99
64 96
3 77
29 41
30 73
11 69
15 60
61 91
24 72
49 71
7 65
16 22
50 63
10 54
3 24
74 75
66 80
60 94
16 79
39 74
35 37
18 85
59 68
11 46
22 76
16 42
64 91
31 33
51 66
14 81
54 99
31 97
78 93
3 35
6 52
12 47
36 41
35 85
36 50
62 69
13 85
24 94
88 97
53 75
1 37
5 53
82 99
3 10
48 51
12 86
51 77
87 98
24 60
7 53
49 68
25 68
43 82
75 96
33 90
30 36
55 65
20 65
53 77
17 57
30 54
84 86
46 47
4 11
2 56
5 73
84 95
6 47
3 94
27 79
16 67
8 29
93 97
16 76
30 93
48 74
34 57
1 32
2 77
1 87
34 66
10 44
8 47
31 76
29 97
40 42
69 78
12 90
21 38
15 52
58 87
32 68
13 55
14 32
41 80
52 80
80 87
7 57
27 90
66 70
30 31
48 67
2 79
33 94
30 40
11 45
5 59
60 68
32 61
86 96
3 25
10 67
39 48
10 76
17 36
28 36
65 85
11 29
9 96
63 76
0 38
19 51
2 99
54 82
12 76
21 24
29 92
55 74
34 91
52 84
1 11
19 81
62 70
66 86
46 83
37 68
11 49
18 27
33 46
18 91
7 36
59 83
35 61
10 71
59 92
0 79
12 44
17 95
39 79
31 75
4 58
6 21
46 94
26 88
41 52
52 61
43 58
27 71
10 64
16 59
56 95
70 94
5 31
0 26
31 59
46 78
4 60
67 73
59 69
78 82
25 46
2 44
22 86
44 68
61 84
1 63
17 26
45 51
19 96
37 47
49 76
57 89
55 64
58 63
62 79
15 37
26 37
21 87
70 71
61 77
20 45
50 98
