100 2475 0
16 93
55 84
28 67
5 83
6 48
58 95
50 91
41 42
73 74
33 38
25 34
39 81
10 54
2 50
54 97
66 71
13 65
4 96
16 70
35 83
36 48
15 25
1 90
88 95
47 57
59 68
46 98
77 85
69 81
48 58
80 90
5 96
6 61
10 31
2 27
62 78
81 91
73 87
25 47
20 81
39 94
12 77
31 90
51 68
43 64
3 28
14 37
1 67
66 84
13 78
32 91
24 87
65 88
16 83
36 61
9 44
76 97
68 93
28 57
47 70
6 38
50 81
42 77
8 84
27 97
11 89
39 71
10 44
2 40
62 91
54 87
12 90
13 55
23 99
16 60
17 25
35 73
36 38
28 34
5 50
6 15
46 88
38 84
57 97
58 62
17 61
49 93
50 58
29 35
61 67
40 44
27 74
6 51
39 48
58 98
30 79
10 21
42 90
54 64
0 93
13 32
32 45
4 63
23 76
84 92
43 54
1 57
87 97
13 68
4 99
5 27
65 78
16 73
76 87
36 51
26 86
42 67
8 74
19 83
39 61
12 44
11 79
12 80
53 81
13 45
23 89
24 54
64 90
1 70
65 91
9 47
15 90
27 64
11 56
31 34
8 87
11 92
13 22
31 70
32 35
4 53
23 66
16 27
35 40
1 47
53 94
45 90
37 86
38 51
57 64
17 28
76 77
49 60
68 73
15 67
26 76
27 41
6 18
79 88
58 65
90 97
82 93
61 70
27 77
19 73
60 74
20 38
39 51
4 30
23 43
41 97
1 24
34 58
4 66
64 80
24 44
22 83
14 79
34 94
26 53
5 30
57 77
49 73
15 80
8 41
26 89
30 59
63 93
0 73
60 87
52 83
12 47
44 79
16 17
22 60
34 71
45 80
5 7
37 76
38 41
3 83
9 14
22 96
14 92
7 53
26 66
27 31
50 51
29 77
8 54
0 50
40 86
60 64
20 28
52 60
4 20
23 33
41 87
34 48
93 97
44 92
45 57
64 70
56 66
22 73
14 69
15 34
67 81
18 39
59 77
78 90
70 86
89 99
49 63
15 70
0 27
18 75
71 87
82 96
29 90
21 86
40 99
41 64
33 60
12 37
25 56
52 73
10 76
2 72
14 46
74 97
25 92
66 93
45 70
37 66
0 4
17 93
9 89
29 67
8 44
0 40
6 83
12 14
44 46
21 99
41 77
54 96
1 4
37 43
22 63
14 59
15 24
67 71
70 76
36 83
55 96
28 79
47 92
0 17
19 30
11 26
63 73
29 80
81 90
41 54
60 67
33 50
52 63
25 46
39 93
2 62
34 51
66 83
24 86
43 99
16 82
15 37
55 73
26 46
59 80
70 89
36 96
77 97
9 79
28 92
69 93
21 53
40 66
6 73
2 39
62 90
73 99
33 63
51 80
23 98
2 75
43 76
35 72
1 79
16 95
17 60
55 86
28 69
29 34
40 43
5 85
11 16
6 50
9 92
29 70
42 89
21 66
41 44
33 40
25 36
44 49
31 79
10 56
51 57
2 52
66 73
85 86
13 67
4 98
51 93
24 76
43 89
16 72
35 85
28 46
1 92
88 97
58 74
9 69
69 83
21 43
27 86
6 63
2 29
81 93
20 83
12 79
23 88
51 70
1 69
24 89
16 85
57 86
17 50
36 63
9 46
68 95
26 98
5 75
58 87
50 83
42 79
2 6
27 99
19 95
20 60
25 26
54 89
14 16
20 96
13 57
4 88
56 98
17 27
35 75
36 40
16 62
28 36
46 90
6 17
5 52
58 64
49 95
50 60
29 37
69 73
21 33
7 98
27 76
19 72
50 96
91 97
83 93
2 19
8 99
54 66
0 95
12 69
23 78
24 43
84 94
35 52
87 99
37 98
65 80
17 40
57 76
68 85
28 49
26 88
6 30
58 77
69 86
8 76
27 89
0 72
20 50
39 63
12 46
11 81
31 59
4 42
23 55
1 36
53 83
72 96
4 78
56 88
9 13
22 95
14 91
5 42
6 7
15 92
21 23
7 88
8 53
18 97
19 62
20 27
11 58
30 71
31 36
23 32
0 85
11 94
13 24
53 60
4 55
23 68
64 69
43 46
1 49
34 83
53 96
5 19
57 66
26 78
18 74
30 48
90 99
50 63
82 95
0 62
19 75
20 40
60 76
11 71
12 36
39 53
4 32
23 45
83 96
75 92
41 99
1 26
33 95
53 73
13 37
64 82
37 65
56 78
3 72
26 55
67 93
5 32
18 51
38 66
70 98
49 75
15 82
7 78
26 91
0 39
18 87
11 48
63 95
21 98
41 76
33 72
52 85
25 68
44 81
45 46
10 88
22 62
14 58
34 73
5 9
46 47
37 78
78 79
3 85
22 98
55 95
7 55
26 68
18 64
79 80
71 76
30 38
82 85
29 79
48 92
0 52
60 66
20 30
6 95
31 39
4 22
23 35
10 65
75 82
74 86
34 50
25 81
93 99
44 94
45 59
85 95
64 72
3 62
15 36
7 32
26 45
67 83
86 96
59 79
18 41
7 68
27 46
0 29
19 42
6 72
30 51
71 89
63 85
29 92
21 88
41 66
33 62
52 75
4 35
44 71
10 78
2 74
3 39
22 52
34 63
74 99
37 68
24 98
7 45
8 10
26 58
67 96
0 6
18 54
59 92
17 95
21 65
40 78
0 42
44 48
22 29
33 75
66 72
45 49
32 79
37 45
56 58
3 52
35 84
55 62
59 69
70 78
36 85
28 81
29 46
47 94
48 59
21 78
41 56
73 88
39 95
31 91
10 68
51 69
2 64
3 29
74 89
66 85
85 98
24 88
16 84
35 97
15 39
28 58
7 35
18 44
5 74
69 95
21 55
40 68
10 45
2 41
3 6
14 15
20 95
12 91
32 69
51 82
24 65
3 42
35 74
14 51
15 16
1 81
7 12
16 97
29 36
47 84
48 49
21 32
0 9
80 81
5 87
6 52
50 95
10 22
21 68
62 69
81 82
33 42
73 78
0 94
39 85
10 58
51 59
43 55
14 28
87 98
66 75
13 69
24 78
16 74
35 87
36 52
55 65
88 99
47 61
5 64
17 75
69 85
61 81
80 94
27 88
6 65
39 62
20 85
39 98
12 81
31 94
4 77
32 59
51 72
24 55
72 95
43 68
23 90
35 64
1 71
13 82
5 41
16 87
57 88
28 61
18 96
58 89
2 8
61 94
8 88
54 55
19 97
25 28
11 93
12 58
39 75
32 36
24 32
3 9
1 48
87 88
12 94
13 59
32 72
36 42
76 78
9 25
28 38
1 84
5 54
58 66
9 61
20 39
30 83
10 25
91 99
42 94
2 21
75 91
54 68
0 97
20 75
23 80
84 96
16 41
43 58
35 54
34 95
46 69
76 91
9 38
68 87
26 90
6 32
18 86
58 79
8 78
27 91
0 74
20 52
39 65
4 44
1 38
13 49
72 98
64 94
37 77
3 84
26 67
57 91
49 87
42 48
7 90
0 51
18 99
11 60
39 42
30 73
23 34
83 85
75 81
0 87
41 88
12 61
32 39
64 71
53 98
45 94
65 72
38 55
57 68
3 97
49 64
68 77
15 71
7 67
26 80
27 45
18 76
11 37
30 50
63 84
42 61
29 91
60 78
20 42
11 73
31 51
4 34
1 28
33 97
45 71
37 67
56 80
3 74
22 87
14 83
15 48
7 44
67 95
26 57
18 53
7 80
48 81
27 58
18 89
19 54
30 63
4 11
23 24
1 5
60 91
52 87
13 16
44 83
24 25
16 21
2 86
34 75
26 34
46 49
5 11
78 81
3 87
49 54
55 97
47 93
7 57
26 70
18 66
19 31
79 82
11 27
71 78
30 40
82 87
29 81
21 77
41 55
20 32
6 97
52 64
12 28
4 24
10 67
2 63
1 18
53 65
44 96
3 64
22 77
15 38
7 34
67 85
86 98
17 84
36 97
8 35
19 44
63 87
33 64
44 73
2 76
22 54
14 50
13 91
16 96
15 51
28 70
47 83
8 12
0 8
19 21
5 86
11 17
63 64
29 71
48 84
21 67
40 80
33 41
25 37
4 14
2 53
22 31
14 27
45 51
51 94
24 77
3 54
35 86
55 64
15 28
1 93
7 24
67 75
18 33
78 84
70 80
17 74
36 87
9 70
77 88
29 48
48 61
21 44
0 21
5 99
11 30
21 80
62 81
81 94
33 54
25 50
20 84
44 63
51 71
22 44
14 40
74 91
66 87
32 94
16 86
17 51
36 64
55 77
7 37
47 73
58 88
9 83
21 57
40 70
6 77
25 27
10 47
3 8
54 90
12 93
3 44
43 80
16 63
36 41
15 18
1 83
7 14
47 50
13 94
5 53
16 99
17 64
9 60
49 96
28 73
21 34
40 47
5 89
6 54
10 24
2 20
62 71
81 84
25 40
23 79
84 95
14 30
13 71
32 84
24 80
16 76
17 41
35 89
36 54
55 67
28 50
1 96
5 66
77 91
50 74
61 83
21 47
27 90
39 64
11 82
30 95
10 37
62 84
54 80
13 48
32 61
4 79
51 74
64 93
16 53
17 18
1 73
57 90
49 86
28 63
15 93
21 24
7 89
10 14
61 96
54 57
0 86
19 99
39 77
11 95
31 73
32 38
4 56
23 69
24 34
84 85
3 11
43 47
35 43
87 90
53 97
13 61
45 93
24 70
16 66
57 67
17 31
76 80
88 91
46 94
6 21
5 56
58 68
77 81
42 60
61 73
8 67
19 76
20 41
11 72
83 97
75 93
0 99
53 74
4 69
72 87
32 51
64 83
24 47
1 63
46 71
5 33
38 67
76 93
49 76
68 89
15 83
27 57
19 53
30 62
20 54
39 67
52 86
13 15
31 63
4 46
23 59
16 20
1 40
53 87
45 83
46 48
64 96
3 86
49 53
22 99
28 30
9 17
14 95
26 69
27 34
46 84
6 11
79 81
30 39
50 54
15 96
61 63
48 93
0 53
20 31
11 62
39 44
52 99
25 82
13 28
72 77
44 95
24 37
16 33
56 69
14 72
34 87
45 96
78 93
3 99
68 79
8 34
27 47
18 78
19 43
79 94
82 99
0 66
60 80
20 44
52 76
12 40
44 72
4 36
23 49
10 79
33 99
64 86
37 69
3 76
22 89
14 85
15 50
26 59
67 97
59 93
18 55
7 82
48 83
40 79
20 21
11 52
23 26
1 7
60 93
33 76
52 89
53 54
13 18
45 50
37 46
10 92
16 23
22 66
14 62
26 36
18 32
38 47
3 89
49 56
36 86
15 63
55 99
48 60
18 68
79 84
5 98
71 80
63 76
82 89
29 83
48 96
60 70
33 53
6 99
44 62
22 43
25 85
66 86
45 63
37 59
3 66
35 98
14 75
55 76
7 36
18 45
70 92
17 86
36 99
29 60
8 37
48 73
29 96
62 93
25 62
10 82
51 83
14 52
15 17
7 13
66 99
13 93
18 22
36 76
55 89
47 85
48 50
8 14
7 49
40 46
19 23
92 93
11 19
30 32
6 53
17 99
29 73
73 79
33 43
52 56
44 52
10 59
2 55
14 29
85 89
37 49
32 83
51 96
24 79
43 92
55 66
47 62
59 73
18 35
77 90
28 85
29 50
0 23
40 59
10 36
62 83
54 79
73 92
25 52
39 99
31 95
32 60
2 68
3 33
43 69
35 65
66 89
32 96
24 92
16 88
36 66
9 49
55 79
28 62
47 75
5 78
58 90
9 85
50 86
29 63
2 45
62 96
54 92
12 95
4 91
32 73
24 69
43 82
16 65
36 43
55 56
1 85
7 16
59 63
58 67
77 80
28 75
21 36
40 49
6 56
50 99
10 26
2 22
0 98
39 89
31 85
23 81
51 63
84 97
43 59
35 55
1 62
24 82
65 83
16 78
57 79
68 88
28 52
6 33
77 93
69 89
80 98
8 79
27 92
19 88
20 53
11 84
39 66
30 97
23 58
2 35
54 82
12 85
4 81
23 94
24 59
64 95
56 91
16 55
17 20
46 83
6 10
65 96
17 56
57 92
49 88
29 30
21 26
7 91
6 46
19 65
30 74
50 89
10 16
62 63
54 59
20 66
39 79
52 98
12 62
13 27
32 40
4 58
43 49
16 32
35 45
87 92
13 63
45 95
5 22
46 60
65 73
16 68
57 69
76 82
9 29
5 58
46 96
18 77
38 92
42 62
82 98
8 69
27 82
20 43
11 74
12 39
75 95
1 29
53 76
13 40
72 89
45 72
25 94
24 49
4 71
16 45
34 99
5 35
65 86
38 69
57 82
49 78
15 85
7 81
8 46
27 59
18 90
19 55
42 75
8 82
20 56
52 88
13 17
31 65
24 26
1 42
34 76
53 89
45 85
5 12
64 98
37 81
38 46
46 50
57 59
3 88
9 19
49 55
7 58
6 13
38 82
42 52
8 59
27 72
19 68
60 69
6 98
39 46
30 77
91 93
75 85
41 92
13 30
45 62
64 75
37 58
22 78
14 74
67 86
46 63
5 25
78 95
57 72
15 75
0 32
30 54
29 95
21 91
0 68
41 69
44 74
22 55
1 32
34 66
25 97
53 79
45 75
37 71
56 84
22 91
15 52
7 48
8 13
26 61
59 95
19 22
11 18
17 98
48 85
40 81
0 45
11 54
31 32
41 82
33 78
34 43
25 74
44 87
85 88
64 65
37 48
56 61
51 95
2 90
3 55
22 68
67 76
86 89
59 72
38 49
89 94
28 84
7 61
8 26
48 62
0 22
11 31
71 82
30 44
82 91
48 98
81 95
60 72
25 51
4 28
10 71
14 41
74 92
66 88
15 42
7 38
26 51
67 89
59 85
78 98
70 94
17 88
48 75
0 35
40 71
6 78
4 5
10 48
2 44
21 94
54 91
37 38
10 84
2 80
43 81
22 58
15 19
13 95
70 71
17 65
36 78
48 52
5 90
92 95
50 98
41 49
52 58
25 41
10 61
51 62
2 57
3 22
22 35
74 82
51 98
24 81
43 94
16 77
35 90
28 51
1 97
5 67
17 78
69 88
29 52
6 68
62 85
81 98
73 94
25 54
32 62
23 93
24 58
51 75
35 67
17 55
9 51
28 64
5 80
6 45
33 35
11 96
31 74
2 47
43 48
22 25
14 21
13 62
16 67
17 32
36 45
76 81
55 58
28 41
1 87
88 92
6 22
9 64
50 65
77 82
29 42
21 38
61 74
80 87
27 81
6 58
42 97
2 24
62 75
73 84
20 78
39 91
12 74
13 39
51 65
43 61
16 44
3 25
1 64
34 98
13 75
5 34
46 72
76 94
49 77
9 41
68 90
26 93
69 91
42 74
8 81
0 77
20 55
39 68
30 99
31 64
23 60
53 88
4 83
17 22
35 70
9 18
1 77
46 85
6 12
65 98
38 81
57 94
58 59
9 54
42 51
21 28
27 71
19 67
31 41
10 18
42 87
2 14
62 65
8 94
94 97
20 68
11 99
12 64
72 78
51 55
24 38
64 74
43 51
23 73
35 47
95 98
1 54
87 94
34 88
45 97
46 62
65 75
38 58
57 71
49 67
7 70
6 25
38 94
58 72
71 91
50 68
61 77
8 71
27 84
0 67
19 80
20 45
11 76
23 50
75 97
1 31
25 96
4 73
45 74
64 87
37 70
24 51
16 47
3 77
67 98
5 37
46 75
8 48
26 96
27 61
0 44
19 57
30 66
23 27
0 80
41 81
1 8
60 94
53 55
44 86
4 50
23 63
10 93
2 89
35 37
22 67
1 44
34 78
86 88
5 14
37 83
46 52
89 93
49 57
68 70
14 99
15 64
7 60
8 25
27 38
79 85
90 94
63 77
82 90
42 54
29 84
8 61
0 57
19 70
20 35
60 71
11 66
12 31
31 44
23 40
83 91
75 87
1 21
34 55
25 86
72 81
45 64
44 99
37 60
56 73
22 80
14 76
15 41
67 88
46 65
18 46
38 61
70 93
7 73
8 38
0 34
18 82
79 98
11 43
71 94
63 90
29 97
21 93
60 84
52 80
10 83
2 79
22 57
25 99
26 27
14 89
55 90
7 50
8 15
26 63
27 28
0 11
18 59
63 67
29 74
41 48
60 61
6 90
52 57
12 21
41 84
34 45
93 94
45 54
43 93
3 57
22 70
14 66
15 31
67 78
26 40
86 91
89 96
17 77
8 28
48 64
0 24
63 80
29 87
21 83
40 96
41 61
33 57
73 93
10 73
2 69
3 34
13 84
24 93
36 67
7 40
47 76
67 91
0 1
59 87
18 49
5 79
70 96
17 90
9 86
48 77
2 46
62 97
22 24
54 93
14 20
34 35
25 66
51 87
2 82
43 83
35 79
14 56
55 57
15 21
1 86
7 17
26 30
59 64
36 80
9 63
28 76
48 54
0 14
6 57
9 99
21 73
73 83
44 56
39 90
2 59
14 33
32 87
24 83
43 96
16 79
17 44
35 92
36 57
47 66
5 69
17 80
58 81
28 89
29 54
69 90
80 99
27 93
30 98
10 40
62 87
54 83
73 96
12 86
31 99
23 95
1 76
24 96
16 92
36 70
9 53
21 27
50 90
42 86
2 13
61 99
62 64
54 60
0 89
39 80
31 76
23 72
2 49
84 88
35 46
95 97
14 23
1 53
32 77
4 95
16 69
17 34
76 83
1 89
47 56
6 24
38 93
9 66
77 84
50 67
29 44
42 63
21 40
8 70
27 83
10 30
42 99
2 26
62 77
13 41
31 89
23 85
43 63
65 87
38 70
9 43
15 86
27 60
18 91
58 84
2 3
61 89
19 92
20 57
11 88
12 53
31 66
23 62
34 77
13 54
53 90
4 85
45 86
24 63
37 82
56 95
36 37
9 20
26 72
46 87
58 61
49 92
90 93
50 57
42 53
21 30
27 73
19 69
20 34
11 65
30 78
91 94
23 39
83 90
94 99
20 70
44 98
32 44
23 75
24 40
84 91
16 36
43 53
22 79
87 96
34 90
45 99
5 26
65 77
38 60
57 73
15 76
7 72
18 81
19 46
71 93
63 89
0 69
20 47
60 83
39 60
11 78
12 43
31 56
13 44
53 80
45 76
16 49
9 10
22 92
14 88
15 53
5 39
38 73
49 82
7 85
48 86
27 63
0 46
18 94
20 24
30 68
31 33
23 29
75 76
41 83
1 10
12 56
13 21
25 75
4 52
64 66
24 30
56 62
14 65
46 54
5 16
86 90
38 50
57 63
49 59
15 66
7 62
18 71
19 36
79 87
30 45
42 56
29 86
8 63
21 82
40 95
41 60
0 59
20 37
11 68
12 33
23 42
10 72
41 96
53 70
45 66
64 79
37 62
22 82
67 90
38 63
70 95
28 98
7 75
27 53
6 79
11 45
71 96
4 6
63 92
29 99
52 82
25 65
44 78
37 39
2 81
3 46
15 20
13 96
18 25
3 82
36 79
15 56
47 88
8 17
18 61
11 22
63 69
9 98
48 89
41 50
33 46
6 92
12 23
52 59
44 55
1 13
33 82
74 83
25 78
93 96
45 56
37 52
51 99
43 95
35 91
26 42
18 38
89 98
8 30
0 26
6 69
62 86
81 99
52 72
31 98
10 75
2 71
66 92
24 95
36 69
28 65
59 89
5 81
11 12
17 92
58 93
29 66
21 62
40 75
6 82
44 45
4 9
10 52
62 99
22 26
34 37
66 69
12 98
32 76
4 94
43 85
3 49
35 81
15 23
55 59
1 88
88 93
47 55
67 70
7 19
13 99
18 28
70 75
17 69
77 83
47 91
48 56
21 39
40 52
92 99
2 25
21 75
62 76
20 79
25 45
32 53
2 61
3 26
32 89
24 85
16 81
35 94
76 95
36 59
28 55
47 68
5 71
9 78
50 79
29 56
61 88
27 95
19 91
2 38
20 92
32 66
23 97
51 79
24 62
35 71
46 86
65 99
16 94
17 59
58 60
9 55
28 68
29 33
6 49
10 19
62 66
8 95
73 75
25 35
31 78
32 43
24 39
84 90
43 52
35 48
1 55
4 97
24 75
65 76
16 71
17 36
76 85
9 32
68 81
28 45
50 69
80 91
8 72
27 85
20 46
30 90
10 32
23 51
75 98
12 78
32 56
23 87
24 52
43 65
16 48
35 61
1 68
46 76
57 85
17 49
9 45
49 81
15 88
7 84
26 97
27 62
8 85
27 98
60 95
13 20
32 33
16 25
1 45
34 79
46 53
56 97
17 26
36 39
9 22
49 58
28 35
68 71
26 74
5 51
18 70
6 16
38 85
90 95
42 55
7 97
8 62
19 71
20 36
30 80
91 96
83 92
2 18
75 88
33 91
12 68
53 69
4 64
32 46
72 82
34 92
37 97
49 71
26 87
27 52
19 48
30 57
42 68
0 71
41 72
20 49
12 45
1 35
34 69
53 82
45 78
37 74
56 87
3 81
14 90
15 55
7 51
59 98
18 60
71 72
7 87
19 61
20 26
12 22
31 35
23 31
41 85
1 12
33 81
93 95
13 23
4 54
44 90
64 68
37 51
56 64
16 28
2 93
22 71
14 67
34 82
67 79
26 41
78 88
38 52
57 65
70 84
49 61
89 97
15 68
26 77
0 25
19 38
79 89
71 85
30 47
90 98
82 94
0 61
40 97
12 35
52 71
4 31
23 44
2 70
33 94
53 72
66 91
37 64
32 98
15 45
55 81
67 92
26 54
59 88
70 97
17 91
29 65
48 78
8 42
40 74
19 51
6 81
4 8
63 94
1 2
33 71
52 84
44 80
37 41
3 48
22 61
14 57
15 22
67 69
13 98
59 65
36 81
55 94
15 58
47 90
7 54
48 55
8 19
11 24
92 98
30 37
63 71
82 84
29 78
48 91
21 74
60 65
6 94
52 61
10 64
2 60
22 38
14 34
74 85
93 98
25 80
66 81
37 54
32 88
3 61
15 35
55 71
47 67
26 44
67 82
59 78
70 87
17 81
36 94
77 95
28 90
48 68
10 41
21 87
62 88
54 84
25 57
44 70
10 77
51 78
3 38
43 74
74 98
66 94
