100 200 0
16 20
67 68
25 32
24 42
41 58
87 89
2 57
47 89
65 70
2 66
48 63
43 76
20 56
5 37
4 48
21 64
40 77
55 59
53 71
30 48
19 48
7 28
28 69
25 52
32 60
45 94
57 68
80 97
57 77
66 89
13 83
33 40
27 54
22 76
3 8
86 88
37 83
2 61
31 42
14 99
1 10
36 41
22 60
33 42
37 58
18 87
82 90
47 68
31 81
39 94
6 36
13 51
97 99
35 60
80 92
43 91
1 85
36 52
7 80
11 96
39 78
36 70
11 50
28 66
49 98
9 62
22 89
35 53
41 69
15 50
70 84
33 74
21 54
15 68
52 96
36 45
34 57
16 85
48 83
56 66
82 85
8 56
5 66
29 33
52 53
14 78
14 87
35 55
10 65
38 63
7 57
65 74
28 34
34 50
27 44
66 91
37 55
34 68
32 34
40 81
58 71
21 86
18 32
12 28
32 61
4 79
4 24
35 57
70 79
23 37
42 72
33 69
58 98
69 98
44 78
48 78
45 61
74 97
17 54
34 70
24 32
41 48
41 57
31 89
60 70
52 66
32 63
87 97
53 95
69 91
30 81
1 20
85 90
3 57
40 76
50 53
6 83
60 63
86 91
26 49
8 83
47 99
19 28
62 63
25 78
19 92
34 56
75 91
54 68
46 85
41 43
72 76
48 91
3 4
50 55
72 94
42 60
36 74
16 41
50 82
11 72
28 88
46 69
31 50
19 94
3 43
43 88
15 81
66 99
63 82
58 61
4 69
12 82
95 98
16 43
30 60
35 56
67 91
0 65
6 53
48 68
5 42
31 61
76 93
38 76
49 76
66 92
7 15
25 30
67 75
47 69
59 71
64 94
0 3
22 33
45 99
14 93
12 41
76 86
66 94
