100 2475 0
13 88
24 97
16 93
17 58
36 71
28 67
8 9
40 41
0 5
6 48
50 91
41 42
73 74
6 84
25 34
44 47
10 54
54 97
74 75
13 65
32 78
51 91
24 74
36 48
55 61
96 99
7 21
88 95
46 98
70 77
36 84
9 67
28 80
69 81
29 45
80 90
40 54
6 61
10 31
62 78
73 87
25 47
20 81
39 94
31 90
23 86
43 64
35 60
14 37
66 84
13 78
32 91
24 87
65 88
16 83
17 48
76 97
6 38
58 85
9 80
50 81
69 94
21 54
19 93
31 67
10 44
54 87
13 55
51 81
24 64
43 77
16 60
17 25
36 38
28 34
1 80
7 11
46 88
6 15
38 84
49 93
50 58
69 71
61 67
6 51
58 98
30 79
50 94
91 95
42 90
54 64
12 67
13 32
31 80
3 18
43 54
16 37
35 50
1 57
34 91
13 68
4 99
65 78
16 73
57 74
9 34
68 83
28 47
26 86
6 28
38 97
58 75
69 84
42 67
61 80
8 74
0 70
19 83
20 48
12 44
30 92
23 53
1 34
13 45
4 76
32 58
23 89
24 54
64 90
1 70
65 91
38 74
9 47
68 96
15 90
7 86
30 69
31 34
10 11
2 7
8 87
60 97
11 92
52 93
4 53
23 66
24 31
43 44
1 47
53 94
46 55
65 68
56 99
57 64
3 93
76 77
7 63
27 41
18 72
79 88
90 97
50 61
82 93
61 70
7 99
8 64
27 77
39 51
12 34
4 30
75 90
41 97
33 93
53 71
25 89
37 63
56 76
22 83
34 94
26 53
38 64
49 73
7 76
26 89
27 54
18 85
19 50
11 46
71 97
21 96
0 73
60 87
33 70
52 83
4 43
23 56
10 86
16 17
22 60
1 37
53 84
45 80
5 7
56 89
22 96
14 92
15 57
26 66
27 31
19 27
71 74
50 51
29 77
8 54
48 90
40 86
20 28
11 59
52 60
4 20
23 33
83 84
75 80
1 14
33 83
25 79
45 57
16 30
56 66
2 95
3 60
14 69
15 34
67 81
26 43
46 58
59 77
78 90
70 86
49 63
89 99
36 93
7 66
27 44
19 40
71 87
30 49
63 83
82 96
40 99
25 56
4 33
44 69
2 72
22 50
14 46
25 92
66 93
45 70
3 73
15 47
7 43
26 56
0 4
29 67
48 80
0 40
11 49
12 14
44 46
10 53
21 99
41 77
25 69
44 82
45 47
51 90
43 86
3 50
15 24
67 71
18 29
70 76
17 70
36 83
7 56
8 21
48 57
40 53
0 17
19 30
5 95
6 60
11 26
63 73
40 89
81 90
60 67
33 50
52 63
25 46
39 93
44 59
22 40
37 56
24 86
16 82
55 73
26 46
5 72
70 89
9 79
29 57
48 70
21 53
40 66
6 73
54 86
33 63
25 59
32 67
51 80
23 98
3 40
43 76
22 53
35 72
13 90
18 19
36 73
9 56
55 86
47 82
40 43
5 85
58 97
9 92
8 96
10 56
2 52
3 17
22 30
54 99
85 86
32 80
51 93
43 89
16 72
55 63
28 46
1 92
47 59
7 23
88 97
5 62
6 27
38 96
58 74
9 69
69 83
29 47
21 43
61 79
80 92
40 56
6 63
62 80
81 93
54 76
20 83
39 96
51 70
24 53
23 88
3 30
43 66
35 62
1 69
13 80
24 89
17 50
57 86
36 63
9 46
68 95
47 72
26 98
6 40
50 83
42 79
2 6
8 86
25 26
20 60
11 91
31 69
32 34
2 42
54 89
14 16
53 93
4 88
24 66
43 79
17 27
35 75
28 36
5 52
46 90
57 99
58 64
49 95
50 60
69 73
21 33
7 98
27 76
19 72
39 50
31 46
42 92
83 93
62 70
24 43
87 99
34 93
65 80
37 98
57 76
76 89
9 36
15 79
18 84
6 30
38 99
50 73
69 86
61 82
8 76
0 72
11 81
31 59
1 36
12 82
13 47
72 96
45 79
64 92
16 52
22 95
14 91
5 42
65 93
38 76
49 85
42 46
15 92
18 97
19 62
39 40
30 71
31 36
54 56
41 86
60 99
20 63
11 94
52 95
53 60
13 24
32 37
72 73
23 68
43 46
10 98
16 29
34 83
45 92
46 57
37 88
65 70
17 30
76 79
3 95
15 69
7 65
26 78
27 43
18 74
6 20
79 90
30 48
50 63
42 59
20 40
60 76
4 32
41 99
1 26
34 60
53 73
72 86
45 69
64 82
37 65
16 42
56 78
3 72
22 85
14 81
26 55
5 32
18 51
7 78
26 91
19 52
11 48
30 61
63 95
41 76
60 89
33 72
52 85
25 68
12 49
44 81
16 19
22 62
78 79
3 85
49 52
9 16
22 98
14 94
55 95
15 59
7 55
8 20
19 29
30 38
71 76
82 85
29 79
8 56
48 92
41 53
60 66
11 61
12 26
6 95
52 62
10 65
75 82
93 99
53 63
64 72
56 68
3 62
22 75
15 36
7 32
26 45
67 83
86 96
38 56
78 92
70 88
48 69
8 33
11 38
30 51
29 92
21 88
41 66
52 75
25 58
3 39
22 52
74 99
34 63
66 95
37 68
3 75
36 72
15 49
7 45
47 81
8 10
26 58
59 92
11 15
17 95
9 91
29 69
21 65
40 78
33 39
2 51
22 29
33 75
34 40
66 72
45 49
37 45
32 79
51 92
43 88
35 84
14 61
18 31
9 68
28 81
29 46
47 94
6 62
21 78
62 79
81 92
39 95
22 42
14 38
66 85
13 79
32 92
16 84
36 62
15 39
28 58
47 71
5 74
17 85
29 59
48 72
2 41
3 6
54 88
14 15
20 95
12 91
32 69
4 87
35 74
7 12
13 92
18 21
17 62
36 75
47 84
21 32
40 45
5 87
6 52
62 69
8 98
33 42
25 38
39 85
44 51
31 81
74 79
87 98
13 69
24 78
43 91
17 39
55 65
5 64
58 76
77 89
50 72
69 85
29 49
21 45
61 81
80 94
40 58
27 88
39 62
30 93
2 31
62 82
54 78
73 91
39 98
12 81
13 46
31 94
4 77
32 59
51 72
24 55
72 95
16 51
1 71
13 82
46 79
65 92
16 87
57 88
36 65
9 48
68 97
28 61
6 42
58 89
50 85
10 12
69 98
8 88
54 55
19 97
20 62
11 93
12 58
23 67
43 45
3 9
35 41
1 48
53 95
13 59
32 72
4 90
65 69
16 64
17 29
36 42
76 78
28 38
1 84
38 88
49 97
9 61
69 75
21 35
61 71
80 84
8 65
19 74
11 70
91 99
42 94
75 91
41 98
20 75
12 71
31 84
32 49
4 67
23 80
24 45
43 58
16 41
35 54
5 31
76 91
68 87
15 81
7 77
26 90
27 55
58 79
50 75
42 71
61 84
8 78
27 91
0 74
19 87
20 52
11 83
39 65
12 48
23 57
53 85
45 81
64 94
37 77
56 90
17 19
3 84
26 67
46 82
5 44
38 78
42 48
27 68
0 51
18 99
20 29
39 42
30 73
23 34
83 85
33 84
12 61
52 97
13 26
72 75
4 57
44 93
24 35
16 31
2 96
35 44
22 74
87 91
45 94
65 72
3 97
9 28
68 77
18 76
79 92
30 50
63 84
82 97
42 61
8 68
0 64
20 42
31 51
23 47
83 98
33 97
25 93
64 84
37 67
56 80
14 83
7 44
59 91
38 68
7 80
8 45
27 58
0 41
18 89
19 54
11 50
4 11
33 74
13 16
10 90
56 57
2 86
14 60
5 11
38 45
57 58
3 87
49 54
7 57
8 22
26 70
27 35
0 18
19 31
79 82
11 27
90 91
48 94
12 28
44 60
10 67
2 63
22 41
1 18
33 87
34 52
74 88
45 61
37 57
56 70
3 64
22 77
14 73
15 38
67 85
26 47
78 94
28 93
29 58
8 35
40 67
29 94
21 90
52 77
25 60
44 73
10 80
2 76
28 70
47 83
8 12
0 8
18 56
5 86
11 17
63 64
29 71
48 84
33 41
6 87
52 54
25 37
44 50
10 57
2 53
14 27
25 73
45 51
51 94
24 77
3 54
43 90
35 86
15 28
1 93
47 60
18 33
17 74
36 87
47 96
40 57
5 99
11 30
10 34
25 50
39 97
2 66
3 31
14 40
66 87
32 94
24 90
16 86
17 51
35 99
36 64
55 77
7 37
5 76
17 87
58 88
9 83
50 84
69 97
61 93
10 47
3 8
62 94
54 90
20 97
24 67
35 76
36 41
1 83
7 14
13 94
18 23
59 61
46 91
5 53
17 64
28 73
21 34
5 89
6 54
50 97
42 93
2 20
81 84
0 96
25 40
20 74
39 87
31 83
23 79
51 61
43 57
1 60
13 71
32 84
24 80
16 76
17 41
76 90
55 67
68 86
1 96
28 50
58 78
9 73
77 91
21 47
8 77
19 86
30 95
31 60
2 33
62 84
54 80
13 48
72 97
4 79
51 74
24 57
64 93
43 70
16 53
17 18
1 73
6 8
65 94
38 77
15 93
27 67
6 44
50 87
10 14
42 83
61 96
0 86
19 99
39 77
13 25
31 73
24 34
84 85
35 43
87 90
34 84
45 93
5 20
17 31
57 67
3 96
88 91
26 79
6 21
38 90
58 68
49 99
69 77
42 60
8 67
39 54
11 72
31 50
23 46
2 23
54 70
0 99
20 77
33 96
12 73
13 38
72 87
24 47
64 83
16 43
35 56
1 63
34 97
5 33
38 67
9 40
7 79
18 88
19 53
30 62
19 89
31 63
23 59
16 20
1 40
53 87
5 10
46 48
37 79
56 92
3 86
49 53
22 99
28 30
14 95
15 60
26 69
27 34
6 11
18 65
79 81
30 39
49 89
82 86
15 96
42 50
48 93
27 70
0 53
11 62
12 27
30 75
31 40
39 44
83 87
94 96
1 17
33 86
52 99
53 64
72 77
16 33
56 69
14 72
46 61
37 92
38 57
3 99
49 66
7 69
8 34
26 82
27 47
11 39
30 52
71 90
82 99
21 89
0 66
60 80
11 75
12 40
23 49
10 79
75 96
34 64
53 77
25 95
22 89
14 85
7 46
26 59
59 93
17 96
7 82
8 47
19 56
20 21
6 86
52 53
4 13
1 7
60 93
25 72
13 18
44 85
10 92
56 59
16 23
2 88
15 27
86 87
18 32
38 47
70 79
3 89
49 56
7 59
8 24
48 60
19 33
5 98
63 76
29 83
48 96
21 79
40 92
6 99
12 30
52 66
44 62
22 43
14 39
34 54
74 90
25 85
32 93
37 59
3 66
35 98
7 36
26 49
67 87
59 83
78 96
36 99
9 82
40 69
6 76
29 96
21 92
41 70
33 66
44 75
51 83
2 78
15 17
7 13
17 63
36 76
28 72
19 23
5 88
6 53
11 19
30 32
29 73
21 69
40 82
81 83
41 47
44 52
4 16
10 59
2 55
34 44
66 76
13 70
37 49
51 96
24 79
3 56
35 88
15 30
1 95
7 26
26 39
5 65
70 82
36 89
29 50
48 63
0 23
2 32
62 83
33 56
73 92
25 52
20 86
39 99
51 73
43 69
3 33
13 83
24 92
16 88
17 53
36 66
5 78
6 43
58 90
9 85
50 86
21 59
19 98
39 76
31 72
2 45
62 96
22 23
13 60
28 39
7 16
47 52
59 63
58 67
9 62
49 98
48 53
21 36
61 72
80 85
27 79
92 96
30 84
50 99
10 26
42 95
2 22
81 86
0 98
25 42
39 89
12 72
31 85
4 68
51 63
3 23
84 97
35 55
1 62
13 73
16 78
76 92
9 39
68 88
6 33
58 80
77 93
69 89
21 49
80 98
27 92
0 75
19 88
20 53
39 66
11 84
30 97
10 39
23 58
13 50
4 81
72 99
64 95
24 59
16 55
56 91
28 29
46 83
6 10
57 92
61 62
21 26
7 91
27 69
6 46
19 65
39 43
30 74
50 89
10 16
8 92
12 62
13 27
31 75
32 40
4 58
23 71
43 49
95 96
13 63
53 99
45 95
37 91
17 33
3 98
9 29
49 65
28 42
15 72
46 96
38 92
79 93
58 70
50 66
82 98
0 65
19 78
39 56
23 48
75 95
1 29
12 75
25 94
13 40
4 71
72 89
1 65
46 73
65 86
38 69
49 78
68 91
8 46
19 55
11 51
23 25
42 75
0 78
11 87
4 48
24 26
10 91
16 22
45 85
46 50
56 94
57 59
3 88
9 19
15 62
7 58
79 83
71 79
48 95
8 59
20 33
30 77
31 42
4 25
91 93
23 38
75 85
94 98
41 92
53 66
13 30
44 97
45 62
72 79
64 75
37 58
25 84
56 71
3 65
22 78
14 74
34 89
46 63
86 99
38 59
78 95
70 91
49 68
0 32
18 80
79 96
11 41
30 54
71 92
33 65
12 42
4 38
44 74
2 77
22 55
1 32
25 97
66 98
53 79
45 75
22 91
14 87
55 88
7 48
18 57
11 18
17 98
20 23
6 88
31 32
4 15
1 9
33 78
25 74
44 87
85 88
37 48
10 94
51 95
56 61
2 90
22 68
14 64
15 29
7 25
26 38
67 76
86 89
36 88
8 26
27 39
63 78
82 91
29 85
48 98
21 81
40 94
60 72
33 55
52 68
25 51
44 64
10 71
3 32
74 92
32 95
3 68
14 77
7 38
26 51
70 94
9 84
28 97
29 62
48 75
40 71
0 35
4 5
2 44
62 95
54 91
33 68
37 38
10 84
51 85
22 58
26 28
18 24
59 62
36 78
28 74
0 12
5 90
9 97
29 75
21 71
41 49
73 81
33 45
6 91
44 54
39 88
2 57
3 22
74 82
13 72
43 94
16 77
35 90
36 55
15 32
55 68
28 51
59 75
9 74
77 92
21 48
80 97
6 68
62 85
81 98
73 94
20 88
25 54
12 84
31 97
32 62
23 93
24 58
43 71
14 44
1 74
13 85
24 94
65 95
36 68
47 77
21 25
58 92
10 15
42 84
61 97
21 61
33 35
25 31
31 74
10 51
51 52
43 48
84 86
54 94
14 21
66 68
4 93
32 75
24 71
43 84
16 67
17 32
76 81
1 87
88 92
38 91
29 42
61 74
6 58
39 55
10 28
42 97
54 71
73 84
39 91
12 74
13 39
31 87
72 88
4 70
51 65
24 48
3 25
34 98
13 75
46 72
16 80
57 81
76 94
9 41
49 77
68 90
5 70
6 35
50 78
69 91
19 90
20 55
39 68
11 86
30 99
31 64
1 41
53 88
13 52
4 83
17 22
35 70
28 31
1 77
5 47
65 98
38 81
49 90
50 55
42 51
61 64
7 93
8 58
27 71
39 45
30 76
91 92
62 65
8 94
0 90
41 91
20 68
11 99
72 78
32 42
43 51
16 34
95 98
87 94
34 88
45 97
5 24
46 62
37 93
38 58
76 84
68 80
15 74
6 25
18 79
38 94
58 72
61 77
8 71
27 84
0 67
60 81
39 58
12 41
75 97
34 65
4 73
24 51
37 70
14 86
67 98
26 60
38 71
49 80
7 83
27 61
18 92
19 57
20 22
11 53
12 18
30 66
23 27
0 80
41 81
60 94
52 90
13 19
12 54
4 50
44 86
23 63
10 93
16 24
56 60
1 44
34 78
53 91
46 52
56 96
57 61
89 93
9 21
68 70
14 99
7 60
26 73
27 38
18 69
71 81
30 43
29 84
60 71
11 66
12 31
23 40
83 91
41 94
1 21
34 55
25 86
44 99
37 60
15 41
26 50
18 46
78 97
38 61
70 93
28 96
7 73
48 74
0 34
19 47
79 98
11 43
71 94
30 56
41 71
52 80
4 40
10 83
2 79
14 53
25 99
26 27
45 77
37 73
3 80
55 90
15 54
47 86
26 63
27 28
0 11
30 33
63 67
41 48
20 25
44 53
4 17
23 30
75 77
22 34
1 11
33 80
34 45
74 81
93 94
44 89
85 90
37 50
10 96
56 63
2 92
3 57
22 70
7 27
67 78
26 40
86 91
36 90
28 86
47 99
0 24
40 60
63 80
21 83
41 61
52 70
25 53
44 66
10 73
2 69
22 47
14 43
66 90
32 97
24 93
36 67
15 44
55 80
47 76
7 40
59 87
18 49
5 79
17 90
9 86
28 99
29 64
21 60
6 80
25 30
2 46
54 93
14 20
34 35
66 67
32 74
51 87
43 83
3 47
35 79
14 56
55 57
7 17
47 53
67 68
13 97
59 64
9 63
55 93
29 41
48 54
21 37
0 14
5 92
92 97
42 96
62 74
73 83
25 43
39 90
31 86
10 63
2 59
3 24
43 60
14 33
66 80
13 74
24 83
16 79
17 44
55 70
5 69
17 80
77 94
9 76
61 86
30 98
62 87
54 83
4 82
23 95
3 37
16 56
1 76
13 87
65 97
16 92
17 57
36 70
29 31
21 27
50 90
2 13
61 99
62 64
54 60
0 89
25 33
31 76
32 41
23 72
51 54
3 14
43 50
84 88
35 46
95 97
66 70
12 99
32 77
35 82
76 83
9 30
55 60
36 47
47 56
5 59
46 97
6 24
58 71
50 67
69 80
42 63
29 44
61 76
80 89
8 70
27 83
19 79
39 57
31 53
10 30
42 99
62 77
54 73
12 76
4 72
24 50
43 63
5 36
38 70
17 47
57 83
76 96
49 79
68 92
28 56
26 95
27 60
18 91
6 37
58 84
50 80
42 76
2 3
8 83
27 96
0 79
35 36
45 86
24 63
37 82
56 95
17 24
57 60
16 59
68 69
28 33
26 72
38 83
58 61
49 92
50 57
90 93
42 53
15 99
7 95
8 60
19 69
20 34
30 78
31 43
23 39
83 90
2 16
94 99
41 93
20 70
12 66
13 31
53 67
32 44
4 62
44 98
56 72
22 79
1 56
34 90
45 99
46 64
5 26
65 77
9 33
15 76
26 85
27 50
18 81
79 97
30 55
71 93
42 66
8 73
19 82
60 83
11 78
12 43
39 60
4 39
53 80
13 44
72 93
16 49
3 79
9 10
15 53
5 39
59 96
18 58
38 73
49 82
42 43
7 85
8 50
0 46
18 94
19 59
20 24
11 55
12 20
30 68
75 76
52 92
25 75
13 21
4 52
45 53
12 56
64 66
16 26
22 69
1 46
14 65
34 80
45 89
46 54
86 90
78 86
38 50
57 63
3 92
49 59
68 72
15 66
7 62
19 36
79 87
11 32
71 83
63 79
42 56
29 86
48 99
21 82
8 63
0 59
41 60
11 68
44 65
23 42
33 92
34 57
53 70
37 62
3 69
14 78
15 43
7 39
67 90
59 86
38 63
78 99
70 95
17 89
28 98
48 76
19 49
6 79
30 58
4 6
21 95
41 73
33 69
44 78
3 46
14 55
34 70
26 29
70 72
3 82
15 56
7 52
47 88
0 13
59 99
18 61
11 22
63 69
29 76
48 89
21 72
40 85
41 50
60 63
6 92
44 55
4 19
2 58
22 36
1 13
74 83
93 96
25 78
66 79
85 92
2 94
22 72
35 91
14 68
55 69
26 42
59 76
78 89
70 85
89 98
36 92
9 75
8 30
48 66
0 26
63 82
29 89
21 85
73 95
52 72
2 71
14 45
66 92
13 86
36 69
28 65
47 78
59 89
11 12
17 92
58 93
29 66
48 79
61 98
21 62
33 36
6 82
25 32
44 45
4 9
10 52
2 48
62 99
22 26
34 37
66 69
37 42
32 76
51 89
3 49
43 85
36 46
15 23
55 59
1 88
88 93
7 19
59 66
70 75
47 91
21 39
5 94
6 59
92 99
10 29
42 98
2 25
62 76
54 72
33 49
25 45
20 79
39 92
32 53
23 84
51 66
2 61
66 82
24 85
43 98
76 95
9 42
47 68
5 71
6 36
50 79
29 56
69 92
62 89
73 98
20 92
12 88
32 66
23 97
24 62
35 71
28 32
46 86
65 99
57 95
49 91
40 42
5 84
10 19
42 88
62 66
8 95
54 62
0 91
25 35
32 43
51 56
95 99
1 55
13 66
4 97
17 36
68 81
1 91
88 96
58 73
50 69
69 82
80 91
8 72
10 32
54 75
20 82
12 78
32 56
72 92
23 87
64 88
43 65
65 89
38 72
57 85
49 81
7 84
27 62
18 93
8 85
19 94
60 95
20 59
39 72
11 90
13 20
4 51
23 64
24 29
16 25
35 38
1 45
34 79
13 56
45 88
5 15
46 53
37 84
16 61
56 97
57 62
36 39
49 58
17 26
68 71
3 91
15 65
5 51
18 70
38 85
7 97
8 62
27 75
0 58
12 32
23 41
2 18
75 88
41 95
53 69
13 33
45 65
64 78
56 74
34 92
68 84
15 78
7 74
26 87
27 52
18 83
79 99
11 44
0 71
41 72
20 49
60 85
31 58
1 35
53 82
64 91
38 39
56 87
9 12
22 94
27 29
18 60
38 75
71 72
30 34
42 45
7 87
0 48
19 61
60 62
11 57
31 35
75 78
41 85
1 12
60 98
33 81
52 94
93 95
53 59
25 77
4 54
45 55
44 90
10 97
16 28
34 82
5 18
78 88
3 94
49 61
15 68
8 29
27 42
18 73
79 89
11 34
71 85
90 98
63 81
29 88
21 84
41 62
60 75
33 58
52 71
44 67
2 70
74 95
53 72
25 90
66 91
37 64
32 98
56 77
3 71
22 84
7 41
18 50
70 97
9 87
8 42
0 38
4 8
63 94
21 97
62 98
1 2
44 80
37 41
7 18
67 69
26 31
13 98
59 65
38 42
36 81
15 58
28 77
55 94
47 90
48 55
27 32
0 15
19 28
5 93
71 75
82 84
29 78
21 74
41 52
60 65
52 61
2 60
22 38
14 34
34 49
74 85
66 81
85 94
45 58
24 84
43 97
35 93
14 70
47 67
7 31
67 82
59 78
70 87
17 81
77 95
48 68
0 28
10 41
21 87
41 65
54 84
73 97
33 61
20 91
10 77
51 78
2 73
22 51
14 47
66 94
