100 2475 0
13 88
24 97
16 93
36 71
55 84
28 67
6 48
11 14
17 94
58 95
50 91
21 64
33 38
6 84
3 15
54 97
14 24
74 75
66 71
13 65
51 91
24 74
35 83
36 48
55 61
96 99
1 90
7 21
18 30
5 60
77 85
69 81
48 58
21 41
5 96
10 31
2 27
54 74
39 94
12 77
31 90
51 68
43 64
1 67
65 88
47 70
6 38
9 80
77 98
50 81
21 54
61 90
8 84
19 93
11 89
31 67
54 87
20 94
4 86
32 68
23 99
43 77
16 60
36 38
7 11
46 88
5 50
6 15
17 61
49 93
69 71
7 96
27 74
6 51
58 98
10 21
2 17
62 68
20 71
39 84
12 67
32 45
23 76
3 18
43 54
1 57
13 68
16 73
57 74
17 38
76 87
36 51
68 83
26 86
5 63
38 97
58 75
50 71
69 84
80 93
20 48
12 44
30 92
31 57
2 30
12 80
13 45
53 81
32 58
23 89
24 54
35 63
22 93
1 70
46 78
57 87
68 96
15 90
7 86
8 51
26 99
19 60
30 69
42 80
0 83
19 96
20 61
52 93
13 22
31 70
32 35
4 53
23 66
64 67
43 44
35 40
1 47
34 81
65 68
37 86
56 99
9 24
28 37
15 67
26 76
27 41
18 72
58 65
30 46
50 61
90 97
82 93
61 70
7 99
8 64
0 60
19 73
60 74
39 51
12 34
30 82
4 30
91 98
41 97
34 58
13 35
72 84
64 80
24 44
16 40
14 79
34 94
57 77
49 73
26 89
27 54
19 50
11 46
30 59
0 73
20 51
52 83
4 43
10 86
37 76
56 89
3 83
49 50
9 14
14 92
7 53
27 31
30 36
63 70
42 47
29 77
8 54
20 28
6 93
4 20
23 33
75 80
41 87
52 96
93 97
53 61
72 74
45 57
44 92
64 70
37 53
25 79
16 30
2 95
3 60
15 34
67 81
46 58
18 39
38 54
36 93
15 70
7 66
8 31
27 44
19 40
79 91
30 49
21 86
40 99
60 77
12 37
52 73
25 56
4 33
10 76
2 72
22 50
14 46
74 97
66 93
45 70
37 66
55 83
26 56
59 90
18 52
17 93
9 89
0 40
6 83
44 46
4 10
10 53
41 77
1 4
33 73
34 38
25 69
45 47
37 43
51 90
7 20
67 71
78 80
70 76
36 83
47 92
8 21
7 56
48 57
0 17
19 30
5 95
6 60
11 26
71 77
63 73
29 80
21 76
41 54
81 90
60 67
6 96
52 63
39 93
10 66
2 62
3 27
22 40
14 36
74 87
66 83
32 90
24 86
3 63
36 60
7 33
26 46
59 80
18 42
70 89
36 96
40 66
6 73
54 86
73 99
20 93
12 89
51 80
23 98
2 75
43 76
35 72
14 49
1 79
7 10
66 96
24 99
17 60
9 56
55 86
28 69
8 11
40 43
58 97
10 20
42 89
62 67
8 96
73 76
44 49
39 83
10 56
51 57
2 52
54 99
14 26
74 77
4 98
16 72
55 63
28 46
1 92
47 59
7 23
88 97
5 62
38 96
17 73
77 87
28 82
29 47
80 92
27 86
81 93
73 89
39 96
23 88
3 30
35 62
1 69
13 80
24 89
16 85
17 50
76 99
9 46
28 59
68 95
5 75
6 40
69 96
42 79
61 92
8 86
0 82
19 95
39 73
31 69
23 65
3 7
54 89
20 96
12 92
32 70
24 66
43 79
56 98
35 75
36 40
47 49
5 52
38 86
57 99
58 64
29 37
27 76
50 96
91 97
2 19
83 93
0 95
12 69
13 34
31 82
72 83
4 65
23 78
51 60
32 47
35 52
34 93
46 67
17 40
76 89
49 72
28 49
15 79
26 88
6 30
18 84
38 99
58 77
42 69
8 76
27 89
0 72
19 85
12 46
31 59
4 42
1 36
12 82
53 83
13 47
4 78
45 79
64 92
56 88
16 52
22 95
46 80
5 42
65 93
38 76
68 98
42 46
15 92
21 23
7 88
8 53
27 66
18 97
11 58
39 40
31 36
10 13
75 79
8 89
54 56
41 86
60 99
11 94
72 73
32 37
24 33
43 46
10 98
35 42
1 49
87 89
34 83
5 19
46 57
37 88
65 70
38 53
17 30
57 66
15 69
26 78
6 20
19 39
30 48
50 63
82 95
42 59
0 62
60 76
20 40
39 53
11 71
12 36
4 32
23 45
83 96
13 37
53 73
64 82
16 42
26 55
67 93
5 32
18 51
38 66
70 98
7 78
8 43
26 91
27 56
0 39
19 52
11 48
71 99
63 95
21 98
41 76
1 3
60 89
33 72
12 49
44 81
4 45
10 88
16 19
1 39
14 58
45 82
78 79
38 43
49 52
9 16
8 20
18 64
30 38
71 76
63 72
82 85
42 49
29 79
8 56
48 92
0 52
41 53
20 30
60 66
11 61
52 62
6 95
4 22
10 65
75 82
33 85
74 86
25 81
44 94
85 95
64 72
56 68
2 97
22 75
15 36
67 83
26 45
78 92
36 95
7 68
8 33
48 69
71 89
63 85
29 92
21 88
52 75
4 35
22 52
66 95
24 98
3 75
36 72
15 49
8 10
67 96
0 6
11 15
17 95
29 69
48 82
21 65
0 42
40 78
41 43
33 39
6 85
4 12
10 55
1 6
33 75
34 40
2 87
3 52
43 88
35 84
14 61
15 26
7 22
67 73
70 78
17 72
28 81
29 46
47 94
48 59
0 19
5 97
11 28
63 75
29 82
21 78
81 92
52 65
25 48
44 61
39 95
10 68
51 69
2 64
22 42
85 98
13 79
35 97
36 62
7 35
47 71
59 82
58 86
77 99
69 95
48 72
21 55
40 68
10 45
2 41
54 88
14 15
25 61
4 87
32 69
51 82
24 65
35 74
47 48
57 98
28 71
29 36
21 32
0 9
5 87
6 52
58 99
21 68
62 69
8 98
54 65
81 82
73 78
20 72
25 38
39 85
31 81
51 59
43 55
84 93
74 79
32 82
17 39
35 87
36 52
55 65
1 94
47 61
6 29
58 76
50 72
80 94
40 58
6 65
2 31
62 82
73 91
20 85
13 46
31 94
4 77
32 59
16 51
1 71
13 82
65 92
16 87
57 88
36 65
9 48
49 84
28 61
6 42
18 96
58 89
2 8
54 55
0 84
19 97
32 36
3 9
32 72
24 68
65 69
16 64
35 77
76 78
9 25
1 84
5 54
6 19
58 66
9 61
50 62
77 79
69 75
42 58
49 97
61 71
21 35
8 65
27 78
19 74
11 70
2 21
75 91
41 98
20 75
12 71
32 49
4 67
24 45
84 96
16 41
35 54
1 61
5 31
46 69
38 65
17 42
26 90
18 86
58 79
71 98
42 71
8 78
60 88
20 52
11 83
30 96
31 61
4 44
23 57
16 18
1 38
13 49
37 77
16 54
17 19
49 51
22 97
26 67
5 44
6 9
46 82
38 78
49 87
42 48
7 90
27 68
0 51
18 99
19 64
20 29
11 60
12 25
30 73
31 38
39 42
23 34
83 85
2 11
75 81
0 87
41 88
13 26
53 62
32 39
4 57
44 93
64 71
24 35
22 74
1 51
53 98
45 94
37 90
38 55
65 72
3 97
8 32
26 80
27 45
18 76
11 37
71 88
82 97
60 78
20 42
52 74
31 51
23 47
83 98
1 28
34 62
53 75
45 71
64 84
22 87
14 83
15 48
7 44
67 95
18 53
38 68
7 80
48 81
27 58
63 97
34 39
52 87
45 48
56 57
2 86
22 64
14 60
34 75
26 34
46 49
78 81
3 87
55 97
26 70
0 18
11 27
30 40
71 78
63 74
48 94
21 77
0 54
41 55
33 51
6 97
52 64
12 28
10 67
2 63
74 88
53 65
85 97
45 61
37 57
3 64
15 38
55 74
18 43
59 81
78 94
36 97
29 58
11 40
63 87
21 90
33 64
52 77
10 80
3 41
14 50
66 97
18 20
36 74
55 87
28 70
8 12
18 56
19 21
11 17
9 93
29 71
21 67
40 80
41 45
4 14
22 31
14 27
74 78
34 42
37 47
32 81
51 94
24 77
55 64
47 60
7 24
59 71
70 80
17 74
36 87
77 88
47 96
21 44
0 21
6 64
10 34
21 80
41 58
54 77
73 90
39 97
51 71
2 66
43 67
3 31
22 44
66 87
32 94
24 90
17 51
55 77
47 73
7 37
69 97
61 93
40 70
39 74
10 47
3 8
62 94
54 90
20 97
12 93
13 58
51 84
24 67
3 44
43 80
35 76
15 18
1 83
7 14
46 91
5 53
17 64
49 96
28 73
80 83
5 89
6 54
10 24
42 93
62 71
81 84
73 80
0 96
12 70
32 48
23 79
2 56
35 53
14 30
1 60
32 84
24 80
65 81
17 41
35 89
76 90
1 96
47 63
5 66
6 31
58 78
9 73
50 74
69 87
21 47
8 77
27 90
39 64
31 60
62 84
4 79
64 93
24 57
43 70
16 53
35 66
46 81
6 8
38 77
9 50
68 99
18 98
58 91
50 87
2 10
61 96
8 90
0 86
20 64
12 60
13 25
32 38
24 34
3 11
34 84
53 97
13 61
4 92
24 70
65 71
16 66
9 27
68 76
28 40
26 79
5 56
6 21
80 86
27 80
20 41
11 72
30 85
75 93
0 99
20 77
33 96
32 51
23 82
64 83
24 47
84 98
56 79
22 86
1 63
65 84
76 93
49 76
15 83
7 79
26 92
27 57
30 62
50 77
63 96
42 73
19 89
11 85
12 50
52 86
31 63
23 59
1 40
53 87
45 83
46 48
64 96
56 92
17 21
3 86
49 53
22 99
28 30
15 60
46 84
30 39
50 54
42 50
82 86
61 63
7 92
8 57
27 70
0 53
39 44
30 75
83 87
94 96
41 90
72 77
44 95
4 59
64 73
24 37
56 69
34 87
5 23
37 92
78 93
57 70
68 79
26 82
18 78
19 43
79 94
30 52
63 86
29 93
21 89
41 67
12 40
52 76
10 79
1 30
33 99
34 64
45 73
64 86
56 82
3 76
22 89
14 85
26 59
67 97
19 20
17 96
7 82
48 83
40 79
19 56
20 21
6 86
41 80
1 7
33 76
34 41
25 72
13 18
53 54
56 59
2 88
3 53
22 66
67 74
86 87
46 51
5 13
70 79
3 89
49 56
89 92
15 63
7 59
48 60
0 20
79 84
11 29
30 42
71 80
29 83
48 96
21 79
40 92
60 70
33 53
52 66
25 49
44 62
4 26
10 69
2 65
22 43
14 39
33 89
34 54
25 85
32 93
14 75
55 76
15 40
18 45
78 96
36 99
48 73
0 33
6 76
21 92
62 93
33 66
44 75
10 82
51 83
2 78
14 52
66 99
59 60
16 98
28 72
48 50
0 10
5 88
92 93
17 99
63 66
9 95
21 69
40 82
73 79
52 56
25 39
44 52
10 59
3 20
14 29
74 80
85 89
13 70
32 83
37 49
24 79
36 53
26 39
59 73
70 82
77 90
9 72
28 85
21 46
80 95
0 23
6 66
2 32
62 83
54 79
73 92
31 95
32 60
51 73
23 91
2 68
43 69
22 46
24 92
9 49
47 75
6 43
29 63
61 95
39 76
31 72
2 45
3 10
22 23
54 92
14 19
20 99
12 95
4 91
32 73
24 69
43 82
16 65
35 78
36 43
55 56
1 85
88 90
38 89
17 66
77 80
29 40
69 76
48 53
61 72
21 36
80 85
27 79
6 56
30 84
50 99
10 26
62 73
12 72
4 68
51 63
84 97
3 23
43 59
14 32
13 73
24 82
65 83
57 79
9 39
58 80
77 93
69 89
42 72
80 98
8 79
0 75
19 88
11 84
20 89
13 50
32 63
4 81
23 94
24 59
64 95
43 72
17 20
35 68
28 29
5 45
6 10
65 96
46 83
38 79
57 92
50 53
29 30
15 95
21 26
27 69
30 74
50 89
42 85
2 12
8 92
39 79
11 97
13 27
31 75
4 58
32 40
72 76
24 36
51 53
43 49
35 45
95 96
87 92
34 86
13 63
45 95
46 60
37 91
57 69
3 98
76 82
68 78
28 42
15 72
5 58
46 96
79 93
50 66
42 62
61 75
8 69
27 82
20 43
11 74
30 87
31 52
23 48
83 99
75 95
25 94
53 76
4 71
24 49
64 85
16 45
35 58
1 65
46 73
5 35
65 86
38 69
57 82
49 78
15 85
7 81
26 94
18 90
11 51
30 64
63 98
23 25
0 78
41 79
60 92
11 87
4 48
10 91
45 85
5 12
46 50
38 46
17 23
49 55
15 62
6 13
19 32
18 67
30 41
50 56
42 52
0 55
40 91
19 68
60 69
20 33
39 46
31 42
4 25
91 93
23 38
83 89
94 98
41 92
1 19
34 53
25 84
4 61
44 97
64 75
37 58
56 71
3 65
22 78
14 74
34 89
26 48
86 99
37 94
38 59
70 91
15 75
7 71
26 84
0 32
19 45
79 96
30 54
71 92
21 91
0 68
33 65
12 42
10 81
34 66
66 98
45 75
37 71
56 84
14 87
7 48
8 13
26 61
18 57
17 98
9 94
40 81
20 23
4 15
41 82
1 9
33 78
34 43
53 56
45 52
64 65
51 95
15 29
26 38
67 76
97 98
70 81
28 84
47 97
48 62
8 26
27 39
7 61
19 35
11 31
71 82
63 78
82 91
48 98
41 59
33 55
4 28
44 64
2 67
3 32
14 41
74 92
25 87
66 88
37 61
3 68
14 77
15 42
55 78
7 38
18 47
28 97
48 75
0 35
6 78
4 5
2 44
21 94
54 91
25 64
37 38
51 85
2 80
3 45
43 81
22 58
14 54
26 28
13 95
18 24
17 65
55 91
28 74
29 39
47 87
48 52
8 16
0 12
19 25
5 90
11 21
6 55
9 97
50 98
29 75
62 72
73 81
6 91
44 54
10 61
2 57
3 22
66 78
85 91
16 77
36 55
55 68
28 51
1 97
47 64
7 28
9 74
69 88
40 61
80 97
6 68
62 85
81 98
54 81
25 54
32 62
23 93
24 58
43 71
3 35
13 85
65 95
17 55
36 68
9 51
6 45
50 88
10 15
42 84
8 91
33 35
31 74
10 51
51 52
23 70
2 47
3 12
84 86
54 94
14 21
13 62
32 75
17 32
35 80
36 45
55 58
28 41
88 92
6 22
38 91
77 82
50 65
21 38
19 77
30 86
10 28
62 75
54 71
73 84
39 91
31 87
32 52
4 70
23 83
43 61
16 44
35 57
1 64
34 98
13 75
5 34
65 85
16 80
17 45
49 77
68 90
15 84
26 93
5 70
50 78
19 90
20 55
39 68
11 86
30 99
23 60
1 41
12 87
4 83
45 84
64 97
16 57
56 93
35 70
9 18
5 47
57 94
49 90
9 54
15 97
21 28
8 58
39 45
2 14
83 88
75 84
8 94
94 97
13 29
31 77
32 42
23 73
64 74
24 38
51 55
16 34
95 98
1 54
87 94
34 88
46 62
65 75
38 58
57 71
9 31
49 67
28 44
27 48
79 95
58 72
71 91
30 53
42 64
61 77
8 71
19 80
20 45
11 76
30 89
23 50
75 97
1 31
34 65
53 78
25 96
72 91
22 90
14 86
26 60
5 37
46 75
26 96
27 61
19 57
23 27
2 4
0 80
41 81
1 8
60 94
13 19
53 55
44 86
23 63
24 28
10 93
16 24
56 60
2 89
1 44
34 78
53 91
5 14
86 88
37 83
56 96
57 61
9 21
68 70
14 99
15 64
7 60
8 25
26 73
27 38
19 34
79 85
30 43
90 94
63 77
48 97
8 61
60 71
20 35
12 31
52 67
4 27
23 40
83 91
1 21
53 68
64 77
37 60
3 67
22 80
15 41
67 88
26 50
59 84
38 61
49 70
15 77
7 73
8 38
18 82
11 43
71 94
29 97
21 93
60 84
52 80
25 63
34 68
37 73
3 80
14 89
15 54
55 90
47 86
7 50
0 11
18 59
19 24
11 20
30 33
63 67
29 74
52 57
44 53
10 60
75 77
1 11
25 76
44 89
45 54
85 90
37 50
10 96
51 97
2 92
22 70
15 31
67 78
18 36
78 87
70 83
8 28
48 64
40 60
0 24
19 37
6 67
11 33
63 80
29 87
21 83
40 96
41 61
33 57
44 66
2 69
66 90
13 84
24 93
15 44
47 76
7 40
59 87
18 49
5 79
70 96
17 90
9 86
29 64
48 77
33 34
4 7
10 50
2 46
62 97
54 93
34 35
66 67
12 96
37 40
51 87
35 79
14 56
47 53
59 64
9 63
29 41
47 89
8 18
0 14
92 97
9 99
42 96
21 73
81 87
33 47
25 43
39 90
31 86
2 59
14 33
74 84
24 83
16 79
36 57
55 70
28 53
5 69
6 34
58 81
80 99
27 93
30 98
10 40
54 83
13 51
31 99
32 64
51 77
24 60
23 95
3 37
1 76
13 87
17 57
36 70
28 66
29 31
21 27
6 47
58 94
42 86
2 13
62 64
8 93
54 60
20 67
11 98
31 76
23 72
43 50
35 46
95 97
1 53
87 93
13 64
36 47
9 30
1 89
46 97
58 71
29 44
8 70
27 83
30 88
10 30
62 77
13 41
31 89
72 90
23 85
35 59
5 36
38 70
17 47
9 43
68 92
26 95
18 91
6 37
50 80
42 76
8 83
0 79
20 57
39 70
12 53
31 66
4 49
24 27
3 4
35 36
34 77
13 54
4 85
56 95
17 24
14 98
46 87
38 83
58 61
49 92
15 99
7 95
8 60
19 69
20 34
91 94
23 39
2 16
83 90
94 99
54 63
20 70
13 31
44 98
32 44
72 80
64 76
24 40
43 53
84 91
56 72
23 75
22 79
34 90
45 99
5 26
37 95
17 37
57 73
49 69
68 82
15 76
26 85
27 50
19 46
79 97
71 93
8 73
52 79
12 43
31 56
4 39
23 52
75 99
25 98
53 80
13 44
45 76
64 89
37 72
14 88
15 53
46 77
18 58
49 82
42 43
27 63
0 46
18 94
19 59
20 24
30 68
31 33
41 83
1 10
12 56
53 57
25 75
24 30
56 62
16 26
2 91
22 69
14 65
45 89
46 54
37 85
38 50
97 99
89 95
15 66
47 98
26 75
90 96
63 79
82 92
48 99
21 82
20 37
4 29
23 42
10 72
75 89
1 23
34 57
74 93
15 43
67 90
26 52
59 86
18 48
78 99
38 63
70 95
17 89
0 36
19 49
6 79
71 96
63 92
21 95
41 73
25 65
44 78
37 39
14 55
15 20
38 40
70 72
3 82
36 79
55 92
8 17
18 61
19 26
63 69
40 85
60 63
6 92
12 23
10 62
74 83
34 47
25 78
93 96
85 92
3 59
43 95
35 91
14 68
15 33
55 69
1 98
18 38
17 79
8 30
48 66
40 62
11 35
29 89
21 85
41 63
52 72
25 55
51 76
2 71
3 36
22 49
14 45
66 92
13 86
24 95
16 91
36 69
55 82
28 65
7 42
58 93
48 79
21 62
61 98
40 75
33 36
25 32
4 9
2 48
62 99
22 26
14 22
34 37
37 42
32 76
51 89
3 49
96 97
55 59
1 88
7 19
15 23
47 55
18 28
59 66
17 69
47 91
48 56
40 52
80 88
5 94
92 99
21 75
54 72
33 49
73 85
20 79
51 66
2 61
3 26
43 62
22 39
14 35
13 76
32 89
24 85
43 98
16 81
17 46
35 94
76 95
55 72
28 55
5 71
6 36
77 96
29 56
21 52
61 88
27 95
10 42
2 38
20 92
12 88
13 53
32 66
23 97
24 62
51 79
43 75
16 58
35 71
1 78
46 86
16 94
58 60
9 55
28 68
15 98
21 29
61 65
5 84
58 96
10 19
42 88
2 15
62 66
8 95
54 62
31 78
23 74
3 16
35 48
95 99
14 25
87 95
1 55
13 66
4 97
65 76
36 49
68 81
28 45
1 91
47 58
5 61
6 26
77 86
69 82
42 65
61 78
8 72
19 81
11 77
30 90
31 55
2 28
20 82
12 78
72 92
4 74
24 52
1 68
5 38
46 76
38 72
17 49
57 85
76 98
49 81
68 94
26 97
6 39
18 93
50 82
42 78
27 98
11 90
4 51
23 64
24 29
16 25
1 45
53 92
65 66
37 84
16 61
57 62
17 26
3 91
9 22
56 97
68 71
36 39
15 65
26 74
6 16
38 85
79 86
58 63
69 72
42 55
27 75
91 96
23 41
2 18
83 92
41 95
1 22
53 69
72 82
45 65
4 64
56 74
35 51
1 58
5 28
46 66
57 75
9 35
49 71
68 84
7 74
8 39
26 87
18 83
19 48
11 44
71 95
30 57
29 98
8 75
0 71
41 72
60 85
12 45
4 41
23 54
1 35
34 69
45 78
38 39
56 87
3 81
9 12
22 94
15 55
26 64
18 60
38 75
30 34
71 72
42 45
7 87
8 52
48 88
27 65
40 84
20 26
11 57
30 70
4 18
1 12
60 98
34 46
25 77
44 90
45 55
4 54
64 68
10 97
2 93
22 71
34 82
86 92
46 56
38 52
78 88
57 65
3 94
15 68
26 77
79 89
71 85
30 47
63 81
82 94
41 62
12 35
52 71
44 67
4 31
23 44
10 74
1 25
33 94
53 72
25 90
45 68
37 64
32 98
3 71
15 45
67 92
26 54
70 97
29 65
48 78
8 42
0 38
40 74
19 51
6 81
4 8
63 94
62 98
1 2
52 84
44 80
37 41
10 87
2 83
14 57
26 31
13 98
18 27
38 42
70 74
55 94
28 77
47 90
0 15
19 28
5 93
63 71
82 84
29 78
48 91
40 87
4 21
44 57
10 64
22 38
34 49
93 98
85 94
45 58
37 54
24 84
43 97
14 70
7 31
26 44
18 40
59 78
17 81
36 94
77 95
0 28
40 64
21 87
62 88
41 65
33 61
10 77
23 96
2 73
43 74
22 51
14 47
7 8
66 94
