1000 2000 1
175 904
733 786
257 713
35 600
209 673
398 423
295 447
394 718
680 932
527 573
371 671
692 906
201 934
25 34
16 214
254 680
548 632
620 737
145 364
249 830
115 192
89 957
100 478
205 531
273 549
13 330
673 748
886 892
101 702
203 570
751 933
74 605
119 756
9 970
338 651
772 992
345 510
12 221
429 918
389 882
261 696
560 849
445 633
470 955
218 325
421 770
434 889
13 716
242 310
202 237
89 705
346 367
824 894
401 977
244 319
308 749
306 968
29 431
296 366
822 970
298 964
268 447
341 517
32 585
383 779
783 978
214 741
276 573
331 997
189 913
41 935
73 967
225 872
261 529
312 611
467 634
293 332
12 90
443 542
722 860
125 641
525 840
313 468
180 204
52 247
538 815
162 793
321 557
136 920
644 832
156 340
46 883
261 771
192 937
18 635
367 560
627 865
351 701
876 931
821 995
822 960
823 925
204 767
71 503
126 847
50 974
164 730
78 398
150 688
573 641
112 432
118 326
227 907
268 679
254 781
407 465
132 346
591 780
521 981
396 986
23 66
34 490
621 695
89 505
30 190
99 964
244 299
642 983
54 175
97 774
833 959
757 820
16 148
281 302
12 443
847 979
313 520
679 757
108 905
597 724
47 400
447 865
306 660
146 150
90 627
91 363
157 537
455 905
18 867
402 713
189 340
173 661
11 599
258 476
236 537
211 364
175 972
39 931
218 933
213 446
134 647
180 534
101 204
185 612
145 576
355 651
606 907
664 997
187 694
304 425
35 380
594 932
532 957
298 790
18 327
61 963
509 830
891 895
531 589
132 843
486 846
507 640
122 798
62 375
600 953
467 689
247 457
119 765
928 934
268 479
154 759
252 656
159 465
645 996
91 559
310 597
659 751
469 999
367 759
643 663
424 475
81 630
183 269
150 766
135 866
846 878
484 791
240 659
118 669
31 521
166 337
363 622
71 859
862 943
114 146
164 641
692 797
649 835
609 619
209 914
624 927
757 862
498 522
201 681
524 660
568 883
620 893
721 945
159 275
993 995
610 736
387 956
501 978
553 988
600 691
146 192
258 433
121 693
101 449
301 660
863 921
403 936
77 97
116 699
395 788
409 543
179 755
209 289
53 270
88 902
95 532
113 437
0 380
154 209
319 505
229 468
16 95
578 621
235 776
83 270
157 219
828 912
49 393
261 950
564 579
380 907
646 648
92 211
323 372
276 297
16 746
189 408
119 987
830 999
500 944
158 686
519 548
187 978
468 619
16 867
187 340
139 263
157 726
391 664
135 558
247 656
393 710
553 582
181 530
51 829
283 843
165 967
22 393
151 803
135 270
542 545
84 899
229 988
545 699
575 987
571 608
269 615
641 932
569 647
198 591
620 729
211 530
316 732
333 901
126 751
642 753
326 633
925 961
97 135
139 806
5 726
476 577
4 847
230 930
310 773
295 910
70 154
61 334
797 897
64 897
415 566
431 690
115 570
116 535
20 976
421 762
207 802
294 541
739 928
278 453
274 828
349 513
460 875
336 430
363 533
88 859
475 481
255 298
562 598
98 643
565 603
178 343
203 287
103 349
260 641
607 785
499 694
34 335
79 486
452 582
166 225
423 784
697 944
278 960
514 679
166 261
337 902
512 754
584 859
658 808
109 486
903 904
294 531
593 864
3 504
286 792
63 900
779 990
305 433
133 964
48 511
289 308
3 625
706 862
410 863
362 823
407 974
92 819
213 700
196 647
491 564
810 955
723 807
380 962
52 602
322 463
521 672
70 507
190 572
369 574
94 455
635 959
882 979
127 223
7 78
868 901
128 862
119 139
71 99
215 601
142 388
130 679
437 979
421 971
343 414
10 991
311 839
450 625
134 505
58 286
43 386
25 454
600 834
334 980
450 746
107 672
266 845
137 960
775 951
482 698
379 722
15 854
559 689
425 838
591 641
57 936
131 885
54 144
91 849
318 748
142 522
207 880
139 596
204 991
426 775
35 624
5 781
28 356
47 369
2 892
613 637
111 390
97 226
378 999
335 512
634 696
63 615
258 674
433 526
699 825
238 881
250 935
444 949
33 857
64 170
143 463
166 712
641 676
208 974
354 768
353 574
491 773
716 891
132 691
701 848
178 578
402 960
623 928
545 600
438 474
198 901
283 371
278 930
274 896
176 510
312 779
740 960
336 727
51 69
469 582
83 138
33 546
760 911
579 899
357 786
184 486
162 696
155 428
533 868
84 633
524 819
210 888
331 998
44 676
607 673
191 466
36 592
350 639
170 263
215 414
165 593
12 500
761 767
619 912
11 126
131 865
446 877
42 909
34 151
172 344
574 653
143 695
698 805
484 845
260 722
605 762
752 781
103 106
284 792
105 561
303 805
559 731
769 986
139 553
135 174
162 951
376 502
503 606
420 837
488 563
433 627
773 961
19 84
227 787
383 891
492 569
30 623
193 421
712 837
710 913
59 952
280 920
652 828
371 400
90 121
795 956
276 397
693 945
552 969
886 994
241 964
337 672
257 563
190 244
217 872
735 947
383 904
89 277
394 653
34 118
411 971
626 667
425 497
729 759
26 113
342 764
99 857
125 766
768 872
688 763
655 815
229 823
65 226
56 257
503 717
520 886
470 540
494 568
560 699
666 680
189 377
302 403
57 343
242 654
107 694
272 798
129 898
757 955
258 454
183 689
170 341
96 312
792 918
169 381
306 795
499 781
241 931
10 244
198 969
280 779
300 608
115 791
281 823
88 694
180 777
802 940
268 624
387 990
152 449
37 993
261 621
289 948
738 811
571 783
11 37
679 761
399 447
737 851
783 818
313 789
131 668
626 876
60 464
385 749
235 990
250 561
543 734
451 471
48 346
420 892
138 914
387 715
273 464
786 949
632 662
29 598
307 722
296 569
314 617
516 572
60 212
47 93
85 385
733 835
224 400
363 744
403 551
267 398
647 768
472 687
257 762
449 783
62 523
367 750
19 561
5 626
37 466
53 65
238 376
309 894
342 842
223 476
447 715
576 600
695 700
395 933
81 657
497 572
332 913
224 822
235 306
276 344
43 630
680 693
228 941
146 759
12 679
386 969
587 730
244 885
392 820
155 993
525 526
524 710
571 642
609 754
99 274
198 396
378 592
263 791
705 987
409 845
266 271
99 768
283 360
55 990
299 304
53 837
56 168
589 897
95 690
127 722
13 886
293 754
217 652
12 777
287 487
47 60
354 397
146 219
143 851
365 635
347 358
157 377
260 878
119 759
272 709
231 820
547 648
357 667
234 862
251 277
288 653
79 808
587 720
116 955
380 427
11 115
343 625
238 343
230 339
482 932
132 670
199 580
343 890
398 560
773 852
251 398
897 918
470 585
183 263
180 603
82 934
571 753
442 868
37 145
777 858
300 784
710 768
737 785
261 676
12 875
355 720
155 286
33 934
207 741
86 680
143 805
182 275
298 715
485 807
254 794
85 607
394 688
560 986
154 298
518 611
658 734
315 660
45 656
787 884
325 710
572 816
269 629
223 662
623 632
167 538
133 396
432 921
169 956
157 573
62 866
177 258
160 614
290 464
141 750
609 855
723 877
482 634
647 967
121 134
458 951
285 614
116 693
178 259
122 736
74 696
561 814
217 861
619 904
537 722
461 583
361 645
35 969
714 769
51 159
373 884
247 516
27 741
188 695
775 900
508 785
568 952
195 590
305 987
548 857
139 509
415 858
128 536
239 861
7 246
159 380
415 714
810 835
199 681
205 612
16 825
319 597
318 409
164 314
190 452
36 165
488 820
267 443
600 881
170 510
51 293
430 586
571 674
322 644
49 485
282 836
278 457
225 302
63 240
195 688
121 510
823 931
269 753
211 403
128 634
73 698
112 955
818 852
588 884
726 854
228 577
126 974
426 943
245 931
968 997
178 612
364 473
501 893
373 707
384 982
56 622
464 682
407 965
883 894
455 633
107 444
200 492
60 103
274 966
192 259
131 392
684 721
281 596
575 814
154 641
201 573
822 920
380 989
695 964
446 934
392 963
284 872
768 805
548 801
327 424
280 349
45 217
891 911
143 343
248 396
167 328
126 290
953 971
126 964
110 431
80 933
169 782
57 312
156 434
315 836
710 957
429 858
53 836
269 311
273 839
205 821
165 519
286 400
963 993
113 594
132 836
118 672
537 921
34 41
35 265
85 760
23 785
253 344
552 640
639 645
86 87
136 582
142 513
28 262
89 995
608 657
439 885
143 886
175 955
510 945
241 491
660 969
129 170
231 855
333 345
427 501
572 776
589 945
95 293
452 939
59 456
382 880
52 596
399 969
194 271
140 300
469 884
537 610
302 627
181 337
159 435
61 766
179 529
253 478
471 786
642 933
509 669
413 701
140 951
395 683
609 612
633 969
417 936
429 681
576 700
26 147
266 394
42 537
237 367
418 528
302 496
526 735
933 973
144 404
43 501
56 291
585 641
319 930
35 88
561 692
95 139
31 612
485 819
179 218
112 228
785 851
218 883
211 844
258 776
572 972
297 395
567 893
841 867
236 873
523 966
524 931
755 800
773 854
696 750
394 448
419 621
959 980
275 842
588 664
687 786
291 557
492 547
509 636
365 771
458 819
633 671
629 817
47 461
228 393
144 659
339 489
645 910
370 742
315 397
48 282
136 660
944 950
220 510
57 632
25 271
434 884
322 414
363 415
157 984
284 796
570 744
128 548
114 613
582 718
46 744
395 483
313 450
46 335
128 813
398 637
503 839
236 346
367 686
10 677
197 503
516 894
630 916
274 723
182 231
274 314
378 551
356 941
651 975
314 795
530 685
119 705
276 280
500 662
216 903
178 382
497 773
21 664
171 343
271 430
166 902
275 580
103 882
632 817
371 633
425 524
143 509
401 661
167 494
53 472
144 590
737 875
609 955
62 328
451 518
77 191
173 653
274 327
165 649
607 765
33 121
96 735
48 658
588 788
78 128
318 375
59 789
108 910
624 975
54 710
684 697
162 392
206 578
134 181
335 463
371 911
572 821
504 766
871 968
162 657
308 976
230 419
293 847
484 564
717 766
769 813
287 773
78 779
536 574
346 859
60 236
744 868
149 430
172 413
532 576
9 392
22 474
803 810
24 700
205 303
304 574
597 827
843 968
182 319
130 574
269 732
478 726
743 917
521 953
99 815
249 265
493 891
111 789
2 882
147 217
228 965
234 896
23 941
687 841
721 754
14 892
225 438
764 832
24 268
664 894
756 977
39 396
545 793
779 960
698 743
718 950
114 835
46 966
712 906
111 537
787 820
565 707
599 620
739 780
391 591
598 804
259 292
149 420
529 561
446 792
699 972
12 271
169 892
339 400
575 793
770 852
17 880
507 658
95 979
754 764
177 194
976 993
575 649
427 634
306 344
297 790
543 702
141 807
391 424
828 950
775 944
89 876
413 857
106 291
137 544
757 926
495 926
130 276
93 766
90 877
71 455
166 198
114 825
101 477
335 793
441 811
296 838
105 453
180 218
561 992
46 812
500 982
334 541
421 954
166 175
31 130
270 906
726 957
633 729
182 564
19 915
225 791
808 846
458 733
623 800
52 719
142 204
21 94
204 853
245 854
243 515
590 888
382 859
174 830
616 797
620 767
223 951
104 478
299 308
166 718
461 486
64 670
740 953
319 402
90 579
176 997
59 183
3 431
168 498
554 799
48 173
94 140
779 917
872 965
596 652
175 250
522 623
54 634
323 642
617 860
274 637
734 887
404 832
645 958
280 308
290 730
27 765
45 670
225 637
312 605
115 356
275 723
636 994
219 562
261 415
555 633
267 346
95 648
78 824
574 911
441 647
160 219
142 845
61 771
451 697
229 584
494 509
68 895
272 402
598 715
378 828
815 829
385 687
122 871
477 690
722 903
340 572
347 846
160 196
272 523
570 854
516 654
708 824
687 801
415 836
103 341
600 918
313 596
334 390
230 418
597 620
696 742
91 488
409 914
598 813
489 943
152 763
120 402
499 807
265 640
37 224
260 790
233 693
373 587
24 61
308 723
97 948
621 954
90 909
815 819
191 583
472 602
278 471
209 637
591 702
97 130
608 871
266 991
134 314
183 993
688 720
186 244
391 613
293 715
541 557
357 736
82 388
154 642
601 724
935 978
955 956
833 930
445 705
776 841
100 707
504 647
17 300
356 632
6 519
286 424
784 786
735 930
177 782
178 747
144 605
12 306
564 819
515 517
672 846
208 891
231 349
107 808
601 822
245 778
17 542
231 614
47 384
393 649
99 961
21 633
642 980
916 954
917 919
701 886
88 579
9 106
23 678
233 408
0 960
330 871
370 907
480 666
404 756
450 643
170 180
467 961
347 816
708 758
390 857
55 787
446 529
318 609
223 600
502 689
320 798
386 743
20 277
124 743
90 601
10 492
88 677
287 886
228 571
792 878
116 366
156 402
375 626
147 353
433 796
397 501
250 976
327 405
293 937
138 246
268 764
168 497
21 106
130 916
618 999
62 781
209 571
482 729
382 462
618 855
140 965
838 858
35 125
116 199
460 912
707 932
135 886
228 296
452 678
713 719
12 757
127 329
782 818
600 927
148 946
544 617
88 523
159 812
258 934
39 630
212 967
285 951
92 264
859 894
188 466
298 597
176 757
360 837
581 662
178 308
44 982
523 571
34 529
70 711
318 962
166 419
146 212
370 743
157 370
422 790
445 773
531 962
678 715
763 939
168 464
131 353
839 934
587 978
208 393
823 846
320 634
163 916
318 710
149 752
291 427
491 601
169 321
286 577
679 917
134 974
157 612
43 590
164 471
523 669
482 817
361 756
720 954
132 820
480 829
497 918
546 694
765 961
356 942
623 877
275 316
200 551
345 640
97 309
134 722
597 861
617 839
509 748
17 57
218 864
454 583
14 131
368 400
393 573
766 818
795 961
761 968
469 976
201 753
482 506
294 306
918 924
865 918
550 677
43 989
261 394
232 367
759 936
638 646
818 842
235 521
506 835
93 437
225 593
320 336
365 487
212 394
517 621
12 714
554 768
322 382
525 970
298 433
218 324
773 812
314 786
529 860
415 609
224 978
353 634
30 618
559 968
9 681
311 637
212 371
142 572
83 257
53 872
260 527
453 842
387 488
605 976
73 966
817 975
619 730
208 638
537 548
154 667
727 974
76 976
612 727
476 574
133 729
59 551
145 703
300 348
596 984
19 743
574 965
27 338
848 976
51 695
52 511
21 789
272 371
637 792
157 304
525 816
347 550
16 301
60 636
147 375
200 387
730 961
662 826
666 796
96 451
482 486
284 767
659 793
332 398
120 744
621 946
326 849
34 332
98 725
835 875
80 936
737 977
6 907
562 716
46 571
565 721
232 432
207 259
311 496
229 543
13 659
218 533
12 285
438 802
220 988
143 359
884 888
830 917
193 625
65 67
77 270
540 934
146 486
493 630
178 438
223 589
156 270
433 844
165 355
11 68
471 547
247 839
233 904
79 846
462 498
332 797
592 873
55 897
259 404
21 612
100 905
91 182
17 233
159 582
343 519
596 699
387 854
340 593
477 747
510 781
421 703
19 543
720 770
16 654
206 369
533 535
48 606
282 544
255 527
771 821
202 255
337 745
111 927
35 114
18 61
536 810
889 934
466 602
146 332
257 757
12 23
869 992
293 530
84 951
37 52
65 937
362 486
50 894
319 524
5 248
246 311
423 761
377 385
697 741
669 822
17 982
368 422
231 596
378 466
571 781
557 846
146 754
248 356
168 247
402 414
749 787
86 443
584 836
263 750
839 946
34 698
646 896
143 833
106 128
612 903
405 461
584 692
515 741
407 650
65 770
115 887
296 819
288 815
249 478
105 699
727 862
806 926
114 927
138 238
554 790
162 860
20 776
384 909
596 679
139 812
376 496
795 888
268 468
525 884
258 769
163 797
907 949
66 864
238 302
282 488
386 954
95 927
295 952
882 897
97 707
318 941
720 835
390 551
84 365
143 414
196 277
179 633
538 980
57 527
68 765
442 863
630 654
207 700
8 756
323 502
242 285
266 642
659 982
325 548
669 766
177 829
58 878
661 762
161 296
537 992
367 401
832 909
46 86
751 921
53 619
365 885
232 621
246 376
80 981
311 505
530 580
463 639
47 166
951 987
263 586
302 577
323 371
355 705
288 615
102 259
307 628
240 867
157 195
279 566
196 797
523 926
410 869
69 347
215 401
156 989
962 973
247 919
263 972
104 161
803 836
160 321
665 722
125 220
327 992
483 602
496 541
287 547
774 894
359 652
176 945
41 900
381 819
332 963
47 156
36 821
819 938
493 508
2 270
406 768
104 174
260 650
473 794
181 506
533 845
298 942
144 475
39 193
212 350
704 812
689 949
112 937
530 547
170 878
391 617
20 36
164 309
454 673
267 667
111 419
424 650
692 730
294 949
495 939
293 804
429 585
379 993
260 398
780 928
148 751
38 965
455 759
78 772
655 933
246 356
772 960
282 687
462 883
382 774
153 164
606 784
148 872
872 903
167 971
475 709
153 658
0 565
520 860
700 976
111 432
644 895
8 834
482 753
5 679
74 370
117 368
261 870
362 544
345 720
340 641
338 717
539 707
160 939
504 749
104 141
208 607
671 746
60 592
112 639
204 493
154 901
37 87
281 676
318 335
356 590
75 199
441 814
525 664
524 848
251 281
82 323
66 644
448 709
12 673
53 445
399 444
215 623
390 475
277 418
288 464
496 642
319 680
94 598
96 528
201 581
60 196
32 363
40 892
679 699
381 776
333 736
349 564
255 408
226 759
406 689
398 456
818 899
647 788
158 331
223 460
269 427
751 845
588 967
379 973
236 924
417 856
678 860
321 888
495 775
417 447
120 340
251 909
25 188
331 523
31 905
7 319
91 956
141 548
507 605
92 134
221 922
651 735
624 781
516 690
807 982
768 911
724 984
210 354
777 996
236 492
49 257
185 855
224 783
451 831
293 653
737 815
78 850
191 727
401 457
484 900
282 765
303 559
870 935
301 635
283 321
273 536
