1000 2000 1
227 685
99 765
561 710
201 404
87 382
138 613
456 922
120 415
130 874
666 768
126 229
318 436
341 828
353 802
132 425
212 683
495 742
202 489
143 174
4 770
147 553
298 722
217 734
827 843
171 538
578 776
13 595
137 890
52 437
109 154
29 948
751 969
372 384
817 914
279 830
247 389
571 858
16 227
270 372
19 381
168 998
10 561
310 444
532 902
7 263
416 956
64 388
204 548
210 442
242 660
52 908
78 179
497 657
302 710
60 539
447 656
165 412
135 798
67 700
395 645
741 873
136 799
95 618
634 783
453 591
69 745
373 482
33 270
234 934
307 509
239 374
386 393
317 559
396 852
315 778
37 96
175 475
180 590
435 514
448 898
166 920
521 739
667 793
375 505
324 719
9 564
597 963
39 964
795 978
239 760
158 772
871 973
64 993
199 809
146 654
498 876
163 743
213 335
824 897
164 213
655 716
527 530
163 599
3 381
10 240
428 753
587 926
668 771
82 790
29 784
95 729
349 874
161 674
122 337
21 371
212 905
8 846
497 745
610 622
281 446
400 812
155 227
413 751
30 455
557 795
444 738
217 318
120 385
294 421
409 753
190 449
514 955
494 711
226 817
669 712
525 964
314 335
299 621
169 920
892 986
240 980
739 929
366 567
96 563
67 765
286 803
186 865
566 857
939 959
27 548
420 888
441 682
206 550
700 713
77 405
931 991
824 828
183 423
964 988
363 390
89 904
206 406
746 765
305 385
153 516
496 510
186 613
377 818
37 341
351 766
698 990
832 953
124 903
867 947
209 947
664 853
400 923
268 358
438 806
117 491
102 182
221 548
786 814
578 785
116 382
44 851
232 822
237 528
683 843
888 983
381 392
433 439
369 912
194 651
601 926
20 535
922 981
438 639
12 122
234 989
283 356
387 822
78 332
433 825
127 718
400 913
197 962
93 990
41 571
30 821
814 903
232 547
222 991
410 962
587 595
67 71
26 33
669 813
195 750
198 526
280 565
27 119
41 957
144 146
199 756
301 395
237 868
283 984
301 889
448 822
48 443
615 670
611 965
598 995
565 669
663 832
508 958
185 942
534 867
720 728
518 859
419 471
112 994
154 582
359 722
320 385
204 439
149 503
523 564
314 570
756 772
847 890
457 884
303 826
220 648
191 621
352 538
40 43
43 606
19 923
273 659
427 717
84 500
830 878
734 761
205 268
769 984
520 917
776 843
99 515
196 942
312 479
536 781
57 783
66 194
35 844
204 573
59 155
360 640
191 719
385 813
357 522
478 632
195 609
6 413
618 828
560 707
397 680
454 805
174 671
642 776
419 847
603 784
439 947
213 226
603 640
221 495
167 524
814 860
14 16
119 447
423 938
32 299
410 739
348 535
279 701
210 830
762 934
182 359
797 812
257 273
74 417
351 582
870 881
50 590
435 660
24 946
40 396
275 299
296 996
18 228
212 508
68 494
36 282
19 458
353 483
248 317
85 668
848 956
206 549
59 387
76 619
739 820
836 981
870 894
247 623
490 838
433 978
144 875
250 893
33 370
42 455
101 504
26 739
157 176
666 956
21 926
356 879
576 919
326 335
571 840
176 805
871 952
589 974
657 992
701 806
354 582
841 929
87 992
84 578
338 345
42 203
38 727
212 763
397 516
594 944
161 388
192 641
820 847
417 759
831 893
22 229
99 678
546 909
181 222
270 825
171 474
38 210
3 481
476 930
172 927
21 386
405 497
792 906
429 854
497 580
30 964
180 271
299 371
752 991
38 187
458 773
614 877
64 324
240 815
35 117
179 427
720 894
640 785
613 768
426 533
531 735
417 484
99 812
374 522
28 788
111 377
477 763
574 961
449 637
514 803
173 244
251 658
464 802
245 498
155 870
906 918
22 340
133 931
596 692
635 949
568 859
80 281
539 832
520 553
46 819
191 908
385 773
381 394
113 171
339 397
50 151
269 418
536 682
802 918
339 891
399 942
28 886
413 468
637 850
145 159
119 924
6 867
709 875
195 245
567 791
236 771
444 720
248 745
155 703
660 955
209 939
530 616
417 559
136 954
222 728
744 953
288 301
666 890
419 604
265 546
278 665
58 253
811 899
704 773
549 570
746 855
712 713
475 886
187 519
95 256
124 957
130 888
283 721
116 315
447 680
360 446
331 648
135 822
477 851
430 627
301 891
18 682
95 377
184 980
15 39
147 158
608 898
422 628
154 319
129 146
169 856
232 238
235 801
663 690
721 960
35 892
79 410
98 423
645 821
642 932
729 900
647 867
116 822
143 430
299 943
321 702
364 923
367 440
114 897
335 865
77 112
86 426
91 541
154 826
150 447
8 134
640 719
30 381
28 457
353 662
438 706
115 461
316 371
14 149
441 631
79 135
103 492
461 954
188 307
284 540
698 903
9 192
127 147
196 921
278 465
367 659
40 264
358 839
739 796
468 827
169 414
131 567
53 239
30 600
72 108
397 430
244 300
822 951
20 183
128 799
102 252
910 920
125 730
60 255
480 549
725 874
202 604
463 645
395 590
305 324
255 732
441 971
356 518
954 998
278 864
532 860
401 526
793 901
431 548
91 894
712 912
772 963
84 446
113 769
207 925
635 994
143 266
368 650
52 264
511 778
439 530
51 942
259 599
920 982
96 721
332 403
342 862
415 846
110 210
295 372
106 585
278 697
390 609
847 970
286 408
780 800
53 880
334 979
810 944
201 342
212 500
31 159
210 390
62 412
241 643
385 916
44 623
115 912
171 584
13 147
236 793
241 908
658 931
410 829
729 991
122 462
118 837
7 332
651 928
176 784
722 808
464 958
96 531
437 595
384 440
315 569
562 855
559 966
140 308
214 257
383 740
595 888
70 365
96 423
215 374
147 468
61 136
197 963
197 734
213 944
617 768
580 737
486 693
145 171
5 914
529 691
287 749
154 485
188 398
521 916
605 915
123 268
149 406
207 496
357 700
380 424
764 795
31 944
620 930
587 753
822 885
842 863
79 697
774 844
31 391
96 786
187 904
722 919
455 575
84 439
54 496
65 654
787 904
144 160
93 752
180 757
956 978
357 798
146 206
222 753
129 711
307 797
111 922
568 609
85 375
820 973
417 705
160 634
68 142
286 630
170 684
727 903
86 461
108 745
489 851
7 433
68 263
32 346
445 515
274 633
18 527
365 900
83 922
78 169
208 315
387 695
478 813
731 850
592 655
69 385
468 885
217 220
15 414
93 333
694 702
193 420
528 935
420 993
580 802
103 648
959 978
34 814
209 666
731 742
332 736
701 719
493 690
203 851
438 754
216 790
703 908
356 684
213 901
112 998
582 618
353 795
693 980
135 981
108 964
753 765
511 823
35 714
175 645
743 837
141 652
227 655
501 815
267 319
538 962
336 827
422 787
107 366
553 861
17 558
518 611
858 908
18 782
90 133
173 805
143 962
270 774
416 828
25 40
363 593
139 699
550 648
46 477
419 573
364 637
452 521
386 396
495 977
810 989
89 963
608 625
86 549
36 957
97 558
46 104
40 698
369 608
429 659
262 482
400 861
81 470
180 449
324 722
458 951
178 259
10 266
619 904
887 984
831 940
281 616
463 513
854 923
164 854
380 744
41 146
285 735
370 959
566 605
184 311
497 771
4 609
124 674
804 927
382 789
174 531
70 819
27 103
470 938
175 841
46 202
4 56
44 537
193 629
915 916
320 441
586 740
9 27
415 449
600 760
9 701
243 602
564 694
220 884
206 949
159 874
193 750
379 877
143 929
204 796
453 597
270 741
398 481
121 618
221 970
149 981
551 961
413 502
95 601
312 944
353 716
21 917
170 631
255 855
607 632
576 910
382 779
573 984
153 398
156 961
707 984
828 981
755 997
434 453
399 724
176 832
84 569
322 886
229 658
344 379
164 677
175 723
220 465
145 700
875 954
8 57
624 963
57 852
379 723
57 443
505 719
462 757
35 275
113 460
84 582
65 303
181 743
53 594
287 532
199 648
460 689
226 522
199 239
608 703
102 980
70 619
393 406
277 603
69 574
7 599
266 859
179 562
224 713
734 784
14 494
523 600
916 940
141 455
197 844
818 819
198 925
95 195
139 875
543 736
455 852
515 637
414 442
144 581
584 853
531 847
630 969
22 475
377 523
10 995
238 859
296 980
203 343
154 487
30 680
560 766
544 672
417 717
725 833
475 658
239 710
808 867
115 351
347 923
721 984
170 961
661 704
266 440
16 494
799 903
24 763
345 669
200 351
57 531
13 116
192 347
207 210
202 769
365 912
596 961
923 947
25 471
742 755
588 697
609 756
13 502
47 723
389 609
642 789
716 738
15 956
377 634
37 157
203 863
327 404
30 526
432 835
653 654
590 863
356 696
494 926
278 368
167 308
86 957
3 56
39 616
179 218
415 903
255 393
147 414
120 168
165 319
549 839
27 534
11 526
399 900
18 156
25 52
208 811
463 692
581 684
33 141
21 432
895 959
434 750
240 390
191 205
717 809
563 751
394 942
286 442
429 936
295 527
64 923
176 347
165 826
279 848
467 639
393 461
725 934
439 577
704 731
75 380
45 537
119 486
815 827
106 367
192 556
244 746
67 296
165 947
156 224
336 420
837 851
207 455
359 669
835 927
291 534
441 887
46 623
206 346
217 621
128 692
68 232
135 816
461 837
55 298
355 447
56 788
132 518
369 839
376 506
256 324
640 844
586 873
112 545
246 396
870 897
193 798
207 324
537 953
21 808
584 656
400 984
122 365
668 884
111 701
693 828
132 266
894 967
705 802
88 345
18 509
728 934
49 762
242 897
149 705
115 563
195 592
45 504
573 623
262 618
561 914
268 661
80 461
31 834
100 296
296 616
104 266
504 910
451 904
431 660
195 569
67 240
156 577
792 824
281 837
21 389
46 482
267 301
358 568
71 246
435 522
534 650
568 908
300 828
135 266
280 770
822 824
499 808
117 892
203 895
556 790
84 306
319 697
738 946
117 748
264 681
173 234
231 504
336 786
0 837
222 535
122 597
671 776
162 261
391 987
26 974
89 356
689 946
176 281
775 869
380 834
2 882
186 474
142 813
39 949
777 915
440 735
53 475
702 741
337 728
267 929
328 679
312 671
321 411
861 913
89 742
65 305
278 449
115 651
161 538
623 712
332 914
835 897
59 118
42 294
783 786
587 911
92 560
292 963
447 608
199 506
102 344
266 681
551 930
87 975
356 983
377 548
418 586
716 917
26 699
347 791
302 374
178 833
199 398
38 301
7 951
72 851
216 307
22 176
239 964
260 758
14 208
173 610
332 783
493 737
315 959
785 994
324 370
308 691
870 952
415 637
63 860
222 767
175 283
125 691
742 888
686 987
247 537
68 794
878 928
274 670
235 562
38 808
261 471
226 779
581 827
652 887
817 954
542 835
303 324
248 388
244 912
18 191
198 387
794 827
23 535
464 543
249 618
128 328
288 317
186 418
26 954
507 998
689 746
162 326
639 925
493 691
557 855
260 977
264 373
810 892
99 651
312 795
440 535
52 310
101 840
589 780
408 768
506 745
25 329
232 542
384 905
52 166
590 744
99 772
21 215
224 803
252 870
640 866
35 643
26 823
404 446
287 864
44 957
570 923
493 560
137 367
350 511
524 776
241 833
63 189
729 916
167 804
35 90
115 873
376 914
92 746
242 425
297 361
268 971
42 516
75 284
608 747
421 512
497 916
222 711
107 501
317 985
955 976
115 441
467 929
215 299
34 144
645 935
691 902
877 949
131 979
199 476
251 752
580 662
61 771
468 866
458 556
88 465
538 930
457 856
752 810
351 466
421 790
413 935
374 449
714 783
415 980
25 682
64 902
36 840
138 708
154 158
572 820
40 810
304 511
494 751
301 442
33 133
557 956
242 801
125 890
116 167
101 267
326 651
237 951
525 860
367 423
382 551
748 874
86 409
540 579
149 694
16 430
135 530
510 593
106 503
268 650
336 821
189 622
163 341
376 485
656 768
316 354
152 331
684 866
340 647
31 715
16 852
232 705
305 546
271 324
33 761
50 176
255 990
143 632
225 293
526 815
160 837
648 920
821 848
544 948
463 880
199 950
443 493
105 534
138 302
464 552
353 864
375 394
497 994
236 544
488 536
21 921
206 292
390 638
264 382
105 920
421 711
271 952
18 357
21 103
912 948
240 964
381 674
312 840
154 403
300 686
320 664
189 998
231 506
299 906
576 626
21 224
855 944
212 987
355 923
357 438
341 759
460 945
921 925
639 947
24 414
34 873
63 113
621 669
819 999
638 987
235 862
397 632
137 147
83 176
101 224
60 601
166 848
735 776
252 542
248 508
477 480
18 311
438 525
695 824
466 623
459 584
538 877
806 957
261 977
491 536
729 853
233 915
40 371
181 459
342 413
150 917
534 763
216 862
105 357
129 714
903 974
221 388
345 683
299 487
546 593
575 916
133 949
149 399
549 598
508 746
29 74
299 752
226 768
124 720
258 571
398 959
634 678
187 367
78 460
606 616
839 967
120 722
244 263
483 545
876 885
146 222
746 775
667 747
286 610
593 947
449 753
101 564
622 681
18 566
327 418
125 549
379 694
653 668
484 487
525 784
55 718
249 620
40 446
686 966
592 959
319 535
144 274
284 434
92 758
800 844
387 711
879 993
218 344
283 330
318 962
124 831
109 968
250 678
10 580
614 695
384 907
872 990
604 681
15 515
293 868
15 286
489 700
242 414
276 327
170 834
554 945
575 739
129 393
540 781
741 771
166 311
420 456
8 777
204 423
902 990
16 488
717 944
135 588
570 745
351 478
884 941
795 863
244 989
101 940
545 837
44 177
799 982
19 907
548 991
645 960
206 324
305 483
97 417
429 927
80 773
341 814
541 988
455 656
41 293
742 749
196 841
263 751
323 765
275 725
34 519
3 940
176 194
155 171
75 816
291 669
281 884
183 727
865 941
382 707
94 420
503 588
761 883
457 737
382 972
683 820
461 707
432 829
470 941
115 564
73 747
256 423
265 508
210 572
424 681
683 941
124 160
36 950
426 727
419 602
152 487
83 653
102 257
385 954
797 819
342 504
888 937
0 246
311 925
99 368
174 282
687 767
205 206
476 849
831 897
168 467
275 450
662 859
67 421
652 931
89 439
369 722
340 924
191 981
263 332
93 558
85 554
727 961
223 933
267 302
140 261
38 744
421 890
393 828
83 522
461 962
339 856
94 122
567 720
485 767
424 671
157 556
392 459
40 645
488 692
130 984
219 796
144 473
586 589
787 844
116 676
197 484
40 766
563 807
101 367
369 447
294 682
78 649
262 995
384 841
274 560
71 875
382 422
244 946
532 855
286 534
85 809
362 529
203 801
499 534
276 791
13 826
496 794
58 977
205 847
235 344
4 448
163 850
652 898
491 715
65 198
191 274
283 686
12 946
64 727
486 865
452 723
164 176
453 953
768 965
227 461
882 950
298 521
631 996
430 677
332 928
431 641
301 797
86 643
147 473
272 770
309 392
518 911
305 538
91 578
598 903
7 615
44 991
304 313
213 720
85 763
191 552
151 479
560 684
489 889
216 465
225 959
422 570
584 977
50 289
15 560
125 728
561 584
183 818
745 850
369 679
314 743
35 245
668 832
612 671
184 755
334 434
520 969
462 619
455 580
788 869
318 611
458 734
163 179
39 521
192 471
76 668
262 795
291 364
28 628
650 940
204 216
25 739
482 718
457 661
480 910
48 462
98 728
17 740
946 974
472 646
227 958
8 691
184 359
402 810
400 886
492 740
45 429
170 689
388 768
802 902
19 556
169 235
607 955
101 180
164 794
732 986
794 818
123 613
337 722
671 976
248 873
851 943
782 843
93 361
467 688
358 781
235 939
0 664
576 860
299 960
371 836
109 836
817 922
583 755
500 986
487 638
349 408
278 793
391 670
425 583
643 662
366 762
43 746
11 385
577 796
209 815
703 792
266 940
405 955
245 328
57 128
423 450
41 570
728 862
141 248
32 341
596 908
85 841
57 141
290 492
595 948
828 921
602 615
301 358
404 859
187 336
97 442
103 751
223 667
125 132
124 316
193 824
11 375
310 671
222 558
441 782
321 457
550 954
243 388
568 679
566 898
115 962
184 195
407 990
44 938
279 841
199 732
290 325
313 574
254 259
362 875
114 773
535 803
8 383
380 749
64 399
116 675
76 373
343 574
452 889
138 699
302 721
115 157
293 343
163 499
284 380
133 885
590 715
117 123
287 534
238 678
170 623
505 613
529 970
136 401
197 231
332 950
203 836
254 393
484 855
10 32
137 747
546 686
185 378
182 489
507 923
460 848
662 717
285 730
158 397
44 375
178 375
301 711
360 760
308 341
588 624
373 470
588 660
115 965
688 747
504 926
621 657
168 711
1 454
335 479
849 929
553 558
623 882
697 917
608 839
214 683
38 723
106 363
127 157
346 610
252 566
217 316
292 904
567 843
707 737
411 824
92 815
307 474
361 594
283 940
718 868
187 823
414 722
55 932
53 599
627 722
647 700
319 340
539 609
32 396
659 903
38 592
102 985
721 734
36 631
61 575
560 673
466 480
643 936
446 687
246 333
423 783
121 976
652 792
341 979
68 326
240 438
317 887
859 941
366 434
618 735
100 809
295 490
388 538
143 770
171 460
4 54
295 346
218 800
137 812
340 991
798 823
442 630
668 713
143 891
215 587
741 962
189 714
145 299
397 600
77 393
889 982
488 638
260 365
591 650
7 450
385 890
635 693
163 963
21 879
656 981
615 943
561 972
95 419
408 650
840 918
77 779
89 375
150 620
515 861
669 919
692 939
579 653
48 608
261 572
775 793
288 971
206 901
119 753
286 372
272 474
391 803
303 461
487 627
808 862
860 909
151 183
802 904
433 921
30 158
717 945
156 383
336 350
60 415
820 957
65 530
140 969
792 895
605 660
193 944
242 428
647 742
303 703
399 411
409 721
347 895
67 432
193 571
164 773
478 820
250 404
159 960
454 728
213 522
302 334
114 134
202 921
