1000 2000 1
276 956
351 492
2 338
54 385
17 58
123 713
279 323
558 641
189 694
649 944
382 829
468 869
185 580
332 599
431 721
55 470
159 793
35 83
427 607
90 693
113 268
515 985
463 795
274 630
421 649
641 652
204 800
186 257
448 931
103 488
148 639
602 846
405 826
135 965
40 813
146 831
201 538
270 637
307 784
361 495
23 472
77 592
736 902
271 314
220 528
107 471
539 919
400 724
242 552
687 902
156 857
18 249
144 245
596 900
309 727
95 883
239 253
76 604
56 397
751 779
131 805
511 797
439 549
65 222
6 810
903 912
71 647
586 747
436 888
104 186
463 762
67 533
81 202
848 869
679 911
358 825
221 856
107 605
153 572
367 910
342 737
257 284
123 958
354 711
350 857
500 536
292 507
47 819
314 525
440 750
580 910
344 782
55 679
67 919
49 227
327 729
36 931
247 477
485 794
87 110
415 433
165 258
885 993
611 753
177 232
320 955
285 997
522 681
539 850
577 876
481 908
182 203
206 560
27 395
608 985
403 436
265 731
480 656
57 702
264 915
365 589
341 906
842 928
344 651
659 663
24 152
228 970
523 738
395 589
849 908
286 947
423 507
433 966
660 865
158 389
467 470
153 948
750 758
95 189
389 407
85 633
721 880
440 452
249 921
72 205
409 730
268 754
481 898
259 971
365 952
223 868
116 513
424 629
122 556
343 412
514 559
213 976
15 466
9 243
583 658
354 835
108 136
302 379
146 922
12 662
99 401
620 661
292 487
337 867
124 494
55 394
107 670
211 907
154 373
601 684
429 986
832 845
775 985
39 391
32 123
270 440
496 752
363 488
317 637
438 518
687 993
688 958
466 616
84 700
433 439
104 529
60 980
155 580
196 203
260 596
178 334
528 941
215 481
321 648
538 991
424 740
203 592
144 277
260 897
346 677
399 832
70 593
61 544
296 676
11 952
669 692
85 492
16 658
132 424
753 771
55 469
487 917
46 915
703 770
345 424
121 945
29 453
605 649
53 810
388 651
21 220
125 686
69 934
138 890
433 658
368 449
238 748
633 832
399 665
175 808
603 840
238 339
80 390
244 907
445 897
177 588
358 749
230 600
80 655
52 822
281 416
640 992
695 699
592 952
7 33
35 769
698 970
72 162
472 627
429 665
345 931
655 748
566 899
124 703
539 653
363 985
584 804
120 849
249 734
223 416
196 844
63 580
282 767
750 872
55 459
147 313
758 961
311 421
361 916
16 95
490 917
95 653
349 389
464 901
771 792
105 968
213 501
659 996
0 128
159 530
600 681
926 931
624 629
442 589
52 403
345 656
34 126
138 592
391 543
426 995
846 943
638 914
481 930
862 887
712 979
410 906
75 773
199 314
572 825
52 789
48 410
650 744
466 923
882 901
130 974
193 648
404 719
141 494
166 932
566 902
266 381
123 561
36 413
923 996
335 480
212 904
443 544
368 779
345 875
565 649
304 614
20 855
917 957
660 923
694 799
385 538
175 585
143 287
235 370
146 149
757 940
176 586
461 798
912 999
253 805
318 791
53 636
0 481
252 845
394 520
131 555
39 63
736 894
141 605
154 395
152 614
120 253
541 575
105 539
86 260
766 922
291 400
82 406
114 587
554 859
614 681
156 849
265 347
429 864
62 433
201 628
781 794
165 525
220 461
200 632
297 601
448 733
431 680
151 217
333 868
486 881
358 961
181 245
390 764
492 632
182 735
536 967
701 891
431 801
96 588
949 992
616 703
335 424
62 940
780 811
491 708
174 772
53 711
602 661
463 466
161 244
556 810
669 979
539 986
27 200
30 434
77 286
133 303
386 483
289 550
748 872
175 830
354 572
229 657
596 859
234 772
477 642
117 336
857 863
396 654
86 757
258 720
262 690
329 600
75 720
613 624
31 268
7 585
221 694
521 806
366 932
408 520
358 519
652 737
325 342
542 865
274 556
52 592
640 762
89 739
156 649
215 735
838 863
271 407
531 712
608 666
479 930
141 297
584 983
147 191
163 581
230 491
76 396
174 739
133 558
479 557
248 624
301 407
231 720
839 985
675 962
213 788
176 232
138 794
126 145
356 836
255 641
215 568
115 252
55 350
716 770
112 741
380 821
40 981
792 994
262 536
172 871
729 825
496 852
830 877
65 930
128 312
922 996
69 900
740 839
592 712
584 708
158 191
564 879
322 708
318 329
677 756
152 934
333 946
768 794
646 768
659 887
145 257
111 115
290 495
556 731
306 848
24 870
488 596
12 258
86 207
446 599
414 912
219 965
482 701
217 892
601 738
72 537
148 941
101 451
396 634
569 705
302 590
277 942
644 964
432 556
569 970
74 848
61 500
509 776
145 908
180 228
239 277
103 502
172 861
148 424
790 794
295 559
20 769
34 524
252 337
537 586
149 361
484 580
17 965
394 686
242 409
219 834
446 733
652 838
302 868
211 421
81 491
232 889
142 178
89 840
264 841
371 675
216 392
224 741
149 976
233 481
142 479
37 542
172 321
222 587
499 981
216 778
330 391
460 766
231 677
439 563
24 55
689 854
19 614
741 864
296 779
117 548
263 602
469 670
46 753
345 900
394 676
237 958
201 218
205 368
464 857
274 876
322 773
675 811
306 828
340 412
164 744
92 347
365 734
45 235
162 411
88 233
854 898
104 815
302 799
716 933
562 875
155 408
265 768
338 609
612 732
698 772
38 88
783 959
583 934
83 239
190 365
757 821
217 993
358 852
670 938
848 981
366 712
238 792
15 634
450 791
87 739
415 833
552 838
430 849
673 719
252 546
271 596
414 990
160 579
66 163
255 853
483 860
301 969
535 907
155 506
398 901
73 287
344 930
82 781
565 749
157 695
666 801
207 552
68 882
285 471
773 820
119 933
823 906
212 752
483 837
268 274
375 486
75 899
170 871
671 893
699 991
311 766
396 810
147 743
562 613
386 616
465 945
686 764
60 222
299 504
773 918
623 973
703 853
146 756
47 368
391 852
263 932
313 524
417 990
224 446
387 473
176 784
209 961
184 230
441 709
58 828
131 632
343 668
876 902
37 970
78 742
329 998
189 200
433 826
269 983
827 902
43 411
83 304
643 821
635 817
15 843
739 874
103 318
483 539
193 849
334 596
562 603
394 610
525 801
13 281
355 884
286 784
258 951
100 514
636 637
180 394
37 574
148 590
788 887
62 932
359 481
432 614
516 693
547 946
191 524
160 536
664 713
28 911
29 876
156 651
791 933
878 901
300 961
403 528
940 998
625 757
305 487
879 902
469 509
575 756
228 532
269 829
296 932
82 594
308 677
151 693
455 467
352 683
272 611
343 900
119 746
293 404
899 973
765 893
255 908
405 587
63 558
96 920
518 729
591 862
582 893
568 995
113 680
844 899
755 821
63 859
560 731
17 74
227 292
418 912
177 965
158 723
272 336
197 305
383 432
8 375
25 544
9 865
209 810
436 672
78 964
172 742
535 651
131 481
182 383
797 836
272 951
327 621
350 641
296 670
129 642
180 724
59 434
312 614
130 723
406 541
829 989
2 982
755 811
425 676
817 871
540 742
453 594
304 651
32 192
49 361
112 975
309 357
740 952
238 562
516 915
12 70
47 436
596 880
206 874
462 800
433 773
361 488
813 914
557 808
363 714
477 699
723 877
29 954
552 958
685 850
322 798
422 885
94 525
463 657
474 895
633 659
717 918
268 826
110 389
891 954
81 820
598 701
401 947
155 397
140 497
431 969
350 981
73 178
457 698
283 811
254 784
297 337
242 401
775 864
392 754
818 862
596 749
47 570
261 679
179 726
302 451
134 166
107 212
286 937
360 886
419 972
82 155
837 960
346 350
411 708
784 841
130 317
427 832
345 879
36 947
581 747
125 467
455 787
333 532
19 76
181 897
302 549
46 709
470 627
158 657
29 921
419 661
505 621
450 685
375 920
164 291
44 900
40 521
169 406
104 951
459 999
135 264
175 337
115 960
118 440
860 934
537 689
201 740
535 765
181 645
541 808
427 557
534 769
602 940
36 263
103 173
44 612
205 566
752 884
918 996
257 267
15 96
174 498
90 764
178 468
839 888
258 348
129 841
448 737
360 853
91 994
339 830
310 623
220 995
609 956
401 927
84 582
250 465
309 700
749 935
152 716
452 828
7 69
419 422
792 933
197 458
356 860
123 280
410 867
390 480
168 516
775 965
64 315
345 859
217 939
256 521
318 353
85 639
17 770
130 418
376 559
341 601
97 878
254 453
119 408
429 979
571 654
496 889
87 312
266 283
263 394
243 824
499 750
150 373
165 990
435 585
674 867
281 298
172 620
53 440
621 632
727 879
746 892
30 307
195 789
396 779
153 643
321 785
274 524
354 782
299 846
6 364
103 791
691 812
10 334
474 734
117 991
406 419
187 268
3 825
91 300
23 245
197 955
460 813
198 398
686 710
257 862
831 985
133 912
411 511
18 696
528 538
424 975
107 136
117 595
432 570
427 900
320 774
262 275
354 507
41 950
98 846
635 642
312 397
557 951
276 709
721 830
338 391
33 838
354 893
33 429
22 828
183 782
218 474
684 884
55 596
127 701
539 682
62 986
525 747
263 747
253 962
629 804
362 460
443 570
840 880
138 199
59 580
249 295
118 629
428 526
470 937
49 386
615 797
200 704
339 862
513 606
189 774
42 612
207 599
116 152
453 740
742 879
28 75
415 484
326 672
278 744
632 827
852 867
469 720
763 938
710 783
259 996
225 445
57 223
470 541
272 822
498 639
425 655
182 519
227 670
488 940
363 451
11 866
54 190
401 563
554 656
371 391
424 546
422 622
507 809
9 569
30 97
198 993
154 398
371 921
14 912
880 947
232 991
690 786
548 702
164 218
233 992
27 478
45 383
572 952
373 477
3 386
487 844
105 928
206 565
50 583
73 975
209 756
637 788
281 595
527 656
13 292
147 780
299 914
219 805
310 923
20 187
112 270
641 879
45 625
753 940
59 380
457 798
130 440
671 907
125 999
529 823
33 507
342 588
72 727
111 835
406 752
684 733
156 168
117 771
629 653
17 949
579 801
347 415
505 623
263 681
471 481
180 912
702 908
533 950
137 950
527 790
354 719
347 451
503 927
243 558
151 740
666 926
422 831
8 468
234 631
99 586
166 496
490 965
431 650
84 463
51 249
528 848
261 733
326 570
269 853
465 648
281 827
324 380
56 974
968 976
371 757
412 758
707 855
75 844
611 738
155 873
88 554
43 137
34 583
316 561
50 936
16 794
252 396
115 278
45 857
659 756
192 503
108 998
913 937
85 785
558 825
150 771
631 815
890 926
65 812
257 753
669 926
330 859
98 207
516 720
169 496
916 919
374 636
134 246
675 713
882 926
541 633
239 411
266 959
359 629
262 696
224 404
243 417
283 639
193 336
564 774
261 965
153 874
35 244
661 935
67 462
40 853
569 708
69 242
177 858
246 549
668 687
58 269
596 927
239 689
106 425
859 928
423 626
232 915
795 992
12 503
325 734
123 370
850 964
18 433
397 875
130 760
880 992
633 706
116 596
590 744
749 917
180 617
344 868
130 616
90 314
388 911
227 548
151 818
154 564
519 576
150 450
851 906
199 980
523 546
58 632
198 377
706 933
66 78
250 424
296 540
33 575
821 999
431 993
10 820
660 673
203 577
664 972
731 733
589 649
629 685
796 862
492 945
718 799
87 667
48 559
462 693
37 666
188 310
303 785
327 913
792 833
151 916
422 513
353 642
373 620
505 776
730 894
561 936
689 713
161 328
4 610
346 639
100 992
344 449
571 577
68 365
327 625
46 612
170 907
873 915
321 322
266 386
680 749
283 475
114 517
356 953
134 697
406 810
639 869
59 968
438 470
131 956
41 919
576 934
62 75
88 887
238 566
413 418
93 965
40 401
422 503
130 969
841 944
483 598
21 689
173 786
709 946
701 942
210 704
158 285
70 401
261 935
289 359
494 728
366 728
259 602
369 962
74 965
663 951
530 687
106 768
717 778
271 432
176 460
689 945
247 749
499 964
595 901
302 419
236 819
251 490
684 866
353 766
98 625
449 819
556 802
240 974
381 684
448 594
733 992
52 136
543 639
917 929
151 752
228 447
383 766
121 766
396 705
649 885
113 353
157 688
46 857
555 963
24 689
432 892
196 881
42 594
121 887
390 746
113 245
163 969
42 859
457 692
344 635
324 428
232 839
577 873
159 217
32 261
972 999
232 960
254 719
387 754
109 337
635 712
775 835
220 433
90 503
838 891
724 869
271 435
197 449
89 129
701 922
91 962
478 993
345 729
184 632
3 620
35 652
11 66
479 549
264 889
321 377
739 890
72 310
93 369
48 892
14 750
245 274
654 787
317 644
50 529
37 181
204 852
140 193
611 861
336 742
137 304
704 909
79 857
74 513
296 297
529 648
311 834
148 956
115 401
336 369
27 437
694 980
67 330
417 708
135 235
221 653
355 504
655 765
7 809
564 763
314 731
72 709
241 338
326 562
82 610
591 865
333 866
71 866
159 570
311 847
356 998
370 753
143 445
328 527
37 809
353 700
335 386
56 822
184 599
612 780
63 309
869 967
94 296
571 635
661 937
722 804
553 995
446 869
560 891
104 611
313 605
632 730
485 568
304 556
615 677
23 802
459 695
354 413
5 79
207 888
110 281
60 689
525 905
64 430
41 941
171 413
376 782
559 638
256 600
471 525
13 470
178 537
699 797
197 550
208 825
37 269
32 74
302 752
231 283
554 824
305 614
644 717
20 630
0 243
34 156
213 387
279 332
298 345
380 384
701 964
309 360
822 845
508 569
345 542
48 584
141 632
373 789
94 816
164 386
76 502
549 951
663 973
676 912
268 443
309 481
61 230
632 985
235 940
3 554
840 907
363 982
784 975
571 602
221 489
510 857
203 291
384 897
866 900
58 467
258 263
491 614
153 326
387 642
577 653
313 729
849 852
605 757
90 391
692 725
365 366
119 719
39 610
410 782
509 761
8 479
152 752
346 474
106 901
204 390
356 667
663 675
52 112
143 150
53 522
508 657
464 996
522 857
823 934
635 734
524 637
84 222
181 383
445 838
178 494
259 339
230 541
538 657
327 882
444 613
381 673
203 932
84 752
26 216
312 430
550 896
381 938
572 655
676 892
620 811
138 808
61 704
637 900
322 516
331 973
174 501
453 590
36 796
295 907
578 850
159 229
473 913
415 563
287 643
245 826
73 305
541 559
626 783
54 148
267 292
91 624
117 762
367 379
197 605
464 577
325 382
682 799
261 397
185 487
151 345
584 758
658 707
630 874
677 806
676 761
713 908
139 227
556 781
749 830
755 761
78 662
376 850
156 581
70 249
362 686
56 85
91 866
198 434
323 843
28 517
327 813
227 497
293 671
247 332
262 949
127 904
608 719
209 979
137 316
86 908
302 532
64 331
46 54
493 859
92 286
109 604
804 900
362 375
331 796
28 795
393 399
56 219
115 125
357 970
364 829
460 574
204 468
434 930
182 300
186 828
119 509
455 989
357 417
343 519
148 572
118 809
479 708
516 855
17 354
126 669
51 904
693 753
324 770
181 870
454 736
654 910
76 704
317 767
83 191
147 584
35 788
510 938
299 309
402 810
447 998
415 520
581 589
507 603
100 136
139 207
56 438
339 381
892 939
704 888
668 822
369 934
560 651
297 915
49 700
69 907
846 864
505 571
368 831
581 975
419 647
178 441
30 277
356 856
462 874
709 980
262 291
515 620
514 741
277 828
559 892
276 869
26 657
30 807
100 234
145 385
90 449
463 960
417 435
541 879
105 843
426 749
967 987
760 774
417 700
253 857
220 909
510 748
57 802
566 679
304 908
586 886
314 952
503 888
682 710
28 186
1 232
264 871
38 416
357 770
384 644
61 399
87 537
152 895
862 942
808 971
228 661
686 801
173 990
18 558
749 777
244 870
398 928
152 378
186 291
657 779
102 377
213 510
427 582
692 773
677 730
731 966
130 368
62 462
162 549
292 924
294 439
219 674
587 692
330 807
106 913
16 876
848 998
370 699
131 188
506 968
217 722
236 735
773 860
49 500
426 752
654 759
646 755
362 996
295 906
557 826
443 661
616 732
104 966
821 872
413 818
93 282
222 692
377 486
294 946
397 401
492 818
539 750
762 907
727 986
138 591
298 543
432 772
175 738
510 993
597 732
752 755
950 999
9 153
68 202
246 654
365 983
81 321
68 876
393 529
396 863
17 278
600 778
65 583
144 498
127 674
440 990
262 346
548 852
12 320
10 539
585 627
197 630
17 520
320 966
750 779
86 799
202 336
237 788
203 646
140 855
797 896
181 398
404 672
53 69
696 700
482 511
13 527
163 731
68 722
10 372
171 326
205 993
362 531
57 978
14 342
46 560
198 953
240 690
17 798
446 795
537 913
76 438
764 812
235 611
864 899
821 937
7 195
534 535
136 754
531 875
183 686
343 675
278 429
94 608
382 666
17 919
318 767
300 978
282 435
616 689
668 736
265 611
430 944
126 416
291 749
425 749
639 938
190 846
43 418
64 212
317 887
85 909
141 581
113 599
404 662
784 803
768 944
94 176
253 349
600 722
686 725
359 367
146 223
125 200
31 156
337 348
286 791
419 646
499 526
322 750
201 460
712 755
578 675
82 359
944 998
631 687
122 315
815 996
353 822
702 976
413 464
189 570
303 592
408 794
296 324
440 826
29 883
57 536
405 496
212 330
23 165
382 741
448 457
306 373
73 925
195 771
330 587
28 365
145 950
294 484
433 679
512 972
310 608
107 923
84 302
367 999
563 645
289 405
534 996
129 947
113 710
155 447
7 957
959 995
672 673
195 519
846 974
361 816
149 259
348 697
241 342
366 751
108 752
880 972
265 964
417 424
882 932
105 832
430 888
127 850
84 400
18 943
795 900
449 492
305 893
594 730
461 466
948 999
140 151
19 944
176 519
615 789
413 840
121 174
539 687
432 444
359 985
103 125
808 960
407 616
705 984
87 117
