100 2475 1
24 97
16 93
36 71
29 32
47 80
40 41
11 14
17 94
58 95
41 42
33 38
25 34
2 50
3 15
22 28
14 24
74 75
66 71
13 65
4 96
24 74
43 87
16 70
15 25
96 99
88 95
59 68
5 60
77 85
28 80
29 45
48 58
40 54
80 90
5 96
6 61
20 81
39 94
31 90
32 55
23 86
35 60
14 37
1 67
13 78
65 88
5 73
77 98
69 94
42 77
21 54
8 84
39 71
2 40
3 5
54 87
20 94
12 90
32 68
51 81
24 64
23 99
43 77
16 60
17 25
1 80
46 88
5 50
38 84
17 61
49 93
9 57
40 44
58 98
30 79
50 94
2 17
62 68
0 93
12 67
13 32
31 80
51 58
34 91
13 68
37 96
16 73
9 34
5 63
50 71
80 93
19 83
20 48
11 79
12 44
39 61
30 92
23 53
2 30
1 34
53 81
13 45
4 76
23 89
64 90
56 86
9 11
1 70
46 78
65 91
57 87
49 83
42 44
15 90
7 86
8 51
19 60
30 69
42 80
8 87
19 96
60 97
20 61
12 57
13 22
31 70
23 66
35 40
46 55
37 86
38 51
17 28
76 77
9 24
28 37
7 63
6 18
18 72
38 87
58 65
50 61
90 97
42 57
27 77
0 60
20 38
60 74
39 51
12 34
75 90
33 93
25 89
53 71
4 66
45 67
24 44
3 70
22 83
14 79
34 94
49 73
15 80
7 76
26 89
11 46
71 97
0 73
41 74
20 51
33 70
12 47
23 56
22 60
1 37
34 71
45 80
5 7
38 41
56 89
22 96
15 57
27 31
18 62
19 27
30 36
82 83
0 50
20 28
11 59
52 60
39 41
83 84
75 80
41 87
33 83
93 97
53 61
44 92
45 57
72 74
16 30
22 73
14 69
15 34
26 43
86 94
59 77
78 90
70 86
49 63
15 70
48 67
8 31
18 75
11 36
71 87
30 49
82 96
21 86
40 99
41 64
60 77
33 60
52 73
44 69
2 72
22 50
14 46
34 61
66 93
3 73
14 82
7 43
47 79
0 4
11 13
70 99
9 89
29 67
48 80
21 63
40 76
11 49
6 83
12 14
44 46
25 69
45 47
51 90
3 50
43 86
22 63
14 59
67 71
59 67
18 29
78 80
70 76
17 70
36 83
55 96
28 79
19 30
11 26
6 60
71 77
29 80
21 76
60 67
33 50
73 86
25 46
39 93
44 59
3 27
22 40
14 36
34 51
37 56
35 95
55 73
15 37
26 46
67 84
59 80
18 42
5 72
70 89
36 96
9 79
77 97
28 92
69 93
21 53
40 66
6 73
10 43
2 39
54 86
33 63
73 99
25 59
12 89
43 76
35 72
14 49
7 10
66 96
13 90
18 19
24 99
17 60
28 69
29 34
47 82
40 43
0 7
5 85
6 50
11 16
9 92
21 66
62 67
41 44
8 96
73 76
33 40
39 83
31 79
10 56
51 57
2 52
22 30
54 99
66 73
32 80
43 89
16 72
88 97
7 23
38 96
9 69
28 82
29 47
27 86
6 63
2 29
54 76
73 89
31 92
4 75
51 70
35 62
1 69
24 89
16 85
17 50
57 86
28 59
47 72
58 87
50 83
42 79
2 6
27 99
0 82
11 91
23 65
2 42
3 7
35 39
14 16
20 96
53 93
13 57
4 88
32 70
24 66
43 79
35 75
36 40
46 90
6 17
9 59
29 37
69 73
61 69
21 33
80 82
7 98
50 96
10 23
42 92
2 19
62 70
8 99
54 66
0 95
20 73
39 86
12 69
31 82
4 65
72 83
51 60
24 43
84 94
16 39
35 52
34 93
5 29
37 98
16 75
57 76
49 72
68 85
15 79
18 84
69 86
42 69
8 76
27 89
19 85
30 94
4 42
1 36
12 82
53 83
4 78
45 79
64 92
16 52
14 91
65 93
49 85
21 23
27 66
0 49
18 97
19 62
30 71
31 36
10 13
75 79
54 56
0 85
41 86
60 99
11 94
52 95
13 24
4 55
44 91
23 68
72 73
24 33
43 46
16 29
35 42
1 49
34 83
53 96
45 92
46 57
5 19
65 70
76 79
49 62
9 26
15 69
7 65
26 78
6 20
19 39
18 74
79 90
30 48
90 99
50 63
82 95
8 66
0 62
40 98
20 40
39 53
12 36
23 45
41 99
25 91
56 78
16 42
3 72
14 81
15 46
34 96
46 70
5 32
18 51
38 66
15 82
8 43
27 56
0 39
19 52
11 48
12 13
30 61
63 95
41 76
1 3
33 72
25 68
44 81
4 45
10 88
2 84
22 62
1 39
14 58
34 73
45 82
46 47
78 79
3 85
9 16
22 98
14 94
27 33
18 64
19 29
30 38
82 85
8 56
40 88
11 61
6 95
52 62
4 22
10 65
75 82
41 89
33 85
34 50
93 99
25 81
53 63
45 59
56 68
22 75
14 71
15 36
86 96
38 56
70 88
8 33
27 46
0 29
30 51
63 85
60 79
33 62
4 35
2 74
22 52
14 48
37 68
24 98
3 75
36 72
7 45
0 6
59 92
29 69
48 82
21 65
40 78
33 39
4 12
10 55
54 98
33 75
34 40
25 71
45 49
37 45
32 79
56 58
2 87
3 52
22 65
35 84
14 61
15 26
55 62
7 22
67 73
78 82
70 78
36 85
55 98
29 46
47 94
11 28
21 78
62 79
81 92
73 88
33 52
10 68
51 69
22 42
85 98
13 79
35 97
55 75
28 58
7 35
58 86
77 99
9 81
69 95
48 72
61 91
6 75
2 41
62 92
54 88
14 15
25 61
12 91
32 69
4 87
51 82
43 78
14 51
7 12
13 92
18 21
57 98
9 58
47 84
48 49
0 9
50 95
42 91
62 69
54 65
73 78
25 38
20 72
39 85
10 58
23 77
2 54
43 55
84 93
22 32
14 28
74 79
87 98
13 69
24 78
43 91
17 39
35 87
76 88
55 65
28 48
88 99
5 64
6 29
38 98
17 75
77 89
50 72
29 49
21 45
40 58
6 65
19 84
30 93
2 31
54 78
31 94
4 77
72 95
51 72
23 90
35 64
1 71
13 82
46 79
65 92
16 87
17 52
68 97
15 91
21 22
5 77
6 42
18 96
58 89
61 94
19 97
20 62
39 75
12 58
32 36
24 32
87 88
12 94
13 59
4 90
45 91
32 72
16 64
35 77
76 78
9 25
68 74
47 51
46 92
77 79
69 75
42 58
61 71
27 78
19 74
20 39
10 25
42 94
83 95
20 75
12 71
72 85
24 45
64 81
84 96
16 41
43 58
35 54
65 82
17 42
76 91
26 90
6 32
30 60
71 98
50 75
42 71
0 74
60 88
39 65
11 83
4 44
16 18
1 38
34 72
13 49
53 85
4 80
64 94
16 54
56 90
9 15
49 51
5 44
6 9
38 78
57 91
49 87
50 52
42 48
15 94
7 90
8 55
27 68
18 99
31 38
83 85
75 81
1 15
33 84
12 61
4 57
32 39
56 67
2 96
22 74
1 51
87 91
34 85
53 98
37 90
65 72
3 97
49 64
68 77
27 45
30 50
71 88
63 84
82 97
42 61
29 91
20 42
11 73
52 74
12 38
4 34
75 94
34 62
25 93
37 67
56 80
14 83
26 57
59 91
7 80
8 45
27 58
18 89
11 50
12 15
23 24
41 78
1 5
13 16
44 83
4 47
10 90
16 21
2 86
14 60
34 75
67 72
46 49
5 11
38 45
14 96
47 93
7 57
0 18
19 31
79 82
71 78
82 87
29 81
48 94
40 90
0 54
60 68
6 97
52 64
4 24
23 37
22 41
1 18
34 52
74 88
3 64
7 34
26 47
67 85
86 98
18 43
59 81
78 94
17 84
29 58
19 44
11 40
63 87
29 94
21 90
52 77
2 76
3 41
22 54
14 50
66 97
13 91
18 20
16 96
36 74
15 51
8 12
59 94
18 56
17 97
9 93
29 71
48 84
21 67
40 80
41 45
33 41
6 87
52 54
10 57
22 31
25 73
85 87
24 77
43 90
3 54
55 64
1 93
47 60
59 71
77 88
9 70
28 83
29 48
0 21
11 30
62 81
81 94
54 77
33 54
25 50
44 63
39 97
3 31
14 40
74 91
66 87
13 81
24 90
35 99
47 73
7 37
6 41
17 87
21 57
6 77
25 27
10 47
54 90
20 97
12 93
13 58
24 67
43 80
3 44
36 41
1 83
7 14
13 94
59 61
16 99
17 64
28 73
29 38
48 51
80 83
40 47
5 89
92 94
6 54
42 93
54 67
33 44
0 96
25 40
20 74
39 87
31 83
32 48
51 61
23 79
2 56
84 95
43 57
1 60
66 77
13 71
24 80
65 81
76 90
55 67
1 96
47 63
6 31
9 73
50 74
42 70
61 83
80 96
8 77
19 86
11 82
39 64
2 33
54 80
20 87
12 83
13 48
43 70
17 18
35 66
5 43
65 94
17 54
49 86
28 63
68 99
21 24
7 89
18 98
6 44
10 14
61 96
0 86
20 64
11 95
31 73
4 56
24 34
3 11
35 43
1 50
34 84
53 97
16 66
17 31
36 44
9 27
3 96
88 91
26 79
46 94
49 99
50 64
77 81
42 60
80 86
8 67
27 80
20 41
11 72
30 85
54 70
1 27
13 38
53 74
72 87
4 69
23 82
56 79
35 56
34 97
49 76
9 40
68 89
15 83
7 79
27 57
30 62
63 96
8 80
0 76
20 54
11 85
12 50
13 15
31 63
4 46
16 20
45 83
5 10
64 96
37 79
17 21
3 86
26 69
38 80
49 89
82 86
7 92
48 93
8 57
27 70
0 53
20 31
11 62
12 27
30 75
31 40
39 44
41 90
1 17
33 86
52 99
53 64
72 77
64 73
24 37
2 98
22 76
14 72
34 87
46 61
5 23
78 93
57 70
3 99
49 66
7 69
18 78
71 90
63 86
41 67
4 36
44 72
75 96
1 30
34 64
25 95
53 77
45 73
37 69
56 82
3 76
7 46
18 55
7 82
8 47
0 43
19 56
6 86
12 17
4 13
63 99
23 26
41 80
60 93
34 41
52 89
25 72
13 18
45 50
37 46
10 92
26 36
46 51
18 32
78 83
70 79
3 89
36 86
15 63
47 95
48 60
0 20
19 33
5 98
11 29
71 80
63 76
29 83
41 57
60 70
33 53
2 65
22 43
1 20
33 89
34 54
74 90
25 85
85 99
32 93
14 75
15 40
67 87
78 96
36 99
9 82
29 60
48 73
21 56
8 37
0 33
40 69
10 46
29 96
10 82
51 83
2 78
3 43
15 17
7 13
66 99
13 93
59 60
17 63
36 76
55 89
47 85
8 14
7 49
0 10
5 88
11 19
30 32
63 66
29 73
73 79
4 16
3 20
14 29
74 80
51 96
43 92
35 88
55 66
7 26
47 62
26 39
70 82
17 76
77 90
48 63
21 46
0 23
40 59
80 95
6 66
10 36
2 32
81 96
54 79
73 92
20 86
25 52
39 99
31 95
23 91
51 73
2 68
3 33
14 42
1 72
66 89
13 83
24 92
17 53
58 90
42 82
19 98
2 45
22 23
4 91
24 69
36 43
55 56
28 39
7 16
88 90
59 63
17 66
49 98
77 80
69 76
29 40
48 53
27 79
30 84
42 95
62 73
54 69
39 89
12 72
4 68
24 46
43 59
14 32
1 62
24 82
16 78
17 43
9 39
68 88
5 68
6 33
77 93
50 76
69 89
21 49
80 98
0 75
19 88
20 53
11 84
31 62
23 58
53 86
4 81
23 94
64 95
24 59
16 55
17 20
56 91
35 68
6 10
38 79
17 56
49 88
50 53
15 95
7 91
27 69
39 43
42 85
83 86
62 63
0 88
20 66
11 97
52 98
12 62
13 27
4 58
51 53
84 87
16 32
35 45
1 52
87 92
34 86
46 60
5 22
65 73
37 91
17 33
9 29
28 42
68 78
26 81
5 58
18 77
38 92
58 70
50 66
8 69
0 65
19 78
11 74
12 39
33 98
12 75
25 94
4 71
45 72
24 49
64 85
16 45
1 65
14 84
46 73
68 91
8 46
11 51
23 25
8 82
0 78
60 92
12 52
52 88
31 65
4 48
23 61
10 91
16 22
34 76
53 89
45 85
64 98
38 46
3 88
14 97
15 62
7 58
26 71
27 36
18 67
6 13
79 83
71 79
30 41
90 92
42 52
11 64
39 46
30 77
31 42
6 98
75 85
41 92
33 88
34 53
72 79
45 62
44 97
4 61
37 58
64 75
3 65
22 78
26 48
5 25
37 94
70 91
49 68
15 75
7 71
8 36
26 84
27 49
0 32
11 41
21 91
0 68
60 82
33 65
52 78
12 42
4 38
44 74
2 77
25 97
53 79
45 75
37 71
15 52
55 88
7 48
8 13
67 99
26 61
18 57
19 22
11 18
30 31
63 65
9 94
29 72
48 85
40 81
0 45
20 23
11 54
12 19
52 55
4 15
23 28
41 82
1 9
34 43
25 74
45 52
37 48
3 55
14 64
7 25
26 38
86 89
38 49
47 97
48 62
7 61
27 39
0 22
71 82
63 78
82 91
29 85
48 98
81 95
41 59
52 68
4 28
44 64
10 71
22 45
74 92
34 56
66 88
32 95
37 61
14 77
55 78
7 38
26 51
67 89
18 47
70 94
21 58
4 5
10 48
62 95
37 38
10 84
51 85
43 81
14 54
18 24
59 62
17 65
36 78
28 74
29 39
48 52
8 16
0 12
40 48
19 25
6 55
92 95
9 97
21 71
62 72
41 49
81 85
33 45
52 58
25 41
44 54
10 61
2 57
3 22
22 35
14 31
85 91
51 98
24 81
16 77
35 90
15 32
55 68
1 97
28 51
5 67
77 92
28 87
48 65
21 48
80 97
2 34
62 85
25 54
32 62
23 93
24 58
3 35
43 71
13 85
36 68
9 51
47 77
0 2
6 45
10 15
42 84
61 97
8 91
25 31
39 78
51 52
3 12
84 86
22 25
54 94
66 68
13 62
32 75
4 93
43 84
35 80
76 81
55 58
28 41
1 87
88 92
5 57
6 22
77 82
69 78
29 42
40 51
27 81
19 77
2 24
73 84
20 78
4 70
32 52
51 65
72 88
23 83
43 61
34 98
46 72
65 85
16 80
57 81
17 45
58 82
69 91
8 81
11 86
12 51
39 68
23 60
2 37
1 41
12 87
53 88
45 84
24 61
64 97
17 22
35 70
9 18
5 47
65 98
57 94
9 54
50 55
49 90
15 97
61 64
27 71
11 63
30 76
31 41
10 18
42 87
83 88
62 65
75 84
8 94
54 61
94 97
0 90
41 91
11 99
31 77
32 42
23 73
64 74
43 51
16 34
35 47
87 94
5 24
46 62
38 58
57 71
17 35
76 84
28 44
68 80
26 83
6 25
38 94
58 72
30 53
50 68
8 71
27 84
0 67
20 45
12 41
31 54
4 37
75 97
25 96
72 91
4 73
64 87
16 47
56 83
14 86
26 60
5 37
49 80
15 87
7 83
26 96
0 44
19 57
11 53
30 66
0 80
20 58
33 77
60 94
12 54
53 55
4 50
44 86
23 63
24 28
56 60
2 89
35 37
34 78
37 83
38 48
57 61
49 57
9 21
14 99
27 38
18 69
71 81
90 94
63 77
82 90
29 84
0 57
40 93
60 71
20 35
11 66
52 67
4 27
23 40
83 91
34 55
25 86
72 81
37 60
56 73
3 67
22 80
59 84
18 46
78 97
38 61
70 93
49 70
15 77
7 73
27 51
79 98
30 56
71 94
63 90
29 97
21 93
60 84
33 67
10 83
2 79
14 53
34 68
25 99
26 27
37 73
55 90
8 15
18 59
19 24
59 97
11 20
9 96
48 87
60 61
6 90
52 57
12 21
4 17
44 53
75 77
41 84
53 58
25 76
44 89
45 54
56 63
51 97
22 70
15 31
70 83
28 86
8 28
19 37
11 33
6 67
71 84
63 80
29 87
21 83
40 96
81 97
73 93
52 70
25 53
44 66
2 69
3 34
22 47
74 94
16 89
36 67
15 44
7 40
18 49
59 87
5 79
48 77
40 73
33 34
6 80
10 50
2 46
62 97
14 20
34 35
12 96
37 40
51 87
2 82
43 83
3 47
55 57
15 21
67 68
18 26
70 73
17 67
36 80
55 93
29 41
8 18
21 37
48 54
40 50
6 57
11 23
92 97
10 27
42 96
62 74
73 83
33 47
25 43
44 56
10 63
2 59
43 60
14 33
74 84
43 96
55 70
1 99
47 66
5 69
17 80
77 94
61 86
80 99
27 93
6 70
10 40
2 36
20 90
31 99
4 82
32 64
24 60
13 87
24 96
57 93
36 70
28 66
6 47
58 94
50 90
62 64
8 93
54 60
0 89
33 37
20 67
11 98
39 80
12 63
32 41
23 72
2 49
3 14
43 50
22 27
35 46
95 97
1 53
87 93
4 95
24 73
16 69
17 34
35 82
36 47
76 83
96 98
55 60
5 59
6 24
46 97
38 93
58 71
77 84
50 67
69 80
42 63
61 76
80 89
8 70
27 83
19 79
30 88
31 53
2 26
20 80
12 76
13 41
31 89
4 72
32 54
23 85
51 67
24 50
43 63
16 46
38 70
57 83
17 47
15 86
6 37
18 91
50 80
2 3
8 83
27 96
0 79
20 57
4 49
24 27
3 4
1 43
53 90
13 54
45 86
64 99
14 98
5 49
6 14
38 83
57 96
90 93
69 70
15 99
21 30
61 66
7 95
8 60
11 65
30 78
91 94
23 39
83 90
75 86
54 63
0 92
41 93
20 70
53 67
72 80
32 44
23 75
64 76
24 40
84 91
16 36
43 53
35 49
22 79
87 96
45 99
37 95
38 60
57 73
76 86
68 82
7 72
18 81
71 93
63 89
19 82
52 79
31 56
75 99
72 93
64 89
16 49
3 79
22 92
5 39
59 96
7 85
0 46
1 10
60 96
33 79
12 56
53 57
4 52
45 53
44 88
56 62
16 26
2 91
22 69
1 46
34 80
45 89
5 16
86 90
65 67
78 86
38 50
57 63
89 95
49 59
68 72
18 71
11 32
21 82
60 73
11 68
52 69
12 33
4 29
44 65
1 23
33 92
74 93
53 70
45 66
56 75
22 82
15 43
7 39
67 90
26 52
38 63
70 95
17 89
7 75
48 76
27 53
40 72
19 49
6 79
11 45
30 58
71 96
4 6
29 99
33 69
52 82
44 78
37 39
10 85
2 81
3 46
15 20
34 70
26 29
13 96
18 25
38 40
3 82
15 56
7 52
47 88
26 65
27 30
0 13
59 99
19 26
5 91
11 22
63 69
21 72
40 85
60 63
52 59
12 23
4 19
22 36
1 13
33 82
74 83
25 78
45 56
37 52
43 95
3 59
7 29
86 93
78 89
9 75
29 53
48 66
8 30
11 35
63 82
62 86
41 63
33 59
52 72
3 36
22 49
14 45
74 96
13 86
32 99
24 95
28 65
7 42
47 78
0 3
59 89
58 93
9 88
48 79
21 62
40 75
2 48
62 99
22 26
12 98
51 89
3 49
35 81
36 46
96 97
1 88
47 55
7 19
88 93
13 99
18 28
59 66
17 69
29 43
47 91
21 39
0 16
40 52
92 99
10 29
42 98
81 89
54 72
25 45
39 92
31 88
2 61
3 26
43 62
22 39
32 89
24 85
43 98
16 81
17 46
36 59
76 95
28 55
6 36
17 82
9 78
69 92
21 52
39 69
10 42
73 98
4 84
32 66
43 75
16 58
28 32
1 78
7 9
13 89
46 86
65 99
16 94
57 95
58 60
17 59
49 91
29 33
15 98
40 42
6 49
50 92
10 19
2 15
8 95
54 62
73 75
25 35
31 78
32 43
51 56
24 39
3 16
14 25
1 55
13 66
4 97
24 75
65 76
17 36
76 85
9 32
46 99
38 95
42 65
61 78
21 42
80 91
27 85
20 46
11 77
30 90
31 55
2 28
54 75
20 82
23 87
35 61
1 68
46 76
38 72
57 85
68 94
15 88
7 84
26 97
6 39
19 58
50 82
42 78
2 5
8 85
27 98
0 81
19 94
20 59
39 72
11 90
31 68
32 33
16 25
1 45
45 88
37 84
56 97
3 91
49 58
9 22
28 35
5 51
18 70
46 89
38 85
98 99
58 63
49 94
90 95
50 59
42 55
61 68
7 97
8 62
27 75
0 58
19 71
20 36
11 67
12 32
31 45
91 96
23 41
83 92
2 18
33 91
53 69
72 82
64 78
1 58
34 92
5 28
65 79
9 35
68 84
7 74
8 39
27 52
18 83
19 48
79 99
63 91
42 68
0 71
20 49
12 45
31 58
4 41
23 54
53 82
56 87
3 81
15 55
26 64
18 60
42 45
19 61
20 26
12 22
30 70
4 18
23 31
1 12
60 98
33 81
34 46
52 94
93 95
25 77
44 90
45 55
53 59
37 51
2 93
14 67
34 82
26 41
86 92
78 88
3 94
49 61
36 91
15 68
8 29
26 77
0 25
19 38
11 34
30 47
90 98
82 94
21 84
0 61
41 62
40 97
60 75
33 58
12 35
52 71
44 67
4 31
2 70
33 94
34 59
74 95
66 91
37 64
56 77
3 71
22 84
15 45
7 41
67 92
26 54
70 97
17 91
9 87
29 65
8 42
40 74
19 51
6 81
11 47
4 8
63 94
21 97
1 2
33 71
52 84
25 67
37 41
10 87
2 83
3 48
22 61
7 18
67 69
26 31
59 65
38 42
70 74
15 58
28 77
7 54
48 55
8 19
0 15
19 28
5 93
11 24
30 37
63 71
48 91
21 74
41 52
81 88
60 65
6 94
52 61
25 44
10 64
74 85
25 80
45 58
85 94
32 88
43 97
3 61
55 71
7 31
67 82
26 44
59 78
18 40
78 91
70 87
17 81
77 95
29 55
0 28
40 64
10 41
62 88
41 65
54 84
73 97
20 91
44 70
10 77
51 78
23 96
43 74
3 38
22 51
66 94
