100 200 1
15 21
32 37
44 91
26 85
53 69
13 33
32 46
34 65
53 87
2 48
56 83
45 83
55 93
30 73
8 82
23 98
49 71
57 84
13 26
4 66
28 51
53 80
19 57
25 52
17 78
40 43
65 72
32 69
49 64
32 78
58 97
31 58
18 58
71 79
90 92
8 50
7 30
31 97
0 9
51 75
12 93
0 73
7 51
16 17
16 81
33 97
22 60
7 78
25 93
63 77
28 46
47 68
10 58
12 77
29 93
31 90
32 64
38 68
32 82
6 63
33 81
55 56
54 58
45 55
30 36
16 92
28 57
25 40
42 56
11 50
6 29
31 92
52 60
17 75
44 65
69 94
21 54
15 68
8 20
30 84
50 99
24 25
1 23
54 60
88 92
62 73
5 48
34 66
29 79
40 79
56 75
14 69
22 82
20 94
9 73
26 61
47 93
10 74
4 40
0 18
42 97
0 27
74 95
25 26
11 36
54 71
20 69
30 49
0 45
21 22
69 71
72 97
33 60
21 40
78 92
17 27
11 20
20 53
79 84
64 65
2 81
1 91
10 39
16 80
31 71
12 76
15 38
62 98
64 95
75 77
15 56
30 72
45 91
26 65
70 99
91 97
39 59
76 78
10 32
19 99
20 64
17 47
17 56
67 69
1 41
26 40
6 37
61 71
59 83
1 4
33 73
39 52
65 80
12 44
37 43
54 59
22 54
39 61
22 63
4 49
51 99
7 84
61 64
81 97
72 94
34 77
25 53
33 66
25 62
34 95
42 78
20 50
38 83
31 77
69 70
10 48
50 66
21 30
69 79
95 98
7 40
64 92
0 56
87 94
16 61
57 62
66 74
23 48
12 48
9 95
7 70
27 48
62 79
18 88
84 91
4 71
28 74
0 67
31 45
12 96
