100 2475 1
24 97
16 93
55 84
47 80
8 9
5 83
17 94
58 95
50 91
29 68
21 64
40 77
25 34
44 47
39 81
2 50
54 97
14 24
66 71
13 65
4 96
43 87
16 70
35 83
36 48
96 99
15 25
1 90
59 68
18 30
5 60
17 71
36 84
77 85
9 67
29 45
69 81
40 54
80 90
6 61
10 31
62 78
81 91
54 74
12 77
31 90
23 86
43 64
3 28
14 37
1 67
66 84
13 78
32 91
16 83
17 48
35 96
9 44
28 57
5 73
6 38
50 81
69 94
21 54
19 93
11 89
31 67
3 5
62 91
54 87
20 94
13 55
32 68
43 77
36 38
28 34
46 88
6 15
58 62
49 93
9 57
50 58
61 67
27 74
6 51
58 98
10 21
8 97
54 64
0 93
39 84
12 67
13 32
32 45
84 92
16 37
43 54
35 50
3 18
87 97
5 27
57 74
17 38
36 51
76 87
68 83
28 47
88 98
26 86
5 63
6 28
58 75
50 71
69 84
8 74
27 87
19 83
12 44
31 57
12 80
53 81
32 58
72 94
23 89
64 90
24 54
16 50
46 78
38 74
49 83
68 96
8 51
26 99
27 64
18 95
19 60
31 34
42 80
2 7
20 61
60 97
12 57
52 93
31 70
32 35
64 67
43 44
16 27
35 40
34 81
5 17
65 68
56 99
76 77
49 60
68 73
15 67
18 72
6 18
79 88
82 93
61 70
7 99
8 64
11 69
23 43
83 94
75 90
41 97
1 24
33 93
53 71
25 89
45 67
56 76
22 83
5 30
46 68
38 64
15 80
7 76
27 54
18 85
19 50
11 46
71 97
63 93
0 73
60 87
20 51
33 70
52 83
44 79
4 43
10 86
16 17
22 60
53 84
37 76
56 89
3 83
49 50
9 14
14 92
7 53
27 31
18 62
19 27
63 70
82 83
42 47
48 90
8 54
40 86
0 50
60 64
6 93
52 60
23 33
83 84
75 80
41 87
33 83
72 74
85 93
44 92
64 70
37 53
2 95
14 69
86 94
18 39
59 77
38 54
78 90
89 99
27 44
18 75
71 87
63 83
29 90
21 86
40 99
41 64
60 77
12 37
44 69
10 76
34 61
25 92
45 70
14 82
15 47
18 52
21 63
40 76
0 40
4 10
10 53
41 77
1 4
33 73
34 38
25 69
45 47
37 43
14 59
7 20
26 33
59 67
18 29
78 80
17 70
7 56
8 21
19 30
11 26
6 60
71 77
21 76
40 89
81 90
41 54
60 67
6 96
25 46
44 59
22 40
14 36
34 51
74 87
66 83
85 96
32 90
24 86
43 99
16 82
15 37
67 84
59 80
18 42
70 89
17 83
36 96
9 79
28 92
21 53
6 73
10 43
62 90
54 86
33 63
20 93
51 80
23 98
2 75
3 40
35 72
14 49
1 79
7 10
13 90
18 19
24 99
16 95
17 60
28 69
29 34
0 7
40 43
11 16
58 97
9 92
10 20
29 70
42 89
21 66
41 44
8 96
44 49
39 83
31 79
10 56
51 57
22 30
14 26
85 86
32 80
51 93
24 76
35 85
55 63
1 92
7 23
47 59
6 27
40 56
6 63
62 80
73 89
20 83
31 92
32 57
4 75
51 70
24 53
43 66
3 30
13 80
24 89
65 90
36 63
76 99
26 98
6 40
69 96
42 79
61 92
25 26
11 91
39 73
31 69
32 34
3 7
35 39
54 89
14 16
12 92
24 66
43 79
16 62
56 98
35 75
36 40
9 23
1 82
6 17
38 86
57 99
58 64
9 59
49 95
69 73
21 33
7 98
39 50
31 46
50 96
10 23
91 97
42 92
2 19
8 99
54 66
12 69
13 34
51 60
84 94
43 56
35 52
87 99
34 93
46 67
37 98
65 80
17 40
57 76
49 72
26 88
18 84
6 30
38 99
50 73
69 86
61 82
8 76
19 85
11 81
12 46
30 94
31 59
4 42
12 82
72 96
45 79
64 92
24 56
56 88
16 52
14 91
6 7
57 89
49 85
68 98
8 53
18 97
30 71
31 36
2 9
75 79
8 89
0 85
20 63
60 99
13 24
4 55
32 37
44 91
64 69
43 46
10 98
35 42
1 49
87 89
34 83
5 19
46 57
17 30
76 79
9 26
68 75
15 69
7 65
27 43
18 74
6 20
19 39
30 48
90 99
42 59
82 95
19 75
39 53
11 71
83 96
33 95
25 91
72 86
64 82
14 81
15 46
67 93
18 51
70 98
15 82
7 78
26 91
27 56
18 87
19 52
12 13
30 61
63 95
1 3
33 72
13 14
25 68
4 45
10 88
16 19
1 39
14 58
34 73
45 82
46 47
78 79
38 43
3 85
22 98
7 55
26 68
27 33
19 29
11 25
71 76
30 38
82 85
42 49
29 79
48 92
0 52
41 53
40 88
52 62
31 39
75 82
1 16
53 63
25 81
45 59
64 72
14 71
7 32
26 45
59 79
18 41
70 88
36 95
7 68
48 69
40 65
6 72
11 38
71 89
63 85
21 88
41 66
33 62
52 75
4 35
10 78
2 74
22 52
34 63
66 95
37 68
24 98
3 75
36 72
55 85
47 81
67 96
0 6
11 15
17 95
48 82
40 78
41 43
6 85
12 16
44 48
10 55
22 29
54 98
34 40
37 45
56 58
51 92
3 52
22 65
35 84
14 61
55 62
78 82
70 78
89 91
17 72
36 85
9 68
28 81
47 94
6 62
21 78
81 92
33 52
10 68
51 69
3 29
74 89
85 98
13 79
32 92
47 71
59 82
5 74
17 85
58 86
9 81
77 99
69 95
62 92
14 15
12 91
32 69
4 87
24 65
43 78
14 51
1 81
7 12
47 48
16 97
57 98
17 62
36 75
28 71
0 9
40 45
5 87
50 95
10 22
42 91
62 69
8 98
81 82
73 78
20 72
25 38
31 81
84 93
43 55
22 32
14 28
87 98
13 69
43 91
16 74
1 94
88 99
58 76
9 71
50 72
61 81
80 94
40 58
27 88
6 65
39 62
10 35
2 31
62 82
54 78
73 91
20 85
39 98
12 81
72 95
23 90
24 55
43 68
16 51
35 64
46 79
57 88
9 48
28 61
5 77
6 42
58 89
10 12
69 98
2 8
8 88
54 55
25 28
12 58
32 36
35 41
12 94
53 95
13 59
45 91
24 68
17 29
35 77
36 42
28 38
68 74
88 89
47 51
46 92
6 19
5 54
38 88
77 79
9 61
61 71
80 84
27 78
11 70
30 83
91 99
42 94
2 21
83 95
75 91
54 68
13 36
32 49
4 67
23 80
72 85
64 81
16 41
34 95
17 42
76 91
9 38
68 87
15 81
7 77
26 90
6 32
50 75
42 71
61 84
8 78
27 91
0 74
12 48
30 96
31 61
34 72
4 80
72 98
45 81
37 77
56 90
17 19
16 54
3 84
14 93
26 67
46 82
6 9
42 48
27 68
18 99
19 64
20 29
83 85
52 97
13 26
53 62
72 75
32 39
44 93
64 71
16 31
22 74
1 51
34 85
86 95
5 21
37 90
38 55
65 72
3 97
15 71
8 32
26 80
27 45
19 41
79 92
71 88
63 84
82 97
29 91
60 78
20 42
4 34
23 47
1 28
34 62
53 75
25 93
64 84
56 80
3 74
22 87
7 44
26 57
67 95
38 68
8 45
19 54
11 50
12 15
23 24
34 39
13 16
25 70
4 47
44 83
37 44
56 57
16 21
2 86
3 51
22 64
67 72
37 80
38 45
3 87
89 90
49 54
15 61
26 70
27 35
18 66
79 82
11 27
71 78
90 91
63 74
82 87
48 94
40 90
0 54
33 51
12 28
22 41
74 88
53 65
44 96
85 97
37 57
56 70
55 74
15 38
7 34
67 85
86 98
59 81
18 43
28 93
29 58
8 35
19 44
11 40
6 74
29 94
21 90
41 68
25 60
2 76
22 54
16 96
8 12
0 8
18 56
19 21
11 17
29 71
48 84
21 67
41 45
25 37
44 50
4 14
2 53
22 31
14 27
34 42
74 78
25 73
66 74
45 51
37 47
51 94
43 90
35 86
55 64
47 60
78 84
70 80
17 74
28 83
48 61
40 57
5 99
21 80
62 81
81 94
41 58
73 90
25 50
39 97
31 93
10 70
51 71
2 66
3 31
22 44
13 81
35 99
55 77
28 60
7 37
5 76
58 88
9 83
50 84
69 97
21 57
61 93
40 70
25 27
39 74
10 47
3 8
62 94
54 90
12 93
13 58
32 71
24 67
43 80
16 63
1 83
7 14
5 53
46 91
16 99
17 64
36 77
77 78
9 60
29 38
69 74
48 51
80 83
92 94
10 24
2 20
81 84
54 67
0 96
20 74
39 87
12 70
31 83
3 21
84 95
35 53
65 81
36 54
9 37
68 86
5 66
77 91
50 74
69 87
21 47
80 96
8 77
30 95
10 37
2 33
62 84
54 80
12 83
13 48
31 96
32 61
23 92
24 57
43 70
17 18
35 66
5 43
6 8
65 94
17 54
49 86
68 99
15 93
21 24
7 89
27 67
6 44
58 91
10 14
0 86
19 99
39 77
12 60
13 25
32 38
4 56
23 69
24 34
3 11
84 85
43 47
35 43
1 50
34 84
13 61
4 92
45 93
17 31
36 44
9 27
3 96
28 40
88 91
26 79
46 94
6 21
58 68
50 64
42 60
8 67
27 80
0 63
20 41
11 72
39 54
83 97
75 93
0 99
33 96
32 51
23 82
56 79
16 43
35 56
34 97
5 33
46 71
9 40
68 89
15 83
19 53
50 77
63 96
42 73
0 76
39 67
11 85
13 15
31 63
1 40
45 83
46 48
64 96
38 44
3 86
49 53
22 99
15 60
26 69
27 34
46 84
6 11
18 65
38 80
30 39
82 86
42 50
7 92
48 93
27 70
20 31
39 44
12 27
31 40
23 36
1 17
33 86
25 82
53 64
44 95
4 59
2 98
45 96
86 97
38 57
57 70
3 99
68 79
8 34
26 82
18 78
19 43
79 94
11 39
71 90
30 52
82 99
21 89
0 66
20 44
60 80
52 76
12 40
44 72
23 49
10 79
1 30
34 64
53 77
45 73
3 76
14 85
15 50
26 59
67 97
19 20
17 96
7 82
40 79
0 43
63 99
23 26
1 7
33 76
34 41
13 18
25 72
44 85
37 46
56 59
16 23
86 87
18 32
5 13
78 83
70 79
36 86
47 95
8 24
27 37
0 20
79 84
11 29
30 42
63 76
48 96
21 79
40 92
60 70
12 30
25 49
44 62
2 65
1 20
14 39
74 90
66 86
3 66
35 98
14 75
15 40
18 45
78 96
70 92
36 99
9 82
28 95
29 60
48 73
21 56
0 33
40 69
6 76
10 46
29 96
21 92
41 70
33 66
3 43
22 56
7 13
66 99
13 93
59 60
18 22
17 63
36 76
28 72
7 49
47 85
48 50
0 10
19 23
5 88
92 93
6 53
11 19
63 66
9 95
29 73
21 69
40 82
81 83
6 89
52 56
25 39
10 59
2 55
85 89
32 83
37 49
24 79
3 56
35 88
15 30
1 95
67 77
18 35
59 73
5 65
70 82
48 63
2 32
81 96
20 86
39 99
31 95
23 91
22 46
66 89
32 96
16 88
17 53
47 75
6 43
58 90
9 85
50 86
29 63
69 99
31 72
3 10
62 96
22 23
14 19
20 99
12 95
32 73
24 69
35 78
36 43
1 85
47 52
88 90
38 89
77 80
28 75
69 76
61 72
21 36
40 49
27 79
92 96
30 84
50 99
2 22
62 73
39 89
4 68
23 81
43 59
35 55
14 32
1 62
13 73
17 43
36 56
9 39
76 92
47 65
6 33
58 80
77 93
50 76
42 72
21 49
80 98
8 79
19 88
39 66
11 84
30 97
23 58
54 82
20 89
12 85
53 86
72 99
4 81
23 94
64 95
24 59
17 20
28 29
5 45
6 10
17 56
9 52
50 53
49 88
61 62
21 26
7 91
27 69
19 65
39 43
50 89
10 16
42 85
83 86
2 12
62 63
20 66
39 79
52 98
12 62
11 97
4 58
23 71
51 53
24 36
43 49
95 96
1 52
34 86
53 99
5 22
46 60
37 91
16 68
17 33
9 29
49 65
28 42
15 72
26 81
46 96
6 23
79 93
58 70
42 62
82 98
8 69
27 82
20 43
39 56
30 87
31 52
25 94
53 76
13 40
72 89
45 72
24 49
16 45
14 84
34 99
46 73
65 86
49 78
15 85
26 94
27 59
19 55
23 25
42 75
0 78
60 92
20 56
12 52
31 65
44 84
34 76
53 89
45 85
38 46
9 19
49 55
14 97
15 62
7 58
6 13
19 32
18 67
82 88
8 59
48 95
0 55
20 33
11 64
39 46
31 42
4 25
23 38
83 89
75 85
94 98
41 92
25 84
4 61
56 71
16 35
22 78
34 89
46 63
38 59
57 72
15 75
7 71
8 36
27 49
19 45
79 96
11 41
71 92
63 88
41 69
12 42
4 38
44 74
1 32
34 66
25 97
66 98
45 75
22 91
14 87
55 88
26 61
18 57
19 22
11 18
30 31
17 98
63 65
48 85
0 45
41 46
52 55
4 15
23 28
1 9
25 74
44 87
45 52
64 65
37 48
51 95
14 64
15 29
67 76
86 89
18 34
59 72
38 49
70 81
36 88
28 84
0 22
11 31
30 44
71 82
82 91
29 85
48 98
21 81
40 94
33 55
52 68
25 51
44 64
3 32
74 92
34 56
25 87
66 88
37 61
15 42
7 38
26 51
67 89
18 47
78 98
70 94
0 35
4 5
10 48
2 44
62 95
20 98
25 64
37 38
10 84
51 85
3 45
22 58
14 54
7 15
13 95
70 71
36 78
29 39
0 12
5 90
11 21
63 68
50 98
41 49
81 85
33 45
6 91
52 58
25 41
39 88
44 54
51 62
14 31
66 78
85 91
13 72
43 94
1 97
7 28
59 75
5 67
9 74
29 52
80 97
6 68
81 98
54 81
25 54
20 88
12 84
23 93
51 75
3 35
43 71
14 44
1 74
13 85
16 90
17 55
9 51
28 64
47 77
5 80
50 88
42 84
54 58
20 65
25 31
11 96
39 78
23 70
22 25
54 94
66 68
12 97
13 62
4 93
24 71
76 81
28 41
88 92
46 95
38 91
17 68
58 69
77 82
69 78
21 38
6 58
39 55
30 86
2 24
62 75
54 71
73 84
20 78
32 52
72 88
4 70
84 99
3 25
16 44
1 64
34 98
13 75
16 80
57 81
9 41
68 90
28 54
15 84
26 93
50 78
42 74
61 87
39 68
12 51
30 99
23 60
2 37
1 41
12 87
13 52
32 65
45 84
64 97
24 61
17 22
35 70
28 31
1 77
46 85
38 81
58 59
49 90
15 97
21 28
61 64
7 93
8 58
19 67
31 41
10 18
91 92
2 14
83 88
8 94
20 68
31 77
72 78
23 73
24 38
43 51
35 47
95 98
87 94
45 97
5 24
37 93
57 71
76 84
9 31
28 44
68 80
26 83
6 25
79 95
58 72
50 68
42 64
8 71
27 84
0 67
19 80
20 45
39 58
31 54
4 37
34 65
25 96
45 74
24 51
56 83
22 90
67 98
5 37
46 75
38 71
57 84
49 80
8 48
27 61
20 22
11 53
12 18
2 4
0 80
41 81
1 8
12 54
52 90
53 55
13 19
4 50
23 63
24 28
56 60
2 89
22 67
1 44
34 78
45 87
46 52
86 88
37 83
3 90
49 57
15 64
18 69
19 34
71 81
30 43
82 90
29 84
48 97
0 57
40 93
19 70
60 71
11 66
12 31
4 27
23 40
83 91
41 94
34 55
53 68
72 81
45 64
37 60
3 67
67 88
26 50
46 65
18 46
28 96
7 73
8 38
27 51
19 47
30 56
41 71
33 67
52 80
4 40
14 53
34 68
26 27
3 80
14 89
7 50
26 63
19 24
11 20
30 33
29 74
0 47
40 83
41 48
60 61
52 57
44 53
23 30
10 60
41 84
1 11
34 45
53 58
45 54
37 50
51 97
43 93
14 66
7 27
67 78
18 36
36 90
0 24
6 67
71 84
29 87
40 96
81 97
73 93
52 70
25 53
44 66
10 73
14 43
32 97
16 89
36 67
55 80
47 76
7 40
0 1
59 87
18 49
5 79
17 90
9 86
6 80
10 50
2 46
3 47
43 83
35 79
14 56
26 30
28 76
29 41
8 18
0 14
5 92
11 23
92 97
81 87
41 51
33 47
73 83
25 43
44 56
39 90
10 63
2 59
3 24
22 37
66 80
32 87
17 44
35 92
36 57
55 70
28 53
17 80
58 81
77 94
28 89
69 90
29 54
80 99
40 63
27 93
30 98
10 40
62 87
20 90
13 51
32 64
4 82
35 69
5 46
16 92
36 70
9 53
28 66
21 27
10 17
42 86
2 13
62 64
54 60
33 37
0 89
20 67
11 98
12 63
31 76
51 54
23 72
43 50
3 14
14 23
87 93
1 53
66 70
12 99
4 95
16 69
17 34
35 82
76 83
9 30
96 98
28 43
55 60
1 89
47 56
88 94
36 47
5 59
46 97
9 66
69 80
42 63
61 76
8 70
27 83
30 88
31 53
2 26
54 73
20 80
12 76
13 41
31 89
4 72
72 90
51 67
16 46
35 59
46 74
38 70
17 47
68 92
15 86
18 91
58 84
50 80
42 76
2 3
27 96
20 57
39 70
11 88
4 49
3 4
53 90
4 85
24 63
64 99
56 95
17 24
57 60
68 69
14 98
5 49
69 70
42 53
7 95
0 56
20 34
11 65
2 16
75 86
54 63
94 99
12 66
53 67
4 62
32 44
23 75
64 76
84 91
56 72
16 36
1 56
87 96
45 99
5 26
37 95
65 77
15 76
7 72
27 50
18 81
79 97
30 55
71 93
50 70
63 89
42 66
19 82
20 47
60 83
39 60
12 43
11 78
31 56
75 99
1 33
72 93
45 76
37 72
56 85
3 79
9 10
26 62
18 58
59 96
38 73
42 43
15 89
48 86
8 50
27 63
0 46
12 20
30 68
31 33
1 10
60 96
33 79
12 56
13 21
25 75
45 53
24 30
64 66
16 26
2 91
1 46
45 89
46 54
65 67
78 86
37 85
97 99
3 92
49 59
68 72
47 98
7 62
26 75
79 87
11 32
30 45
71 83
90 96
29 86
8 63
21 82
0 59
20 37
11 68
44 65
4 29
10 72
1 23
33 92
74 93
53 70
45 66
64 79
37 62
56 75
3 69
22 82
15 43
7 39
67 90
18 48
78 99
38 63
28 98
7 75
48 76
8 40
27 53
40 72
4 6
60 86
52 82
37 39
3 46
13 96
18 25
37 75
38 40
70 72
36 79
15 56
55 92
47 88
8 17
26 65
27 30
18 61
59 99
5 91
71 73
63 69
9 98
21 72
41 50
6 92
52 59
12 23
44 55
33 82
74 83
34 47
93 96
25 78
85 92
37 52
2 94
22 72
35 91
14 68
55 69
1 98
18 38
70 85
89 98
17 79
29 53
11 35
33 59
73 95
25 55
44 68
31 98
10 75
51 76
22 49
66 92
13 86
28 65
47 78
0 3
59 89
5 81
11 12
17 92
9 88
48 79
21 62
61 98
40 75
4 9
10 52
2 48
22 26
54 95
14 22
34 37
66 69
37 42
32 76
43 85
35 81
96 97
15 23
55 59
88 93
47 55
18 28
59 66
70 75
77 83
29 43
47 91
48 56
21 39
5 94
92 99
10 29
42 98
21 75
81 89
54 72
33 49
25 45
32 53
51 66
43 62
14 35
66 82
13 76
16 81
17 46
28 55
5 71
6 36
17 82
77 96
9 78
29 56
69 92
61 88
21 52
27 95
19 91
2 38
62 89
73 98
13 53
32 66
23 97
24 62
43 75
16 58
28 32
7 9
5 48
46 86
65 99
57 95
49 91
9 55
15 98
21 29
61 65
40 42
5 84
6 49
10 19
42 88
73 75
25 35
39 82
12 65
31 78
32 43
51 56
24 39
23 74
35 48
95 99
1 55
87 95
4 97
24 75
76 85
36 49
68 81
28 45
47 58
5 61
6 26
77 86
42 65
61 78
80 91
19 81
54 75
20 82
12 78
13 43
72 92
64 88
24 52
16 48
35 61
1 68
65 89
17 49
76 98
9 45
49 81
27 62
6 39
8 85
27 98
60 95
20 59
11 90
12 55
39 72
23 64
16 25
35 38
34 79
45 88
5 15
57 62
3 91
36 39
49 58
68 71
26 74
5 51
38 85
79 86
58 63
7 97
0 58
19 71
20 36
30 80
31 45
91 96
23 41
41 95
1 22
32 46
45 65
56 74
22 81
1 58
5 28
65 79
38 62
57 75
9 35
49 71
15 78
7 74
8 39
26 87
27 52
19 48
79 99
30 57
63 91
42 68
41 72
52 81
12 45
31 58
4 41
44 77
23 54
1 35
34 69
45 78
38 39
3 81
14 90
15 55
26 64
59 98
18 60
38 75
30 34
7 87
8 52
27 65
40 84
0 48
20 26
12 22
30 70
31 35
23 31
75 78
1 12
33 81
4 54
45 55
37 51
10 97
16 28
2 93
3 58
67 79
86 92
78 88
57 65
49 61
36 91
8 29
27 42
19 38
79 89
11 34
71 85
90 98
63 81
82 94
40 97
41 62
12 35
44 67
10 74
2 70
1 25
74 95
66 91
37 64
55 81
7 41
67 92
18 50
59 88
29 65
48 78
63 94
21 97
62 98
37 41
51 88
2 83
22 61
14 57
67 69
13 98
18 27
38 42
36 81
15 58
55 94
47 90
48 55
8 19
0 15
18 63
19 28
5 93
11 24
92 98
40 87
41 52
60 65
52 61
25 44
2 60
14 34
74 85
25 80
66 81
45 58
32 88
24 84
14 70
47 67
26 44
67 82
78 91
70 87
17 81
36 94
29 55
48 68
21 51
40 64
21 87
62 88
54 84
33 61
73 97
10 77
51 78
14 47
74 98
7 8
