100 2475 1
36 71
28 67
29 32
0 5
5 83
11 14
58 95
29 68
21 64
40 77
33 38
6 84
3 15
14 24
74 75
32 78
24 74
43 87
36 48
1 90
7 21
88 95
18 30
46 98
70 77
36 84
9 67
77 85
69 81
29 45
5 96
81 91
73 87
39 94
12 77
23 86
13 78
24 87
17 48
76 97
28 57
47 70
6 38
58 85
77 98
50 81
9 80
69 94
61 90
27 97
39 71
10 44
2 40
3 5
62 91
20 94
13 55
32 68
23 99
24 64
16 60
17 25
35 73
36 38
28 34
7 11
46 88
6 15
5 50
38 84
17 61
58 62
9 57
50 58
21 31
61 67
7 96
27 74
39 48
58 98
50 94
42 90
2 17
62 68
8 97
20 71
13 32
32 45
4 63
43 54
16 37
3 18
84 92
87 97
5 27
16 73
17 38
57 74
76 87
68 83
88 98
26 86
38 97
69 84
61 80
80 93
8 74
0 70
19 83
20 48
11 79
12 44
39 61
31 57
53 81
13 45
16 50
35 63
22 93
5 40
65 91
38 74
9 47
49 83
68 96
26 99
27 64
11 56
30 69
10 11
42 80
2 7
0 83
60 97
20 61
11 92
52 93
32 35
4 53
16 27
45 90
5 17
65 68
9 24
49 60
7 63
18 72
6 18
79 88
58 65
82 93
61 70
0 60
19 73
12 34
4 30
83 94
75 90
1 24
53 71
25 89
72 84
45 67
24 44
37 63
16 40
56 76
3 70
14 79
37 99
57 77
7 76
63 93
0 73
60 87
44 79
4 43
53 84
45 80
5 7
38 41
56 89
3 83
9 14
22 96
14 92
15 57
27 31
19 27
50 51
63 70
82 83
29 77
8 54
39 41
12 24
52 60
4 20
23 33
83 84
1 14
52 96
25 79
72 74
64 70
37 53
2 95
3 60
14 69
26 43
59 77
18 39
38 54
78 90
89 99
15 70
7 66
27 44
63 83
21 86
40 99
41 64
60 77
52 73
25 56
12 37
4 33
2 72
74 97
34 61
66 93
15 47
7 43
26 56
0 4
18 52
59 90
11 13
70 99
17 93
9 89
29 67
48 80
6 83
11 49
12 14
4 10
41 77
1 4
33 73
34 38
44 82
45 47
10 89
43 86
3 50
14 59
7 20
26 33
67 71
18 29
78 80
70 76
17 70
28 79
47 92
48 57
8 21
40 53
19 30
6 60
63 73
21 76
41 54
60 67
33 50
6 96
52 63
73 86
34 51
85 96
24 86
3 63
55 73
15 37
67 84
59 80
5 72
70 89
17 83
36 96
48 70
21 53
40 66
2 39
54 86
33 63
51 80
23 98
3 40
35 72
1 79
66 96
13 90
24 99
16 95
36 73
28 69
29 34
47 82
8 11
6 50
58 97
50 93
29 70
21 66
8 96
41 44
73 76
33 40
25 36
39 83
51 57
2 52
54 99
32 80
51 93
16 72
35 85
55 63
1 92
88 97
7 23
38 96
58 74
28 82
29 47
61 79
27 86
30 91
73 89
20 83
39 96
31 92
32 57
51 70
43 66
3 30
35 62
13 80
24 89
16 85
57 86
17 50
36 63
28 59
26 98
5 75
58 87
69 96
2 6
27 99
25 26
20 60
39 73
11 91
23 65
2 42
35 39
20 96
12 92
53 93
43 79
16 62
56 98
35 75
36 40
1 82
5 52
38 86
58 64
49 95
9 59
69 73
29 37
61 69
7 98
80 82
27 76
19 72
30 81
42 92
62 70
39 86
13 34
31 82
4 65
51 60
23 78
43 56
16 39
35 52
34 93
5 29
76 89
9 36
68 85
6 30
38 99
58 77
50 73
69 86
42 69
61 82
8 76
27 89
19 85
39 63
11 81
30 94
12 46
53 83
72 96
4 78
24 56
16 52
22 95
14 91
5 42
6 7
65 93
57 89
68 98
42 46
15 92
21 23
7 88
8 53
0 49
18 97
19 62
30 71
31 36
10 13
2 9
75 79
8 89
0 85
60 99
20 63
11 94
52 95
12 59
53 60
13 24
4 55
23 68
24 33
64 69
10 98
16 29
1 49
87 89
34 83
53 96
45 92
5 19
76 79
7 65
26 78
18 74
19 39
6 20
79 90
30 48
71 86
90 99
42 59
82 95
8 66
40 98
0 62
20 40
11 71
12 36
31 49
4 32
23 45
83 96
75 92
1 26
34 60
13 37
72 86
37 65
3 72
14 81
70 98
15 82
7 78
27 56
0 39
19 52
11 48
30 61
1 3
33 72
12 49
25 68
44 81
22 62
14 58
34 73
45 82
46 47
14 94
15 59
26 68
18 64
11 25
30 38
42 49
48 92
40 88
0 52
20 30
60 66
6 95
12 26
44 58
10 65
75 82
33 85
25 81
53 63
44 94
85 95
64 72
37 55
3 62
7 32
67 83
26 45
59 79
38 56
36 95
28 91
7 68
48 69
8 33
27 46
0 29
19 42
30 51
29 92
41 66
60 79
33 62
52 75
4 35
44 71
10 78
2 74
3 39
22 52
14 48
74 99
66 95
36 72
7 45
8 10
26 58
59 92
18 54
11 15
17 95
9 91
0 42
6 85
2 51
1 6
33 75
34 40
25 71
45 49
32 79
56 58
51 92
2 87
3 52
43 88
22 65
35 84
15 26
55 62
67 73
18 31
59 69
78 82
89 91
36 85
55 98
28 81
48 59
8 23
0 19
40 55
5 97
11 28
29 82
21 78
81 92
33 52
73 88
44 61
39 95
31 91
10 68
3 29
22 42
85 98
32 92
24 88
35 97
15 39
28 58
7 35
47 71
59 82
17 85
58 86
9 81
21 55
6 75
2 41
54 88
14 15
20 95
32 69
51 82
3 42
35 74
7 12
47 48
13 92
18 21
36 75
9 58
29 36
40 45
80 81
5 87
50 95
10 22
42 91
62 69
54 65
33 42
25 38
20 72
39 85
44 51
51 59
2 54
43 55
3 19
22 32
74 79
66 75
13 69
17 39
76 88
36 52
28 48
6 29
38 98
77 89
50 72
69 85
61 81
21 45
80 94
40 58
6 65
39 62
30 93
10 35
62 82
73 91
20 85
39 98
12 81
13 46
31 94
72 95
4 77
51 72
24 55
43 68
46 79
16 87
17 52
57 88
49 84
9 48
28 61
18 96
50 85
42 81
2 8
61 94
19 97
11 93
39 75
32 36
23 67
3 9
12 94
53 95
4 90
65 69
16 64
35 77
68 74
46 92
38 88
58 66
9 61
50 62
49 97
61 71
21 35
80 84
20 39
11 70
31 48
42 94
75 91
54 68
12 71
72 85
64 81
43 58
76 91
9 38
68 87
15 81
27 55
18 86
71 98
30 60
42 71
61 84
0 74
20 52
60 88
39 65
12 48
30 96
31 61
23 57
16 18
1 38
34 72
53 85
45 81
64 94
3 84
22 97
26 67
46 82
38 78
49 87
50 52
42 48
15 94
7 90
20 29
12 25
31 38
75 81
0 87
1 15
33 84
52 97
13 26
44 93
72 75
24 35
56 67
35 44
2 96
34 85
53 98
5 21
37 90
65 72
57 68
49 64
26 80
27 45
19 41
79 92
11 37
71 88
82 97
8 68
60 78
20 42
52 74
12 38
4 34
23 47
33 97
34 62
45 71
64 84
37 67
15 48
7 44
26 57
18 53
38 68
7 80
27 58
19 54
63 97
23 24
60 91
33 74
34 39
4 47
44 83
24 25
10 90
2 86
22 64
14 60
67 72
37 80
38 45
57 58
14 96
55 97
15 61
7 57
47 93
27 35
0 18
19 31
71 78
63 74
29 81
48 94
0 54
40 90
60 68
33 51
12 28
44 60
23 37
2 63
22 41
74 88
53 65
85 97
56 70
3 64
22 77
14 73
15 38
7 34
67 85
86 98
59 81
18 43
78 94
70 90
28 93
8 35
19 44
11 40
63 87
44 73
10 80
3 41
66 97
13 91
36 74
55 87
28 70
47 83
8 12
59 94
19 21
18 56
11 17
63 64
9 93
48 84
6 87
52 54
25 37
4 14
10 57
2 53
74 78
25 73
66 74
85 87
45 51
32 81
37 47
51 94
43 90
3 54
35 86
15 28
55 64
7 24
78 84
17 74
36 87
77 88
28 83
29 48
47 96
21 44
5 99
11 30
10 34
21 80
62 81
41 58
54 77
33 54
73 90
25 50
44 63
10 70
2 66
74 91
13 81
32 94
16 86
28 60
7 37
5 76
9 83
69 97
21 57
12 93
51 84
24 67
16 63
35 76
36 41
1 83
59 61
18 23
46 91
5 53
9 60
28 73
48 51
6 54
92 94
50 97
42 93
2 20
81 84
54 67
0 96
25 40
12 70
32 48
23 79
51 61
3 21
84 95
35 53
13 71
32 84
24 80
65 81
35 89
76 90
9 37
68 86
21 47
27 90
39 64
11 82
31 60
2 33
54 80
23 92
24 57
17 18
35 66
46 81
5 43
65 94
38 77
57 90
17 54
49 86
28 63
21 24
27 67
6 44
18 98
58 91
30 72
42 83
61 96
8 90
0 86
19 99
20 64
11 95
39 77
13 25
4 56
24 34
3 11
43 47
1 50
87 90
53 97
37 89
16 66
88 91
46 94
6 21
38 90
49 99
77 81
69 77
42 60
80 86
27 80
0 63
20 41
11 72
30 85
31 50
23 46
2 23
75 93
1 27
33 96
12 73
13 38
64 83
84 98
56 79
22 86
1 63
34 97
46 71
65 84
57 80
76 93
9 40
68 89
15 83
19 53
30 62
42 73
60 90
20 54
11 85
12 50
4 46
34 74
53 87
64 96
38 44
17 21
49 53
26 69
18 65
6 11
38 80
79 81
30 39
50 54
42 50
82 86
61 63
8 57
19 66
20 31
39 44
11 62
12 27
83 87
94 96
41 90
1 17
45 60
24 37
64 73
56 69
16 33
2 98
34 87
45 96
46 61
5 23
38 57
57 70
7 69
8 34
26 82
0 30
79 94
71 90
63 86
82 99
29 93
21 89
0 66
20 44
11 75
52 76
1 30
33 99
25 95
45 73
64 86
37 69
3 76
14 85
15 50
26 59
67 97
18 55
17 96
8 47
40 79
19 56
20 21
52 53
1 7
33 76
53 54
25 72
37 46
10 92
56 59
16 23
2 88
3 53
14 62
86 87
46 51
78 83
38 47
70 79
3 89
15 63
7 59
48 60
27 37
0 20
19 33
5 98
11 29
30 42
63 76
29 83
21 79
40 92
33 53
6 99
12 30
25 49
52 66
4 26
10 69
2 65
22 43
1 20
14 39
25 85
66 86
45 63
37 59
35 98
67 87
26 49
59 83
78 96
70 92
17 86
36 99
9 82
21 56
11 42
10 46
21 92
62 93
25 62
10 82
2 78
22 56
14 52
15 17
7 13
66 99
13 93
18 22
59 60
16 98
36 76
28 72
47 85
48 50
0 10
5 88
6 53
11 19
30 32
92 93
17 99
81 83
41 47
73 79
33 43
6 89
4 16
14 29
34 44
74 80
85 89
32 83
51 96
26 39
67 77
70 82
17 76
36 89
77 90
28 85
48 63
40 59
0 23
80 95
33 56
73 92
20 86
25 52
23 91
51 73
43 69
3 33
22 46
35 65
14 42
13 83
24 92
16 88
17 53
55 79
61 95
19 98
31 72
10 49
2 45
62 96
22 23
54 92
20 99
12 95
32 73
24 69
43 82
36 43
1 85
7 16
88 90
46 93
58 67
77 80
61 72
40 49
27 79
92 96
30 84
50 99
42 95
54 69
73 82
0 98
20 76
39 89
12 72
31 85
51 63
84 97
43 59
35 55
1 62
13 73
24 82
65 83
17 43
57 79
36 56
9 39
28 52
47 65
5 68
6 33
77 93
50 76
69 89
42 72
61 85
80 98
0 75
20 53
31 62
23 58
2 35
54 82
20 89
53 86
32 63
72 99
23 94
24 59
64 95
56 91
16 55
28 29
1 75
46 83
65 96
38 79
57 92
21 26
7 91
30 74
50 89
10 16
42 85
83 86
62 63
8 92
54 59
20 66
39 79
52 98
13 27
72 76
32 40
23 71
24 36
4 58
51 53
16 32
87 92
34 86
13 63
45 95
5 22
76 82
49 65
9 29
26 81
46 96
18 77
38 92
79 93
50 66
82 98
42 62
61 75
8 69
27 82
19 78
11 74
30 87
75 95
33 98
12 75
53 76
13 40
4 71
45 72
22 88
1 65
46 73
5 35
65 86
57 82
68 91
15 85
7 81
8 46
18 90
11 51
63 98
42 75
8 82
60 92
20 56
13 17
4 48
23 61
10 91
16 22
34 76
53 89
45 85
46 50
64 98
38 46
56 94
9 19
26 71
18 67
79 83
7 94
8 59
48 95
19 68
20 33
6 98
12 29
91 93
75 85
41 92
33 88
56 71
16 35
22 78
34 89
86 99
37 94
78 95
70 91
49 68
7 71
8 36
26 84
27 49
79 96
30 54
63 88
29 95
0 68
41 69
52 78
12 42
44 74
4 38
10 81
1 32
34 66
25 97
37 71
56 84
3 78
14 87
26 61
67 99
59 95
30 31
17 98
63 65
9 94
8 49
48 85
41 46
20 23
52 55
12 19
23 28
33 78
44 87
45 52
64 65
37 48
10 94
3 55
14 64
15 29
7 25
18 34
78 85
89 94
36 88
28 84
47 97
48 62
7 61
19 35
71 82
82 91
29 85
33 55
25 51
44 64
2 67
22 45
74 92
25 87
37 61
47 74
26 51
67 89
18 47
59 85
17 88
48 75
0 35
4 5
10 48
2 44
21 94
62 95
33 68
25 64
20 98
51 85
2 80
3 45
22 58
15 19
26 28
13 95
70 71
28 74
8 16
0 12
40 48
19 25
5 90
92 95
11 21
9 97
21 71
62 72
33 45
73 81
6 91
25 41
39 88
44 54
10 61
51 62
2 57
3 22
66 78
32 85
51 98
16 77
15 32
28 51
55 68
47 64
18 37
17 78
28 87
29 52
48 65
21 48
80 97
10 38
62 85
25 54
20 88
12 84
32 62
24 58
35 67
36 68
9 51
47 77
0 2
10 15
61 97
8 91
54 58
25 31
20 65
31 74
10 51
2 47
3 12
84 86
43 48
66 68
32 75
4 93
24 71
43 84
16 67
17 32
76 81
47 54
6 22
17 68
58 69
9 64
50 65
77 82
69 78
61 74
21 38
80 87
27 81
19 77
30 86
10 28
62 75
12 74
31 87
32 52
24 48
43 61
16 44
3 25
84 99
1 64
34 98
13 75
46 72
5 34
16 80
76 94
9 41
68 90
15 84
26 93
5 70
42 74
8 81
20 55
12 51
31 64
1 41
12 87
13 52
64 97
17 22
35 70
1 77
5 47
46 85
38 81
58 59
9 54
50 55
42 51
61 64
7 93
8 58
27 71
19 67
30 76
75 84
8 94
54 61
94 97
0 90
20 68
11 99
13 29
31 77
4 60
32 42
23 73
24 38
43 51
84 89
16 34
35 47
95 98
1 54
45 97
5 24
37 93
38 58
65 75
57 71
17 35
76 84
28 44
7 70
18 79
38 94
79 95
58 72
30 53
71 91
50 68
61 77
60 81
30 89
23 50
75 97
1 31
34 65
13 42
4 73
45 74
64 87
24 51
16 47
22 90
14 86
67 98
26 60
46 75
5 37
57 84
49 80
15 87
7 83
8 48
26 96
0 44
30 66
20 58
33 77
12 54
23 63
10 93
56 60
16 24
53 91
86 88
5 14
37 83
38 48
68 70
14 99
8 25
18 69
71 81
42 54
82 90
29 84
48 97
8 61
19 70
60 71
11 66
52 67
4 27
23 40
83 91
75 87
41 94
1 21
34 55
53 68
72 81
44 99
14 76
15 41
46 65
59 84
70 93
15 77
28 96
7 73
8 38
27 51
0 34
19 47
79 98
29 97
41 71
60 84
33 67
44 76
4 40
10 83
2 79
22 57
14 53
25 99
45 77
15 54
7 50
8 15
59 97
19 24
29 74
48 87
6 90
12 21
52 57
4 17
10 60
22 34
41 84
1 11
33 80
74 81
34 45
53 58
85 90
37 50
51 97
56 63
2 92
22 70
14 66
7 27
26 40
86 91
78 87
70 83
89 96
17 77
47 99
8 28
21 83
41 61
81 97
52 70
44 66
10 73
14 43
66 90
13 84
32 97
24 93
16 89
15 44
55 80
7 40
59 87
70 96
17 90
9 86
29 64
21 60
40 73
6 80
4 7
62 97
54 93
14 20
34 35
25 66
51 87
14 56
15 21
55 57
1 86
47 53
26 30
70 73
9 63
29 41
8 18
0 14
92 97
11 23
9 99
62 74
81 87
41 51
73 83
25 43
51 64
2 59
43 60
3 24
22 37
66 80
13 74
32 87
43 96
16 79
35 92
55 70
28 53
6 34
17 80
58 81
9 76
29 54
61 86
21 50
40 63
10 40
2 36
31 99
23 95
43 73
35 69
1 76
13 87
24 96
17 57
57 93
36 70
29 31
21 27
5 82
6 47
42 86
2 13
61 99
62 64
8 93
54 60
33 37
25 33
11 98
39 80
12 63
32 41
3 14
22 27
95 97
66 70
32 77
24 73
17 34
35 82
36 47
76 83
55 60
28 43
1 89
9 30
88 94
47 56
5 59
77 84
50 67
29 44
69 80
21 40
80 89
8 70
27 83
19 79
30 88
2 26
62 77
54 73
12 76
31 89
72 90
23 85
24 50
35 59
1 66
5 36
65 87
38 70
57 83
17 47
76 96
28 56
27 60
30 65
50 80
42 76
2 3
61 89
27 96
19 92
20 57
11 88
12 53
4 49
35 36
13 54
45 86
64 99
46 87
6 14
38 83
57 96
49 92
69 70
42 53
15 99
61 66
39 47
11 65
31 43
91 94
23 39
0 92
41 93
20 70
12 66
4 62
72 80
32 44
64 76
23 75
43 53
16 36
84 91
22 79
87 96
1 56
45 99
46 64
5 26
37 95
38 60
57 73
17 37
76 86
49 69
7 72
19 46
30 55
63 89
42 66
8 73
0 69
11 78
31 56
4 39
23 52
75 99
1 33
13 44
25 98
72 93
45 76
37 72
56 85
16 49
3 79
22 92
5 39
38 73
49 82
42 43
7 85
8 50
48 86
18 94
19 59
12 20
30 68
31 33
1 10
12 56
53 57
25 75
4 52
45 53
24 30
64 66
10 95
16 26
56 62
34 80
86 90
46 54
65 67
37 85
38 50
97 99
89 95
68 72
7 62
8 27
26 75
18 71
11 32
71 83
30 45
90 96
63 79
42 56
48 99
0 59
41 60
40 95
20 37
60 73
12 33
10 72
75 89
41 96
74 93
53 70
25 88
45 66
56 75
22 82
7 39
67 90
18 48
59 86
78 99
38 63
48 76
27 53
6 79
11 45
30 58
63 92
29 99
52 82
25 65
44 78
37 39
2 81
15 20
34 70
13 96
38 40
36 79
55 92
47 88
8 17
11 22
9 98
48 89
60 63
33 46
6 92
52 59
10 62
2 58
1 13
34 47
66 79
85 92
37 52
56 65
51 99
43 95
22 72
14 68
15 33
7 29
86 93
78 89
70 85
17 79
29 53
8 30
40 62
63 82
21 85
62 86
25 55
44 68
31 98
10 75
2 71
22 49
74 96
66 92
13 86
32 99
24 95
36 69
7 42
47 78
59 89
21 62
61 98
33 36
6 82
3 13
54 95
14 22
34 37
66 69
12 98
51 89
3 49
96 97
67 70
18 28
36 82
77 83
9 65
28 78
29 43
48 56
21 39
80 88
40 52
6 59
92 99
42 98
62 76
81 89
54 72
33 49
25 45
39 92
31 88
23 84
2 61
3 26
43 62
13 76
32 89
24 85
17 46
35 94
76 95
9 42
55 72
28 55
36 59
6 36
9 78
50 79
21 52
19 91
39 69
12 88
13 53
32 66
4 84
23 97
51 79
28 32
7 9
46 86
65 99
57 95
17 59
9 55
15 98
21 29
50 92
10 19
2 15
62 66
8 95
0 91
25 35
12 65
32 43
43 52
35 48
87 95
13 66
4 97
24 75
16 71
17 36
36 49
76 85
9 32
68 81
1 91
47 58
46 99
5 61
38 95
58 73
77 86
50 69
21 42
80 91
8 72
27 85
19 81
20 46
30 90
31 55
23 51
75 98
54 75
12 78
4 74
23 87
24 52
64 88
16 48
46 76
65 89
38 72
76 98
49 81
9 45
68 94
7 84
27 62
19 58
50 82
42 78
8 85
27 98
0 81
19 94
20 59
13 20
32 33
4 51
23 64
24 29
34 79
53 92
65 66
9 22
15 65
26 74
38 85
49 94
90 95
7 97
0 58
19 71
20 36
11 67
39 49
30 80
31 45
12 32
91 96
23 41
75 88
41 95
1 22
12 68
32 46
4 64
72 82
56 74
35 51
22 81
34 92
65 79
38 62
57 75
49 71
7 74
8 39
18 83
19 48
11 44
71 95
42 68
8 75
0 71
41 72
60 85
20 49
52 81
31 58
44 77
23 54
1 35
34 69
45 78
64 91
38 39
56 87
3 81
22 94
14 90
27 29
18 60
38 75
42 45
48 88
0 48
40 84
19 61
20 26
60 62
11 57
12 22
31 35
23 31
41 85
60 98
34 46
52 94
25 77
53 59
44 90
45 55
64 68
10 97
56 64
2 93
3 58
22 71
14 67
86 92
37 87
78 88
3 94
36 91
15 68
7 64
11 34
90 98
29 88
21 84
40 97
60 75
33 58
44 67
10 74
2 70
34 59
25 90
45 68
37 64
14 80
7 41
70 97
17 91
29 65
8 42
11 47
63 94
51 88
2 83
22 61
14 57
26 31
13 98
38 42
36 81
28 77
7 54
27 32
0 15
19 28
11 24
82 84
29 78
21 74
40 87
41 52
44 57
4 21
10 64
2 60
34 49
25 80
45 58
37 54
43 97
35 93
55 71
7 31
59 78
70 87
17 81
9 77
77 95
29 55
21 51
0 28
6 71
21 87
62 88
41 65
51 78
23 96
2 73
7 8
66 94
