100 200 1
24 33
81 85
59 64
67 77
2 48
17 67
20 38
9 72
37 88
3 86
38 62
40 59
15 60
22 53
38 71
9 99
33 84
15 87
25 89
56 76
9 56
12 18
28 69
3 24
74 75
41 72
17 87
60 85
15 53
57 77
33 86
7 67
27 63
11 46
30 59
64 91
20 33
5 14
54 99
14 26
75 76
31 51
14 44
66 82
32 89
2 27
45 62
45 71
25 47
31 90
38 50
35 60
23 40
66 75
41 76
4 45
21 61
36 43
8 36
1 30
18 80
47 61
3 58
20 74
31 74
56 82
22 25
3 76
86 92
3 30
6 56
19 93
72 74
42 95
76 90
9 37
81 86
56 57
1 96
90 98
0 43
46 95
19 56
17 59
52 53
28 68
23 81
38 45
4 77
31 39
5 75
18 48
10 28
25 26
48 76
65 92
64 72
63 74
20 69
85 95
3 53
56 59
31 78
49 93
31 87
3 16
26 45
35 66
35 75
36 40
25 83
85 97
88 96
49 77
3 64
21 79
5 6
26 38
58 73
70 81
75 77
43 72
42 74
19 81
34 45
35 77
14 39
83 93
71 73
65 87
68 83
5 54
49 88
61 71
69 84
1 4
34 93
17 22
59 92
28 86
25 78
0 24
37 43
12 53
66 88
38 81
9 45
32 40
6 21
18 84
44 48
64 81
52 61
72 94
8 58
28 70
33 66
47 83
17 24
9 93
32 42
38 92
15 99
56 79
1 54
67 91
0 65
2 62
3 27
91 94
5 33
22 49
65 84
28 35
30 96
13 77
23 57
66 92
13 22
62 79
64 76
7 24
69 72
45 72
33 52
18 97
30 62
39 40
25 57
45 90
47 87
34 90
19 71
12 32
34 99
14 29
14 20
76 77
6 55
6 64
