100 200 1
32 37
21 71
53 69
35 97
45 65
90 97
7 26
45 74
44 54
11 51
18 99
70 82
44 63
73 99
23 25
22 99
23 43
6 57
41 88
18 65
13 81
79 81
4 66
81 96
25 61
14 24
4 87
31 58
14 51
26 80
79 83
55 61
72 86
16 33
71 88
71 97
10 56
29 36
8 68
11 64
74 77
37 92
28 89
66 73
9 85
40 63
51 93
61 95
1 83
55 63
33 97
45 62
7 23
25 29
19 52
82 90
12 13
13 51
13 60
60 89
35 69
27 86
66 84
10 79
55 56
54 58
44 99
2 29
62 80
25 40
30 63
49 98
46 65
3 94
23 42
43 75
27 88
15 68
6 65
18 64
74 93
33 37
47 54
30 47
76 99
48 92
49 91
23 26
48 70
27 90
7 66
2 24
85 95
90 91
2 88
53 72
56 68
2 42
20 23
42 63
77 93
61 76
13 57
1 9
50 94
28 36
17 45
49 77
54 82
86 98
27 76
53 95
31 46
9 25
8 90
5 91
38 70
19 99
71 82
0 95
75 98
77 79
7 36
19 65
13 61
39 43
4 92
33 73
1 68
1 77
48 64
29 60
57 76
30 37
34 56
23 53
40 69
66 88
57 85
13 27
12 16
60 65
26 97
67 80
24 54
41 70
59 85
2 60
45 95
22 38
36 37
5 86
0 17
48 66
93 98
17 97
63 73
0 99
49 83
21 76
50 57
72 87
32 51
10 48
61 66
72 96
34 79
73 95
20 43
74 78
14 91
5 88
8 87
92 93
19 87
17 99
3 54
55 64
98 99
73 79
50 59
35 40
78 84
4 80
34 81
20 27
41 95
36 78
25 57
19 71
36 87
38 51
14 38
20 54
3 38
37 49
57 82
9 97
24 79
75 97
