29781
96615
8578
93206
94302
31202
42621
92630
99083
54156
2489
26443
98673
13890
58669
11850
35824
71623
17234
68541
14411
61115
22276
92551
66365
98236
7893
67822
14539
25400
69409
39841
6849
6509
79590
36577
8911
65866
33877
44210
43269
47354
48641
83584
93202
26446
53471
53962
10755
90083
76077
8698
27144
7628
38900
89878
98342
9763
98008
36601
11714
72632
73281
72266
56919
28677
10236
98621
49927
18328
97734
17526
91924
49114
96931
57326
72410
92242
34549
94245
12238
35307
64870
27946
17519
44169
72001
65296
62513
45336
40547
87652
208
15871
31807
8933
50205
79932
90833
25192
