56187
49212
93883
84638
1266
58788
82265
69620
87853
90129
48073
2751
57970
58918
72433
23511
14709
39591
12125
14804
54449
71919
32167
71575
40116
87027
59466
22896
3332
41777
1827
87872
6782
35246
80646
93253
60720
88221
46124
12366
51772
18744
63632
55447
3247
20888
40693
92041
89952
60332
19491
76968
53965
83058
42841
93291
51269
97005
20657
20651
37883
72145
40075
82336
13648
56389
30543
2251
69638
58925
93117
89413
18867
43130
64786
24271
46214
20446
59902
63348
5197
15223
5651
97396
75132
30360
78160
59026
60115
99198
67920
78955
78400
47231
94706
15873
3828
89860
82326
35891
