49504
78312
99611
53206
20604
68488
52455
42809
48556
869
10509
14016
33357
98688
66223
37538
19965
23556
55185
7547
37424
69613
39409
79515
7398
27281
39263
56432
92665
69848
40384
93447
5843
64050
56673
77346
1802
86253
4255
69249
86294
10604
21501
96157
18321
55487
80136
63536
10048
26289
59023
30796
23988
47834
44984
44172
14569
91828
46522
25855
8064
38695
66786
13900
25233
33718
35585
21334
85589
65515
67631
42367
50834
36562
91203
55494
46098
24164
67409
49228
717
91437
20089
68275
97599
82382
62020
52706
27467
22595
68482
87721
97820
22770
64376
40680
40558
267
57306
15594
