1000 2000 1
969 505
642 784
578 125
663 349
487 352
887 880
771 260
895 555
908 674
820 561
866 649
223 957
31 872
183 103
233 369
492 300
134 592
132 811
627 116
514 733
659 971
425 804
984 502
412 47
674 721
352 670
464 768
422 97
416 691
447 944
687 251
369 350
531 943
47 564
887 461
789 829
272 539
583 989
170 262
593 630
798 999
511 411
650 755
232 767
642 751
851 745
488 693
973 213
697 49
542 929
233 997
60 660
320 965
263 202
483 205
135 16
771 263
325 671
520 352
117 642
212 385
681 226
726 606
604 351
88 206
890 565
172 428
266 212
282 336
421 387
197 642
21 682
817 881
213 623
217 593
617 38
334 95
219 257
211 927
716 425
56 86
913 72
589 851
752 649
475 600
483 195
521 78
855 332
988 596
133 347
272 542
58 582
19 325
589 69
394 122
264 12
879 136
266 467
585 858
829 315
50 434
213 986
302 798
834 250
895 525
259 55
573 65
513 954
852 420
247 575
768 835
131 772
860 15
965 217
343 808
951 282
535 75
883 263
957 212
892 757
558 323
561 886
398 105
688 847
736 329
705 787
301 932
863 61
548 952
266 974
89 109
737 330
141 979
148 838
687 329
150 390
478 335
954 444
809 700
303 74
443 234
989 667
132 192
489 121
614 381
480 152
674 511
385 408
746 765
591 891
806 178
379 599
728 487
351 537
102 470
288 597
943 3
981 560
851 859
104 107
358 926
149 932
27 417
442 367
244 940
346 579
397 890
442 138
977 302
366 377
469 878
519 241
290 418
336 385
555 838
90 967
601 396
939 949
858 466
248 128
752 305
378 732
26 164
580 229
821 255
75 322
624 155
631 51
319 44
588 89
947 516
663 348
767 585
829 151
567 380
472 408
979 733
444 309
459 963
674 622
785 230
49 570
235 809
360 202
755 323
654 420
516 715
42 387
960 612
798 550
814 0
665 249
614 878
691 832
529 16
837 132
142 510
777 612
729 535
308 807
769 873
824 543
2 700
673 639
804 76
283 490
552 120
861 201
858 312
429 135
459 423
140 935
669 116
625 455
843 943
74 581
103 150
144 905
774 843
617 371
479 895
992 248
469 207
505 804
991 23
557 585
768 131
68 128
557 176
171 406
679 547
943 248
347 897
209 289
662 643
662 234
740 562
647 371
641 965
445 236
383 32
929 843
45 531
666 878
447 53
450 207
339 748
214 79
621 354
836 242
762 64
554 264
18 778
396 501
53 656
963 728
168 228
454 442
71 561
322 143
171 648
833 847
882 623
365 513
576 59
108 708
511 567
361 628
481 315
376 644
882 250
764 640
312 888
542 676
443 325
244 753
604 916
436 923
432 544
384 504
87 626
66 603
621 825
737 362
915 405
2 932
293 321
871 972
864 30
161 467
674 314
156 208
740 673
426 334
623 762
263 456
152 997
481 678
139 420
191 467
18 130
25 26
961 614
738 456
533 990
339 859
659 986
582 208
465 446
674 965
36 40
444 243
551 342
933 407
944 44
471 498
539 224
958 356
295 537
228 596
879 328
332 833
984 759
246 501
799 39
672 609
455 760
626 763
651 936
661 226
679 360
61 347
966 453
512 777
186 347
291 400
734 332
33 779
128 522
497 505
822 36
928 17
425 485
531 94
730 977
644 379
946 192
484 18
944 793
126 718
383 460
603 234
319 475
720 1
293 422
360 103
829 173
864 805
142 146
841 821
650 436
906 133
300 174
370 647
529 820
78 884
875 145
610 781
722 842
599 771
662 302
21 651
287 96
520 69
967 529
491 420
884 760
928 946
121 329
185 493
312 534
985 254
262 942
678 920
740 486
443 645
199 922
359 911
750 387
745 192
381 898
293 556
390 983
129 45
216 867
149 777
692 567
598 523
601 794
454 366
518 796
231 586
790 55
247 976
321 516
760 823
788 247
56 212
23 264
28 379
37 693
81 125
181 212
505 947
695 204
850 981
924 930
680 835
152 450
485 596
661 147
43 134
196 578
129 588
658 523
734 253
322 574
506 654
338 698
930 164
203 473
750 871
357 302
996 258
563 407
538 234
625 202
393 490
775 555
305 377
414 958
90 43
546 94
438 3
396 235
31 402
449 915
871 873
400 879
500 966
729 560
401 615
696 383
504 707
297 414
665 395
957 832
863 416
855 412
379 303
769 80
976 293
155 595
68 261
109 70
424 45
117 568
673 520
291 455
590 751
392 278
884 969
299 953
432 988
262 284
813 801
654 399
107 904
63 160
690 730
354 781
807 986
461 349
793 679
437 815
635 242
520 26
974 345
198 649
71 694
616 228
960 38
859 480
524 410
518 187
816 847
347 634
586 650
192 431
368 19
774 292
110 132
348 449
832 382
972 542
600 670
348 40
157 100
590 476
74 596
725 148
41 10
8 916
318 584
806 896
604 761
35 195
258 389
849 219
45 919
344 312
372 2
782 803
996 912
278 632
549 717
71 10
145 633
796 414
587 420
783 66
837 186
921 445
670 863
757 193
663 186
510 93
479 743
77 354
824 777
363 159
150 689
769 963
967 453
418 360
327 501
979 427
662 720
453 726
506 732
341 256
873 791
607 146
630 395
476 337
880 161
647 713
998 153
397 538
743 946
959 835
480 428
899 640
691 611
334 639
742 842
624 441
112 446
224 358
150 558
509 985
271 439
334 495
489 289
639 722
784 57
424 797
799 594
350 439
251 88
220 738
330 381
75 91
346 734
394 545
0 326
981 607
863 206
43 961
367 155
319 78
150 535
309 708
754 155
853 277
576 643
954 854
970 682
753 684
388 708
380 624
128 897
557 930
276 917
966 540
17 19
14 93
58 694
386 1
841 136
467 978
676 743
114 445
134 131
922 655
368 218
45 202
457 146
536 210
357 733
14 888
818 274
738 16
992 426
497 75
298 503
279 261
605 840
312 29
600 990
859 18
330 757
247 85
444 333
378 913
475 437
15 830
106 719
377 953
33 97
264 667
878 826
453 45
371 92
662 304
814 518
665 309
836 685
951 672
794 51
619 607
905 821
145 953
47 381
182 197
469 784
357 314
64 735
462 336
695 458
309 14
959 913
373 407
828 164
273 994
828 838
968 998
236 783
342 47
701 245
667 103
868 916
423 874
46 170
637 983
904 15
316 668
974 259
65 677
688 805
622 302
939 158
669 297
71 199
641 989
49 705
801 718
31 391
971 226
116 615
426 283
470 618
967 341
480 519
596 56
972 950
412 878
936 655
486 418
739 635
791 645
392 2
408 355
304 563
50 9
502 627
506 777
775 822
479 680
576 204
446 94
803 740
80 116
303 948
168 903
136 691
522 89
879 735
278 366
19 780
591 597
906 609
87 277
140 432
702 730
550 187
734 762
999 13
503 75
511 604
688 386
742 128
664 703
475 538
904 535
652 320
125 425
440 171
724 833
930 938
947 353
121 311
970 894
962 890
70 345
747 593
302 880
212 169
142 370
292 49
272 974
990 845
558 19
693 967
551 883
277 414
673 234
507 876
597 361
459 656
492 604
897 244
209 810
250 253
553 174
917 716
307 378
461 207
83 670
336 850
374 59
508 962
112 962
85 450
193 312
520 378
902 480
679 551
972 953
71 143
368 695
349 416
679 816
521 379
988 259
239 629
121 939
778 40
333 35
43 345
174 914
688 3
791 95
896 526
301 88
629 33
585 521
487 852
595 714
659 964
667 181
991 125
131 170
625 413
211 50
274 335
760 903
283 978
390 775
396 855
198 870
798 606
707 222
67 307
440 403
120 133
810 351
595 17
782 926
467 362
363 799
765 958
740 785
907 633
505 101
683 287
248 704
527 268
884 951
358 347
872 797
451 395
336 179
834 47
349 118
489 278
413 548
861 787
906 975
273 653
407 998
743 804
111 38
521 876
22 109
192 786
928 705
801 750
772 952
320 297
455 787
126 840
782 916
824 504
920 441
922 896
550 121
219 21
63 119
588 907
862 881
677 427
808 910
785 289
460 578
698 895
380 240
655 179
147 755
750 676
967 265
650 329
310 669
625 681
707 454
167 855
648 664
554 248
391 599
838 910
645 744
406 233
462 888
848 57
58 575
116 516
452 56
147 503
337 255
713 97
535 356
68 704
392 456
144 205
448 845
540 699
403 56
604 46
657 875
86 794
144 964
34 195
490 963
688 310
300 839
102 329
73 531
4 59
840 560
473 92
340 767
103 186
542 493
607 622
336 653
413 348
103 451
224 183
418 463
750 787
682 881
0 969
538 644
184 3
706 722
204 475
588 92
674 95
76 289
556 634
665 275
781 752
587 621
848 662
679 704
81 898
371 359
117 363
227 723
95 424
856 931
808 854
670 246
207 256
372 589
651 907
431 638
808 216
719 367
565 983
414 707
991 831
837 544
435 729
984 828
140 323
938 303
497 826
860 649
495 636
172 620
422 917
740 323
17 639
42 812
891 986
234 344
279 495
353 444
354 409
27 917
464 397
861 325
627 949
590 356
628 648
762 319
9 347
30 958
748 686
809 516
580 693
27 809
588 324
768 520
833 500
938 931
924 767
443 351
11 428
267 354
843 550
522 235
722 260
43 380
717 819
367 706
248 340
218 726
555 268
69 374
106 521
954 767
165 198
790 170
683 947
9 216
487 514
389 357
638 158
912 132
714 562
949 279
49 288
65 116
344 434
485 181
774 921
750 335
328 346
465 760
504 688
239 942
933 456
402 411
857 317
386 552
70 203
571 634
737 666
213 746
581 913
322 15
766 729
50 904
626 17
320 993
197 19
831 687
401 694
497 24
146 175
495 63
902 603
538 964
59 63
941 414
834 962
621 589
611 804
420 190
276 411
375 304
82 805
806 82
866 621
428 804
992 617
151 904
890 835
705 295
550 12
828 365
515 283
84 362
466 772
125 479
718 90
434 331
479 482
697 970
898 960
475 628
574 899
367 277
481 262
313 306
741 338
824 781
690 930
373 994
346 748
989 970
992 450
54 167
234 134
273 125
42 458
687 259
234 399
140 355
193 510
495 174
553 673
846 926
1 834
267 841
904 867
342 755
13 845
436 533
969 624
12 965
843 893
336 302
640 39
915 918
666 851
384 873
707 852
658 847
285 485
531 892
121 908
87 995
493 142
175 470
226 27
76 82
652 135
275 148
406 631
272 259
25 647
691 736
721 270
102 112
428 362
505 502
45 72
288 504
233 946
154 653
905 701
936 954
822 703
413 504
784 2
912 596
401 795
980 93
478 749
919 83
36 782
158 250
965 199
168 672
293 932
487 834
215 375
668 766
477 789
955 41
637 369
274 317
918 239
494 320
864 942
97 95
337 113
629 221
322 70
355 18
712 893
361 61
924 812
846 255
343 129
36 795
999 168
177 505
342 987
627 153
964 741
947 14
215 473
375 382
485 370
555 843
289 49
979 990
220 709
797 870
724 471
940 132
248 133
366 683
170 479
301 819
958 823
557 479
976 54
371 60
486 949
880 122
627 696
709 240
363 735
728 73
731 115
75 713
106 929
728 109
546 218
831 467
983 744
607 722
840 781
467 190
314 585
160 792
655 246
307 811
870 808
345 694
672 680
75 461
444 556
338 17
706 184
177 737
999 171
646 807
18 155
143 335
365 119
517 433
326 573
147 305
855 657
980 688
469 850
808 87
266 936
289 245
124 852
543 692
394 712
923 684
197 18
945 177
280 318
498 540
365 276
624 765
443 461
199 738
419 741
317 730
754 731
956 982
338 115
575 616
674 738
240 366
277 284
274 624
372 787
889 668
209 909
936 371
337 420
261 461
369 897
833 623
938 825
368 529
402 27
283 979
215 695
217 247
343 472
198 871
262 663
133 927
173 963
62 229
863 772
712 45
564 67
991 283
647 330
938 802
66 464
345 553
78 438
988 659
668 389
99 906
456 798
779 485
957 900
887 347
562 636
476 75
505 776
625 692
295 408
663 575
948 70
791 86
532 500
212 150
993 715
623 767
691 493
412 175
439 49
130 871
406 509
318 662
18 809
389 987
492 405
301 874
107 743
333 677
2 577
355 27
173 50
63 264
499 974
988 119
52 663
58 743
189 897
215 806
685 841
406 931
533 972
865 399
305 327
867 359
92 857
720 160
234 797
696 742
912 366
380 362
228 493
324 955
865 147
835 533
522 976
509 857
181 646
748 910
790 381
121 897
788 308
505 514
70 28
512 144
309 459
476 307
312 693
948 940
93 160
606 273
854 109
715 817
95 206
226 317
729 114
361 96
44 240
907 529
717 225
723 305
974 704
888 372
760 452
974 969
889 373
296 353
545 154
674 793
361 482
564 24
449 940
565 477
142 560
137 36
858 470
575 527
486 598
984 237
231 902
922 527
694 254
363 649
777 783
156 170
892 355
88 975
294 814
946 331
110 733
949 336
35 410
968 206
819 263
192 659
728 782
72 971
932 697
990 495
723 151
148 737
66 784
87 578
872 539
696 542
226 284
293 8
733 200
868 16
37 613
250 986
76 833
858 231
744 209
957 582
445 407
888 339
446 143
161 10
480 401
369 942
242 987
749 180
799 675
643 922
543 606
225 296
687 61
155 466
785 224
985 20
149 422
376 550
630 695
600 178
551 173
837 679
23 920
898 402
424 891
611 717
559 527
161 746
912 565
915 311
874 44
205 560
681 818
247 297
579 770
29 483
125 945
673 813
242 712
692 274
917 392
280 860
882 25
644 462
528 696
333 457
623 30
240 149
926 971
127 846
929 896
687 954
514 654
64 417
225 371
951 246
587 229
291 87
186 937
806 947
840 531
537 493
441 525
693 597
942 398
968 307
92 902
162 472
59 316
934 808
365 242
92 758
568 458
60 954
193 809
353 798
268 345
529 615
725 32
327 925
27 633
204 37
481 574
847 897
934 965
461 187
236 105
887 215
971 294
490 515
84 242
441 659
703 250
346 507
202 642
622 936
860 499
763 566
883 976
688 886
420 577
173 291
392 744
572 711
938 768
111 761
231 826
766 841
23 504
98 418
140 909
267 721
965 763
591 207
17 695
810 102
24 325
577 617
456 656
650 378
850 403
615 91
461 33
92 990
793 399
225 881
932 477
725 264
151 666
779 500
243 111
469 423
83 653
202 982
732 424
63 940
900 237
671 414
126 614
294 427
488 149
179 971
55 410
502 312
84 510
359 300
782 366
175 628
689 31
127 407
277 86
589 209
992 68
238 280
741 980
802 847
551 856
369 699
485 273
446 165
67 663
743 388
63 629
561 2
661 992
87 348
987 110
869 649
636 181
806 858
246 112
127 11
976 631
55 809
410 857
352 358
685 833
469 534
34 234
772 163
825 992
625 409
624 593
751 634
174 622
106 603
561 738
115 14
418 201
946 91
166 245
664 113
364 489
620 415
613 147
669 865
382 543
665 831
1 671
156 316
646 180
302 519
144 607
634 471
127 783
153 921
961 457
477 636
79 892
284 852
150 772
424 517
291 253
600 334
640 141
433 602
664 355
864 380
345 718
484 653
743 764
534 16
176 128
915 876
672 331
151 708
291 868
416 899
819 386
275 636
639 275
500 80
108 230
197 42
619 180
944 502
953 205
583 114
335 12
68 193
771 579
589 539
136 68
902 770
481 102
25 991
468 923
675 727
351 932
116 620
254 999
278 273
249 475
891 616
598 134
571 117
577 685
40 746
246 851
112 771
586 16
911 338
200 475
2 490
809 964
996 301
993 641
835 878
890 256
651 877
148 814
505 414
299 983
250 978
266 806
899 304
347 651
654 393
733 686
899 569
918 439
205 948
277 936
7 29
425 691
471 658
177 440
107 790
467 50
744 816
213 808
110 270
429 661
871 628
866 513
164 915
591 85
964 38
861 354
583 755
75 285
155 314
481 478
833 866
119 211
419 997
506 736
904 288
983 581
853 880
558 783
686 294
975 168
677 102
988 781
332 476
181 981
796 202
416 326
147 430
670 471
909 753
740 944
236 624
36 190
445 654
478 916
921 848
631 112
685 757
715 105
159 827
919 515
604 274
519 724
85 203
472 240
568 702
90 812
504 946
166 807
5 624
895 687
113 688
52 821
443 563
866 251
107 119
885 121
871 186
705 828
351 336
222 185
99 609
16 611
695 374
679 137
599 931
390 937
327 472
783 194
955 715
135 567
944 413
127 828
801 513
248 300
865 305
259 724
956 423
474 419
803 329
624 98
328 185
464 491
659 550
775 87
935 76
849 36
52 546
723 571
41 802
619 513
431 313
135 400
477 429
653 771
521 472
722 233
113 125
600 621
72 236
534 38
857 771
546 12
754 715
343 852
500 390
709 155
624 834
360 904
974 309
827 147
401 304
930 239
681 587
65 89
619 117
28 961
870 602
915 790
106 206
692 861
179 721
663 654
103 731
917 161
117 486
777 941
857 784
153 668
124 116
799 434
835 128
672 101
517 227
220 349
476 46
218 159
346 839
935 596
175 957
222 803
609 166
502 857
579 552
203 381
768 339
847 977
460 717
502 942
189 482
140 855
933 491
496 410
228 330
482 475
767 495
849 268
433 61
745 705
996 58
5 437
840 830
19 192
640 539
506 310
898 17
658 673
838 640
662 972
907 245
816 212
890 952
189 230
198 544
149 279
947 259
935 550
332 400
753 573
205 296
797 91
714 996
695 717
881 844
129 980
845 921
12 431
31 444
324 517
426 156
782 83
714 214
704 658
367 515
660 588
985 119
610 767
829 954
542 632
286 526
403 28
531 888
178 175
814 538
207 9
314 709
92 553
570 177
327 419
106 42
133 819
889 982
427 771
383 701
254 965
370 502
71 880
555 813
307 333
596 27
824 34
434 150
344 485
954 265
345 975
792 123
650 39
339 900
426 905
757 101
396 653
686 980
364 700
22 820
21 712
942 268
578 400
59 186
529 135
838 970
947 648
117 47
968 33
485 968
803 603
553 986
890 379
43 735
754 338
179 403
299 468
286 120
410 793
159 839
768 803
318 603
119 622
847 803
58 383
297 665
50 379
720 353
456 801
806 542
297 930
