1000 2000 1
165 216
56 309
813 666
690 824
695 939
739 308
359 432
14 806
554 936
885 398
518 870
404 619
784 989
858 938
624 771
384 381
254 680
465 189
613 878
381 226
241 826
752 813
516 127
342 11
968 553
626 673
976 377
228 892
401 820
214 499
831 404
969 783
786 890
278 520
420 424
450 712
298 169
807 46
733 17
614 591
696 215
190 492
355 825
572 185
798 348
20 346
861 22
259 628
530 942
733 776
186 149
680 886
976 390
439 42
253 440
541 727
452 878
566 491
411 617
958 377
902 562
715 61
129 495
717 516
87 349
758 288
87 120
555 603
592 930
269 914
483 614
390 386
130 841
93 19
53 657
139 660
492 555
997 956
911 624
895 908
192 299
100 710
608 622
525 853
645 509
302 664
640 165
139 408
332 314
148 871
203 429
315 490
511 136
796 534
145 344
393 37
226 9
849 954
851 506
682 548
167 368
359 389
378 402
554 219
385 261
584 507
343 301
761 23
49 986
538 131
810 590
534 426
525 457
653 871
173 154
413 630
281 999
220 989
29 146
635 859
511 149
100 435
679 865
327 68
480 921
659 169
810 567
874 960
39 424
838 750
581 865
227 367
12 299
937 234
708 411
266 215
201 351
433 737
58 680
163 733
83 624
186 191
432 777
472 441
355 530
979 357
32 254
394 112
129 452
767 65
217 7
867 152
145 576
361 429
854 707
110 438
867 417
42 191
606 233
997 792
466 747
225 541
619 580
54 659
147 850
348 611
890 293
525 280
791 664
62 375
565 172
530 480
433 318
972 187
980 716
398 589
524 814
490 672
701 218
212 90
680 195
785 626
15 299
827 888
342 959
779 402
221 669
885 420
513 548
607 704
676 166
911 823
758 235
671 87
343 896
726 926
147 984
226 905
653 972
926 313
194 278
179 415
39 633
919 45
298 335
675 93
602 109
189 428
528 797
665 802
723 255
882 391
362 621
978 624
584 850
853 858
95 542
715 515
712 855
92 918
806 639
765 601
552 228
710 293
316 137
787 805
574 661
648 955
547 6
148 409
556 91
242 718
341 840
713 303
504 309
369 264
749 634
763 160
818 770
992 657
648 438
97 564
768 540
378 434
402 791
363 720
285 126
969 121
729 777
831 416
353 297
272 309
195 763
585 540
26 805
141 383
287 208
547 513
304 526
220 792
886 387
261 564
665 239
586 95
393 82
79 938
269 275
802 775
381 336
493 663
445 357
469 714
134 581
803 739
517 382
552 74
987 2
789 432
475 910
308 882
400 736
495 479
271 362
713 149
463 532
970 628
562 245
841 334
968 375
560 92
161 346
804 681
584 120
870 397
423 840
837 220
679 537
680 273
100 601
753 751
790 373
124 320
723 91
917 859
250 890
515 290
149 578
561 522
220 0
534 425
761 467
923 911
828 902
806 246
366 877
416 140
593 776
360 388
537 695
373 98
122 336
47 193
545 61
431 942
713 548
856 453
145 212
995 382
608 876
877 921
299 944
360 774
165 535
244 828
409 932
201 903
958 91
169 425
892 491
33 501
445 854
873 743
566 97
953 97
536 748
874 69
465 50
572 33
284 649
283 833
581 347
87 629
465 315
963 528
883 419
600 625
97 413
668 351
180 942
412 16
706 234
303 783
131 411
138 981
483 341
47 268
370 958
606 677
695 489
80 710
136 611
457 288
161 146
416 781
833 575
83 757
675 223
984 75
382 644
374 640
475 314
320 440
525 809
388 166
335 74
33 383
219 393
584 751
890 40
291 89
193 749
445 821
352 593
742 290
891 907
814 166
560 170
464 956
703 69
56 487
598 919
749 185
623 863
975 348
681 316
646 438
969 454
167 998
837 563
53 338
462 128
155 880
871 412
989 633
623 984
443 874
190 428
973 316
64 468
650 40
599 483
750 652
572 386
722 819
563 417
89 906
22 62
864 494
405 883
571 686
533 394
247 37
494 811
179 656
269 55
437 197
736 344
1 124
606 500
196 336
573 57
992 306
577 27
950 538
387 461
217 395
675 190
512 312
438 134
169 238
265 700
935 302
327 531
157 794
830 514
379 578
226 485
862 317
949 56
855 49
618 451
303 210
752 451
216 62
384 549
400 902
979 578
311 973
291 357
565 331
780 634
782 823
453 275
479 413
24 98
908 181
232 801
901 142
247 292
829 382
447 991
190 395
909 756
627 778
204 824
821 643
50 537
314 955
755 60
273 20
620 509
576 94
422 939
861 226
6 615
124 836
484 96
805 676
288 566
93 848
947 351
714 149
280 302
123 498
298 350
531 558
699 285
889 940
557 201
148 2
371 456
777 61
190 529
176 631
489 862
323 384
390 145
894 93
18 44
243 391
903 586
388 257
369 881
476 864
197 280
913 227
93 308
59 203
584 662
767 289
310 193
95 125
856 861
334 407
318 957
645 677
731 717
582 737
723 862
907 533
778 568
687 795
831 22
866 617
637 794
44 954
851 903
626 147
652 285
641 535
109 940
912 95
588 300
185 175
465 458
799 712
151 936
632 306
430 208
890 458
264 733
622 149
184 332
419 198
258 137
659 301
16 869
497 10
934 914
418 360
341 256
822 300
438 454
909 39
660 9
221 605
344 181
386 672
332 701
325 433
264 566
410 620
685 596
701 311
923 769
84 986
65 478
451 779
352 242
333 903
739 279
792 434
542 259
119 305
506 336
782 914
582 560
897 572
751 289
534 669
977 601
336 684
533 969
643 612
113 383
688 992
316 711
511 392
507 13
671 530
765 308
350 66
427 578
111 458
467 471
986 133
54 827
193 231
347 326
815 165
837 827
481 405
121 99
823 291
926 612
713 10
112 544
228 81
359 501
332 547
77 586
387 254
5 152
274 313
860 968
27 176
865 0
311 380
671 772
735 564
509 746
554 897
517 341
657 235
101 771
136 469
218 538
111 412
576 103
863 196
811 643
952 390
942 834
709 632
74 795
142 521
62 412
572 254
576 224
167 205
438 290
839 454
250 584
657 68
834 375
640 244
416 387
704 36
694 480
604 852
38 297
668 729
635 552
62 919
555 443
759 587
555 937
963 762
738 6
245 631
340 490
580 328
229 924
832 54
172 124
661 172
378 723
930 333
145 521
96 665
272 104
919 589
495 670
616 551
952 357
877 592
833 665
258 25
282 382
442 371
368 571
969 940
977 535
555 662
749 527
110 540
912 670
26 577
606 106
57 830
515 625
990 626
267 231
998 221
634 24
498 392
770 213
980 926
663 87
269 685
557 972
376 668
336 366
37 564
510 259
133 272
381 108
33 859
780 528
564 495
937 591
456 287
608 501
349 161
160 490
887 101
883 476
94 810
40 839
523 807
476 503
989 759
357 811
115 869
877 438
623 27
835 441
618 443
879 218
167 427
911 287
19 937
606 325
754 223
470 464
749 782
139 938
642 921
494 757
804 574
878 639
705 159
386 442
14 799
752 685
970 727
550 141
671 696
553 66
790 796
662 647
435 190
998 453
258 414
956 307
787 498
315 768
23 102
306 948
150 63
56 544
909 460
988 753
216 682
468 754
502 630
57 774
122 0
566 880
651 875
341 124
969 367
894 602
759 786
547 903
768 871
933 938
616 99
668 375
748 255
572 587
709 147
848 342
100 219
608 360
643 238
119 52
775 128
379 128
47 292
432 957
967 298
700 857
802 347
563 739
738 591
485 2
5 331
456 87
617 41
145 985
60 532
651 299
826 151
259 598
686 665
425 630
586 318
0 603
965 760
428 406
552 850
436 904
725 778
120 555
485 653
153 817
541 59
740 268
596 111
780 835
187 586
463 490
50 208
941 379
587 821
214 459
482 359
860 836
769 160
771 907
975 902
916 178
959 814
654 178
127 283
814 841
432 888
195 832
619 485
921 149
283 307
289 201
385 663
921 823
416 916
821 556
354 187
823 931
515 549
478 747
294 172
240 201
156 467
359 912
862 858
380 855
158 513
606 789
910 526
255 711
484 683
203 26
188 541
270 165
368 737
679 858
330 890
311 611
619 727
414 66
632 517
245 257
585 213
932 549
571 278
252 790
408 400
773 4
800 775
280 251
471 456
237 289
104 519
312 319
58 323
451 892
535 68
935 38
512 84
600 871
221 960
767 81
353 850
727 948
399 966
996 956
153 267
517 55
409 638
331 273
674 118
141 707
192 789
523 214
651 665
44 890
938 578
34 208
137 709
511 999
29 767
230 528
883 498
625 877
230 613
14 494
869 191
821 559
657 191
989 372
44 867
992 562
111 813
775 713
761 549
789 239
370 255
474 721
706 61
508 225
665 288
298 760
200 603
718 300
812 78
703 171
635 531
679 717
708 515
189 444
832 550
961 143
627 792
613 628
275 898
423 238
63 835
137 784
237 871
576 337
77 653
368 308
839 976
975 571
454 82
429 812
681 130
312 901
736 325
333 57
335 804
786 182
150 121
408 236
209 930
981 543
110 313
237 354
579 383
506 887
135 77
105 729
145 536
854 667
630 56
43 488
372 929
177 833
468 259
175 680
214 900
121 709
320 918
412 98
925 732
703 390
883 586
996 154
510 526
651 236
24 861
899 975
150 857
288 4
511 341
54 102
14 29
512 800
119 231
60 145
358 742
949 14
135 175
310 27
219 174
618 445
703 632
405 975
303 927
592 801
202 615
974 228
781 853
89 854
301 365
782 552
224 490
540 381
93 973
426 216
374 843
681 97
694 933
756 536
178 559
636 619
531 948
221 871
916 609
808 667
839 920
513 112
248 860
593 635
66 560
808 788
799 739
484 175
295 10
902 688
46 129
392 357
613 176
802 866
206 575
629 300
389 962
817 994
398 287
4 742
349 22
177 404
285 86
940 54
710 266
592 768
752 3
194 758
86 816
261 668
789 824
478 108
462 429
434 596
500 541
184 421
867 334
528 230
534 310
306 37
995 110
353 872
608 604
598 294
857 405
397 686
190 356
572 49
915 797
918 128
921 691
364 508
118 187
258 347
519 122
625 405
843 893
544 331
726 457
458 148
784 169
86 770
524 358
122 198
856 459
760 342
398 218
361 745
456 717
169 431
888 118
213 703
45 481
621 677
150 683
909 406
776 142
954 328
804 798
618 379
787 300
732 364
652 112
641 627
579 163
649 487
415 320
717 213
479 570
193 621
587 368
350 312
818 566
346 836
422 337
966 135
335 152
555 192
109 371
133 728
861 118
858 229
799 817
80 801
493 73
652 920
732 992
605 579
911 442
869 625
406 598
143 633
424 503
894 538
301 698
278 40
439 897
973 947
849 386
634 169
201 58
41 743
292 325
973 574
225 6
725 472
362 240
395 188
558 560
629 849
530 498
126 148
967 764
20 661
137 14
444 314
680 936
806 932
16 398
533 279
177 989
897 412
819 349
3 55
421 568
629 188
891 108
152 937
911 697
478 55
3 994
589 8
171 398
448 935
688 953
21 984
113 164
384 807
937 690
984 542
686 470
114 802
519 442
986 768
256 477
689 890
19 421
996 552
670 876
670 467
345 707
309 116
275 877
163 407
854 175
918 425
714 695
259 380
65 249
202 663
253 974
850 964
697 871
370 247
943 783
431 980
947 753
334 1
587 181
656 955
775 152
506 372
871 879
386 47
913 616
640 866
563 125
270 775
893 674
175 623
772 613
740 315
303 314
205 502
589 793
415 869
672 382
541 865
368 565
55 68
720 867
40 699
693 212
2 178
688 17
568 855
747 826
420 431
265 673
18 158
724 958
515 210
721 315
180 980
63 166
500 841
766 286
691 143
640 326
631 772
861 294
559 109
578 351
858 405
165 69
108 438
471 261
586 211
8 91
723 482
777 947
482 684
198 596
233 474
110 632
495 65
125 877
759 260
262 882
180 175
322 933
356 809
602 987
665 332
719 74
550 531
538 148
659 29
937 382
568 436
918 140
292 501
215 397
371 910
924 448
71 389
374 161
689 173
886 601
436 401
378 805
139 294
242 127
781 292
671 798
255 591
502 840
477 438
555 623
515 550
168 851
787 600
303 258
468 591
639 329
973 583
235 617
134 193
706 10
672 97
464 971
229 839
996 715
141 237
357 615
355 282
546 901
586 708
76 457
910 131
228 591
386 799
557 272
70 679
379 760
185 629
713 785
72 343
105 377
512 615
922 141
737 733
461 649
778 505
447 522
270 709
954 438
536 599
646 996
342 325
808 649
125 327
383 851
160 19
112 128
901 468
348 664
103 79
529 416
187 158
48 637
311 373
858 771
453 48
574 832
699 863
456 876
903 104
547 442
350 422
174 116
841 659
787 688
13 19
3 463
854 220
989 939
643 451
265 499
801 479
31 152
433 986
777 796
341 723
486 58
582 520
710 971
261 879
732 464
70 381
897 159
764 798
435 622
224 933
91 589
217 436
655 402
258 208
593 198
438 669
371 350
306 104
735 138
993 662
756 835
352 745
235 309
87 182
527 746
399 826
682 211
244 394
3 188
845 354
142 648
337 478
665 423
154 622
567 266
191 769
890 398
757 97
742 383
604 449
139 578
536 543
46 307
38 303
532 954
972 701
988 151
943 674
440 462
751 998
175 802
194 815
991 979
864 646
100 399
457 636
451 333
141 436
715 522
368 335
497 974
239 413
630 155
7 701
569 962
208 691
820 315
482 814
302 209
332 497
963 71
660 299
685 392
892 950
574 295
382 848
642 695
179 376
946 697
70 60
724 584
928 908
48 715
505 173
248 102
352 568
160 218
847 776
948 599
94 538
501 962
658 351
310 198
529 651
332 631
339 490
844 254
430 645
18 929
936 337
227 694
122 641
214 495
732 192
57 777
293 230
149 860
284 676
40 724
266 133
331 342
512 274
906 350
304 919
993 89
983 533
302 55
44 285
621 446
209 767
864 469
501 157
199 838
258 924
892 158
846 685
236 347
546 164
148 383
512 925
94 937
564 972
730 775
378 961
194 386
79 405
770 173
871 979
676 660
701 424
842 283
375 668
749 729
906 304
965 390
562 265
10 17
368 665
585 105
1 871
9 583
123 568
745 880
324 329
471 348
894 451
117 939
591 184
238 820
762 411
517 909
252 983
405 933
92 64
603 768
735 170
30 906
680 908
640 835
847 347
320 830
109 683
773 583
517 477
56 527
948 929
999 71
302 817
857 661
624 459
604 72
975 653
491 869
701 270
116 25
598 177
641 255
443 914
999 866
815 291
190 468
52 534
791 428
553 785
794 619
999 493
914 126
760 68
185 654
16 324
703 845
475 609
683 787
294 417
547 454
903 381
636 711
37 877
991 759
451 931
527 624
724 760
988 461
122 575
78 914
528 67
811 10
735 137
349 510
396 442
411 979
280 496
726 353
240 459
495 420
327 427
106 50
885 871
535 84
304 480
177 110
701 116
788 938
438 151
194 428
423 925
332 398
108 541
18 876
643 31
955 297
62 165
312 685
655 679
693 642
689 34
133 45
585 700
989 146
107 581
761 696
158 483
850 216
697 123
144 319
665 579
406 59
970 955
725 221
618 95
226 394
581 213
162 638
880 100
616 170
55 511
454 782
386 876
811 265
774 463
351 546
936 153
273 446
99 181
454 229
508 349
309 814
343 398
353 591
1 23
814 657
48 858
273 73
171 62
781 71
381 509
470 623
516 590
767 172
680 24
231 835
990 366
299 332
420 213
623 572
520 825
465 135
496 617
285 842
300 413
891 472
553 742
66 740
947 260
240 776
755 584
290 404
225 769
534 212
772 529
51 881
820 160
261 462
114 34
828 545
606 618
339 237
918 704
98 31
336 348
416 228
694 730
304 810
223 736
596 15
467 279
506 121
47 330
305 891
359 453
766 840
302 885
909 102
2 215
112 761
377 915
435 182
549 469
515 476
856 626
769 100
155 844
959 718
854 961
893 135
922 836
52 193
644 971
235 952
411 540
917 83
836 9
808 850
529 352
774 299
987 34
579 883
568 316
265 278
823 197
101 26
912 799
831 811
508 944
0 245
994 954
178 431
981 755
344 692
155 533
382 575
876 818
945 423
943 908
213 245
658 595
581 3
75 131
569 437
882 488
291 429
407 231
965 150
712 687
902 439
185 941
536 381
798 238
819 32
6 301
879 46
695 374
356 679
797 278
629 172
604 493
606 45
654 759
280 289
76 373
178 12
194 365
732 269
325 705
441 242
546 673
760 224
765 302
168 83
821 728
614 664
776 842
304 358
376 234
238 678
762 943
478 101
133 512
767 649
865 138
136 666
214 814
103 80
624 340
912 69
593 618
560 441
330 653
97 265
77 207
96 306
194 463
185 643
234 127
492 651
105 391
351 303
40 261
514 446
426 333
206 64
142 574
0 984
30 103
891 517
577 995
659 805
470 789
144 210
810 974
255 163
119 302
816 379
101 513
347 166
916 991
894 564
362 554
465 530
406 889
185 512
625 784
202 830
418 720
471 88
789 663
392 847
473 506
596 613
827 366
249 389
507 913
507 684
79 243
658 673
886 680
784 669
34 357
3 598
255 670
533 40
562 741
697 557
793 116
832 336
375 506
627 578
129 859
870 219
634 208
66 919
628 951
955 263
346 564
101 876
152 433
254 72
368 94
319 52
478 225
861 255
348 115
447 94
679 71
513 713
62 23
569 348
335 181
27 968
560 385
146 776
166 754
767 40
758 220
62 144
13 517
958 430
506 529
581 480
362 27
632 754
927 708
136 358
192 784
775 201
875 288
977 156
687 991
360 596
286 238
92 144
16 414
627 159
712 117
776 138
11 155
429 817
448 830
825 408
741 674
686 738
29 474
288 585
704 383
422 405
572 84
825 264
650 183
462 886
535 956
572 120
330 178
418 965
691 974
687 595
339 406
204 218
342 417
451 998
938 33
810 113
103 400
207 866
229 247
708 739
689 497
271 887
960 731
102 291
655 769
412 633
976 446
344 727
158 982
506 905
651 771
907 431
165 468
914 592
920 635
846 457
216 290
834 74
362 344
253 437
684 660
526 223
230 310
586 237
511 997
762 579
534 721
626 575
249 179
518 978
