1000 2000 1
34 147
158 442
831 162
796 204
420 182
968 167
386 943
850 669
344 43
774 530
953 681
352 837
290 108
880 59
145 364
762 183
35 492
640 306
436 427
384 237
639 872
545 828
967 737
652 847
967 593
222 439
844 788
189 262
837 483
492 565
792 826
389 738
990 60
487 980
114 618
289 470
263 369
988 99
499 725
619 790
438 715
445 345
991 24
726 364
352 791
98 386
885 882
803 992
150 433
954 78
437 117
201 106
204 669
946 223
46 906
651 571
722 860
925 465
625 927
317 582
661 355
713 402
380 113
755 893
970 701
371 638
505 638
699 732
542 785
757 444
324 971
86 425
503 39
242 529
486 889
170 360
261 807
181 518
475 358
679 911
516 130
901 844
934 792
427 21
875 297
277 113
821 851
504 12
712 944
445 829
648 285
605 967
368 8
618 528
743 788
254 480
876 643
478 224
820 747
191 167
162 289
42 44
41 228
322 98
798 881
730 975
592 367
430 305
739 157
240 473
311 762
818 715
605 162
226 22
757 555
610 393
664 513
366 819
229 701
513 51
859 459
892 456
611 622
893 457
860 280
576 521
379 730
786 968
810 50
746 523
871 783
790 858
565 627
41 856
335 808
82 744
688 474
62 686
199 246
70 361
289 548
692 444
474 859
607 894
109 883
970 537
251 329
215 635
391 452
712 358
542 621
685 261
506 518
488 241
100 919
608 831
589 409
589 180
848 440
964 880
920 428
160 676
967 625
328 818
522 769
467 833
789 475
800 484
120 496
808 982
132 964
343 510
392 286
829 812
365 677
280 984
834 109
831 220
910 513
354 295
721 317
286 505
312 414
290 804
541 386
308 35
975 349
582 912
814 926
413 731
562 36
955 376
279 996
205 818
559 147
268 492
589 255
490 950
436 979
844 136
867 528
559 3
261 80
329 480
296 303
400 769
666 659
563 912
806 639
663 590
200 600
195 256
794 27
897 528
213 390
968 817
112 78
476 391
423 873
989 467
487 220
789 213
278 146
42 135
792 367
313 598
651 593
675 950
15 37
424 959
317 604
713 195
719 992
432 819
348 856
368 17
281 766
158 58
104 990
427 740
598 213
842 610
427 102
499 207
841 236
289 397
470 558
168 107
217 494
390 565
377 366
982 68
838 432
878 239
680 898
65 365
642 148
693 459
185 52
585 517
301 758
410 399
804 295
560 874
153 221
714 932
715 73
662 512
659 852
116 195
805 268
847 759
952 961
357 486
553 955
814 847
619 262
34 512
902 816
874 897
710 8
955 333
715 989
389 596
379 811
540 728
533 460
828 228
157 209
388 716
485 914
391 641
666 580
364 129
812 405
333 407
197 775
939 860
998 946
945 525
986 154
151 106
616 880
242 639
89 131
195 298
518 839
566 241
849 184
413 148
139 662
176 321
70 828
821 876
405 818
906 840
327 718
295 128
891 302
250 242
324 191
970 860
29 14
760 987
359 643
447 118
366 422
411 573
896 93
713 911
449 981
900 737
727 28
304 74
199 546
364 613
2 526
107 957
626 619
14 500
920 571
464 328
994 228
132 492
655 682
536 87
833 539
730 712
308 345
949 750
130 833
979 104
820 605
951 945
228 321
979 369
124 758
257 793
260 124
92 168
295 756
494 965
455 894
622 742
482 731
485 99
234 108
967 925
708 27
154 264
771 232
119 306
937 344
23 418
83 60
880 898
175 588
448 975
121 208
990 657
577 976
240 308
957 214
177 368
40 628
791 676
928 681
935 577
791 941
906 928
218 670
267 383
572 530
66 658
456 992
735 264
128 718
604 189
204 484
765 780
772 676
609 389
883 363
190 585
330 745
678 897
438 278
574 22
96 169
141 320
10 474
0 546
569 617
675 455
641 84
586 526
29 200
967 254
145 820
488 256
470 845
765 613
481 625
840 6
859 19
704 145
0 29
361 300
849 877
224 676
86 217
992 813
84 293
41 560
348 482
718 430
861 213
192 729
34 292
2 339
446 236
603 299
108 851
492 468
285 138
290 253
763 64
702 54
896 822
394 575
124 571
914 318
512 158
422 530
963 619
929 626
877 436
692 799
53 812
91 21
155 451
320 518
157 869
130 623
146 73
142 597
560 356
640 199
150 192
418 272
591 343
449 110
599 692
753 521
959 217
638 131
871 598
477 213
346 404
751 947
323 649
638 661
341 554
803 728
589 247
499 582
59 841
441 906
217 869
479 789
888 808
774 557
382 856
210 600
356 574
563 495
238 30
381 603
30 754
87 242
136 692
874 621
777 51
790 133
40 804
766 679
712 559
62 334
456 373
77 233
474 952
689 697
499 307
859 241
978 161
773 997
122 999
703 78
762 164
210 325
878 604
260 182
942 625
814 705
210 855
83 900
806 886
614 307
521 753
693 536
209 752
470 527
326 779
207 562
666 847
97 281
556 832
298 271
667 928
986 565
557 796
7 738
612 503
57 330
181 774
735 839
309 322
504 3
895 382
274 709
270 330
290 308
678 304
908 995
730 351
292 763
357 743
355 145
426 205
78 16
544 569
497 494
561 658
252 546
239 198
358 564
706 524
203 132
416 276
151 759
646 64
338 622
123 697
429 215
913 822
682 22
275 687
842 160
15 202
726 214
539 733
546 512
651 565
219 117
966 540
523 379
673 58
939 443
156 851
666 19
568 387
561 262
746 802
498 700
420 143
781 122
364 62
263 16
848 706
445 581
985 940
536 848
15 359
50 582
262 581
915 472
899 607
967 662
356 737
870 729
140 475
106 333
207 156
355 894
960 659
331 42
706 105
728 910
500 494
369 828
563 959
440 214
785 663
437 474
584 344
942 955
913 174
510 809
385 399
263 788
665 682
646 440
652 749
395 678
864 519
137 828
751 233
868 638
317 386
174 715
660 725
251 297
114 291
204 859
849 660
220 309
453 660
823 608
920 949
307 951
29 369
742 125
770 861
152 848
82 195
849 925
575 393
203 521
822 270
851 971
843 329
1 391
606 93
179 285
458 752
883 221
425 346
209 313
608 547
265 702
282 117
601 279
125 170
999 926
168 540
420 87
166 845
600 957
389 365
684 133
38 287
207 882
595 878
930 719
733 174
474 588
957 147
241 731
859 286
856 775
76 663
211 479
911 153
476 490
338 556
369 772
141 685
932 769
252 107
40 224
51 382
68 780
569 982
591 741
123 752
656 843
186 957
220 541
550 187
831 286
204 453
471 159
328 488
333 454
61 898
552 641
392 280
582 749
164 7
373 904
734 654
473 204
815 53
904 656
150 194
659 974
213 250
160 732
614 185
326 801
780 217
48 182
34 284
980 13
791 226
992 890
512 402
979 691
494 613
707 906
215 560
504 434
722 922
685 595
610 452
218 714
186 273
600 407
0 757
72 925
707 124
680 107
416 177
340 447
331 856
631 251
47 194
148 17
950 376
147 955
385 189
216 646
966 729
25 822
757 591
619 132
149 857
298 571
460 261
436 541
370 187
8 100
364 781
448 371
693 584
474 280
763 154
947 729
695 248
836 632
73 201
839 149
826 30
430 66
248 992
804 276
562 105
640 433
69 352
251 100
424 171
543 128
746 716
732 552
959 680
980 474
518 71
93 565
830 306
154 926
575 690
133 494
123 938
612 83
915 795
500 287
8 499
858 260
388 82
379 262
404 435
25 933
266 205
176 577
30 108
265 914
890 823
302 536
636 332
62 591
358 324
647 198
457 446
103 363
814 46
494 593
772 49
971 932
249 273
682 649
396 966
343 173
652 25
117 504
952 811
908 359
900 355
307 335
707 863
502 165
905 61
277 721
173 26
313 6
606 30
215 108
450 11
241 920
302 261
420 253
393 7
615 837
846 361
543 360
919 202
425 633
370 697
698 499
13 545
871 161
681 186
777 10
483 286
403 177
635 420
673 675
677 8
983 343
189 104
541 821
629 376
6 397
44 360
526 140
580 376
919 745
906 546
993 514
127 250
211 887
186 714
464 21
742 523
851 695
557 248
403 190
787 939
707 830
23 543
308 38
587 356
725 735
269 455
867 1
921 646
609 151
911 44
46 977
840 429
655 941
855 966
523 456
86 375
226 535
924 391
406 465
186 53
688 974
100 395
570 918
221 950
759 854
328 667
539 967
570 280
619 56
157 785
303 839
125 195
529 19
477 646
800 333
190 144
211 612
310 734
877 64
122 948
55 629
439 103
624 377
809 539
435 212
863 430
551 689
920 784
849 86
468 511
621 753
965 154
621 115
569 562
682 210
36 593
804 56
878 759
833 873
113 849
317 90
704 499
485 986
183 10
381 254
918 50
937 966
799 507
169 340
639 226
399 802
812 971
831 167
754 621
1 383
721 35
641 451
966 885
436 576
274 743
235 406
6 583
151 443
329 41
131 614
539 525
661 285
57 27
469 609
151 937
339 908
412 749
441 367
327 116
306 996
847 268
513 917
323 905
55 596
154 575
902 60
825 514
456 122
641 284
903 433
302 967
454 952
17 871
657 148
730 218
272 194
549 960
307 789
169 330
119 329
437 904
807 437
180 870
282 472
207 478
373 739
703 236
624 92
623 621
599 35
99 472
916 236
21 589
525 351
548 892
655 875
867 200
150 65
24 743
493 813
248 42
853 939
928 475
815 418
263 616
519 47
201 3
528 132
268 959
939 81
332 306
841 183
382 572
793 817
466 422
159 271
661 481
586 716
55 442
140 666
593 877
856 204
717 763
478 252
234 566
156 875
227 261
477 27
203 578
783 973
783 744
188 455
175 336
366 870
46 600
897 586
936 434
979 804
531 385
902 966
628 726
277 877
650 76
401 46
854 251
393 42
855 890
893 328
833 951
506 556
458 665
962 198
446 53
703 612
523 236
430 948
547 221
47 163
841 847
516 233
833 843
39 308
891 30
768 225
542 636
462 527
929 407
154 905
371 790
648 15
963 27
972 899
525 30
275 184
613 817
54 36
719 798
913 440
925 5
583 650
186 605
832 716
919 492
693 674
593 736
281 958
412 395
881 465
405 127
121 368
326 737
338 711
251 563
639 559
306 907
111 668
693 795
604 866
29 635
115 409
148 735
757 779
224 990
261 612
228 435
671 138
820 346
157 2
10 886
762 521
203 643
239 71
582 819
734 50
878 552
417 343
552 122
103 67
242 756
5 663
973 188
785 137
955 548
476 550
745 329
48 746
477 743
886 124
869 337
291 360
569 862
883 909
955 260
653 38
482 485
337 67
847 434
921 383
767 325
886 425
221 566
818 556
909 903
175 270
895 739
648 453
305 645
614 497
712 245
268 497
734 907
157 895
530 619
686 192
207 752
643 416
638 72
560 647
120 720
659 131
416 224
415 408
128 86
866 15
386 201
391 316
20 638
867 16
30 682
895 752
307 173
860 880
15 559
215 584
62 491
2 211
100 783
794 297
178 702
733 21
649 58
884 190
959 858
512 318
872 481
529 636
679 840
457 647
146 871
55 487
394 856
96 116
606 712
237 729
754 610
903 324
344 217
937 173
956 43
805 548
275 468
482 452
914 46
398 718
485 723
579 879
835 576
405 434
900 556
636 775
759 437
114 141
132 275
913 760
561 717
173 312
687 304
784 731
652 203
793 816
938 825
239 787
374 603
47 208
784 358
691 130
711 108
245 229
130 99
186 817
655 887
10 591
807 606
770 279
222 590
428 924
37 136
951 885
180 450
368 421
845 983
765 874
129 813
686 172
242 281
17 837
291 811
236 875
127 65
282 991
113 661
662 903
377 999
113 23
235 506
707 7
417 25
252 595
552 707
131 305
749 992
116 33
553 34
776 488
211 679
759 813
852 712
736 909
809 750
788 727
757 65
533 586
681 341
252 572
212 536
45 130
418 641
589 868
860 199
602 578
664 144
854 384
681 462
22 411
851 873
584 380
683 651
945 242
69 608
354 103
294 955
530 445
273 752
585 875
855 470
340 958
935 350
786 370
50 487
116 661
765 841
240 202
69 320
348 409
881 909
420 434
274 51
547 246
759 803
977 208
264 415
840 319
235 388
554 779
999 226
537 955
918 9
788 308
24 290
641 109
749 874
439 160
544 176
596 223
969 325
532 58
515 792
814 976
498 739
694 385
243 449
499 146
817 721
108 261
33 496
951 721
440 505
183 849
990 420
458 788
6 807
953 501
765 301
157 976
417 643
632 531
673 74
231 781
837 411
809 874
158 913
863 994
533 36
718 347
104 533
545 684
95 484
12 715
674 914
71 621
529 416
233 274
181 263
726 966
124 403
312 948
124 897
576 240
687 107
942 971
549 402
997 678
878 312
843 620
517 864
946 452
596 190
670 139
397 655
455 71
404 514
736 987
437 840
319 964
435 501
287 752
998 355
656 97
479 464
349 354
38 578
620 668
643 837
482 474
675 231
664 896
804 610
404 756
509 55
365 419
694 329
29 241
310 74
221 182
998 368
671 876
87 447
554 965
562 560
753 536
519 369
232 47
234 731
530 235
325 769
883 502
183 914
501 177
108 362
428 452
277 957
30 671
818 378
955 792
921 650
459 970
912 421
555 678
25 220
954 912
814 380
105 69
827 90
738 241
83 575
912 951
733 720
661 286
590 900
704 922
214 649
946 275
811 230
373 413
47 508
283 376
557 350
401 597
297 805
839 450
910 739
837 489
626 571
299 176
394 822
371 955
451 81
641 550
233 496
97 486
867 633
183 266
541 877
873 155
915 975
14 982
264 748
436 37
324 470
850 845
131 75
780 112
238 732
309 118
146 91
85 224
444 571
310 162
359 729
214 374
350 909
552 598
572 613
743 840
943 111
212 41
316 507
448 168
102 663
805 671
877 925
711 398
891 594
813 266
1 351
849 597
915 579
290 490
521 768
922 29
175 131
926 179
983 533
980 644
675 682
384 884
877 408
285 496
380 276
211 992
333 689
443 332
773 207
227 262
998 325
929 45
954 892
970 720
565 522
688 104
814 854
502 996
167 374
28 704
610 831
724 407
637 933
3 158
389 459
821 870
921 957
734 722
420 446
476 872
363 586
479 123
465 188
534 553
245 450
604 877
778 10
208 648
878 622
124 160
841 66
852 835
348 807
967 556
293 53
499 158
991 769
660 786
51 705
780 851
687 394
87 744
967 677
905 473
315 113
611 520
349 749
432 289
623 494
72 620
778 108
621 161
336 931
307 904
530 653
997 942
417 367
734 977
886 171
807 781
275 957
291 407
396 838
956 123
265 89
567 985
952 418
182 994
92 957
260 684
218 13
369 182
191 670
610 919
435 801
929 290
373 72
658 321
879 289
699 996
139 924
924 31
825 583
614 665
165 244
92 31
809 840
12 596
882 335
133 971
427 20
75 472
19 720
170 215
697 784
315 453
115 953
47 144
181 373
303 744
369 689
688 326
878 157
376 850
803 163
677 927
398 114
614 907
313 421
304 830
312 47
558 188
129 340
332 928
286 403
871 10
599 225
638 482
210 938
194 176
293 298
221 279
668 590
663 920
315 322
962 807
717 976
289 678
511 233
652 358
996 576
277 560
235 743
736 845
637 494
594 761
276 866
100 640
947 921
770 205
587 120
287 911
474 966
484 113
995 817
333 734
892 203
81 253
625 991
314 46
595 245
299 332
404 241
877 839
413 884
928 884
308 44
647 642
69 665
159 330
268 874
766 742
829 124
99 544
658 916
18 61
656 992
483 655
719 108
770 568
988 827
243 264
53 698
839 969
71 194
414 942
980 944
498 904
922 594
352 328
445 376
913 630
885 648
895 841
21 988
499 612
848 766
893 917
353 149
493 309
733 290
20 354
723 362
523 825
918 946
272 197
541 205
299 34
358 120
588 811
498 14
38 524
118 367
93 868
925 761
893 400
361 539
115 743
644 827
202 222
400 503
690 305
913 908
844 894
25 562
160 341
927 25
432 720
582 744
181 549
329 155
382 310
46 132
735 205
396 510
770 800
757 452
629 303
914 701
875 593
650 920
65 1
414 909
631 498
287 688
715 491
559 738
363 863
930 910
266 930
767 129
258 926
237 49
944 436
709 453
458 691
658 716
295 664
350 600
479 256
320 986
839 648
463 806
923 233
289 733
597 477
120 174
378 698
476 187
237 579
604 781
451 688
885 651
558 256
410 12
657 792
306 40
889 132
410 97
214 222
202 68
333 259
986 824
848 216
296 377
725 374
885 363
571 990
972 516
41 766
625 408
877 809
335 489
487 703
660 402
331 455
107 976
751 669
460 233
351 555
9 297
475 850
956 665
156 724
487 186
387 248
11 77
381 842
454 683
680 92
178 748
59 913
325 129
168 325
861 926
865 933
926 763
299 930
685 328
205 594
680 478
259 979
758 397
928 808
281 997
12 55
185 126
166 787
264 684
868 570
774 377
975 367
767 338
527 914
934 780
469 6
500 259
136 391
311 243
657 242
158 495
116 678
829 434
78 386
609 287
447 225
244 274
156 161
807 796
341 243
745 970
772 695
639 431
664 753
646 964
125 475
385 285
965 192
710 985
605 703
440 715
832 336
753 946
123 779
586 280
382 401
486 867
396 156
904 297
25 100
220 833
392 945
698 85
663 127
151 324
367 214
943 410
42 454
531 731
791 950
760 325
688 40
658 277
250 977
230 919
880 884
847 558
872 880
925 806
738 13
570 20
538 891
911 844
719 902
262 843
53 998
852 794
538 747
498 674
221 811
736 582
309 286
567 810
95 851
78 353
451 226
781 855
638 52
803 119
490 153
667 460
745 937
643 23
867 405
162 244
304 148
119 511
592 960
512 851
200 356
722 23
117 852
54 9
285 579
683 180
724 706
429 709
6 755
330 178
982 858
778 188
296 939
704 913
830 909
132 687
832 424
53 543
160 111
428 191
421 826
93 615
150 597
673 372
649 689
894 148
406 702
657 55
36 611
289 791
518 471
721 305
799 633
828 547
34 49
528 26
339 239
853 460
816 987
130 102
841 77
384 247
126 360
430 479
60 451
122 246
848 912
205 397
918 827
263 258
746 720
361 649
747 47
382 214
65 507
