100 4950 1
13 88
16 93
90 42
29 32
48 45
83 39
50 91
41 42
25 34
2 50
4 96
78 45
97 58
36 48
96 99
30 4
29 45
22 5
85 61
1 67
59 45
78 58
17 48
52 5
54 51
73 64
45 2
64 15
31 67
3 5
79 0
43 77
82 5
1 80
17 61
58 62
52 18
93 19
67 3
31 80
3 18
47 24
5 27
63 5
82 18
40 21
26 86
80 93
0 70
93 32
32 22
51 35
67 16
86 29
46 78
65 91
62 22
7 86
83 81
0 83
60 97
32 35
16 27
37 86
56 99
9 24
69 38
90 97
62 35
7 99
81 48
20 38
4 30
96 33
41 97
25 89
57 41
50 38
69 51
8 41
11 46
87 41
20 51
4 43
23 56
55 8
96 46
99 51
38 41
57 54
15 57
50 51
91 52
11 59
85 8
43 11
87 54
45 57
64 70
3 60
22 73
98 68
82 60
15 70
18 75
31 14
75 57
94 70
52 73
24 11
68 17
3 73
89 76
80 27
0 4
98 81
82 73
54 11
72 28
75 70
88 9
33 73
10 89
51 90
49 17
68 30
67 71
28 79
47 92
5 95
95 25
40 89
81 90
34 15
53 28
39 93
13 77
46 25
32 90
49 30
90 31
7 33
26 46
70 89
28 92
69 93
60 44
25 23
37 33
23 98
14 49
96 88
55 50
13 90
99 93
71 31
16 95
48 47
6 50
41 44
8 96
44 49
85 50
2 52
78 47
36 50
71 44
30 6
66 50
85 63
98 2
15 4
18 9
94 4
80 69
52 7
87 1
54 53
73 66
86 5
66 63
79 2
24 66
43 79
40 10
58 64
80 82
33 7
52 20
54 66
67 5
86 18
31 82
72 83
70 10
89 23
28 13
47 26
79 15
63 7
82 20
68 85
58 77
0 72
74 21
19 85
93 34
32 24
35 29
12 82
70 23
56 88
9 13
47 39
88 77
21 23
20 27
23 32
41 86
60 99
13 24
44 91
32 37
35 42
76 43
92 24
50 27
69 40
27 43
71 86
90 99
20 40
4 32
96 35
41 99
13 37
57 43
76 56
18 51
27 56
11 48
71 99
43 0
87 43
96 48
38 43
98 57
18 64
91 54
11 61
84 51
10 65
43 13
87 56
3 62
77 11
80 16
38 56
98 70
82 62
73 13
31 16
91 67
75 59
94 72
52 75
93 76
46 1
10 78
49 6
89 78
61 16
0 6
63 62
82 75
21 65
53 17
72 30
33 75
32 79
51 92
35 84
68 32
26 35
9 68
83 17
28 81
47 94
21 78
62 79
81 92
53 30
14 38
74 89
13 79
32 92
16 84
90 33
35 97
48 36
9 81
60 46
44 38
62 92
4 87
37 35
78 36
96 90
13 92
57 98
90 46
29 36
48 49
6 52
85 52
2 54
84 93
59 36
36 52
38 98
29 49
73 55
6 65
64 6
85 65
24 55
43 68
15 6
1 71
18 11
59 49
36 65
80 71
45 6
3 9
79 4
65 69
98 17
1 84
42 58
75 6
61 71
80 84
19 74
51 26
95 69
67 7
86 20
31 84
28 15
47 28
46 69
5 31
65 82
49 74
68 87
40 25
81 26
39 29
0 74
93 36
51 39
16 18
35 31
67 20
34 72
53 85
70 25
56 90
9 15
69 29
14 93
90 88
39 42
23 34
83 85
0 87
96 24
44 93
32 39
35 44
76 45
37 90
50 29
8 32
11 37
30 50
71 88
62 39
20 42
4 34
23 47
96 37
25 93
57 45
59 91
50 42
91 43
8 45
94 48
11 50
30 63
43 2
87 45
1 5
64 61
77 0
22 64
80 5
38 45
57 58
98 59
15 61
73 2
18 66
31 5
91 56
75 48
24 2
84 53
10 67
87 58
86 62
58 0
3 64
80 18
19 8
79 59
54 2
40 67
31 18
52 77
93 78
65 16
49 8
58 13
89 80
42 5
61 18
47 83
0 8
79 72
63 64
53 19
72 32
88 13
93 91
46 16
68 34
7 24
26 37
9 70
83 19
28 83
0 21
41 22
62 81
20 84
53 32
39 97
56 37
97 38
32 94
48 38
92 81
50 84
41 35
60 48
25 27
62 94
4 89
78 38
97 51
55 54
13 94
99 97
16 99
29 38
92 94
50 97
85 54
2 56
43 57
78 51
10 1
29 51
31 60
64 8
85 67
24 57
17 54
52 11
10 14
73 70
31 73
3 11
89 14
47 17
5 20
65 71
68 76
40 14
42 60
33 11
74 12
19 76
0 63
93 25
32 15
51 28
54 70
67 9
86 22
53 74
72 87
89 27
56 79
9 4
28 17
46 71
49 76
68 89
21 14
7 79
39 31
42 73
19 89
13 15
51 41
16 20
53 87
92 15
28 30
69 31
27 34
30 39
49 89
62 28
7 92
48 93
96 26
41 90
25 82
13 28
99 31
44 95
57 34
2 98
92 28
37 92
78 93
50 31
69 44
11 39
71 90
29 93
87 34
20 44
4 36
64 50
25 95
99 44
38 34
6 1
17 96
91 45
50 44
8 47
11 52
52 53
85 1
1 7
87 47
45 50
3 53
80 7
91 58
94 63
33 53
24 4
10 69
68 10
1 20
45 63
86 64
3 66
80 20
79 61
82 66
54 4
12 7
31 20
72 21
75 63
33 66
46 5
65 18
51 83
68 23
67 64
86 77
28 72
47 85
60 24
5 88
21 69
95 18
53 21
37 13
56 26
74 80
46 18
32 83
90 24
35 88
7 26
67 77
70 82
9 72
83 21
28 85
41 24
44 29
34 21
39 99
37 26
97 40
14 42
55 43
13 83
99 86
32 96
71 24
16 88
92 83
6 43
9 85
44 42
62 96
20 99
4 91
78 40
97 53
96 94
29 40
48 53
50 99
25 42
66 43
43 59
84 97
1 62
59 40
18 2
17 43
36 56
80 62
52 0
10 3
54 46
73 59
31 62
3 0
89 3
22 13
98 8
43 72
82 0
40 3
17 56
77 70
61 62
80 75
33 0
52 13
51 17
54 59
73 72
12 62
86 11
89 16
28 6
88 57
47 19
79 8
82 13
68 78
21 3
81 17
58 70
74 14
93 27
32 17
51 30
35 22
53 76
72 89
56 81
28 19
88 70
14 84
46 73
49 78
68 91
21 16
62 17
39 33
23 25
60 92
32 30
16 22
76 36
53 89
92 17
37 81
97 95
9 19
50 20
27 36
71 79
48 95
20 33
83 89
96 28
25 84
99 33
13 30
34 89
37 94
78 95
50 33
69 46
36 98
8 36
84 31
4 38
45 39
64 52
99 46
98 50
15 52
18 57
91 47
75 39
8 49
94 52
11 54
52 55
84 44
43 6
64 65
22 68
80 9
75 52
65 7
68 12
3 68
47 74
19 12
79 63
63 55
21 58
53 10
72 23
56 15
33 68
49 12
7 15
86 79
70 71
42 9
28 74
0 12
63 68
34 10
37 15
13 72
51 98
49 25
16 77
90 26
7 28
92 72
9 74
60 39
25 18
44 31
2 34
62 85
81 98
20 88
23 93
14 44
55 45
99 88
71 26
16 90
90 39
48 42
41 39
8 91
2 47
84 86
97 55
17 32
71 39
38 91
29 42
73 48
6 58
85 58
24 48
1 64
18 4
17 45
36 58
80 64
52 2
12 51
3 2
89 5
47 8
66 58
24 61
98 10
65 62
68 67
40 5
77 72
19 67
93 16
51 19
12 64
70 5
28 8
88 59
47 21
5 24
49 67
21 5
40 18
81 19
58 72
42 64
61 77
0 67
19 80
32 19
51 32
35 24
95 75
67 13
34 65
37 70
70 18
56 83
69 22
88 72
46 75
49 80
62 19
26 96
41 81
16 24
35 37
76 38
34 78
92 19
37 83
9 21
69 35
14 99
30 43
90 94
4 27
23 40
41 94
25 86
44 99
38 25
76 51
15 41
18 46
92 32
59 84
8 38
27 51
29 97
57 51
98 52
15 54
75 41
52 57
86 55
3 57
77 6
22 70
80 11
19 1
98 65
63 44
40 60
72 12
33 57
52 70
65 9
10 73
49 1
67 55
26 17
86 68
70 60
89 73
47 76
0 1
79 65
5 79
63 57
82 70
95 9
40 73
12 11
53 12
72 25
56 17
74 71
46 9
65 22
51 87
49 14
68 27
67 68
70 73
9 63
83 12
28 76
42 11
60 28
44 20
62 74
81 87
53 25
39 90
56 30
97 31
14 33
32 87
16 79
35 92
48 31
9 76
83 25
69 90
60 41
27 93
30 98
2 36
62 87
34 25
78 31
23 95
97 44
36 34
96 85
99 90
90 41
6 47
50 90
25 33
66 34
85 47
2 49
43 50
84 88
87 93
1 53
78 44
17 34
36 47
96 98
55 60
38 93
73 50
31 53
64 1
66 47
85 60
59 44
77 61
61 53
80 66
52 4
54 50
73 63
3 4
88 48
47 10
65 64
68 69
26 72
77 74
42 53
61 66
33 4
19 69
12 66
53 67
86 15
70 7
56 72
89 20
28 10
88 61
46 64
21 7
26 85
39 24
83 67
60 83
13 8
32 21
16 13
35 26
34 67
92 8
37 72
56 85
28 23
69 24
46 77
49 82
62 21
81 34
48 86
39 37
23 29
13 21
99 24
16 26
37 85
97 99
90 96
84 22
29 86
25 88
99 37
38 27
57 40
18 48
78 99
8 40
27 53
1 0
87 40
64 56
3 46
22 59
79 41
59 99
18 61
31 0
75 43
94 56
10 62
45 56
86 57
3 59
77 8
80 13
98 67
40 62
12 0
75 56
52 72
93 73
65 11
49 3
26 19
58 8
42 0
61 13
47 78
19 16
60 17
63 59
81 76
34 1
37 6
88 8
74 73
93 86
32 76
35 81
26 32
9 65
83 14
0 16
60 30
5 94
2 25
81 89
53 27
39 92
23 84
97 33
14 35
55 36
71 17
35 94
29 20
6 36
9 78
83 27
2 38
62 89
59 20
4 84
78 33
97 46
13 89
71 30
16 94
29 33
48 46
92 89
6 49
50 92
8 95
66 36
87 95
1 55
59 33
4 97
78 46
17 36
77 50
54 39
31 55
22 6
98 1
58 50
77 63
61 55
19 58
52 6
73 65
5 15
79 1
49 58
58 63
61 68
28 12
47 25
65 79
68 84
21 9
62 10
7 74
26 87
83 69
0 71
16 15
35 28
95 79
34 69
53 82
92 10
56 87
97 88
50 13
69 26
14 90
71 72
90 85
48 88
20 26
23 31
83 82
96 21
13 23
99 26
44 90
16 28
76 42
37 87
36 91
69 39
11 34
71 85
29 88
4 31
96 34
25 90
57 42
15 45
59 88
17 91
8 42
84 37
87 42
1 2
3 48
38 42
98 56
82 48
15 58
91 53
52 61
26 8
45 58
86 59
3 61
77 10
61 2
47 67
80 15
79 56
21 51
53 3
72 16
33 61
74 62
93 75
10 77
49 5
7 8
67 59
89 77
28 67
0 5
21 64
95 13
40 77
81 78
34 3
53 16
72 29
39 81
37 8
74 75
93 88
13 65
51 91
16 70
90 19
48 22
70 77
83 16
69 81
41 19
5 96
81 91
78 22
23 86
14 37
13 78
16 83
76 97
92 78
6 38
50 81
8 84
41 32
43 41
62 91
59 22
4 86
97 48
36 38
55 51
99 94
71 32
38 84
29 35
50 94
91 95
8 97
66 38
85 51
24 41
43 54
84 92
87 97
1 57
59 35
36 51
77 52
54 41
73 54
31 57
24 54
65 55
42 44
61 57
93 9
10 11
51 12
86 6
31 70
28 1
88 52
5 17
65 68
58 65
74 9
60 74
93 22
32 12
51 25
35 17
95 68
34 58
37 63
70 11
56 76
88 65
47 27
14 79
5 30
46 68
49 73
81 25
20 15
83 71
60 87
13 12
32 25
16 17
35 30
34 71
92 12
37 76
56 89
9 14
50 15
14 92
27 31
71 74
29 77
20 28
39 41
4 20
83 84
41 87
99 28
85 93
57 31
2 95
76 44
92 25
69 41
8 31
71 87
30 49
29 90
45 34
64 47
25 92
57 44
15 47
18 52
17 93
91 42
75 34
1 4
54 96
45 47
64 60
3 50
22 63
82 50
31 4
72 5
75 47
65 2
26 10
19 7
79 58
95 2
40 66
53 5
56 10
93 77
46 2
32 67
68 20
7 10
26 23
67 61
86 74
89 79
83 5
28 69
60 21
5 85
62 67
95 15
34 5
39 83
97 24
32 80
16 72
48 24
6 27
9 69
28 82
60 34
27 86
44 26
30 91
2 29
81 93
20 83
4 75
78 24
23 88
97 37
55 40
96 78
99 83
71 21
16 85
90 34
76 99
50 83
69 96
8 86
11 91
2 42
84 81
20 96
59 24
78 37
55 53
99 96
57 99
29 37
73 43
31 46
66 40
1 59
87 99
61 46
38 99
10 0
54 43
12 46
89 0
47 3
24 56
65 57
68 62
61 59
80 72
10 13
51 14
86 8
70 0
28 3
88 54
47 16
46 57
65 70
49 62
21 0
40 13
7 65
39 17
74 11
93 24
60 76
13 1
35 19
34 60
37 65
56 78
28 16
69 17
14 81
5 32
62 14
7 78
39 30
83 73
96 12
13 14
25 68
44 81
32 27
16 19
92 14
37 78
97 92
55 95
30 38
71 76
90 89
29 79
4 22
64 36
96 25
25 81
99 30
44 94
15 36
18 41
78 92
50 30
91 31
8 33
11 38
30 51
29 92
3 39
22 52
66 95
57 46
18 54
59 92
17 95
91 44
75 36
94 49
33 39
10 55
87 46
86 50
77 1
79 47
98 60
63 39
31 6
75 49
52 65
10 68
51 69
26 12
70 55
47 71
19 9
5 74
79 60
63 52
53 7
56 12
14 15
88 1
93 79
49 9
35 74
28 71
47 84
0 9
5 87
44 15
21 68
34 7
37 12
23 77
97 26
14 28
74 79
71 10
16 74
76 88
29 13
92 69
83 20
50 72
41 23
25 15
85 29
55 42
16 87
29 26
18 96
50 85
25 28
66 29
11 93
24 32
87 88
4 90
78 39
99 98
73 45
75 91
24 45
1 61
58 43
61 48
80 61
10 2
31 61
89 2
88 43
65 59
49 51
68 64
58 56
0 51
74 0
19 64
93 13
32 3
35 8
95 59
72 75
70 2
56 67
89 15
47 18
5 21
65 72
49 64
68 77
21 2
39 19
42 61
0 64
74 13
60 78
13 3
16 8
34 62
92 3
37 67
9 5
28 18
69 19
27 22
71 65
30 27
7 80
81 29
48 81
39 32
4 11
23 24
83 75
96 14
41 78
60 91
13 16
99 19
25 70
16 21
57 22
2 86
92 16
78 81
50 19
69 32
55 97
8 22
27 35
11 27
71 78
90 91
84 17
29 81
23 37
96 27
25 83
44 96
57 35
2 99
18 43
59 81
78 94
50 32
91 33
36 97
8 35
84 30
29 94
64 51
22 54
38 35
82 41
18 56
17 97
75 38
33 41
45 51
86 52
98 62
82 54
21 44
40 57
72 9
93 68
65 6
68 11
7 1
26 14
86 65
28 60
47 73
60 12
63 54
81 71
53 9
72 22
14 17
74 68
13 58
46 6
51 84
16 63
90 12
7 14
67 65
9 60
69 74
60 25
44 17
2 20
34 9
20 74
37 14
78 15
23 79
97 28
55 31
13 71
99 74
71 12
35 89
76 90
29 15
48 28
41 25
27 90
44 30
30 95
2 33
62 84
20 87
78 28
71 25
57 90
29 28
15 93
73 34
18 98
6 44
94 93
66 31
24 34
84 85
43 47
87 90
4 92
45 93
77 45
80 50
54 34
73 47
31 50
22 1
66 44
24 47
42 37
80 63
19 53
52 1
63 96
10 4
54 47
95 48
31 63
89 4
46 48
82 1
81 5
26 69
0 53
74 2
93 15
32 5
35 10
53 64
72 77
70 4
88 58
47 20
5 23
49 66
68 79
62 5
39 21
23 13
83 64
0 66
74 15
13 5
32 18
16 10
35 23
76 24
34 64
53 77
37 69
9 7
14 85
30 29
62 18
48 83
39 34
6 86
23 26
41 80
60 93
13 18
2 88
15 27
69 34
36 86
55 99
27 37
11 29
30 42
29 83
87 24
6 99
4 26
45 27
22 43
96 29
25 85
66 86
85 99
57 37
15 40
59 83
78 96
36 99
94 40
11 42
52 43
84 32
87 37
45 40
64 53
3 43
66 99
40 46
91 48
75 40
94 53
52 56
93 57
10 59
67 41
86 54
70 46
89 59
19 0
63 43
82 56
21 46
40 59
72 11
56 3
33 56
74 57
93 70
32 60
51 73
68 13
7 3
26 16
67 54
86 67
28 62
63 56
21 59
95 8
81 73
53 11
37 3
13 60
32 73
71 1
90 14
35 78
7 16
92 60
28 75
62 73
34 11
20 76
39 89
4 68
14 32
55 33
99 76
76 92
8 79
25 19
11 84
85 33
84 74
4 81
64 95
36 33
38 79
15 95
73 36
6 46
50 89
91 90
8 92
52 98
24 36
1 52
87 92
17 33
77 47
80 52
38 92
82 98
54 36
12 39
31 52
75 95
88 34
33 98
24 49
65 50
1 65
58 47
77 60
80 65
19 55
63 98
10 6
51 7
95 50
86 1
72 66
7 58
26 71
74 4
60 69
32 7
51 20
35 12
95 63
34 53
70 6
37 58
28 9
49 68
90 69
26 84
39 23
0 68
41 69
60 82
13 7
99 10
32 20
44 74
2 77
76 26
34 66
53 79
37 71
56 84
97 85
69 23
8 13
27 26
90 82
29 72
48 85
20 23
6 88
4 15
41 82
44 87
85 88
57 26
59 72
97 98
50 23
36 88
8 26
94 29
27 39
11 31
30 44
84 21
48 98
87 26
45 29
3 32
22 45
25 87
38 26
57 39
15 42
18 47
78 98
94 42
33 32
52 45
10 48
87 39
86 43
3 45
89 48
98 53
40 48
33 45
10 61
67 43
89 61
28 51
19 2
63 45
82 58
40 61
81 62
72 13
56 5
74 59
93 72
51 75
35 67
7 5
70 61
28 64
47 77
41 3
5 80
81 75
20 65
39 78
14 21
71 3
90 16
76 81
92 62
6 22
9 64
83 13
41 16
27 81
2 24
39 91
4 70
78 19
23 83
36 22
96 73
99 78
71 16
16 80
57 81
6 35
69 91
25 21
66 22
11 86
30 99
2 37
87 81
1 41
4 83
45 84
64 97
36 35
96 86
55 48
15 97
73 38
31 41
91 92
75 84
8 94
66 35
11 99
24 38
87 94
1 54
58 36
80 54
79 95
68 57
67 98
58 49
77 62
42 41
0 44
51 9
12 54
72 68
88 49
7 60
26 73
39 12
42 54
0 57
74 6
19 70
60 71
32 9
16 1
35 14
95 65
53 68
72 81
56 73
28 11
69 12
27 15
46 65
49 70
90 71
62 9
48 74
39 25
23 17
96 7
60 84
44 76
16 14
76 28
34 68
78 74
50 12
55 90
8 15
27 28
30 33
90 84
84 10
29 74
87 15
6 90
4 17
23 30
64 31
96 20
41 84
59 74
18 36
78 87
50 25
17 77
8 28
94 31
11 33
52 34
71 84
29 87
45 31
64 44
22 47
66 90
98 42
15 44
59 87
91 39
10 50
54 93
12 96
3 47
89 50
80 1
47 53
63 34
82 47
21 37
40 50
42 96
33 47
10 63
51 64
68 4
67 45
70 50
89 63
60 5
5 69
63 47
40 63
81 64
53 2
74 61
93 74
13 51
51 77
49 4
90 5
35 69
67 58
9 53
5 82
44 10
81 77
34 2
23 72
97 21
56 20
14 23
55 24
99 67
71 5
16 69
35 82
29 8
9 66
27 83
78 21
23 85
97 34
55 37
38 70
71 18
57 83
15 86
50 80
27 96
66 24
87 83
59 21
45 86
64 99
36 37
73 40
43 53
87 96
1 56
58 38
77 51
80 56
19 46
79 97
63 89
73 53
12 43
31 56
72 57
75 99
5 3
46 41
65 54
49 46
68 59
26 62
58 51
42 43
0 46
51 11
35 3
53 57
72 70
56 62
88 51
5 16
65 67
68 72
7 62
42 56
83 57
74 8
44 65
32 11
16 3
76 17
53 70
37 62
9 0
69 14
14 78
30 22
62 11
7 75
6 79
39 27
23 19
96 9
44 78
57 17
76 30
15 20
92 11
18 25
37 75
78 76
69 27
36 79
55 92
90 86
29 76
48 89
87 17
4 19
45 20
25 78
43 95
15 33
18 38
17 79
36 92
94 33
11 35
52 36
84 25
29 89
87 30
45 33
3 36
22 49
38 30
98 44
82 36
40 39
91 41
58 93
52 49
10 52
54 95
12 98
70 39
3 49
89 52
80 3
88 93
79 44
63 36
82 49
21 39
33 49
74 50
93 63
67 47
70 52
9 42
47 68
63 49
72 17
74 63
16 58
90 7
35 71
48 10
92 53
9 55
83 4
60 20
5 84
44 12
2 15
62 66
81 79
20 69
78 10
23 74
97 23
14 25
55 26
16 71
76 85
48 23
92 66
6 26
69 82
8 72
25 12
11 77
84 67
87 72
59 10
4 74
78 23
97 36
96 77
38 72
29 23
15 88
73 29
91 83
8 85
94 88
66 26
11 90
85 39
84 80
59 23
45 88
36 39
77 40
80 45
38 85
98 99
54 29
73 42
31 45
75 88
33 91
65 43
68 48
77 53
42 32
61 45
51 0
95 43
12 45
31 58
88 40
47 2
65 56
68 61
7 51
81 0
39 3
58 53
61 58
93 10
60 62
32 0
51 13
95 56
53 59
28 2
88 53
46 56
7 64
81 13
26 77
20 3
23 8
83 59
0 61
60 75
99 3
32 13
2 70
76 19
53 72
37 64
56 77
97 78
9 2
50 3
69 16
55 81
27 19
71 62
90 75
20 16
96 11
25 67
99 16
57 19
2 83
76 32
15 22
92 13
59 65
18 27
97 91
50 16
91 17
30 37
71 75
48 91
4 21
64 35
66 81
85 94
38 19
98 33
15 35
59 78
18 40
78 91
17 81
36 94
75 22
94 35
52 38
10 41
84 27
54 84
3 38
98 46
82 38
40 41
17 94
58 95
75 35
33 38
52 51
93 52
10 54
86 49
70 41
79 46
5 60
82 51
21 41
28 57
5 73
62 55
81 68
39 71
97 12
51 81
90 9
9 57
50 58
69 71
60 22
27 74
20 71
37 11
23 76
97 25
36 15
96 66
71 9
16 73
76 87
48 25
92 68
6 28
50 71
69 84
8 74
25 14
66 15
30 92
87 74
4 76
78 25
23 89
64 90
36 28
22 93
38 74
15 90
91 85
94 90
11 92
52 93
24 31
43 44
59 25
45 90
17 28
61 34
79 88
82 93
54 31
12 34
75 90
33 93
24 44
42 34
80 60
95 45
53 48
72 61
56 53
88 42
65 58
49 50
7 53
81 2
26 66
39 5
42 47
0 50
60 64
35 7
95 58
72 74
28 4
46 58
90 64
62 2
81 15
39 18
96 0
41 64
60 77
25 56
16 7
34 61
92 2
97 80
50 5
69 18
11 13
71 64
84 3
29 67
20 18
96 13
99 18
44 82
85 83
38 8
57 21
2 85
43 86
76 34
15 24
78 80
97 93
50 18
17 70
36 83
55 96
8 21
94 24
84 16
29 80
73 86
6 96
45 24
64 37
3 27
66 83
85 96
38 21
79 22
82 27
15 37
59 80
17 83
91 32
36 96
77 97
33 27
52 40
10 43
54 86
73 99
45 37
3 40
89 43
66 96
40 43
58 97
75 37
33 40
74 41
93 54
10 56
51 57
54 99
86 51
70 43
88 97
63 40
21 43
81 57
56 0
74 54
32 57
51 70
28 59
44 3
20 60
53 8
39 73
56 13
97 14
14 16
13 57
32 70
90 11
6 17
92 57
30 81
2 19
62 70
39 86
59 1
4 65
36 17
96 68
99 73
71 11
16 75
76 89
29 14
6 30
50 73
8 76
27 89
25 16
11 81
85 30
30 94
43 33
87 76
59 14
4 78
78 27
45 79
36 30
77 31
80 36
57 89
98 90
54 20
73 33
18 97
52 95
24 33
43 46
1 49
87 89
45 92
17 30
58 31
61 36
80 49
19 39
79 90
54 33
12 36
75 92
88 31
65 47
68 52
26 55
42 36
61 49
19 52
63 95
51 4
21 98
14 58
47 6
88 44
46 47
5 9
68 65
81 4
26 68
39 7
83 50
41 53
32 4
34 50
56 68
14 71
71 53
90 66
62 4
48 69
23 12
96 2
60 79
13 4
25 58
99 7
16 9
2 74
34 63
78 69
97 82
50 7
69 20
55 85
11 15
90 79
84 5
29 69
48 82
4 12
64 26
22 29
96 15
66 72
99 20
98 24
2 87
43 88
15 26
59 69
91 21
36 85
75 13
8 23
29 82
73 88
45 26
31 91
3 29
38 23
15 39
18 44
58 86
75 26
10 45
67 27
3 42
89 45
47 48
63 29
82 42
21 32
40 45
0 94
33 42
93 56
10 58
51 59
86 53
28 48
88 99
47 61
81 59
39 62
56 2
14 5
32 59
51 72
16 51
90 0
35 64
48 3
28 61
69 62
41 0
5 77
2 8
62 59
81 72
39 75
32 72
71 0
16 64
90 13
6 19
92 59
9 61
8 65
27 78
25 5
44 18
85 19
2 21
43 22
20 75
59 3
4 67
78 16
23 80
64 81
97 29
17 6
99 75
76 91
29 16
15 81
18 86
27 91
30 96
24 22
84 73
87 78
1 38
59 16
4 80
77 33
80 38
38 78
15 94
73 35
18 99
12 25
75 81
33 84
66 32
52 97
65 36
1 51
3 97
42 25
61 38
80 51
19 41
79 92
63 84
31 51
72 52
88 33
65 49
68 54
7 44
67 95
58 46
42 38
0 41
60 55
63 97
51 6
95 49
72 65
14 60
46 49
49 54
90 55
7 57
26 70
39 9
23 1
83 52
0 54
60 68
34 52
53 65
97 71
27 12
30 17
62 6
48 71
39 22
6 74
4 1
23 14
83 65
41 68
44 73
85 74
57 12
76 25
18 20
59 58
50 9
91 10
36 74
8 12
29 71
6 87
64 28
25 73
66 74
24 77
15 28
18 33
91 23
36 87
77 88
11 30
10 34
54 77
73 90
3 31
22 44
66 87
79 26
24 90
75 28
61 93
33 31
52 44
12 93
86 42
70 34
89 47
5 53
82 44
49 96
21 34
40 47
42 93
33 44
74 45
93 58
32 48
68 1
26 4
70 47
89 60
28 50
47 63
60 2
5 66
21 47
62 48
81 61
56 4
13 48
16 53
7 4
48 5
9 50
39 77
23 69
36 8
99 64
71 2
16 66
48 18
6 21
50 64
8 67
27 80
25 7
66 8
11 72
85 21
2 23
84 62
87 67
1 27
59 5
78 18
23 82
64 83
17 8
22 86
55 34
96 72
99 77
76 93
29 18
31 27
50 77
8 80
94 83
52 86
43 37
87 80
1 40
45 83
64 96
17 21
3 86
22 99
61 27
80 40
98 94
82 86
15 96
12 27
31 40
94 96
65 38
45 96
86 97
58 35
3 99
61 40
80 53
0 30
19 43
79 94
54 37
21 89
12 40
75 96
33 99
65 51
49 43
68 56
67 97
0 43
60 57
63 99
35 0
72 67
56 59
14 62
5 13
90 57
23 3
41 57
44 62
2 65
76 14
37 59
78 60
97 73
8 1
71 57
6 76
99 11
38 1
15 17
59 60
97 86
17 63
50 11
8 14
94 17
30 32
71 70
73 79
4 16
45 17
3 20
66 76
57 27
24 79
36 89
77 90
75 17
94 30
33 20
52 33
10 36
86 31
89 36
66 89
79 28
98 41
40 36
75 30
42 82
52 46
93 47
10 49
51 50
67 31
12 95
88 90
46 93
63 33
82 46
21 36
81 50
72 1
42 95
0 98
74 47
93 60
35 55
26 6
70 49
9 39
47 65
60 4
5 68
21 49
81 63
53 1
23 58
97 7
56 6
13 50
35 68
76 69
48 7
83 1
69 66
44 9
2 12
20 66
39 79
4 58
36 10
13 63
71 4
29 7
48 20
92 63
69 79
27 82
25 9
66 10
85 23
84 64
43 26
87 69
59 7
64 85
36 23
38 69
73 26
18 90
31 29
91 80
52 88
24 26
87 82
64 98
58 24
3 88
77 37
61 29
19 32
38 82
79 83
54 26
73 39
40 91
12 29
31 42
72 43
88 24
33 88
46 27
49 32
68 45
86 99
70 91
58 37
0 32
19 45
95 40
12 42
72 56
88 37
46 40
68 58
9 94
83 43
60 59
35 2
95 53
53 56
97 62
14 64
27 3
30 8
71 46
7 61
48 62
20 0
23 5
83 56
60 72
25 51
16 2
2 67
34 56
37 61
97 75
14 77
55 78
30 21
90 72
20 13
4 5
23 18
96 8
85 78
43 81
76 29
15 19
18 24
91 14
55 91
94 19
52 22
45 19
3 22
66 78
85 91
79 17
98 30
1 97
18 37
59 75
17 78
91 27
77 92
80 97
33 22
73 94
86 33
47 41
79 30
65 95
98 43
63 22
58 92
42 84
75 32
93 49
10 51
54 94
12 97
89 51
28 41
5 57
63 35
72 3
39 55
42 97
93 62
13 39
32 52
51 65
34 98
67 46
70 51
28 54
60 6
5 70
2 1
39 68
23 60
14 11
55 12
99 55
35 70
76 71
48 9
92 52
50 55
8 58
41 6
11 63
85 12
30 76
2 14
78 9
64 74
97 22
55 25
99 68
71 6
38 58
57 71
73 15
6 25
18 79
50 68
91 69
8 71
11 76
85 25
30 89
24 15
43 28
59 9
4 73
45 74
3 77
77 26
80 31
57 84
15 87
54 15
18 92
12 18
91 82
94 87
66 25
52 90
10 93
87 84
58 26
89 93
77 39
61 31
19 34
82 90
54 28
40 93
65 42
26 50
61 44
79 98
56 50
47 1
88 39
46 42
49 47
90 48
7 50
39 2
9 96
60 61
44 53
53 58
56 63
97 64
71 48
30 10
90 61
20 2
83 58
44 66
16 4
57 5
76 18
59 51
97 77
36 67
69 15
55 80
27 18
11 10
30 23
87 5
6 80
4 7
22 24
25 66
66 67
99 15
38 5
98 19
1 86
78 77
17 67
8 18
94 21
52 24
84 13
87 18
45 21
64 34
22 37
66 80
43 96
1 99
40 27
17 80
58 81
75 21
94 34
80 99
33 24
10 40
54 83
73 96
67 22
12 86
89 40
79 32
5 46
65 97
63 24
82 37
21 27
58 94
42 86
0 89
33 37
93 51
32 41
95 97
67 35
12 99
70 40
89 53
28 43
47 56
46 97
5 59
63 37
62 41
81 54
13 41
16 46
92 41
28 56
27 60
30 65
62 54
20 57
39 70
4 49
97 11
36 1
96 52
13 54
16 59
90 8
76 73
48 11
92 54
69 70
8 60
66 1
11 65
30 78
2 16
43 17
84 55
87 60
20 70
4 62
23 75
64 76
22 79
99 70
57 73
76 86
29 11
15 76
8 73
94 76
66 14
85 27
24 17
84 68
45 76
58 15
3 79
22 92
79 74
54 17
73 30
18 94
31 33
91 84
94 89
88 15
52 92
24 30
10 95
86 90
58 28
3 92
89 95
77 41
42 20
61 33
21 82
54 30
12 33
33 92
74 93
46 31
65 44
49 36
68 49
7 39
26 52
67 90
70 95
28 98
0 36
60 50
51 1
95 44
53 47
37 39
46 44
7 52
81 1
26 65
39 4
44 55
32 1
35 6
34 47
37 52
55 69
30 12
71 50
90 63
48 66
20 4
6 69
23 9
64 10
99 4
85 69
57 7
2 71
76 20
59 53
18 15
36 69
55 82
94 10
27 20
71 63
48 79
3 13
22 26
66 69
24 72
43 85
15 23
1 88
36 82
75 10
94 23
80 88
10 29
54 72
22 39
79 21
24 85
63 13
58 83
75 23
61 88
52 39
93 40
19 91
10 42
67 24
86 37
88 83
65 99
40 42
81 43
58 96
42 88
32 43
35 48
95 99
9 32
28 45
47 58
88 96
5 61
21 42
23 51
14 2
74 53
32 56
76 62
92 43
9 45
69 59
2 5
20 59
39 72
96 54
99 59
57 62
76 75
48 13
18 70
92 56
66 3
11 67
85 16
2 18
43 19
1 22
45 65
17 3
22 81
96 67
99 72
38 62
57 75
54 6
18 83
31 22
91 73
94 78
66 16
52 81
43 32
1 35
64 91
80 35
98 89
54 19
73 32
40 84
12 22
91 86
94 91
88 17
33 81
10 97
26 41
86 92
70 84
3 94
89 97
42 22
61 35
0 25
79 89
40 97
88 30
33 94
74 95
65 46
70 97
0 38
19 51
60 52
63 94
51 3
95 46
72 62
37 41
14 57
90 52
39 6
83 49
41 52
60 65
25 44
44 57
2 60
34 49
37 54
97 68
71 52
48 68
6 71
64 12
96 1
41 65
25 57
99 6
85 71
2 73
15 12
59 55
78 68
97 81
17 58
91 7
36 71
8 9
94 12
29 68
87 9
73 74
6 84
45 12
64 25
3 15
24 74
98 23
82 15
18 30
17 71
75 12
54 74
73 87
45 25
12 77
3 28
89 31
98 36
65 88
63 15
58 85
61 90
74 29
93 42
51 45
54 87
28 34
88 85
5 50
21 31
81 45
39 48
58 98
42 90
16 37
35 50
26 1
37 96
9 34
28 47
62 45
20 48
39 61
23 53
97 2
96 43
13 45
99 48
32 58
16 50
76 64
92 45
6 5
69 61
8 51
27 64
44 4
11 56
85 5
2 7
62 58
20 61
55 18
76 77
18 72
92 58
91 62
27 77
11 69
43 21
84 59
59 2
4 66
3 70
36 18
57 77
98 78
31 24
24 21
43 34
1 37
77 32
89 86
61 24
19 27
79 78
98 91
63 70
82 83
54 21
31 37
88 19
33 83
93 97
65 35
10 99
68 40
26 43
86 94
70 86
42 24
61 37
40 99
14 46
74 97
49 40
68 53
67 94
26 56
70 99
83 38
60 54
44 46
34 38
53 51
37 43
97 57
7 56
48 57
6 60
23 0
83 51
41 54
60 67
25 46
44 59
2 62
76 11
34 51
18 6
11 3
30 16
90 67
48 70
6 73
64 14
99 8
85 73
57 11
43 76
59 57
84 6
10 20
3 17
79 12
98 25
1 92
40 20
17 73
58 74
61 79
33 17
54 76
12 79
70 20
3 30
88 74
24 89
63 17
82 30
40 33
58 87
42 79
0 82
74 31
33 30
93 44
35 39
54 89
67 28
12 92
53 93
86 41
70 33
56 98
89 46
28 36
47 49
46 90
5 52
63 30
49 95
21 33
62 34
7 98
81 47
39 50
83 93
0 95
74 44
13 34
32 47
35 52
92 34
62 47
81 60
20 50
4 42
23 55
14 6
96 45
16 52
76 66
92 47
6 7
8 53
85 7
30 71
84 48
87 53
4 55
78 4
23 68
64 69
55 20
96 58
99 63
38 53
57 66
76 79
29 4
15 69
73 10
50 63
91 64
8 66
94 69
66 7
24 10
43 23
1 26
59 4
64 82
17 7
79 67
98 80
82 72
15 82
54 10
31 26
91 77
94 82
33 72
52 85
65 24
68 29
86 83
58 21
89 88
19 29
98 93
63 72
31 39
88 21
93 99
65 37
49 29
26 45
58 34
61 39
19 42
63 85
21 88
72 53
56 45
14 48
74 99
90 43
7 45
83 40
41 43
60 56
44 48
37 45
97 59
27 0
30 5
48 59
6 62
44 61
85 62
2 64
76 13
59 46
18 8
78 59
36 62
27 13
30 18
71 56
29 59
48 72
87 0
45 3
3 6
22 19
66 62
38 0
98 14
15 16
1 81
18 21
36 75
75 3
80 81
33 6
52 19
84 8
87 13
73 78
86 17
3 19
89 22
66 75
24 78
98 27
43 91
63 6
82 19
77 89
80 94
33 19
93 33
73 91
67 17
12 81
86 30
72 95
70 22
89 35
46 79
5 41
49 84
82 32
68 97
21 22
61 94
74 33
19 97
93 46
53 95
9 25
28 38
46 92
5 54
49 97
81 49
42 94
0 97
74 46
32 49
16 41
27 55
60 3
30 60
23 57
97 6
96 47
55 9
13 49
57 55
76 68
6 9
92 49
50 52
69 65
8 55
85 9
2 11
43 12
1 15
87 55
4 57
78 6
64 71
55 22
99 65
38 55
57 68
98 69
73 12
18 76
91 66
8 68
94 71
66 9
11 73
24 12
84 63
43 25
1 28
45 71
17 9
58 10
3 74
77 23
22 87
38 68
98 82
82 74
54 12
73 25
12 15
75 71
94 84
52 87
26 34
86 85
58 23
3 87
61 28
47 93
79 82
40 90
53 29
72 42
56 34
74 88
46 26
65 39
67 85
42 28
53 42
56 47
13 91
83 42
44 50
34 42
37 47
78 48
55 64
30 7
71 45
90 58
41 58
2 66
76 15
15 5
59 48
18 10
17 51
36 64
8 2
94 5
52 8
71 58
87 2
6 77
64 18
38 2
79 3
98 16
43 80
82 8
1 83
59 61
91 13
86 19
31 83
3 21
66 77
79 16
65 81
63 8
82 21
1 96
21 11
40 24
58 78
77 91
42 70
19 86
67 19
31 96
72 97
70 24
89 37
47 40
88 78
46 81
65 94
0 86
74 35
93 48
13 25
35 43
95 94
67 32
53 97
9 27
46 94
39 54
0 99
96 36
32 51
35 56
34 97
92 38
9 40
69 54
27 57
20 54
96 49
55 11
15 60
18 65
6 11
27 70
11 62
24 1
43 14
45 60
36 11
98 71
15 73
18 78
31 17
75 60
66 11
11 75
24 14
43 27
10 79
45 73
64 86
58 12
3 76
80 30
19 20
79 71
98 84
54 14
31 30
72 31
75 73
88 12
52 89
93 90
49 20
68 33
26 36
70 79
58 25
0 20
19 33
79 84
82 89
21 79
95 28
40 92
53 31
72 44
56 36
65 41
32 93
68 46
35 98
7 36
26 49
67 87
9 82
28 95
21 92
34 31
37 36
13 93
71 34
16 98
90 47
7 49
6 53
92 93
9 95
44 52
2 55
34 44
37 49
97 63
36 53
30 9
90 60
48 63
64 7
22 10
25 52
15 7
1 72
18 12
59 50
78 63
17 53
91 2
36 66
8 4
94 7
52 10
45 7
31 72
64 20
3 10
22 23
24 69
98 18
43 82
82 10
1 85
59 63
17 66
58 67
77 80
61 72
80 85
54 69
73 82
70 13
88 67
79 18
65 83
68 88
21 13
58 80
77 93
0 75
74 24
51 40
54 82
95 83
12 85
53 86
86 34
70 26
28 29
5 45
46 83
65 96
63 23
49 88
21 26
7 91
39 43
83 86
74 37
32 40
16 32
35 45
95 96
34 86
92 27
37 91
28 42
5 58
23 48
96 38
13 40
16 45
92 40
8 46
27 59
11 51
85 0
30 64
43 3
4 48
23 61
36 0
96 51
38 46
76 72
15 62
73 3
18 67
6 13
94 62
24 3
84 54
43 16
1 19
87 59
4 61
45 62
17 0
3 65
36 13
80 19
38 59
98 73
54 3
73 16
91 70
75 62
66 13
33 65
10 81
1 32
45 75
86 76
3 78
77 27
89 81
61 19
95 17
12 19
88 14
33 78
52 91
65 30
10 94
51 95
49 22
68 35
7 25
86 89
70 81
28 84
0 22
19 35
60 36
82 91
95 30
40 94
14 41
74 92
32 95
7 38
26 51
67 89
83 33
0 35
41 36
62 95
34 33
53 46
56 51
13 95
29 39
48 52
83 46
50 98
44 54
85 55
2 57
76 6
18 1
78 52
97 65
27 6
30 11
71 49
29 52
64 9
25 54
66 55
24 58
43 71
15 9
1 74
18 14
59 52
17 55
91 4
77 69
94 9
80 74
52 12
10 15
54 58
45 9
31 74
66 68
79 7
24 71
43 84
82 12
80 87
19 77
52 25
12 74
3 25
88 69
5 34
79 20
65 85
46 72
82 25
68 90
40 28
26 93
58 82
42 74
74 26
93 39
32 29
51 42
95 85
67 23
70 28
9 18
47 44
62 29
7 93
81 42
41 91
74 39
13 29
32 42
51 55
16 34
95 98
37 93
28 44
69 45
30 53
62 42
81 55
39 58
4 37
96 40
57 48
6 2
69 58
8 48
11 53
43 5
84 43
87 48
1 8
4 50
36 2
96 53
99 58
76 74
31 8
91 59
8 61
52 67
84 56
87 61
1 21
45 64
64 77
17 2
3 67
22 80
61 8
80 21
38 61
79 62
98 75
82 67
15 77
54 5
75 64
88 3
33 67
10 83
26 27
89 83
77 29
61 21
47 86
80 34
0 11
98 88
82 80
40 83
72 35
56 27
33 80
93 94
46 19
65 32
51 97
86 91
89 96
42 21
40 96
53 35
72 48
56 40
14 43
74 94
13 84
32 97
16 89
90 38
7 40
67 91
9 86
28 99
25 30
44 43
2 46
34 35
97 54
96 95
55 57
13 97
71 38
29 41
92 97
41 51
44 56
43 60
59 41
18 3
78 54
97 67
17 44
36 57
55 70
27 8
71 51
29 54
64 11
3 1
22 14
24 60
98 9
43 73
1 76
59 54
17 57
91 6
33 1
52 14
54 60
12 63
86 12
3 14
22 27
66 70
79 9
24 73
82 14
1 89
40 17
58 71
77 84
42 63
33 14
19 79
51 31
54 73
67 12
86 25
31 89
28 20
47 33
88 71
5 36
68 92
81 31
58 84
42 76
19 92
35 36
95 87
67 25
53 90
70 30
37 82
9 20
14 98
47 46
46 87
5 49
90 93
21 30
0 92
41 93
13 31
16 36
76 50
34 90
92 31
37 95
9 33
50 34
27 50
30 55
62 44
20 47
39 60
96 42
13 44
99 47
25 98
57 50
15 53
92 44
18 58
50 47
69 60
8 50
27 63
11 55
85 4
87 50
4 52
45 53
78 1
64 66
22 69
99 60
57 63
18 71
91 61
11 68
43 20
84 58
45 66
17 4
58 5
61 10
80 23
19 13
38 63
82 69
54 7
40 72
12 10
72 24
91 74
88 5
52 82
93 83
46 8
26 29
70 72
89 85
47 88
19 26
95 21
12 23
72 37
56 29
93 96
46 21
65 34
49 26
7 29
26 42
70 85
9 75
83 24
28 88
0 26
41 27
21 85
95 34
62 86
81 99
37 29
97 43
14 45
13 86
32 99
16 91
7 42
48 43
41 40
2 48
62 99
34 37
97 56
36 46
13 99
71 40
90 53
29 43
6 59
64 0
22 3
66 46
2 61
76 10
43 62
15 0
78 56
17 46
36 59
55 72
94 0
66 59
85 72
43 75
82 3
59 56
58 60
91 8
77 73
61 65
94 13
80 78
52 16
10 19
54 62
45 13
86 14
89 19
47 22
88 60
79 11
24 75
65 76
40 19
42 65
80 91
19 81
51 33
54 75
86 27
72 92
88 73
47 35
46 76
5 38
65 89
68 94
21 19
7 84
81 33
39 36
42 78
93 43
13 20
32 33
51 46
35 38
95 89
34 79
9 22
28 35
69 36
46 89
90 95
7 97
20 36
39 49
83 92
96 31
13 33
32 46
34 92
92 33
9 35
11 44
71 95
62 46
29 98
20 49
4 41
23 54
64 55
97 3
96 44
99 49
38 39
57 52
76 65
15 55
8 52
94 55
27 65
11 57
43 9
64 68
3 58
36 6
22 71
77 7
80 12
15 68
91 63
75 55
33 58
66 6
87 65
1 25
45 68
86 69
89 74
19 15
98 79
63 58
54 9
95 10
72 26
75 68
88 7
33 71
93 85
46 10
49 15
68 28
67 69
86 82
89 87
42 12
28 77
0 15
19 28
60 29
40 87
34 13
53 26
37 18
14 34
93 98
46 23
32 88
49 28
90 29
7 31
67 82
26 44
83 26
60 42
44 34
21 87
62 88
23 96
97 45
56 44
