100 200 1
72 73
69 1
87 80
82 29
79 42
44 54
85 55
18 99
81 48
30 9
99 8
38 53
14 31
43 76
69 40
50 91
35 72
40 68
84 68
24 90
26 87
79 90
27 61
54 24
66 62
56 94
95 43
61 20
80 33
41 81
35 74
95 70
33 95
24 92
18 30
20 15
27 8
90 46
34 23
45 23
40 36
37 92
49 2
97 51
24 67
29 63
40 63
49 11
79 76
88 24
80 53
99 24
47 50
10 31
34 62
31 8
59 70
46 36
91 77
29 38
83 18
67 86
14 92
87 43
75 96
10 24
1 85
20 1
47 61
91 61
18 89
42 56
28 11
80 12
21 27
77 80
40 49
27 15
33 65
15 59
32 75
81 59
96 23
53 52
89 51
30 29
30 93
79 25
99 28
74 38
74 47
49 91
75 64
69 78
41 7
5 84
23 99
42 15
41 89
18 66
83 34
18 75
90 27
47 65
49 29
92 9
49 38
50 3
50 67
72 97
73 41
79 57
79 2
67 46
36 95
61 94
46 8
39 2
37 39
8 97
22 4
2 35
17 54
91 67
6 26
95 92
47 24
82 55
47 33
56 45
2 19
60 36
57 83
22 61
84 12
69 57
59 65
13 43
26 40
97 27
53 24
15 40
34 20
47 17
34 84
56 29
78 96
45 38
42 30
47 44
63 7
54 4
40 14
29 78
31 75
57 94
33 39
1 34
66 51
60 65
64 26
98 58
59 85
27 25
17 24
46 60
64 53
94 97
60 40
50 48
63 82
98 97
35 29
53 74
99 41
61 2
98 51
61 11
45 79
89 91
63 39
45 33
2 16
40 0
31 61
38 12
9 95
12 66
23 11
51 5
19 71
93 20
34 35
22 33
51 14
22 88
67 41
2 82
11 30
95 11
