100 200 1
12 4
6 18
79 33
33 45
50 70
99 54
7 99
85 55
73 44
63 43
37 88
74 18
60 19
46 66
30 82
76 45
28 60
83 60
20 31
3 79
0 7
52 8
77 92
69 33
75 83
29 6
7 3
69 51
43 96
26 89
90 37
93 54
42 52
37 10
57 43
9 67
80 17
9 12
86 42
57 27
21 50
3 44
58 99
59 98
97 60
75 94
32 89
15 73
98 25
98 89
1 37
22 78
68 45
20 26
77 78
17 73
52 67
3 28
14 92
4 91
98 73
53 4
19 36
74 36
35 32
82 83
64 77
27 58
54 76
34 73
22 71
48 35
12 15
77 16
5 73
69 76
43 57
55 31
79 62
90 71
52 32
8 38
99 37
68 86
16 30
53 79
71 30
5 57
40 24
11 52
31 85
15 12
4 77
41 62
32 4
21 38
53 54
33 30
53 63
54 62
90 27
49 20
75 39
60 50
95 81
50 58
89 74
66 54
77 84
51 65
73 59
52 91
62 59
99 32
38 13
40 10
15 20
87 15
6 90
75 59
78 85
87 97
96 11
4 90
34 91
96 84
36 97
0 22
11 22
77 52
63 14
97 64
3 57
4 46
38 33
31 82
6 0
1 59
54 96
0 70
31 2
2 85
20 66
52 98
32 40
55 69
40 96
89 80
75 63
96 61
8 58
67 25
72 94
90 8
46 5
99 20
10 82
97 50
57 78
98 24
59 51
40 80
13 29
33 41
53 28
93 9
30 5
2 53
22 31
56 97
34 97
88 77
38 58
92 93
84 0
20 61
85 96
75 95
13 86
44 34
61 50
43 99
18 24
1 38
34 8
47 60
34 17
70 80
58 29
97 45
57 73
58 38
60 90
52 22
63 68
20 63
32 28
16 11
41 95
94 92
