100 4950 1
71 29
48 45
92 88
9 90
83 39
41 42
44 47
2 50
59 32
4 96
97 58
30 4
6 61
64 2
22 5
25 47
85 61
98 0
59 45
36 61
94 2
11 4
45 2
64 15
22 18
79 0
98 13
43 77
40 8
17 61
58 62
75 2
52 18
93 19
10 21
86 16
31 80
70 8
63 5
40 21
33 18
74 19
93 32
67 16
12 80
53 81
70 21
56 86
9 11
88 75
5 40
46 78
65 91
68 96
81 35
42 80
83 81
74 32
13 22
95 91
53 94
56 99
9 24
69 38
27 41
90 97
62 35
4 30
96 33
25 89
13 35
99 38
16 40
57 41
76 54
34 94
92 35
50 38
69 51
11 46
20 51
4 43
23 56
64 57
55 8
15 57
18 62
31 1
50 51
8 54
52 60
43 11
87 54
1 14
3 60
77 9
80 14
98 68
82 60
15 70
18 75
31 14
75 57
94 70
33 60
52 73
65 12
45 70
58 9
89 76
47 79
98 81
63 60
40 76
12 14
72 28
33 73
65 25
10 89
68 30
7 20
86 84
70 76
42 14
28 79
47 92
0 17
19 30
60 31
63 73
21 76
95 25
40 89
34 15
53 28
56 33
46 25
32 90
49 30
35 95
28 92
2 39
62 90
34 28
23 98
97 47
14 49
13 90
99 93
71 31
16 95
90 44
9 92
50 93
41 44
8 96
2 52
59 34
4 98
78 47
97 60
38 96
30 6
29 47
6 63
22 7
24 53
15 4
18 9
17 50
77 64
94 4
80 69
54 53
87 1
86 5
3 7
66 63
79 2
98 15
43 79
82 7
1 82
40 10
58 64
75 4
80 82
33 7
54 66
67 5
12 69
86 18
47 26
79 15
46 67
65 80
82 20
40 23
26 88
58 77
19 85
35 29
67 18
12 82
53 83
72 96
70 23
9 13
28 26
14 91
46 80
65 93
68 98
20 27
39 40
23 32
13 24
32 37
16 29
76 43
34 83
37 88
9 26
50 27
69 40
71 86
62 37
20 40
39 53
23 45
96 35
25 91
99 40
57 43
34 96
18 51
92 37
11 48
43 0
4 45
64 59
98 57
18 64
91 54
8 56
52 62
84 51
43 13
10 65
64 72
77 11
38 56
82 62
73 13
40 65
31 16
75 59
94 72
33 62
10 78
68 19
26 22
67 60
86 73
3 75
89 78
47 81
0 6
63 62
82 75
95 14
40 78
53 17
72 30
56 22
88 11
33 75
74 76
65 27
51 92
49 19
68 32
67 73
70 78
89 91
9 68
83 17
28 81
47 94
0 19
60 33
5 97
62 79
34 17
39 95
14 38
74 89
13 79
16 84
90 33
35 97
48 36
92 79
28 94
69 95
60 46
20 95
4 87
96 90
55 52
13 92
57 98
90 46
29 36
50 95
8 98
85 52
2 54
87 98
59 36
78 49
36 52
55 65
38 98
6 65
64 6
22 9
66 52
98 4
43 68
91 1
54 55
45 6
31 71
65 69
68 74
1 84
40 12
58 66
74 10
86 20
88 66
47 28
65 82
68 87
21 12
26 90
61 84
0 74
74 23
19 87
32 26
34 72
53 85
72 98
70 25
56 90
9 15
14 93
46 82
81 39
20 29
39 42
96 24
41 88
0 87
76 45
34 85
53 98
92 26
37 90
9 28
8 32
30 50
62 39
83 98
25 93
99 42
92 39
50 42
91 43
11 50
43 2
45 48
64 61
80 5
98 59
73 2
18 66
91 56
75 48
33 51
84 53
1 18
45 61
58 0
3 64
77 13
61 5
80 18
63 51
82 64
54 2
75 61
88 0
52 77
46 3
65 16
49 8
67 62
58 13
70 67
89 80
61 18
47 83
0 8
19 21
63 64
82 77
21 67
40 80
72 32
56 24
14 27
74 78
46 16
32 81
51 94
35 86
68 34
26 37
67 75
70 80
9 70
28 83
0 21
41 22
60 35
81 94
37 24
97 38
32 94
16 86
35 99
7 37
92 81
9 83
2 43
20 97
78 38
36 41
96 92
13 94
99 97
71 35
16 99
29 38
48 51
84 95
43 57
1 60
18 0
78 51
17 41
10 1
29 51
31 60
22 11
85 67
17 54
91 3
77 68
94 8
61 60
80 73
52 11
73 70
12 60
70 1
5 20
24 70
79 6
82 11
68 76
21 1
26 79
58 68
77 81
0 63
74 12
19 76
93 25
35 20
67 9
86 22
53 74
72 87
88 68
5 33
49 76
68 89
21 14
62 15
81 28
26 92
39 31
83 74
0 76
60 90
51 41
35 33
34 74
53 87
92 15
28 30
69 31
30 39
49 89
62 28
20 31
4 23
23 36
83 87
96 26
41 90
25 82
99 31
16 33
57 34
2 98
34 87
92 28
37 92
78 93
69 44
8 34
30 52
71 90
87 34
20 44
64 50
99 44
38 34
57 47
76 60
6 1
91 45
8 47
94 50
11 52
87 47
64 63
38 47
79 48
98 61
31 7
94 63
52 66
24 4
10 69
68 10
1 20
3 66
77 15
79 61
98 74
40 69
12 7
31 20
72 21
75 63
88 2
33 66
46 5
10 82
51 83
49 10
7 13
67 64
42 7
19 23
60 24
95 18
40 82
34 8
53 21
13 70
46 18
51 96
49 23
90 24
35 88
67 77
41 24
60 37
2 32
34 21
53 34
14 42
96 81
13 83
99 86
32 96
90 37
48 40
6 43
9 85
50 86
44 42
2 45
4 91
78 40
97 53
36 43
55 56
29 40
48 53
92 96
22 0
84 97
43 59
1 62
77 57
52 0
73 59
3 0
22 13
66 56
98 8
43 72
58 57
61 62
80 75
19 65
93 14
52 13
51 17
12 62
86 11
72 76
70 3
89 16
28 6
47 19
5 22
46 60
63 0
68 78
21 3
26 81
61 75
0 65
93 27
32 17
51 30
35 22
95 73
53 76
72 89
56 81
28 19
49 78
68 91
21 16
81 30
26 94
39 33
42 75
0 78
74 27
41 79
13 17
32 30
16 22
34 76
37 81
97 95
50 20
69 33
14 97
71 79
7 94
48 95
20 33
96 28
41 92
44 97
16 35
57 36
92 30
37 94
69 46
36 98
11 41
71 92
30 54
29 95
4 38
45 39
64 52
25 97
66 98
38 36
57 49
98 50
59 95
18 57
91 47
11 54
43 6
45 52
64 65
77 4
22 68
80 9
79 50
98 63
73 6
75 52
94 65
33 55
52 68
24 6
65 7
26 15
67 53
3 68
77 17
80 22
19 12
79 63
63 55
95 7
40 71
53 10
88 4
33 68
74 69
46 7
65 20
51 85
68 25
26 28
86 79
70 71
89 84
42 9
47 87
0 12
19 25
60 26
5 90
95 20
62 72
81 85
34 10
37 15
46 20
13 72
69 88
41 26
37 28
78 29
97 42
55 45
71 26
48 42
92 85
50 88
41 39
8 91
25 31
11 96
2 47
43 48
59 29
78 42
97 55
17 32
55 58
6 58
85 58
24 48
84 99
1 64
18 4
17 45
36 58
80 64
54 48
73 61
12 51
86 0
31 64
89 5
47 8
82 2
1 77
77 72
42 51
61 64
33 2
54 61
95 62
86 13
89 18
28 8
88 59
5 24
63 2
49 67
68 80
7 70
58 72
61 77
0 67
74 16
93 29
13 6
51 32
95 75
72 91
56 83
88 72
14 86
5 37
90 81
62 19
81 32
20 22
0 80
96 17
41 81
13 19
99 22
44 86
76 38
34 78
92 19
37 83
56 96
14 99
8 25
27 38
71 81
29 84
20 35
23 40
99 35
44 99
38 25
57 38
15 41
18 46
59 84
50 35
91 36
8 38
94 41
84 33
87 38
4 40
64 54
22 57
25 99
98 52
15 54
59 97
91 49
52 57
43 8
3 57
63 44
73 8
75 54
65 9
49 1
67 55
86 68
58 6
70 60
89 73
61 11
47 76
0 1
79 65
95 9
40 73
12 11
53 12
88 6
93 84
46 9
32 74
51 87
35 79
7 17
70 73
9 63
42 11
83 12
47 89
0 14
41 15
21 73
62 74
81 87
34 12
53 25
37 17
97 31
74 84
71 15
7 30
48 31
9 76
83 25
69 90
41 28
60 41
27 93
44 33
2 36
34 25
97 44
13 87
71 28
16 92
57 93
90 41
29 31
6 47
50 90
8 93
11 98
84 88
1 53
87 93
4 95
78 44
31 53
64 1
66 47
24 50
59 44
17 47
94 1
61 53
52 4
93 5
12 53
86 2
3 4
88 48
40 7
26 72
77 74
42 53
0 56
74 5
32 8
51 21
54 63
95 64
67 2
53 67
70 7
89 20
28 10
88 61
47 23
5 26
65 77
63 4
49 69
68 82
7 72
26 85
83 67
0 69
19 82
13 8
32 21
35 26
72 93
9 10
69 24
14 88
5 39
48 86
20 24
39 37
23 29
25 75
13 21
44 88
99 24
2 91
76 40
37 85
50 24
69 37
8 27
11 32
71 83
30 45
90 96
84 22
29 86
20 37
23 42
64 43
25 88
15 43
59 86
17 89
50 37
8 40
71 96
84 35
29 99
87 40
80 0
79 41
98 54
15 56
59 99
31 0
75 43
94 56
33 46
10 62
45 56
3 59
89 62
22 72
80 13
63 46
82 59
31 13
72 14
33 59
93 73
49 3
68 16
86 70
70 62
89 75
42 0
47 78
60 17
5 81
21 62
95 11
40 75
34 1
72 27
14 22
88 8
93 86
46 11
51 89
90 17
28 78
5 94
2 25
21 75
34 14
53 27
23 84
97 33
55 36
13 76
71 17
16 81
90 30
35 94
76 95
9 78
50 79
41 30
25 22
62 89
20 92
59 20
97 46
55 49
13 89
99 92
15 98
48 46
92 89
6 49
50 92
8 95
25 35
87 95
4 97
78 46
17 36
36 49
77 50
80 55
31 55
75 98
22 6
58 50
77 63
61 55
80 68
19 58
52 6
73 65
12 55
86 4
47 12
88 50
46 53
82 6
49 58
68 71
42 55
61 68
51 23
35 15
67 4
53 69
70 9
56 74
28 12
47 25
5 28
49 71
62 10
7 74
81 23
26 87
39 26
83 69
74 20
44 77
51 36
16 15
35 28
95 79
53 82
92 10
56 87
97 88
30 34
90 85
62 23
48 88
20 26
4 18
96 21
41 85
60 98
99 26
2 93
76 42
37 87
78 88
36 91
8 29
27 42
11 34
71 85
30 47
29 88
4 31
23 44
38 29
57 42
18 50
59 88
8 42
11 47
52 48
84 37
87 42
1 2
64 58
3 48
80 2
18 63
31 2
75 45
94 58
33 48
52 61
10 64
26 8
86 59
77 10
47 67
79 56
63 48
53 3
56 8
33 61
74 62
93 75
51 78
49 5
7 8
89 77
47 80
0 5
5 83
63 61
21 64
81 78
53 16
39 81
37 8
56 21
93 88
13 65
32 78
51 91
90 19
9 67
28 80
5 96
25 11
44 24
34 16
39 94
23 86
14 37
32 91
6 38
9 80
25 24
11 89
85 38
2 40
43 41
59 22
78 35
23 99
36 38
55 51
99 94
29 35
73 41
6 51
50 94
8 97
66 38
24 41
84 92
43 54
87 97
17 38
54 41
12 44
22 8
24 54
65 55
58 52
12 57
31 70
72 71
89 11
46 55
68 73
7 63
42 57
61 70
0 60
74 9
19 73
60 74
51 25
35 17
95 68
67 6
34 58
53 71
72 84
70 11
37 63
28 14
14 79
88 65
47 27
5 30
46 68
49 73
62 12
20 15
39 28
23 20
0 73
96 10
41 74
32 25
44 79
35 30
76 31
34 71
53 84
92 12
97 90
9 14
27 31
30 36
71 74
20 28
6 93
23 33
83 84
96 23
41 87
25 79
85 93
16 30
15 34
59 77
50 28
69 41
36 93
8 31
27 44
30 49
71 87
84 26
87 31
64 47
22 50
66 93
98 45
59 90
18 52
17 93
75 34
8 44
94 47
11 49
52 50
43 1
54 96
1 4
87 44
45 47
22 63
80 4
40 53
73 1
72 5
10 66
68 7
26 10
86 61
3 63
61 4
5 72
63 50
82 63
21 53
95 2
56 10
14 13
33 63
32 67
35 72
7 10
26 23
70 66
89 79
47 82
0 7
41 8
60 21
5 85
95 15
81 80
34 5
56 23
97 24
14 26
13 67
32 80
51 93
7 23
92 67
9 69
28 82
25 13
30 91
81 93
34 18
39 96
37 23
97 37
55 40
13 80
71 21
76 99
29 24
92 80
27 99
66 27
85 40
84 81
87 86
78 37
55 53
38 86
31 46
66 40
1 59
17 40
61 46
80 59
38 99
73 56
12 46
88 41
47 3
24 56
58 54
77 67
0 49
19 62
93 11
10 13
51 14
54 56
12 59
72 73
89 13
28 3
88 54
47 16
5 19
49 62
40 13
42 59
83 60
74 11
19 75
60 76
32 14
35 19
95 70
53 73
37 65
9 3
28 16
69 17
49 75
62 14
7 78
26 91
23 22
83 73
32 27
16 19
35 32
76 33
2 84
92 14
37 78
50 17
69 30
14 94
8 20
11 25
30 38
20 30
6 95
4 22
23 35
64 36
96 25
41 89
25 81
99 30
38 20
57 33
2 97
76 46
15 36
59 79
27 46
84 28
29 92
87 33
24 98
57 46
98 47
10 55
86 50
3 52
77 1
89 55
80 6
40 55
31 6
72 7
75 49
33 52
93 66
65 4
10 68
68 9
67 50
86 63
58 1
28 58
61 6
19 9
79 60
63 52
95 4
81 69
56 12
14 15
88 1
74 66
93 79
46 4
49 9
26 25
9 58
83 7
0 9
41 10
5 87
44 15
21 68
62 69
81 82
34 7
53 20
20 72
37 12
56 25
97 26
23 77
14 28
32 82
16 74
90 23
35 87
29 13
48 26
92 69
9 71
83 20
69 85
85 29
30 93
2 31
36 29
96 80
13 82
16 87
57 88
29 26
6 42
18 96
50 85
69 98
8 88
25 28
66 29
85 42
43 45
84 83
87 88
59 26
4 90
78 39
45 91
96 93
31 48
75 91
66 42
43 58
84 96
17 42
77 56
61 48
80 61
93 0
73 58
89 2
88 43
5 8
49 51
26 67
42 48
19 64
32 3
51 16
35 8
12 61
53 62
72 75
70 2
89 15
56 67
28 5
88 56
5 21
65 72
49 64
21 2
7 67
26 80
39 19
83 62
74 13
60 78
13 3
32 16
35 21
37 67
56 80
9 5
28 18
27 22
30 27
90 78
62 16
7 80
81 29
48 81
20 19
39 32
4 11
23 24
83 75
96 14
13 16
99 19
25 70
16 21
57 22
34 75
37 80
78 81
97 94
50 19
69 32
55 97
84 17
87 22
25 83
44 96
85 97
15 38
59 81
18 43
78 94
50 32
91 33
8 35
84 30
29 94
87 35
64 51
22 54
79 36
98 49
82 41
15 51
59 94
18 56
17 97
91 46
52 54
10 57
86 52
80 8
47 60
79 49
63 41
21 44
40 57
75 51
33 54
74 55
65 6
89 70
28 60
47 73
19 11
63 54
40 70
81 71
53 9
39 74
37 1
56 14
14 17
74 68
93 81
51 84
49 11
16 63
90 12
7 14
48 15
67 65
9 60
83 9
69 74
41 12
60 25
81 84
23 79
96 69
13 71
71 12
90 25
35 89
29 15
6 31
50 74
8 77
25 17
44 30
85 31
30 95
4 79
78 28
23 92
17 18
36 31
96 82
55 44
38 77
29 28
73 34
6 44
92 84
50 87
91 88
94 93
84 85
43 47
59 28
17 31
3 96
77 45
36 44
22 1
66 44
33 96
58 45
77 58
42 37
61 50
80 63
19 53
52 1
63 96
54 47
31 63
72 64
88 45
47 7
46 48
49 53
82 1
26 69
42 50
61 63
0 53
74 2
93 15
32 5
35 10
70 4
88 58
14 72
49 66
21 4
62 5
7 69
81 18
26 82
23 13
0 66
41 67
60 80
13 5
44 72
35 23
76 24
34 64
53 77
92 5
56 82
97 83
9 7
27 24
71 67
62 18
7 82
48 83
83 77
13 18
2 88
76 37
15 27
78 83
36 86
8 24
27 37
11 29
71 80
84 19
87 24
6 99
64 40
66 86
85 99
98 38
15 40
59 83
78 96
36 99
94 40
11 42
84 32
10 46
45 40
3 43
22 56
66 99
38 37
82 43
75 40
94 53
26 3
86 54
70 46
3 56
89 59
19 0
5 65
63 43
82 56
40 59
56 3
32 60
65 8
7 3
86 67
28 62
47 75
21 59
95 8
81 73
53 11
39 76
14 19
74 70
32 73
16 65
35 78
92 60
83 11
69 76
41 14
44 19
30 84
2 22
62 73
81 86
39 89
23 81
97 30
14 32
96 71
13 73
71 14
16 78
90 27
29 17
69 89
27 92
43 36
4 81
36 33
55 46
29 30
15 95
50 89
94 95
1 52
45 95
3 98
79 93
73 49
68 55
58 47
19 55
10 6
51 7
12 52
31 65
89 6
5 12
46 50
49 55
40 6
7 58
26 71
81 7
0 55
19 68
93 17
51 20
35 12
95 63
34 53
67 1
56 71
28 9
69 10
14 74
46 63
49 68
90 69
62 7
26 84
20 10
39 23
96 5
41 69
13 7
16 12
2 77
76 26
34 66
53 79
92 7
37 71
56 84
97 85
50 10
55 88
8 13
62 20
6 88
23 28
64 29
96 18
99 23
85 88
38 13
57 26
2 90
59 72
18 34
97 98
91 24
36 88
8 26
94 29
30 44
29 85
48 98
4 28
64 42
3 32
22 45
25 87
98 40
15 42
78 98
91 37
52 45
84 34
10 48
87 39
63 32
40 48
52 58
10 61
68 2
26 5
86 56
89 61
79 53
82 58
40 61
32 62
49 2
90 3
35 67
67 56
70 61
9 51
0 2
41 3
60 16
44 8
21 61
81 75
34 0
20 65
39 78
37 5
56 18
23 70
97 19
14 21
13 62
16 67
90 16
35 80
25 8
30 86
2 24
62 75
20 78
59 6
4 70
78 19
97 32
36 22
57 81
76 94
15 84
48 32
92 75
8 81
11 86
85 35
2 37
84 76
87 81
59 19
78 32
64 97
17 22
36 35
38 81
57 94
15 97
31 41
91 92
8 94
94 97
66 35
11 99
24 38
84 89
45 97
17 35
80 54
79 95
54 38
73 51
12 41
75 97
88 36
58 49
42 41
80 67
0 44
19 57
51 9
95 52
12 54
86 3
53 55
72 68
56 60
46 52
49 57
7 60
39 12
42 54
83 55
74 6
51 22
16 1
35 14
34 55
53 68
72 81
28 11
14 76
30 20
90 71
7 73
48 74
20 12
96 7
13 9
44 76
92 9
97 87
50 12
11 20
90 84
84 10
48 87
87 15
20 25
64 31
41 84
25 76
44 89
85 90
2 92
43 93
15 31
18 36
59 74
91 26
94 31
11 33
52 34
71 84
84 23
3 34
22 47
66 90
38 28
79 29
82 34
59 87
17 90
75 31
52 47
10 50
54 93
86 45
80 1
82 47
42 96
93 61
67 45
70 50
89 63
47 66
63 47
81 64
56 7
14 10
32 64
16 56
70 63
9 53
60 18
2 13
20 67
37 7
23 72
55 24
13 64
32 77
71 5
90 18
76 83
6 24
92 64
9 66
50 67
8 70
27 83
25 10
30 88
20 80
78 21
97 34
36 24
15 86
48 34
18 91
6 37
50 80
91 81
8 83
24 27
1 43
87 83
64 99
36 37
77 38
80 43
38 83
98 97
54 27
31 43
91 94
94 99
24 40
43 53
1 56
87 96
17 37
58 38
77 51
61 43
19 46
63 89
54 40
12 43
31 56
47 0
5 3
49 46
0 46
51 11
56 62
28 0
14 65
5 16
65 67
7 62
26 75
23 6
74 8
41 60
16 3
76 17
95 67
37 62
97 76
50 1
69 14
14 78
27 17
30 22
7 75
48 76
20 14
6 79
39 27
4 6
83 70
96 9
41 73
25 65
57 17
2 81
76 30
15 20
92 11
18 25
50 14
36 79
8 17
90 86
48 89
64 33
25 78
85 92
57 30
43 95
15 33
59 76
91 28
75 20
94 33
52 36
29 89
64 46
31 98
3 36
66 92
38 30
79 31
24 95
82 36
40 39
17 92
58 93
75 33
33 36
52 49
54 95
67 34
86 47
3 49
89 52
88 93
79 44
21 39
72 4
74 50
93 63
32 53
68 6
67 47
86 60
9 42
28 55
47 68
21 52
53 4
39 69
72 17
32 66
51 79
90 7
7 9
48 10
92 53
28 68
41 7
44 12
20 69
39 82
37 9
78 10
97 23
14 25
96 64
55 26
13 66
16 71
6 26
92 66
50 69
69 82
8 72
27 85
44 25
11 77
85 26
84 67
43 29
20 82
78 23
97 36
17 13
96 77
76 98
29 23
15 88
6 39
18 93
8 85
94 88
27 98
66 26
11 90
43 42
84 80
87 85
17 26
77 40
80 45
79 86
73 42
12 32
31 45
66 39
1 58
58 40
42 32
61 45
80 58
79 99
51 0
95 43
88 40
46 43
49 48
68 61
81 0
26 64
58 53
19 61
93 10
53 59
37 51
56 64
69 3
88 53
14 67
46 56
49 61
90 62
62 0
81 13
26 77
39 16
0 61
41 62
60 75
44 67
16 5
35 18
2 70
76 19
34 59
53 72
92 0
37 64
56 77
97 78
50 3
55 81
27 19
71 62
30 24
48 78
6 81
64 22
96 11
38 6
57 19
15 22
50 16
91 17
55 94
27 32
30 37
84 14
64 35
22 38
38 19
24 84
98 33
15 35
75 22
94 35
10 41
73 97
45 35
86 36
3 38
89 41
22 51
66 94
79 33
24 97
63 25
17 94
58 95
33 38
52 51
54 97
67 36
86 49
89 54
82 51
72 6
14 1
93 65
32 55
51 68
35 60
26 11
70 54
9 44
28 57
60 9
62 55
39 71
97 12
51 81
7 11
48 12
9 57
83 6
69 71
41 9
27 74
25 1
44 14
2 17
37 11
78 12
36 15
55 28
71 9
16 73
48 25
92 68
50 71
66 15
11 79
30 92
84 69
78 25
64 90
36 28
96 79
99 84
29 25
31 34
94 90
85 41
24 31
84 82
43 44
1 47
45 90
58 29
3 93
77 42
80 47
38 87
82 93
54 31
73 44
31 47
33 93
24 44
61 47
80 60
51 2
54 44
12 47
53 48
47 4
88 42
26 66
39 5
19 63
51 15
53 61
72 74
56 66
28 4
46 58
49 63
7 66
81 15
48 67
20 5
39 18
83 61
13 2
16 7
76 21
34 61
69 18
14 82
55 83
27 21
11 13
84 3
48 80
87 8
4 10
64 24
96 13
25 69
44 82
85 83
43 86
18 29
78 80
91 19
36 83
71 77
29 80
87 21
73 86
6 96
45 24
3 27
22 40
85 96
43 99
82 27
15 37
59 80
17 83
77 97
33 27
52 40
54 86
73 99
12 89
45 37
89 43
66 96
79 35
24 99
98 48
82 40
40 43
58 97
75 37
33 40
74 41
54 99
67 38
86 51
70 43
89 56
47 59
5 62
81 57
14 3
74 54
32 57
51 70
35 62
26 13
9 46
28 59
60 11
2 6
62 57
81 70
20 60
56 13
97 14
55 17
13 57
32 70
35 75
29 1
9 59
83 8
69 73
41 11
44 16
2 19
20 73
39 86
59 1
4 65
78 14
97 27
36 17
96 68
55 30
99 73
71 11
16 75
29 14
15 79
48 27
92 70
6 30
50 73
69 86
66 17
11 81
85 30
30 94
24 20
84 71
45 79
64 92
36 30
22 95
57 89
15 92
54 20
18 97
75 79
11 94
24 33
10 98
87 89
45 92
17 30
3 95
61 36
80 49
19 39
79 90
54 33
40 98
31 49
75 92
68 52
42 36
61 49
0 39
19 52
93 1
63 95
95 47
88 44
46 47
5 9
65 60
81 4
39 7
83 50
41 53
60 66
32 4
44 58
35 9
95 60
53 63
37 55
56 68
97 69
69 7
14 71
27 10
20 7
41 66
13 4
44 71
57 10
2 74
34 63
92 4
36 72
71 66
90 79
48 82
87 10
6 85
64 26
96 15
25 71
57 23
78 82
17 72
91 21
36 85
8 23
52 29
84 18
29 82
87 23
45 26
64 39
38 23
24 88
98 37
15 39
18 44
17 85
77 99
75 26
33 29
52 42
10 45
89 45
63 29
82 42
21 32
40 45
33 42
74 43
86 53
28 48
60 0
21 45
40 58
81 59
72 10
39 62
56 2
74 56
32 59
51 72
16 51
90 0
35 64
7 2
48 3
92 46
9 48
41 0
60 13
5 77
62 59
20 62
78 3
23 67
97 16
14 18
55 19
99 62
32 72
35 77
76 78
29 3
6 19
92 59
50 62
69 75
8 65
27 78
25 5
44 18
43 22
4 67
55 32
99 75
71 13
29 16
73 22
18 86
50 75
94 81
27 91
85 32
84 73
87 78
1 38
4 80
45 81
64 94
36 32
77 33
38 78
73 35
18 99
12 25
31 38
24 35
65 36
87 91
86 95
3 97
77 46
42 25
80 51
79 92
54 35
95 36
12 38
31 51
72 52
65 49
49 41
68 54
67 95
58 46
61 51
0 41
93 3
60 55
63 97
95 49
34 39
72 65
37 44
56 57
88 46
5 11
46 49
7 57
26 70
39 9
83 52
0 54
60 68
35 11
76 12
2 63
34 52
37 57
55 74
71 55
30 17
90 68
62 6
48 71
20 9
39 22
6 74
4 1
83 65
96 4
25 60
57 12
2 76
76 25
18 20
78 71
97 84
36 74
8 12
11 17
84 7
29 71
6 87
4 14
45 15
25 73
38 12
24 77
43 90
15 28
59 71
18 33
78 84
17 74
36 87
11 30
84 20
64 41
3 31
22 44
66 87
79 26
24 90
82 31
17 87
75 28
12 93
86 42
70 34
89 47
47 50
5 53
46 91
82 44
49 96
74 45
32 48
68 1
67 42
70 47
89 60
5 66
21 47
97 5
74 58
13 48
51 74
35 66
9 50
30 72
2 10
62 61
81 74
20 64
39 77
78 5
23 69
96 59
71 2
16 66
90 15
29 5
48 18
6 21
50 64
8 67
27 80
25 7
2 23
84 62
43 24
1 27
20 77
59 5
4 69
78 18
64 83
17 8
96 72
55 34
22 86
29 18
15 83
50 77
91 78
8 80
94 83
66 21
11 85
85 34
84 75
87 80
1 40
17 21
3 86
77 35
82 86
75 83
88 22
33 86
52 99
45 96
86 97
58 35
61 40
80 53
79 94
63 86
21 89
95 38
12 40
53 41
75 96
88 35
5 0
68 56
42 40
83 41
19 56
35 0
53 54
56 59
49 56
90 57
7 59
81 8
23 3
41 57
25 49
2 65
35 13
69 11
30 19
29 60
48 73
6 76
96 6
41 70
99 11
38 1
59 60
78 73
36 76
55 89
11 19
71 70
84 9
29 73
73 79
6 89
64 30
22 33
66 76
57 27
24 79
98 28
43 92
15 30
18 35
17 76
94 30
80 95
33 20
10 36
54 79
73 92
45 30
86 31
31 95
3 33
24 92
40 36
75 30
42 82
61 95
54 92
95 93
67 31
86 44
88 90
47 52
46 93
5 55
63 33
82 46
40 49
42 95
0 98
74 47
93 60
35 55
26 6
70 49
9 39
28 52
5 68
21 49
81 63
53 1
39 66
90 4
6 10
41 4
2 12
39 79
97 20
36 10
13 63
99 66
16 68
76 82
29 7
15 72
48 20
92 63
50 66
25 9
66 10
85 23
24 13
84 64
1 29
77 24
99 79
38 69
18 90
31 29
91 80
94 85
24 26
10 91
84 77
45 85
3 88
61 29
80 42
38 82
79 83
54 26
40 91
12 29
31 42
72 43
91 93
88 24
33 88
65 40
68 45
67 86
86 99
58 37
61 42
19 45
21 91
53 43
72 56
56 48
88 37
68 58
7 48
26 61
39 0
9 94
0 45
60 59
51 10
35 2
69 0
14 64
27 3
7 61
48 62
81 10
20 0
39 13
23 5
83 56
60 72
25 51
99 0
16 2
57 3
2 67
76 16
69 13
11 8
30 21
71 59
90 72
29 62
48 75
87 3
20 13
6 78
64 19
25 64
99 13
57 16
2 80
76 29
18 24
91 14
36 78
55 91
11 21
52 22
84 11
29 75
45 19
64 32
3 22
85 91
38 16
79 17
43 94
15 32
77 92
75 19
94 32
33 22
52 35
54 81
45 32
86 33
31 97
12 84
88 79
47 41
79 30
24 94
65 95
63 22
40 38
42 84
75 32
61 97
33 35
74 36
51 52
54 94
67 33
12 97
86 46
70 38
89 51
88 92
46 95
63 35
21 38
81 52
72 3
42 97
74 49
93 62
67 46
70 51
69 55
62 52
81 65
20 55
39 68
99 55
90 6
35 70
92 52
9 54
11 63
85 12
30 76
2 14
62 65
78 9
36 12
55 25
57 71
18 79
92 65
91 69
94 74
27 84
66 12
85 25
43 28
1 31
87 71
59 9
45 74
36 25
77 26
80 31
57 84
15 87
73 28
12 18
91 82
75 74
33 77
65 29
10 93
1 44
45 87
86 88
89 93
77 39
61 31
79 85
63 77
95 29
40 93
12 31
31 44
33 90
46 29
65 42
49 34
68 47
26 50
58 39
28 96
61 44
21 93
34 32
72 58
47 1
88 39
5 4
49 47
7 50
41 48
44 53
76 5
53 58
37 50
56 63
69 2
14 66
30 10
48 64
20 2
6 67
83 58
25 53
44 66
16 4
2 69
18 13
78 64
97 77
69 15
36 67
8 5
71 61
29 64
87 5
6 80
45 8
64 21
85 80
15 21
1 86
18 26
91 16
55 93
75 8
11 23
10 27
73 83
31 86
79 19
24 83
43 96
82 24
40 27
17 80
91 29
75 21
94 34
61 86
80 99
52 37
10 40
12 86
70 27
3 37
24 96
63 24
82 37
21 27
58 94
42 86
61 99
33 37
74 38
0 89
93 51
32 41
35 46
95 97
9 30
47 56
88 94
5 59
46 97
63 37
21 40
62 41
42 99
13 41
32 54
16 46
44 0
2 3
4 49
97 11
36 1
96 52
55 14
13 54
16 59
90 8
76 73
48 11
92 54
6 14
27 73
25 0
11 65
85 14
2 16
84 55
43 17
87 60
20 70
23 75
64 76
17 1
36 14
96 65
99 70
57 73
29 11
73 17
50 70
91 71
8 73
11 78
52 79
59 11
45 76
64 89
17 14
77 28
61 20
82 79
15 89
12 20
91 84
75 76
52 92
10 95
68 36
1 46
58 28
3 92
42 20
61 33
47 98
82 92
95 31
12 33
88 28
74 93
46 31
49 36
68 49
7 39
42 33
83 34
0 36
19 49
63 92
21 95
72 60
37 39
5 6
13 96
90 50
81 1
9 98
41 50
32 1
2 58
56 65
97 66
69 4
14 68
27 7
30 12
90 63
29 53
6 69
23 9
41 63
25 55
99 4
44 68
57 7
76 20
59 53
92 1
78 66
97 79
50 4
36 69
55 82
94 10
11 12
84 2
29 66
48 79
6 82
4 9
45 10
64 23
66 69
85 82
38 7
57 20
43 85
15 23
59 66
18 28
17 69
91 18
77 83
75 10
80 88
33 13
73 85
45 23
86 24
31 88
3 26
89 29
22 39
24 85
98 34
43 98
63 13
82 26
40 29
75 23
33 26
19 91
52 39
93 40
51 43
54 85
73 98
12 88
86 37
89 42
47 45
46 86
79 34
5 48
63 26
49 91
58 96
0 91
74 40
93 53
51 56
35 48
95 99
70 42
88 96
21 42
74 53
13 43
16 48
48 0
6 3
92 43
50 46
27 62
44 2
85 3
30 67
2 5
78 0
96 54
99 59
16 61
57 62
76 75
15 65
6 16
18 70
92 56
8 62
27 75
11 67
30 80
2 18
43 19
4 64
78 13
64 78
36 16
38 62
57 75
15 78
54 6
73 19
18 83
31 22
91 73
75 65
94 78
66 16
11 80
52 81
24 19
84 70
43 32
87 75
1 35
45 78
64 91
58 17
61 22
80 35
79 76
82 81
54 19
40 84
12 22
31 35
75 78
94 91
52 94
65 33
26 41
58 30
3 94
89 97
61 35
0 25
79 89
63 81
82 94
40 97
53 36
32 98
65 46
67 92
70 97
9 87
42 35
83 36
0 38
63 94
95 46
62 98
72 62
56 54
30 1
90 52
92 98
39 6
25 44
44 57
2 60
97 68
69 6
55 71
11 1
30 14
90 65
29 55
48 68
6 71
64 12
99 6
85 71
57 9
2 73
76 22
15 12
78 68
17 58
91 7
8 9
94 12
11 14
52 15
84 4
87 9
45 12
22 28
85 84
38 9
79 10
24 74
82 15
15 25
1 90
59 68
18 30
17 71
91 20
77 85
94 25
80 90
33 15
54 74
73 87
31 90
3 28
89 31
47 34
66 84
98 36
68 93
58 85
61 90
33 28
10 44
54 87
95 88
12 90
86 39
70 31
63 28
21 31
39 48
58 98
42 90
13 32
37 96
28 47
5 63
81 58
20 48
39 61
14 4
13 45
99 48
32 58
16 50
35 63
6 5
9 47
50 48
27 64
11 56
44 4
85 5
62 58
20 61
78 2
55 18
99 61
38 51
57 64
76 77
29 2
50 61
91 62
94 67
24 8
84 59
1 24
87 64
59 2
4 66
17 5
3 70
36 18
22 83
80 24
15 80
54 8
73 21
18 85
52 83
84 72
43 34
1 37
89 86
22 96
61 24
19 27
54 21
72 38
33 83
52 96
93 97
10 99
67 81
26 43
86 94
89 99
42 24
0 27
79 91
63 83
21 86
95 35
40 99
72 51
56 43
14 46
46 35
65 48
49 40
60 54
44 46
21 99
34 38
53 51
97 57
14 59
30 3
39 8
83 51
41 54
60 67
25 46
2 62
76 11
37 56
11 3
30 16
71 54
29 57
6 73
4 0
22 17
25 59
99 8
85 73
2 75
43 76
15 14
17 60
36 73
55 86
75 1
94 14
52 17
10 20
84 6
73 76
45 14
64 27
3 17
85 86
38 11
24 76
1 92
59 70
58 74
77 87
75 14
94 27
61 79
80 92
52 30
73 89
86 28
70 20
3 30
79 25
65 90
21 20
58 87
42 79
33 30
74 31
32 34
51 47
54 89
95 90
12 92
53 93
70 33
89 46
56 98
28 36
88 87
47 49
5 52
63 30
62 34
81 47
39 50
83 93
74 44
13 34
32 47
51 60
16 39
35 52
9 36
69 50
62 47
20 50
39 63
4 42
97 4
14 6
13 47
99 50
16 52
76 66
48 4
6 7
92 47
8 53
27 66
85 7
30 71
43 10
4 55
64 69
96 58
38 53
15 69
6 20
91 64
8 66
11 71
85 20
84 61
1 26
87 66
59 4
45 69
17 7
3 72
38 66
79 67
98 80
15 82
54 10
73 23
18 87
12 13
31 26
91 77
94 82
1 39
3 85
42 13
61 26
79 80
98 93
95 24
40 88
12 26
72 40
88 21
33 85
74 86
93 99
46 24
65 37
68 42
7 32
26 45
86 96
58 34
28 91
19 42
60 43
63 85
21 88
95 37
34 27
72 53
46 37
90 43
7 45
9 91
0 42
41 43
60 56
44 48
76 0
37 45
56 58
97 59
55 62
27 0
71 43
48 59
83 53
41 56
44 61
85 62
76 13
59 46
78 59
97 72
55 75
94 3
27 13
11 5
71 56
30 18
6 75
45 3
64 16
3 6
25 61
57 13
15 16
1 81
78 72
91 11
36 75
77 76
80 81
33 6
52 19
54 65
73 78
86 17
89 22
22 32
24 78
1 94
40 22
58 76
77 89
80 94
93 33
10 35
54 78
73 91
31 94
72 95
70 22
89 35
47 38
79 27
46 79
65 92
63 19
49 84
82 32
68 97
21 22
81 36
42 81
74 33
51 49
35 41
95 92
12 94
53 95
9 25
47 51
21 35
81 49
39 52
42 94
83 95
41 98
13 36
32 49
16 41
35 54
34 95
92 36
9 38
30 60
62 49
4 44
23 57
97 6
96 47
99 52
16 54
57 55
48 6
6 9
50 52
8 55
27 68
85 9
30 73
84 50
87 55
96 60
38 55
98 69
29 6
15 71
73 12
18 76
91 66
75 58
8 68
66 9
52 74
84 63
1 28
64 84
17 9
77 23
54 12
18 89
12 15
75 71
94 84
33 74
68 31
26 34
67 72
86 85
3 87
77 36
80 41
47 93
19 31
12 28
72 42
33 87
74 88
46 26
65 39
7 34
26 47
42 28
83 29
0 31
60 45
63 87
21 90
34 29
72 55
37 34
56 47
49 44
16 96
90 45
7 47
41 45
60 58
25 37
44 50
76 2
34 42
37 47
97 61
55 64
71 45
90 58
29 48
48 61
6 64
23 4
64 5
41 58
25 50
85 64
43 67
15 5
59 48
78 61
97 74
17 51
36 64
55 77
94 5
52 8
73 67
6 77
45 5
85 77
79 3
43 80
1 83
18 23
59 61
17 64
91 13
75 5
80 83
10 24
31 83
3 21
89 24
66 77
79 16
98 29
65 81
82 21
68 86
1 96
42 70
75 18
33 21
19 86
93 35
54 80
95 81
12 83
31 96
72 97
28 27
88 78
68 99
81 38
42 83
0 86
93 48
13 25
32 38
35 43
95 94
34 84
37 89
70 37
28 40
5 56
46 94
62 38
20 41
39 54
23 46
83 97
96 36
32 51
16 43
9 40
20 54
39 67
23 59
97 8
96 49
55 11
76 70
15 60
48 8
6 11
50 54
27 70
11 62
85 11
30 75
24 1
43 14
1 17
87 57
45 60
77 12
57 70
98 71
75 60
11 75
84 65
1 30
58 12
3 76
77 25
22 89
61 17
19 20
79 71
98 84
82 76
54 14
12 17
75 73
88 12
52 89
93 90
46 15
10 92
49 20
68 33
26 36
67 74
86 87
58 25
42 17
61 30
47 95
0 20
79 84
63 76
82 89
33 89
32 93
49 33
68 46
35 98
67 87
70 92
42 30
41 34
60 47
21 92
62 93
95 41
34 31
37 36
97 50
14 52
13 93
90 47
48 50
6 53
25 39
44 52
2 55
34 44
37 49
78 50
97 63
69 1
55 66
30 9
29 50
6 66
64 7
22 10
25 52
66 53
85 66
57 4
43 69
18 12
17 53
55 79
11 9
52 10
29 63
87 4
3 10
22 23
85 79
24 69
98 18
43 82
82 10
59 63
17 66
91 15
58 67
75 7
94 20
80 85
33 10
10 26
73 82
31 85
70 13
47 29
88 67
79 18
24 82
82 23
42 72
61 85
80 98
0 75
74 24
19 88
54 82
95 83
12 85
53 86
86 34
72 99
56 91
88 80
46 83
65 96
21 26
39 43
32 40
51 53
35 45
34 86
53 99
9 29
20 43
39 56
23 48
83 99
13 40
99 43
25 94
16 45
35 58
76 59
34 99
6 0
92 40
50 43
69 56
8 46
27 59
11 51
85 0
30 64
84 41
43 3
4 48
23 61
64 62
96 51
99 56
57 59
76 72
73 3
8 59
94 62
27 72
11 64
85 13
24 3
43 16
1 19
4 61
45 62
3 65
38 59
98 73
73 16
18 80
12 6
91 70
33 65
24 16
65 17
1 32
58 14
80 32
19 22
79 73
98 86
31 32
52 91
93 92
65 30
10 94
68 35
7 25
67 76
86 89
70 81
58 27
42 19
61 32
60 36
63 78
82 91
21 81
95 30
72 46
56 38
74 92
32 95
49 35
90 36
70 94
83 33
28 97
60 49
2 44
21 94
34 33
20 98
53 46
37 38
97 52
14 54
90 49
29 39
6 55
9 97
83 46
76 6
18 1
59 39
78 52
97 65
36 55
55 68
22 12
85 68
43 71
1 74
59 52
18 14
17 55
91 4
94 9
84 1
10 15
87 6
73 71
3 12
22 25
98 20
43 84
82 12
1 87
40 15
58 69
77 82
75 9
61 74
19 77
93 26
73 84
12 74
86 23
31 87
72 88
3 25
47 31
79 20
46 72
63 12
49 77
82 25
21 15
26 93
42 74
0 77
35 34
95 85
67 23
70 28
9 18
47 44
88 82
46 85
5 47
49 90
62 29
7 93
81 42
39 45
83 88
0 90
13 29
51 55
92 29
37 93
9 31
28 44
62 42
39 58
4 37
96 40
13 42
99 45
76 61
6 2
8 48
27 61
30 66
84 43
43 5
4 50
55 15
22 67
96 53
38 48
57 61
15 64
73 5
18 69
31 8
8 61
94 64
52 67
84 56
43 18
1 21
45 64
64 77
17 2
3 67
22 80
98 75
82 67
54 5
73 18
12 8
75 64
94 77
88 3
10 83
68 24
26 27
45 77
58 16
61 21
80 34
0 11
98 88
63 67
82 80
54 18
21 70
40 83
95 19
56 27
88 16
33 80
10 96
51 97
7 27
26 40
47 99
0 24
60 38
21 83
34 22
56 40
74 94
13 84
46 32
16 89
90 38
49 37
48 41
67 91
83 35
28 99
41 38
60 51
34 35
37 40
96 95
71 38
90 51
29 41
92 97
9 99
85 57
2 59
43 60
76 8
18 3
17 44
36 57
55 70
27 8
11 0
30 13
73 60
6 70
22 14
66 57
43 73
15 11
18 16
59 54
36 70
52 14
10 17
12 63
45 11
31 76
86 12
3 14
89 17
66 70
79 9
24 73
65 74
63 1
82 14
77 84
42 63
80 89
19 79
51 31
12 76
86 25
31 89
72 90
89 30
47 33
88 71
5 36
63 14
68 92
81 31
26 95
58 84
42 76
61 89
0 79
19 92
32 31
51 44
95 87
67 25
56 95
88 84
14 98
5 49
49 92
90 93
62 31
7 95
81 44
39 47
23 39
0 92
13 31
32 44
76 50
34 90
92 31
9 33
50 34
69 47
39 60
4 39
96 42
25 98
57 50
48 1
92 44
6 4
18 58
69 60
11 55
85 4
30 68
87 50
78 1
45 53
64 66
77 5
99 60
57 63
98 64
15 66
73 7
8 63
66 4
11 68
24 7
43 20
84 58
87 63
45 66
64 79
58 5
77 18
80 23
79 64
98 77
82 69
40 72
73 20
12 10
31 23
75 66
33 69
93 83
65 21
68 26
3 82
89 85
61 23
47 88
0 13
63 69
21 72
95 21
12 23
88 18
33 82
46 21
65 34
51 99
35 91
26 42
86 93
83 24
28 88
0 26
44 32
62 86
95 34
34 24
53 37
56 42
74 96
13 86
32 99
71 27
16 91
48 43
92 86
41 40
60 53
44 45
2 48
62 99
4 94
78 43
37 42
97 56
36 46
96 97
55 59
71 40
90 53
29 43
25 45
76 10
43 62
15 0
18 5
36 59
11 2
52 3
29 56
64 13
85 72
43 75
82 3
1 78
17 59
58 60
77 73
75 0
94 13
61 65
52 16
54 62
73 75
45 13
86 14
89 19
88 60
79 11
63 3
21 6
40 19
77 86
33 16
93 30
95 76
67 14
70 19
28 22
88 73
5 38
68 94
40 32
81 33
39 36
83 79
0 81
74 30
19 94
60 95
13 20
51 46
35 38
95 89
53 92
70 32
37 84
56 97
28 35
69 36
46 89
5 51
49 94
39 49
96 31
99 36
32 46
16 38
35 51
34 92
9 35
50 36
30 57
71 95
64 55
96 44
55 6
99 49
38 39
76 65
59 98
18 60
50 49
91 50
27 65
43 9
84 47
4 54
45 55
36 6
3 58
22 71
77 7
80 12
38 52
57 65
98 66
73 9
94 68
33 58
66 6
52 71
24 9
65 10
87 65
3 71
89 74
22 84
77 20
19 15
79 66
98 79
82 71
40 74
31 25
72 26
75 68
88 7
10 87
49 15
7 18
67 69
70 74
89 87
63 71
82 84
95 23
40 87
81 88
34 13
53 26
37 18
46 23
32 88
49 28
7 31
9 77
28 90
60 42
44 34
34 26
53 39
23 96
14 47
74 98
