100 200 1
97 72
58 1
26 39
17 58
16 38
65 52
29 32
30 9
88 63
46 57
71 56
68 2
91 34
74 82
58 40
11 87
66 23
87 55
88 38
82 86
46 50
99 65
51 9
24 1
85 84
21 48
38 73
13 19
97 67
62 67
16 79
84 79
24 92
7 21
1 35
0 37
55 6
47 57
44 95
36 11
47 20
68 61
54 44
51 20
52 19
75 21
61 86
33 15
83 98
41 37
53 11
76 95
79 39
73 87
82 99
73 96
46 54
20 35
83 18
92 30
9 78
13 5
89 40
49 4
68 72
67 58
7 71
54 3
45 0
20 65
20 10
1 39
17 2
38 89
39 32
63 88
39 41
23 24
6 47
41 14
75 16
95 49
6 1
1 69
18 55
70 93
15 13
82 3
30 29
87 63
56 57
10 35
53 70
48 28
76 44
38 27
82 94
54 23
71 30
58 5
75 0
84 42
35 55
7 39
89 35
78 35
23 99
98 13
27 26
55 42
70 95
56 41
53 54
8 31
63 10
99 39
23 65
14 7
56 77
82 96
40 90
49 38
57 42
75 2
51 10
27 10
59 97
7 4
48 14
19 97
46 26
29 74
57 90
82 89
75 59
61 5
78 21
67 30
71 55
53 49
8 81
96 84
1 11
2 65
96 29
5 45
29 12
3 11
24 43
50 71
59 19
55 94
62 54
42 85
96 86
37 98
6 3
21 56
40 5
5 47
76 98
20 11
21 10
44 48
24 45
25 53
88 2
35 63
30 21
38 10
74 94
63 9
11 35
98 33
41 45
44 50
55 25
71 43
10 2
9 4
76 2
70 87
65 66
77 31
22 95
2 7
88 77
46 16
49 12
51 39
12 66
87 14
34 8
36 14
54 38
23 32
46 9
11 21
43 19
26 12
