100 4950 1
13 88
71 29
16 93
29 32
48 45
83 39
50 91
41 42
44 47
85 48
2 50
78 45
97 58
36 48
96 99
55 61
71 42
48 58
78 58
17 48
36 61
52 5
73 64
64 15
79 0
1 80
40 8
17 61
77 75
61 67
94 15
33 5
52 18
54 64
73 77
67 3
12 67
31 80
70 8
3 18
47 24
88 62
79 13
65 78
63 5
68 83
26 86
58 75
61 80
33 18
93 32
35 27
95 78
86 29
53 81
70 21
89 34
9 11
46 78
63 18
49 83
39 38
42 80
83 81
13 22
95 91
53 94
37 86
9 24
28 37
27 41
90 97
62 35
81 48
20 38
39 51
4 30
13 35
99 38
25 89
57 41
34 94
37 99
8 41
27 54
11 46
30 59
87 41
20 51
4 43
64 57
96 46
22 60
57 54
15 57
18 62
31 1
50 51
8 54
94 57
11 59
85 8
43 11
87 54
45 57
64 70
3 60
61 1
79 55
98 68
82 60
15 70
73 11
18 75
12 1
33 60
52 73
24 11
65 12
10 76
68 17
3 73
77 22
61 14
47 79
19 17
79 68
82 73
95 12
12 14
72 28
75 70
88 9
33 73
93 87
10 89
51 90
49 17
68 30
67 71
70 76
83 15
47 92
19 30
60 31
21 76
95 25
81 90
34 15
53 28
39 93
72 41
37 20
7 33
26 46
28 92
41 31
25 23
44 36
2 39
34 28
20 93
23 98
97 47
55 50
96 88
13 90
71 31
16 95
90 44
6 50
9 92
50 93
41 44
25 36
44 49
76 1
59 34
78 47
36 50
27 1
71 44
38 96
29 47
64 4
66 50
43 66
17 50
94 4
80 69
54 53
73 66
45 4
3 7
22 20
79 2
24 66
98 15
82 7
40 10
58 64
75 4
52 20
93 21
54 66
67 5
72 83
89 23
82 20
40 23
81 24
58 77
61 82
0 72
93 34
32 24
51 37
67 18
12 82
53 83
72 96
70 23
56 88
28 26
47 39
88 77
62 24
7 88
81 37
39 40
23 32
41 86
44 91
34 83
53 96
92 24
69 40
71 86
30 48
90 99
20 40
4 32
23 45
83 96
41 99
99 40
57 43
15 46
34 96
18 51
69 53
27 56
71 99
84 38
1 3
87 43
4 45
45 46
22 62
99 53
38 43
98 57
31 3
91 54
52 62
1 16
45 59
64 72
80 16
31 16
91 67
75 59
94 72
33 62
93 76
65 14
10 78
68 19
67 60
3 75
89 78
42 3
47 81
0 6
79 70
63 62
21 65
95 14
40 78
56 22
33 75
74 76
32 79
49 19
7 22
26 35
70 78
42 16
83 17
0 19
60 33
63 75
81 92
56 35
14 38
32 92
71 20
90 33
35 97
48 36
92 79
28 94
41 33
60 46
62 92
20 95
37 35
78 36
4 87
97 49
14 51
96 90
55 52
71 33
90 46
29 36
8 98
25 38
43 55
76 3
84 93
87 98
17 39
55 65
29 49
73 55
66 52
85 65
43 68
15 6
80 71
52 9
54 55
12 58
3 9
89 12
47 15
24 68
65 69
82 9
68 74
40 12
58 66
75 6
42 58
74 10
19 74
10 25
12 71
31 84
72 85
70 12
47 28
5 31
65 82
63 9
40 25
39 29
42 71
61 84
32 26
51 39
16 18
67 20
34 72
70 25
14 93
46 82
49 87
90 88
62 26
7 90
81 39
39 42
83 85
96 24
0 87
2 96
53 98
92 26
37 90
9 28
8 32
27 45
30 50
29 91
4 34
23 47
64 48
96 37
99 42
38 32
57 45
76 58
18 53
92 39
59 91
8 45
27 58
11 50
30 63
84 40
87 45
4 47
64 61
3 51
77 0
80 5
18 66
91 56
94 61
87 58
1 18
58 0
3 64
77 13
22 77
61 5
80 18
79 59
98 72
54 2
95 3
40 67
12 5
31 18
88 0
33 64
52 77
46 3
10 80
49 8
68 21
67 62
58 13
42 5
61 18
47 83
0 8
79 72
63 64
82 77
21 67
95 16
72 32
56 24
46 16
32 81
49 21
26 37
67 75
9 70
83 19
47 96
60 35
21 80
62 81
34 19
20 84
53 32
56 37
97 38
74 91
32 94
16 86
90 35
50 84
69 97
25 27
44 40
2 43
20 97
78 38
96 92
13 94
50 97
25 40
85 54
2 56
1 60
18 0
17 41
55 67
29 51
66 54
85 67
24 57
98 6
43 70
17 54
58 55
94 8
80 73
10 14
54 57
73 70
70 1
89 14
88 55
79 6
24 70
21 1
40 14
26 79
77 81
61 73
74 12
19 76
32 15
35 20
54 70
95 71
70 14
9 4
88 68
5 33
46 71
65 84
63 11
49 76
68 89
62 15
7 79
26 92
0 76
19 89
13 15
51 41
35 33
34 74
53 87
56 92
9 17
28 30
46 84
20 31
83 87
96 26
41 90
13 28
44 95
34 87
92 28
69 44
11 39
71 90
29 93
87 34
20 44
4 36
64 50
55 1
99 44
38 34
15 50
18 55
59 93
50 44
8 47
94 50
52 53
43 4
1 7
87 47
45 50
3 53
77 2
22 66
80 7
82 53
31 7
68 10
45 63
77 15
89 69
61 7
19 10
63 53
54 4
95 5
31 20
88 2
93 80
46 5
10 82
49 10
68 23
67 64
70 69
89 82
42 7
28 72
0 10
60 24
5 88
63 66
95 18
40 82
53 21
72 34
37 13
74 80
46 18
51 96
49 23
7 26
67 77
26 39
70 82
9 72
83 21
60 37
2 32
62 83
81 96
39 99
37 26
14 42
96 81
32 96
16 88
90 37
29 27
48 40
6 43
92 83
9 85
85 43
2 45
20 99
59 27
4 91
36 43
96 94
48 53
6 56
92 96
50 99
25 42
85 56
84 97
1 62
59 40
78 53
36 56
80 62
52 0
10 3
54 46
22 13
66 56
24 59
43 72
82 0
1 75
40 3
77 70
80 75
19 65
10 16
86 11
72 76
89 16
28 6
79 8
5 22
65 73
46 60
21 3
81 17
58 70
61 75
0 65
74 14
51 30
35 22
95 73
28 19
88 70
14 84
65 86
68 91
62 17
7 81
81 30
23 25
42 75
83 76
44 84
32 30
16 22
34 76
37 81
97 95
69 33
27 36
30 41
71 79
62 30
16 35
76 49
78 95
50 33
69 46
36 98
27 49
11 41
29 95
4 38
45 39
64 52
96 41
22 55
25 97
66 98
38 36
98 50
91 47
8 49
52 55
84 44
1 9
45 52
64 65
3 55
80 9
79 50
82 55
73 6
31 9
75 52
94 65
24 6
10 71
26 15
3 68
77 17
61 9
80 22
47 74
79 63
63 55
82 68
21 58
40 71
12 9
72 23
56 15
10 84
51 85
49 12
67 66
86 79
70 71
42 9
83 10
28 74
0 12
60 26
5 90
63 68
21 71
62 72
95 20
81 85
53 23
56 28
14 31
74 82
46 20
51 98
49 25
90 26
35 90
48 29
9 74
83 23
69 88
60 39
2 34
62 85
20 88
37 28
78 29
71 26
16 90
6 45
50 88
25 31
11 96
43 48
84 86
97 55
36 45
38 91
6 58
22 2
66 45
85 58
24 48
17 45
36 58
77 59
80 64
52 2
10 5
73 61
31 64
66 58
98 10
65 62
82 2
68 67
1 77
58 59
77 72
74 3
19 67
93 16
51 19
54 61
95 62
31 77
72 78
46 62
21 5
7 70
58 72
0 67
74 16
19 80
60 81
32 19
35 24
95 75
67 13
34 65
70 18
56 83
9 8
69 22
88 72
5 37
46 75
62 19
39 35
23 27
0 80
41 81
96 17
13 19
99 22
35 37
34 78
92 19
9 21
50 22
14 99
8 25
71 81
90 94
62 32
29 84
48 97
20 35
4 27
23 40
41 94
25 86
44 99
57 38
76 51
92 32
50 35
8 38
94 41
27 51
11 43
4 40
98 52
15 54
18 59
91 49
75 41
10 60
43 8
84 46
1 11
45 54
77 6
22 70
79 52
98 65
63 44
82 57
40 60
75 54
52 70
93 71
65 9
10 73
26 17
67 55
89 73
61 11
47 76
5 79
82 70
21 60
12 11
53 12
72 25
56 17
88 6
14 20
74 71
65 22
51 87
49 14
35 79
68 27
26 30
70 73
42 11
9 63
28 76
47 89
62 74
53 25
39 90
13 74
32 87
71 15
48 31
9 76
83 25
28 89
69 90
27 93
25 20
44 33
30 98
2 36
62 87
37 30
78 31
23 95
4 82
55 47
99 90
16 92
57 93
48 44
6 47
50 90
8 93
84 88
43 50
1 53
87 93
17 34
55 60
38 93
29 44
73 50
22 4
66 47
1 66
58 48
61 53
94 1
80 66
52 4
10 7
54 50
12 53
86 2
31 66
3 4
40 7
42 53
61 66
80 79
74 5
93 18
32 8
51 21
53 67
72 80
89 20
88 61
65 77
68 82
62 8
7 72
81 21
26 85
42 66
0 69
60 83
32 21
35 26
95 77
34 67
53 80
92 8
37 72
56 85
9 10
28 23
69 24
46 77
5 39
49 82
90 83
7 85
48 86
81 34
39 37
23 29
41 83
13 21
44 88
2 91
76 40
92 21
37 85
50 24
69 37
11 32
90 96
87 27
20 37
4 29
41 96
25 88
57 40
76 53
18 48
50 37
8 40
94 43
84 35
29 99
87 40
1 0
64 56
80 0
38 40
15 56
18 61
59 99
91 51
52 59
10 62
68 3
1 13
89 62
22 72
80 13
79 54
98 67
63 46
12 0
31 13
72 14
33 59
93 73
65 11
51 76
68 16
26 19
58 8
89 75
0 3
19 16
60 17
21 62
95 11
72 27
56 19
14 22
90 17
35 81
67 70
70 75
9 65
28 78
5 94
44 22
2 25
53 27
20 79
39 92
37 19
56 32
97 33
23 84
13 76
71 17
90 30
35 94
76 95
29 20
48 33
92 76
6 36
9 78
83 27
25 22
44 35
85 36
59 20
4 84
78 33
97 46
96 87
13 89
71 30
16 94
57 95
29 33
92 89
25 35
24 39
43 52
87 95
1 55
59 33
45 98
17 36
36 49
77 50
38 95
54 39
73 52
75 98
24 52
98 1
93 7
10 9
54 52
73 65
31 68
89 9
47 12
88 50
68 71
40 9
58 63
0 58
74 7
19 71
93 20
32 10
51 23
35 15
95 66
72 82
5 28
49 71
68 84
21 9
39 26
42 68
83 69
41 72
60 85
13 10
44 77
32 23
95 79
34 69
53 82
92 10
37 74
97 88
9 12
69 26
14 90
27 29
30 34
90 85
7 87
20 26
4 18
83 82
41 85
57 29
2 93
34 82
92 23
37 87
78 88
69 39
36 91
8 29
11 34
71 85
29 88
87 29
64 45
25 90
99 39
57 42
76 55
18 50
94 45
84 37
64 58
3 48
22 61
80 2
38 42
79 43
82 48
18 63
91 53
75 45
33 48
10 64
77 10
61 2
47 67
19 5
63 48
95 0
33 61
74 62
65 13
10 77
67 59
26 21
86 72
70 64
89 77
83 3
28 67
19 18
60 19
5 83
63 61
40 77
34 3
72 29
39 81
46 13
13 65
32 78
49 18
48 22
9 67
28 80
69 81
5 96
2 27
62 78
34 16
20 81
39 94
78 22
97 35
55 38
13 78
71 19
35 96
6 38
9 80
50 81
69 94
41 32
25 24
44 37
85 38
11 89
43 41
20 94
59 22
96 89
55 51
99 94
38 84
29 35
66 38
85 51
84 92
43 54
1 57
17 38
36 51
77 52
38 97
73 54
12 44
31 57
22 8
24 54
68 60
58 52
61 57
80 70
19 60
10 11
88 52
65 68
49 60
68 73
40 11
58 65
61 70
0 60
74 9
93 22
35 17
95 68
34 58
53 71
70 11
37 63
28 14
47 27
88 65
46 68
5 30
90 74
7 76
26 89
23 20
83 71
0 73
32 25
76 31
34 71
53 84
92 12
37 76
56 89
9 14
50 15
14 92
27 31
29 77
20 28
39 41
83 84
25 79
57 31
76 44
15 34
59 77
92 25
18 39
78 90
50 28
69 41
8 31
27 44
11 36
84 26
29 90
87 31
45 34
64 47
25 92
66 93
38 31
98 45
8 44
94 47
11 49
10 53
43 1
54 96
45 47
3 50
82 50
31 4
75 47
52 63
65 2
67 48
3 63
61 4
5 72
63 50
21 53
95 2
40 66
53 5
56 10
14 13
33 63
93 77
46 2
51 80
70 66
89 79
9 56
83 5
42 4
47 82
0 7
41 8
5 85
21 66
34 5
53 18
39 83
37 10
97 24
14 26
74 77
13 67
32 80
90 21
35 85
7 23
92 67
6 27
9 69
69 83
41 21
25 13
30 91
2 29
62 80
20 83
37 23
4 75
78 24
36 27
55 40
13 80
99 83
57 86
90 34
76 99
29 24
48 37
6 40
8 86
27 99
25 26
66 27
2 42
84 81
59 24
4 88
78 37
17 27
36 40
55 53
96 91
38 86
73 43
8 99
66 40
85 53
43 56
84 94
59 37
58 41
61 46
80 59
38 99
10 0
54 43
73 56
12 46
89 0
47 3
65 57
68 62
58 54
77 67
42 46
61 59
10 13
51 14
53 60
72 73
70 0
28 3
47 16
46 57
5 19
49 62
68 75
21 0
40 13
81 14
26 78
39 17
42 59
83 60
19 75
60 76
93 24
13 1
32 14
51 27
16 6
35 19
53 73
37 65
28 16
69 17
49 75
81 27
20 17
39 30
23 22
41 76
60 89
25 68
13 14
44 81
32 27
34 73
92 14
78 79
50 17
30 38
90 89
48 92
20 30
6 95
99 30
44 94
38 20
18 41
59 79
78 92
50 30
91 31
36 95
8 33
27 46
71 89
30 51
84 28
29 92
87 33
64 49
3 39
66 95
38 33
57 46
59 92
33 39
10 55
87 46
54 98
45 49
86 50
3 52
77 1
22 65
79 47
98 60
82 52
40 55
31 6
75 49
33 52
52 65
65 4
10 68
51 69
86 63
70 55
89 68
61 6
60 10
5 74
63 52
82 65
95 4
40 68
81 69
53 7
72 20
56 12
88 1
74 66
32 69
51 82
49 9
90 10
35 74
7 12
67 63
83 7
28 71
62 69
34 7
39 85
37 12
56 25
23 77
55 29
74 79
13 69
32 82
71 10
16 74
90 23
35 87
48 26
92 69
83 20
50 72
69 85
27 88
30 93
2 31
62 82
39 98
59 13
78 26
97 39
99 85
71 23
57 88
48 39
6 42
50 85
69 98
8 88
25 28
11 93
85 42
24 32
84 83
43 45
87 88
1 48
59 26
4 90
45 91
78 39
17 29
77 43
96 93
99 98
38 88
91 99
75 91
66 42
1 61
17 42
77 56
93 0
10 2
54 45
73 58
31 61
89 2
47 5
88 43
49 51
40 2
0 51
74 0
12 61
53 62
89 15
28 5
88 56
65 72
49 64
68 77
62 3
39 19
0 64
74 13
32 16
16 8
53 75
92 3
37 67
56 80
90 78
7 80
81 29
48 81
39 32
83 75
60 91
57 22
2 86
76 35
34 75
78 81
97 94
14 96
8 22
30 40
29 81
48 94
4 24
64 38
22 41
96 27
85 97
38 22
57 35
2 99
76 48
15 38
18 43
59 81
78 94
91 33
36 97
52 41
29 94
87 35
45 38
64 51
3 41
66 97
38 35
98 49
15 51
91 46
75 38
33 41
80 8
79 49
21 44
72 9
75 51
68 11
86 65
5 76
21 57
95 6
40 70
81 71
37 1
14 17
74 68
93 81
46 6
32 71
49 11
90 12
35 76
7 14
83 9
28 73
5 89
25 4
44 17
2 20
62 71
81 84
39 87
78 15
23 79
97 28
55 31
32 84
71 12
90 25
76 90
6 31
92 71
9 73
50 74
69 87
27 90
25 17
11 82
44 30
30 95
85 31
2 33
20 87
4 79
97 41
17 18
36 31
55 44
96 82
99 87
71 25
38 77
57 90
15 93
73 34
18 98
6 44
50 87
91 88
11 95
85 44
84 85
1 50
87 90
45 93
17 31
3 96
77 45
36 44
54 34
73 47
31 50
66 44
84 98
61 50
19 53
93 2
63 96
95 48
31 63
72 64
88 45
47 7
5 10
46 48
65 61
82 1
40 4
26 69
42 50
61 63
19 66
51 18
35 10
95 61
53 64
72 77
28 7
88 58
46 61
68 79
26 82
20 8
83 64
60 80
44 72
32 18
34 64
92 5
37 69
97 83
9 7
14 85
27 24
71 67
30 29
62 18
7 82
48 83
20 21
39 34
6 86
4 13
96 16
41 80
60 93
99 21
57 24
92 18
18 32
78 83
97 96
50 21
36 86
55 99
27 37
48 96
87 24
22 43
25 85
85 99
57 37
98 38
59 83
78 96
91 35
36 99
8 37
52 43
84 32
29 96
64 53
22 56
38 37
79 38
98 51
40 46
91 48
94 53
52 56
10 59
68 0
26 3
67 41
86 54
70 46
89 59
21 46
72 11
56 3
33 56
32 60
65 8
51 73
68 13
35 65
26 16
47 75
5 78
63 56
21 59
95 8
81 73
53 11
14 19
51 86
71 1
90 14
35 78
7 16
48 17
92 60
9 62
83 11
28 75
69 76
60 27
30 84
81 86
37 16
4 68
14 32
96 71
13 73
99 76
16 78
90 27
76 92
48 30
6 33
92 73
50 76
8 79
27 92
11 84
85 33
30 97
43 36
87 79
20 89
23 94
64 95
55 46
99 89
29 30
73 36
50 89
8 92
66 33
85 46
52 98
59 30
17 33
77 47
80 52
38 92
79 93
73 49
12 39
88 34
33 98
65 50
1 65
58 47
77 60
42 39
93 4
63 98
12 52
86 1
88 47
47 9
5 12
46 50
74 4
19 68
60 69
51 20
95 63
34 53
67 1
53 66
70 6
56 71
69 10
46 63
90 69
62 7
20 10
83 66
0 68
41 69
60 82
13 7
99 10
2 77
76 26
92 7
56 84
50 10
14 87
8 13
30 31
29 72
62 20
6 88
25 74
44 87
85 88
38 13
57 26
76 39
15 29
97 98
36 88
8 26
94 29
11 31
71 82
84 21
48 98
64 42
3 32
22 45
25 87
38 26
98 40
59 85
18 47
78 98
17 88
75 29
94 42
33 32
10 48
84 34
54 91
45 42
89 48
82 45
40 48
72 0
75 42
51 62
67 43
26 5
70 48
89 61
19 2
79 53
63 45
82 58
72 13
74 59
93 72
90 3
7 5
67 56
26 18
83 0
47 77
41 3
39 78
97 19
74 72
90 16
6 22
92 62
50 65
69 78
27 81
25 8
2 24
62 75
39 91
4 70
78 19
36 22
96 73
55 35
13 75
71 16
16 80
76 94
6 35
92 75
50 78
8 81
27 94
25 21
66 22
11 86
85 35
43 38
64 97
17 22
96 86
57 94
98 95
91 92
94 97
66 35
11 99
84 89
17 35
61 41
38 94
79 95
12 41
31 54
75 97
88 36
24 51
65 52
26 60
77 62
42 41
0 44
95 52
12 54
72 68
89 8
56 60
88 49
5 14
46 52
81 9
26 73
60 71
32 9
51 22
35 14
95 65
53 68
72 81
37 60
28 11
69 12
46 65
49 70
62 9
20 12
23 17
83 68
96 7
41 71
60 84
99 12
2 79
37 73
97 87
50 12
8 15
27 28
11 20
84 10
29 74
20 25
4 17
23 30
64 31
22 34
25 76
99 25
44 89
38 15
57 28
2 92
43 93
15 31
18 36
94 31
71 84
29 87
87 28
73 93
3 34
66 90
38 28
17 90
75 31
94 44
33 34
10 50
54 93
45 44
47 53
80 1
63 34
21 37
40 50
72 2
75 44
33 47
74 48
93 61
10 63
51 64
26 7
86 58
47 66
19 4
60 5
53 2
72 15
74 61
93 74
67 58
83 2
69 67
5 82
44 10
2 13
62 64
34 2
20 67
37 7
23 72
55 24
96 62
13 64
32 77
71 5
35 82
76 83
48 21
92 64
9 66
69 80
8 70
41 18
27 83
85 24
30 88
20 80
4 72
23 85
97 34
36 24
99 80
71 18
57 83
29 21
15 86
18 91
6 37
27 96
84 78
1 43
4 85
17 24
36 37
38 83
15 99
54 27
91 94
94 99
84 91
87 96
45 99
17 37
58 38
77 51
80 56
79 97
54 40
73 53
12 43
72 57
88 38
47 0
46 41
65 54
49 46
42 43
61 56
0 46
51 11
12 56
28 0
88 51
47 13
46 54
65 67
49 59
68 72
81 11
20 1
23 6
0 59
41 60
60 73
32 11
44 65
34 57
53 70
37 62
9 0
50 1
30 22
62 11
48 76
20 14
23 19
83 70
41 73
60 86
13 11
99 14
25 65
57 17
2 81
92 11
37 75
78 76
97 89
50 14
36 79
8 17
27 30
71 73
30 35
48 89
6 92
4 19
64 33
96 22
66 79
99 27
43 95
1 98
59 76
18 38
91 28
8 30
52 36
84 25
31 98
3 36
22 49
98 44
40 39
59 89
58 93
91 41
54 95
86 47
3 49
88 93
79 44
63 36
21 39
40 52
72 4
74 50
93 63
32 53
26 9
89 65
9 42
28 55
19 6
60 7
5 71
21 52
62 53
81 66
53 4
72 17
56 9
14 12
51 79
16 58
90 7
48 10
9 55
83 4
28 68
60 20
81 79
39 82
37 9
78 10
23 74
97 23
96 64
55 26
99 69
71 7
16 71
90 20
11 77
85 26
43 29
87 72
78 23
23 87
96 77
99 82
38 72
15 88
73 29
18 93
50 82
66 26
11 90
24 29
43 42
59 23
17 26
77 40
80 45
79 86
98 99
54 29
73 42
12 32
31 45
91 96
66 39
33 91
65 43
68 48
1 58
61 45
80 58
19 48
79 99
51 0
95 43
72 59
46 43
68 61
7 51
81 0
26 64
39 3
42 45
0 48
19 61
60 62
93 10
35 5
95 56
34 46
56 64
69 3
5 18
46 56
62 0
81 13
26 77
20 3
39 16
23 8
41 62
13 0
44 67
16 5
34 59
53 72
37 64
56 77
97 78
50 3
55 81
8 6
27 19
71 62
29 65
48 78
20 16
4 8
23 21
64 22
99 16
44 80
38 6
57 19
2 83
76 32
92 13
18 27
36 81
8 19
94 22
27 32
71 75
29 78
48 91
6 94
4 21
64 35
66 81
85 94
38 19
24 84
98 33
59 78
17 81
91 30
36 94
77 95
75 22
94 35
73 97
3 38
89 41
79 33
82 38
17 94
33 38
52 51
54 97
67 36
70 41
88 95
46 98
5 60
79 46
63 38
21 41
40 54
74 52
93 65
65 3
51 68
68 8
26 11
70 54
9 44
47 70
60 9
44 1
21 54
53 6
56 11
97 12
74 65
13 55
32 68
16 60
90 9
48 12
50 58
83 6
69 71
41 9
60 22
27 74
25 1
44 14
62 68
20 71
78 12
23 76
55 28
71 9
16 73
76 87
29 12
48 25
92 68
8 74
25 14
66 15
11 79
85 28
84 69
87 74
1 34
23 89
17 15
55 41
15 90
73 31
18 95
8 87
66 28
52 93
24 31
43 44
45 90
61 34
79 88
54 31
31 47
26 53
58 42
77 55
42 34
61 47
80 60
19 50
63 93
12 47
72 61
88 42
47 4
5 7
46 45
65 58
49 50
68 63
81 2
26 66
39 5
83 48
19 63
51 15
35 7
95 58
34 48
53 61
72 74
56 66
90 64
81 15
48 67
41 64
60 77
25 56
13 2
99 5
44 69
57 8
2 72
76 21
97 80
50 5
55 83
30 26
90 77
84 3
29 67
48 80
20 18
64 24
44 82
38 8
18 29
59 67
97 93
17 70
91 19
36 83
94 24
11 26
84 16
29 80
87 21
6 96
45 24
64 37
3 27
22 40
66 83
38 21
43 99
82 27
15 37
18 42
59 80
91 32
36 96
77 97
33 27
10 43
45 37
86 38
3 40
89 43
22 53
66 96
79 35
24 99
40 43
75 37
33 40
74 41
10 56
51 57
54 99
26 0
28 46
88 97
5 62
63 40
81 57
72 8
56 0
74 54
93 67
32 57
51 70
26 13
9 46
28 59
60 11
5 75
81 70
20 60
39 73
55 17
13 57
16 62
35 75
6 17
83 8
50 60
25 3
44 16
30 81
62 70
4 65
78 14
23 78
97 27
96 68
71 11
16 75
48 27
15 79
18 84
6 30
50 73
27 89
11 81
30 94
24 20
87 76
78 27
64 92
36 30
77 31
15 92
54 20
31 36
75 79
94 92
11 94
24 33
10 98
87 89
58 31
3 95
79 90
40 98
12 36
31 49
75 92
88 31
46 34
65 47
70 98
58 44
42 36
61 49
21 98
95 47
12 49
53 50
72 63
56 55
14 58
88 44
47 6
46 47
5 9
49 52
7 55
81 4
26 68
42 49
83 50
0 52
41 53
74 1
35 9
95 60
97 69
14 71
27 10
30 15
7 68
48 69
83 63
41 66
25 58
76 23
50 7
69 20
55 85
8 10
11 15
87 10
4 12
96 15
66 72
2 87
18 31
78 82
17 72
8 23
94 26
84 18
29 82
73 88
45 26
3 29
85 98
79 24
24 88
15 39
18 44
91 34
94 39
33 29
52 42
54 88
67 27
47 48
88 86
79 37
82 42
40 45
58 99
0 94
74 43
93 56
10 58
51 59
67 40
47 61
63 42
39 62
56 2
14 5
93 69
13 46
51 72
35 64
7 2
48 3
92 46
9 48
28 61
41 0
5 77
44 5
20 62
39 75
14 18
96 57
90 13
35 77
76 78
48 16
6 19
9 61
69 75
41 13
27 78
25 5
44 18
11 70
2 21
4 67
23 80
17 6
36 19
99 75
71 13
15 81
73 22
6 32
18 86
8 78
85 32
1 38
4 80
45 81
77 33
57 91
54 22
73 35
91 89
75 81
33 84
52 97
24 35
68 41
1 51
87 91
42 25
61 38
80 51
79 92
63 84
82 97
54 35
65 49
67 95
42 38
61 51
19 54
60 55
51 6
95 49
56 57
14 60
88 46
5 11
49 54
81 6
23 1
83 52
32 6
35 11
76 12
97 71
90 68
48 71
20 9
6 74
23 14
83 65
96 4
41 68
99 9
44 73
57 12
2 76
92 6
78 71
36 74
55 87
8 12
11 17
29 71
87 12
6 87
4 14
22 31
85 87
38 12
43 90
1 93
18 33
91 23
36 87
77 88
75 15
11 30
52 31
84 20
73 90
64 41
3 31
66 87
24 90
98 39
82 31
58 88
75 28
33 31
54 90
67 29
86 42
89 47
46 91
79 39
21 34
32 48
51 61
68 1
35 53
67 42
9 37
47 63
60 2
5 66
62 48
81 61
97 5
74 58
13 48
32 61
90 2
35 66
48 5
60 15
44 7
81 74
20 64
39 77
23 69
97 18
36 8
13 61
71 2
48 18
69 77
8 67
27 80
25 7
11 72
85 21
84 62
1 27
64 83
36 21
96 72
38 67
57 80
76 93
29 18
15 83
18 88
31 27
50 77
8 80
85 34
84 75
1 40
59 18
45 83
64 96
58 22
77 35
38 80
79 81
98 94
82 86
54 24
73 37
31 40
24 37
65 38
86 97
3 99
77 48
54 37
21 89
72 54
56 46
33 99
5 0
46 38
65 51
7 46
67 97
26 59
0 43
19 56
60 57
63 99
51 8
35 0
34 41
53 54
72 67
56 59
5 13
49 56
81 8
48 60
60 70
25 49
44 62
35 13
76 14
37 59
78 60
69 11
8 1
30 19
41 70
44 75
38 1
57 14
59 60
78 73
91 12
36 76
94 17
11 19
71 70
29 73
87 14
6 89
4 16
3 20
85 89
38 14
17 76
77 90
33 20
86 31
3 33
89 36
66 89
79 28
24 92
98 41
63 20
58 90
42 82
61 95
52 46
93 47
10 49
51 50
54 92
28 39
82 46
21 36
40 49
81 50
42 95
0 98
74 47
35 55
28 52
47 65
5 68
53 1
20 53
23 58
56 6
55 10
74 60
13 50
32 63
76 69
92 50
50 53
2 12
20 66
39 79
23 71
97 20
55 23
71 4
57 69
76 82
48 20
18 77
50 66
69 79
27 82
25 9
43 26
4 71
17 10
77 24
96 74
22 88
38 69
98 83
73 26
18 90
66 23
52 88
24 26
87 82
64 98
3 88
77 37
61 29
19 32
79 83
98 96
73 39
40 91
12 29
91 93
75 85
33 88
65 40
49 32
68 45
86 99
58 37
70 91
79 96
21 91
12 42
53 43
56 48
46 40
5 2
65 53
49 45
7 48
26 61
39 0
9 94
83 43
60 59
51 10
95 53
53 56
97 62
14 64
30 8
7 61
48 62
41 59
44 64
16 2
2 67
37 61
97 75
14 77
55 78
8 3
11 8
30 21
90 72
48 75
87 3
20 13
99 13
85 78
57 16
15 19
18 24
36 78
55 91
94 19
11 21
84 11
29 75
87 16
6 91
64 32
22 35
85 91
24 81
43 94
15 32
1 97
91 27
77 92
75 19
33 22
52 35
10 38
54 81
12 84
86 33
31 97
47 41
65 95
82 35
58 92
42 84
33 35
74 36
93 49
10 51
54 94
67 33
12 97
47 54
46 95
5 57
63 35
21 38
40 51
81 52
39 55
72 3
74 49
32 52
51 65
16 44
34 98
9 41
28 54
69 55
2 1
62 52
39 68
55 12
96 50
99 55
32 65
90 6
35 70
48 9
9 54
8 58
41 6
11 63
44 11
43 15
62 65
4 60
97 22
64 74
96 63
55 25
15 74
92 65
6 25
18 79
8 71
27 84
66 12
11 76
85 25
30 89
24 15
87 71
64 87
36 25
77 26
3 77
22 90
38 71
33 77
52 90
24 28
65 29
84 79
10 93
87 84
45 87
86 88
58 26
3 90
42 18
80 44
19 34
63 77
12 31
72 45
88 26
33 90
46 29
70 93
42 31
79 98
63 90
95 42
72 58
56 50
88 39
49 47
90 48
7 50
39 2
83 45
60 61
44 53
35 4
53 58
56 63
97 64
69 2
71 48
90 61
48 64
39 15
41 61
99 2
16 4
57 5
2 69
76 18
59 51
18 13
97 77
50 2
69 15
55 80
8 5
27 18
11 10
84 0
29 64
45 8
64 21
22 24
99 15
85 80
57 18
98 19
15 21
59 64
18 26
17 67
75 8
8 18
11 23
52 24
84 13
10 27
31 86
64 34
24 83
98 32
43 96
82 24
1 99
40 27
77 94
61 86
52 37
73 96
67 22
89 40
47 43
79 32
5 46
65 97
63 24
58 94
0 89
74 38
33 37
93 51
35 46
95 97
28 43
47 56
5 59
21 40
62 41
81 54
39 57
14 0
74 51
13 41
51 67
16 46
35 59
92 41
9 43
60 8
44 0
2 3
39 70
97 11
96 52
16 59
90 8
48 11
92 54
11 65
85 14
30 78
87 60
22 79
38 60
76 86
29 11
73 17
85 27
87 73
1 33
64 89
58 15
77 28
61 20
38 73
98 87
54 17
73 30
12 20
75 76
88 15
33 79
24 30
10 95
68 36
45 89
58 28
47 98
80 46
19 36
79 87
40 95
12 33
33 92
74 93
46 31
65 44
49 36
68 49
26 52
42 33
28 98
51 1
21 95
95 44
72 60
56 52
14 55
5 6
90 50
7 52
81 1
26 65
41 50
60 63
32 1
2 58
76 7
37 52
56 65
30 12
29 53
48 66
41 63
99 4
44 68
2 71
15 10
59 53
18 15
92 1
50 4
91 5
36 69
27 20
30 25
84 2
6 82
4 9
64 23
3 13
22 26
66 69
85 82
38 7
24 72
98 21
43 85
15 23
1 88
18 28
17 69
91 18
36 82
75 10
94 23
33 13
84 15
54 72
86 24
31 88
89 29
63 13
40 29
17 82
58 83
77 96
61 88
33 26
19 91
93 40
52 39
54 85
73 98
86 37
70 29
89 42
88 83
5 48
46 86
63 26
49 91
21 29
40 42
58 96
0 91
93 53
32 43
95 99
9 32
46 99
62 43
20 46
23 51
14 2
74 53
13 43
32 56
35 61
76 62
69 59
27 62
44 2
2 5
62 56
20 59
39 72
4 51
97 13
36 3
96 54
13 56
16 61
57 62
29 0
48 13
15 65
18 70
6 16
8 62
25 2
85 16
30 80
2 18
43 19
1 22
4 64
78 13
45 65
64 78
36 16
22 81
57 75
98 76
15 78
18 83
31 22
75 65
8 75
94 78
11 80
52 81
84 70
43 32
87 75
1 35
17 16
58 17
77 30
38 75
79 76
82 81
54 19
40 84
12 22
31 35
91 86
94 91
88 17
52 94
93 95
65 33
10 97
86 92
58 30
3 94
89 97
80 48
19 38
63 81
21 84
53 36
72 49
88 30
33 94
46 33
65 46
32 98
49 38
7 41
26 54
70 97
9 87
83 36
19 51
63 94
21 97
62 98
34 36
56 54
13 98
90 52
7 54
81 3
39 6
92 98
41 52
60 65
44 57
2 60
14 70
55 71
27 9
11 1
30 14
29 55
20 6
6 71
23 11
22 15
41 65
25 57
57 9
76 22
59 55
36 71
73 74
6 84
45 12
64 25
3 15
79 10
82 15
15 25
1 90
17 71
36 84
77 85
75 12
52 28
10 31
45 25
86 26
3 28
47 34
65 88
63 15
82 28
21 18
75 25
42 77
61 90
74 29
19 93
93 42
51 45
95 88
67 26
86 39
70 31
89 44
5 50
40 44
81 45
39 48
58 98
0 93
93 55
13 32
32 45
34 91
37 96
70 44
9 34
88 98
5 63
81 58
39 61
13 45
32 58
35 63
76 64
6 5
9 47
69 61
44 4
11 56
30 69
2 7
20 61
4 53
78 2
97 15
64 67
36 5
99 61
38 51
57 64
76 77
29 2
18 72
92 58
50 61
8 64
85 18
87 64
17 5
3 70
77 19
38 64
57 77
98 78
54 8
18 85
31 24
94 80
33 70
66 18
84 72
1 37
45 80
86 81
3 83
89 86
61 24
80 37
63 70
12 24
31 37
75 80
88 19
52 96
49 27
67 81
0 27
63 83
21 86
95 35
12 37
88 32
46 35
49 40
7 43
67 94
26 56
9 89
0 40
60 54
34 38
14 59
30 3
23 0
44 59
2 62
76 11
15 1
18 6
78 57
69 8
55 73
11 3
71 54
30 16
29 57
48 70
6 73
4 0
45 1
64 14
96 3
25 59
85 73
57 11
2 75
43 76
15 14
1 79
18 19
59 57
78 70
91 9
36 73
55 86
75 1
8 11
11 16
87 11
31 79
79 12
98 25
40 20
58 74
75 14
61 79
67 15
12 79
86 28
89 33
47 36
63 17
82 30
40 33
26 98
58 87
42 79
61 92
33 30
74 31
93 44
54 89
67 28
70 33
88 87
5 52
49 95
7 98
81 47
39 50
42 92
83 93
0 95
32 47
51 60
35 52
37 98
9 36
81 60
23 55
55 7
13 47
57 53
76 66
48 4
69 63
8 53
27 66
44 6
87 53
20 63
4 55
64 69
36 7
96 58
55 20
99 63
76 79
15 69
73 10
6 20
8 66
94 69
85 20
43 23
1 26
64 82
17 7
77 21
38 66
79 67
73 23
75 69
33 72
10 88
1 39
45 82
89 88
22 98
19 29
79 80
54 23
40 88
31 39
72 40
75 82
33 85
74 86
68 42
26 45
67 83
86 96
58 34
95 37
34 27
53 40
72 53
14 48
46 37
49 42
90 43
7 45
26 58
67 96
83 40
0 42
41 43
76 0
34 40
56 58
97 59
14 61
27 0
71 43
23 2
64 3
41 56
2 64
15 3
18 8
78 59
97 72
36 62
55 75
71 56
29 59
48 72
87 0
6 75
3 6
22 19
25 61
57 13
24 65
15 16
18 21
78 72
91 11
77 76
80 81
54 65
87 13
3 19
89 22
66 75
24 78
98 27
82 19
1 94
17 75
77 89
75 16
80 94
52 32
12 81
86 30
72 95
70 22
28 25
47 38
46 79
79 27
63 19
49 84
82 32
21 22
81 36
42 81
0 84
74 33
93 46
32 36
51 49
95 92
67 30
53 95
9 25
28 38
47 51
46 92
49 97
62 36
20 39
74 46
13 36
32 49
30 60
71 98
23 57
96 47
76 68
92 49
6 9
8 55
27 68
85 9
30 73
2 11
84 50
1 15
4 57
78 6
38 55
98 69
29 6
73 12
91 66
8 68
94 71
11 73
52 74
85 22
24 12
1 28
87 68
58 10
61 15
79 69
98 82
82 74
73 25
18 89
12 15
94 84
33 74
52 87
24 25
65 26
26 34
58 23
3 87
77 36
42 15
80 41
47 93
0 18
19 31
79 82
63 74
82 87
21 77
54 25
72 42
56 34
74 88
46 26
26 47
67 85
86 98
70 90
63 87
21 90
95 39
34 29
53 42
72 55
37 34
14 50
46 39
16 96
90 45
7 47
83 42
2 53
97 61
55 64
71 45
48 61
64 5
41 58
25 50
2 66
15 5
97 74
91 0
94 5
52 8
71 58
87 2
73 67
6 77
45 5
64 18
66 64
85 77
38 2
79 3
24 67
98 16
82 8
1 83
18 23
91 13
75 5
94 18
33 8
54 67
45 18
12 70
3 21
66 77
65 81
82 21
1 96
21 11
40 24
61 83
74 22
19 86
93 35
10 37
51 38
67 19
12 83
70 24
89 37
28 27
88 78
65 94
63 21
68 99
40 37
81 38
7 89
42 83
61 96
19 99
35 43
34 84
37 89
28 40
88 91
49 99
62 38
81 51
20 41
39 54
0 99
13 38
35 56
9 40
50 41
69 54
30 62
62 51
20 54
4 46
55 11
99 54
38 44
8 57
27 70
85 11
30 75
24 1
1 17
4 59
45 60
36 11
77 12
57 70
98 71
15 73
54 1
91 68
66 11
11 75
24 14
84 65
10 79
43 27
45 73
77 25
22 89
61 17
19 20
82 76
54 14
73 27
12 17
31 30
72 31
93 90
65 28
10 92
49 20
67 74
26 36
86 87
42 17
47 95
82 89
21 79
40 92
12 30
53 31
72 44
56 36
14 39
33 89
32 93
68 46
9 82
28 95
0 33
60 47
44 39
62 93
34 31
37 36
56 49
97 50
14 52
71 34
7 49
6 53
39 1
83 44
25 39
44 52
76 4
37 49
97 63
69 1
55 66
27 4
71 47
30 9
90 60
29 50
48 63
6 66
22 10
25 52
66 53
57 4
98 5
15 7
1 72
52 10
87 4
64 20
85 79
38 4
79 5
24 69
43 82
1 85
58 67
75 7
94 20
52 23
10 26
73 82
67 8
12 72
31 85
3 23
89 26
47 29
79 18
24 82
63 10
82 23
68 88
40 26
80 98
74 24
19 88
93 37
10 39
51 40
54 82
67 21
12 85
72 99
56 91
47 42
88 80
63 23
62 27
7 91
39 43
42 85
0 88
74 37
51 53
16 32
35 45
34 86
53 99
92 27
37 91
69 43
5 58
62 40
81 53
39 56
23 48
83 99
96 38
55 0
99 43
35 58
76 59
34 99
69 56
8 46
27 59
85 0
20 56
23 61
64 62
97 10
36 0
55 13
38 46
57 59
76 72
15 62
18 67
50 56
91 57
8 59
27 72
11 64
30 77
43 16
84 54
4 61
45 62
64 75
17 0
36 13
22 78
80 19
38 59
15 75
54 3
18 80
12 6
31 19
94 75
33 65
52 78
24 16
65 17
10 81
58 14
3 78
77 27
22 91
42 6
61 19
80 32
79 73
98 86
54 16
72 33
88 14
33 78
52 91
68 35
7 25
89 94
61 32
28 84
19 35
60 36
63 78
95 30
40 94
34 20
56 38
88 27
14 41
49 35
83 33
28 97
0 35
41 36
2 44
21 94
62 95
34 33
20 98
14 54
71 36
29 39
6 55
9 97
50 98
83 46
41 49
44 54
18 1
59 39
97 65
36 55
55 68
30 11
64 9
25 54
66 55
85 68
24 58
98 7
59 52
52 12
54 58
73 71
86 10
3 12
98 20
43 84
82 12
1 87
17 68
75 9
80 87
33 12
10 28
73 84
12 74
86 23
89 28
46 72
63 12
49 77
40 28
58 82
42 74
0 77
32 29
12 87
56 93
9 18
47 44
88 82
5 47
46 85
7 93
83 88
0 90
74 39
13 29
32 42
51 55
16 34
95 98
34 88
92 29
37 93
27 48
62 42
23 50
55 2
13 42
6 2
50 45
69 58
27 61
84 43
43 5
87 48
1 8
55 15
57 61
76 74
15 64
18 69
31 8
8 61
94 64
66 2
24 5
43 18
1 21
64 77
17 2
3 67
38 61
79 62
82 67
54 5
73 18
75 64
33 67
24 18
65 19
10 83
68 24
26 27
58 16
3 80
89 83
61 21
80 34
47 86
0 11
19 24
79 75
98 88
63 67
82 80
12 21
53 22
56 27
33 80
46 19
65 32
51 97
49 24
68 37
67 78
26 40
86 91
70 83
42 21
83 22
28 86
19 37
60 38
21 83
81 97
34 22
53 35
74 94
13 84
16 89
49 37
90 38
7 40
70 96
9 86
41 38
60 51
25 30
44 43
62 97
78 41
90 51
92 97
9 99
25 43
43 60
59 41
78 54
17 44
36 57
64 11
22 14
66 57
1 76
18 16
36 70
94 11
52 14
54 60
45 11
86 12
31 76
12 63
89 17
22 27
63 1
58 71
77 84
33 14
19 79
93 28
51 31
54 73
95 74
12 76
72 90
70 17
89 30
28 20
88 71
5 36
46 74
68 92
40 30
81 31
26 95
42 76
93 41
32 31
35 36
67 25
37 82
70 30
46 87
49 92
21 30
62 31
7 95
81 44
20 34
23 39
13 31
32 44
35 49
34 90
92 31
37 95
50 34
69 47
30 55
71 93
23 52
57 50
76 63
48 1
15 53
18 58
59 96
92 44
50 47
69 60
11 55
43 7
84 45
4 52
22 69
80 10
38 50
98 64
15 66
18 71
75 53
94 66
24 7
43 20
84 58
1 23
87 63
45 66
58 5
3 69
77 18
80 23
79 64
98 77
82 69
54 7
73 20
91 74
94 79
88 5
93 83
65 21
10 85
49 13
86 80
58 18
3 82
42 10
61 23
47 88
0 13
19 26
79 77
63 69
21 72
72 37
88 18
33 82
93 96
46 21
65 34
51 99
49 26
35 91
7 29
67 80
89 98
42 23
83 24
41 27
44 32
21 85
95 34
62 86
34 24
53 37
14 45
32 99
16 91
92 86
60 53
25 32
44 45
2 48
62 99
34 37
4 94
97 56
36 46
96 97
13 99
30 2
90 53
92 99
64 0
22 3
85 59
43 62
15 0
18 5
78 56
17 46
36 59
55 72
94 0
11 2
73 62
66 59
85 72
98 11
15 13
59 56
77 73
75 0
94 13
54 62
12 65
86 14
3 16
88 60
65 76
68 81
21 6
40 19
80 91
33 16
74 17
10 32
95 76
12 78
72 92
89 32
28 22
47 35
65 89
63 16
49 81
7 84
40 32
26 97
42 78
19 94
93 43
13 20
51 46
16 25
35 38
34 79
53 92
70 32
9 22
28 35
69 36
46 89
5 51
81 46
39 49
23 41
41 95
13 33
76 52
34 92
92 33
9 35
50 36
69 49
27 52
71 95
30 57
62 46
20 49
4 41
96 44
57 52
18 60
50 49
8 52
27 65
11 57
84 47
45 55
36 6
3 58
77 7
91 63
75 55
66 6
52 71
65 10
68 15
1 25
86 69
58 7
89 74
22 84
79 66
98 79
63 58
82 71
54 9
95 10
72 26
33 71
46 10
51 88
68 28
26 31
86 82
58 20
70 74
89 87
28 77
0 15
19 28
60 29
63 71
21 74
95 23
40 87
34 13
53 26
37 18
74 85
93 98
32 88
49 28
90 29
35 93
7 31
26 44
70 87
83 26
0 28
41 29
60 42
44 34
20 91
56 44
97 45
14 47
74 98
