12 132 1
4 0
4 9
5 1
8 0
5 10
8 9
10 6
9 8
0 5
11 5
2 11
6 2
7 1
6 11
7 10
4 2
3 6
5 3
8 2
9 1
8 11
9 10
0 7
11 7
2 4
1 8
6 4
7 3
3 8
8 4
9 3
11 0
0 9
11 9
1 10
7 5
3 1
3 10
5 7
9 5
0 2
11 2
1 3
5 0
5 9
4 11
9 7
11 4
10 8
1 5
6 1
7 0
7 9
3 5
5 2
9 0
5 11
10 1
1 7
2 6
7 2
7 11
3 7
5 4
4 6
9 2
8 6
10 3
1 0
1 9
0 11
2 8
7 4
6 8
3 0
3 9
5 6
4 8
10 5
1 2
0 4
2 1
1 11
2 10
6 10
3 2
4 1
3 11
4 10
8 1
8 10
10 7
1 4
0 6
2 3
11 6
6 3
3 4
4 3
8 3
10 0
10 9
1 6
11 8
9 11
0 8
2 5
6 5
4 5
8 5
10 2
9 4
0 1
11 1
10 11
0 10
2 7
11 10
6 7
7 6
4 7
5 8
8 7
10 4
9 6
11 3
2 0
0 3
2 9
6 0
6 9
7 8
