1000 2000 0
246 290 9
485 572 16
745 940 20
95 157 2
514 864 14
788 838 7
238 471 5
327 628 15
405 584 16
508 825 14
58 625 14
753 772 8
241 597 5
223 283 5
305 847 9
693 843 3
16 744 5
270 889 12
99 104 20
41 657 12
562 917 17
277 784 5
567 623 4
157 459 11
507 837 2
119 612 18
389 473 10
573 782 13
54 748 1
138 976 18
640 957 4
110 648 7
90 261 14
169 325 11
596 923 12
228 905 13
664 798 18
104 955 3
260 299 10
632 845 13
341 638 5
93 307 17
238 811 12
458 585 3
68 250 14
363 433 18
658 875 1
52 162 10
138 351 7
6 15 19
789 806 17
40 273 19
333 791 13
62 297 13
165 569 14
192 672 2
545 710 14
173 429 12
106 339 18
915 923 13
187 858 2
589 609 17
3 777 18
337 802 15
459 499 5
26 760 1
749 975 11
447 790 2
387 888 10
9 973 12
160 202 12
721 913 16
553 691 7
73 957 19
277 378 15
179 975 14
776 965 12
214 816 12
374 805 5
942 997 14
325 949 18
680 768 18
115 810 5
166 367 2
111 202 4
85 967 7
984 999 7
220 374 8
375 397 2
420 548 7
410 992 12
165 258 11
91 229 10
617 833 2
340 784 16
108 398 8
26 508 12
17 954 7
640 816 1
279 545 12
235 767 15
70 142 18
294 673 11
132 382 7
249 787 15
195 816 2
26 858 20
451 513 10
521 837 2
580 923 14
374 409 16
95 994 14
225 286 9
288 751 11
715 967 17
24 970 9
513 689 12
184 550 19
225 551 7
358 586 7
510 720 20
23 681 9
859 953 18
599 648 10
307 885 19
428 766 5
23 43 4
843 865 16
254 470 15
192 266 16
327 719 7
73 394 20
574 825 9
479 853 2
203 769 18
24 538 18
175 707 5
13 385 9
607 629 13
318 612 9
782 975 19
71 771 6
491 948 8
651 937 15
280 356 4
780 822 3
578 687 9
471 597 14
209 597 2
241 629 14
75 453 2
134 539 11
461 668 14
397 998 9
240 934 20
386 988 15
132 614 13
478 842 12
464 944 4
15 852 7
125 166 20
456 823 19
276 484 20
161 268 20
833 926 4
184 517 2
231 332 6
302 621 3
140 559 4
568 628 8
125 696 17
740 883 11
458 905 13
291 728 4
50 522 16
296 434 18
23 913 8
211 884 4
647 777 4
191 497 15
285 424 19
131 366 16
448 976 1
142 641 18
48 597 5
322 837 8
269 416 1
338 552 4
124 592 13
50 414 6
430 635 1
60 836 3
486 944 19
93 375 19
444 947 12
243 399 8
312 764 5
377 893 14
269 802 3
33 711 15
650 679 18
492 587 12
197 553 12
64 289 5
537 738 17
101 436 8
715 924 7
134 241 17
211 753 15
497 967 17
275 774 7
172 761 16
930 934 20
600 799 4
390 431 4
448 930 15
775 916 1
38 394 10
0 547 16
830 888 19
378 987 12
379 952 4
427 763 9
459 832 4
310 852 17
570 928 7
29 610 1
215 700 15
510 883 16
109 984 11
623 939 14
456 682 3
41 440 2
30 919 16
500 990 12
228 531 2
621 871 14
352 417 3
68 658 10
268 603 12
13 728 8
45 531 1
705 986 20
109 961 3
826 867 13
418 813 3
362 732 2
230 433 5
269 275 13
584 961 6
259 496 3
317 437 15
416 559 18
129 386 3
41 273 20
143 958 9
489 585 5
240 518 8
492 819 11
450 822 5
789 962 6
715 747 1
340 541 7
339 725 10
53 139 16
701 705 18
12 223 17
77 617 10
61 609 19
401 943 17
634 916 13
188 570 2
218 592 10
773 851 12
74 813 11
255 596 17
261 410 8
3 789 8
248 556 6
454 661 8
295 933 7
264 420 14
475 491 12
217 870 3
621 694 18
180 314 1
68 890 10
14 919 17
680 780 13
157 330 15
537 551 12
39 603 19
280 666 20
632 968 17
324 443 17
217 317 8
194 742 9
624 704 19
153 561 9
134 319 14
287 790 2
104 296 6
770 794 15
922 928 12
112 565 5
519 803 5
546 677 18
110 604 2
401 933 9
119 460 3
244 720 17
70 275 10
778 919 17
415 867 20
328 948 10
96 333 11
458 914 14
419 428 6
79 100 13
242 243 20
732 924 5
472 705 17
28 399 13
28 170 1
460 587 7
160 554 15
454 772 2
260 641 4
313 833 6
349 490 8
779 977 13
62 842 8
457 926 5
64 357 8
50 953 10
20 436 18
793 997 10
493 656 2
238 286 5
30 974 4
628 929 3
454 664 8
659 953 2
90 387 9
85 946 19
444 619 1
148 477 11
562 611 6
855 864 1
753 816 7
436 880 8
542 898 4
146 898 15
370 526 10
22 108 17
59 521 20
606 919 14
79 499 8
330 755 19
4 850 14
194 565 5
561 767 20
227 333 4
292 728 17
446 786 12
17 151 7
32 917 14
942 989 1
287 649 15
566 967 4
317 937 10
305 554 7
757 943 1
102 603 10
370 683 1
329 502 12
642 962 17
482 744 5
634 958 1
11 601 13
348 515 4
215 480 2
489 640 19
153 276 18
182 977 10
225 301 2
91 221 15
657 861 13
417 471 3
202 546 12
308 564 20
587 882 2
143 905 13
225 566 18
395 977 19
652 904 3
296 711 1
177 345 14
48 609 10
387 978 19
201 330 7
477 871 14
364 436 17
90 233 19
323 813 2
46 950 4
108 367 16
95 842 13
112 257 2
898 937 9
176 278 8
17 779 2
325 895 5
191 257 3
798 935 19
184 218 11
113 832 16
203 231 20
76 190 8
127 501 10
582 636 4
232 703 14
975 976 18
761 787 6
62 786 17
109 718 8
652 737 15
130 283 19
158 610 8
934 980 20
894 944 18
596 692 4
302 623 16
581 978 7
867 926 16
450 903 13
550 990 17
710 979 7
75 697 19
517 813 1
761 764 3
223 860 6
230 756 7
302 744 1
153 508 19
186 834 17
97 756 12
393 755 10
79 299 1
62 655 8
531 725 5
418 668 9
461 889 18
731 750 7
591 739 8
301 528 16
0 271 18
801 814 19
280 325 2
265 425 9
458 740 11
598 634 11
126 904 18
205 905 19
676 819 1
243 931 14
13 475 13
221 275 14
794 811 12
376 823 18
437 802 4
429 798 17
176 389 14
494 778 4
186 811 15
192 742 20
532 890 13
193 441 8
331 491 20
261 841 6
114 642 19
528 547 1
339 760 16
490 929 20
19 526 16
191 489 11
295 317 16
3 703 17
259 400 18
148 941 19
523 818 2
149 348 20
351 748 4
362 757 9
191 201 11
402 793 17
816 847 4
492 723 11
197 689 6
626 952 2
712 726 5
503 881 6
436 791 11
130 227 7
11 764 1
535 541 1
301 374 8
458 995 14
154 849 19
121 672 10
811 853 17
463 701 16
808 964 4
6 196 5
510 898 10
784 872 7
255 379 17
2 836 1
754 849 19
35 604 7
304 649 17
93 465 11
573 773 13
304 914 6
410 666 10
504 530 3
193 817 8
347 732 16
644 689 2
421 797 4
362 482 7
299 920 6
727 989 13
174 431 8
853 948 18
173 960 4
449 715 6
657 893 2
200 425 8
510 996 4
757 867 13
645 775 3
209 510 7
381 478 5
335 469 17
621 683 18
483 978 18
190 496 6
46 897 8
789 941 12
228 379 15
452 761 19
443 798 1
589 623 6
21 22 9
197 885 17
432 788 15
453 582 5
161 819 3
206 970 17
715 847 4
384 604 12
214 830 9
262 349 1
167 755 2
325 963 13
852 974 9
725 753 13
410 512 4
841 964 8
593 899 14
409 898 9
504 906 4
631 867 7
320 825 7
16 450 20
797 935 7
421 764 3
361 862 7
575 822 15
620 973 6
452 980 8
514 812 17
493 789 14
141 221 6
537 795 12
294 808 18
216 251 17
574 862 1
25 391 9
230 680 18
371 390 20
223 375 7
228 490 18
398 901 9
153 167 17
651 938 17
248 813 8
135 527 2
263 304 5
501 770 4
280 622 9
35 705 13
622 996 1
199 404 14
644 934 11
283 812 6
225 313 19
946 976 9
111 965 16
209 454 1
232 846 12
473 643 19
217 574 4
141 993 7
58 321 16
351 394 9
697 802 8
20 294 1
404 665 4
678 788 17
303 353 6
428 613 14
280 635 14
20 150 8
127 621 19
280 900 3
486 739 5
773 918 7
946 989 17
429 879 8
330 757 10
120 618 20
71 991 2
716 792 4
20 271 14
8 971 1
300 850 1
136 482 19
427 774 5
189 753 11
267 938 14
170 331 12
39 814 19
389 555 17
823 896 19
298 516 15
105 387 11
223 751 11
384 705 15
149 164 10
248 286 13
369 396 6
567 826 15
22 617 11
596 969 15
294 896 16
429 712 13
214 787 11
121 861 8
323 550 1
452 960 1
480 650 9
762 893 2
162 489 1
686 983 11
16 780 9
170 609 15
350 805 2
399 581 15
292 455 13
277 326 14
9 103 20
17 372 1
26 829 19
12 931 9
182 439 16
203 233 6
209 313 13
582 638 1
614 856 6
16 672 6
7 852 20
178 325 20
0 813 14
151 945 13
54 375 1
28 237 1
187 410 4
112 645 2
412 757 13
611 966 14
61 679 6
333 958 2
270 938 7
808 842 8
222 632 10
798 914 8
53 680 10
41 68 14
185 570 2
35 662 4
482 713 20
102 163 17
294 513 14
59 467 17
138 531 14
638 817 12
62 621 12
261 830 14
93 608 18
795 880 3
678 889 12
779 792 20
11 17 5
42 270 2
280 965 2
319 807 19
666 771 16
336 716 7
197 292 12
57 663 14
240 784 13
284 827 15
120 984 18
24 113 7
40 695 5
593 944 13
719 983 17
800 828 12
259 510 16
225 368 19
611 812 19
755 942 3
151 827 14
398 704 3
618 973 8
416 838 16
356 707 8
273 938 12
189 795 14
145 380 14
257 441 20
95 150 4
660 682 19
446 722 12
417 924 11
193 950 7
720 961 13
71 552 14
298 594 5
43 453 18
375 963 15
188 319 1
339 631 15
3 682 4
893 925 18
444 653 18
301 870 16
51 987 11
446 879 6
312 470 20
391 763 16
560 721 6
486 506 11
144 248 12
185 694 16
21 708 20
270 509 10
451 706 19
219 957 3
647 846 14
485 555 4
564 848 9
9 446 1
505 762 4
16 76 4
135 405 14
295 394 3
822 963 3
395 481 9
375 423 2
133 481 10
170 808 6
11 226 19
95 634 18
471 476 15
450 453 13
218 704 6
548 579 2
289 993 14
449 982 7
366 459 20
16 197 17
711 722 13
653 897 3
545 955 20
636 993 13
256 443 20
109 281 6
65 503 4
578 988 8
292 631 1
157 586 16
6 682 6
782 903 20
301 307 13
698 797 5
251 486 3
386 939 20
93 277 8
887 961 17
477 568 6
109 258 13
144 624 17
150 933 9
212 499 6
724 790 13
65 71 11
143 399 8
341 500 20
925 965 17
517 582 1
782 916 3
536 595 18
810 835 13
656 777 15
18 111 7
684 875 13
180 933 8
532 826 20
705 934 3
706 899 6
309 854 13
487 940 16
614 901 7
420 541 7
127 813 11
558 591 17
249 659 16
189 379 5
185 903 5
660 904 11
452 838 6
291 512 2
403 573 16
139 643 15
888 996 8
859 969 3
387 485 19
951 972 1
206 818 13
520 865 10
122 330 3
56 730 4
264 908 20
633 662 11
196 661 14
4 311 13
125 192 4
250 452 15
392 456 19
45 757 19
769 788 13
107 323 17
347 570 19
706 997 3
252 561 20
572 917 1
101 737 1
367 893 20
334 716 3
42 50 12
608 690 6
400 661 7
548 559 14
25 226 2
108 669 10
46 169 19
155 750 5
234 485 2
98 624 7
324 558 14
880 925 12
212 466 17
163 461 1
664 892 16
802 942 11
366 789 20
112 415 5
118 309 2
598 946 11
332 418 7
29 237 14
75 878 9
337 618 11
411 567 12
409 723 19
81 512 9
26 576 20
63 989 9
585 985 14
565 741 19
164 546 8
603 853 9
372 432 3
261 744 15
630 992 11
197 350 5
775 821 16
39 407 17
41 862 18
362 539 11
169 373 19
493 879 13
371 853 17
378 483 7
155 740 15
237 364 13
157 255 19
159 710 13
239 553 5
37 455 18
95 545 16
522 798 8
353 840 1
292 601 20
4 134 7
237 485 3
855 943 3
121 984 9
357 666 5
510 945 10
517 804 7
395 549 3
340 613 17
6 508 4
207 498 18
695 810 18
130 660 3
780 805 15
413 603 16
637 985 16
25 49 15
322 830 2
103 526 14
642 691 9
513 806 7
787 929 2
606 625 18
213 550 14
382 471 13
299 702 14
97 338 19
407 909 1
309 752 3
498 538 11
749 794 15
486 829 7
189 951 6
352 420 8
189 542 4
516 708 1
350 496 17
504 554 4
536 686 13
408 766 14
276 467 16
385 862 17
426 671 9
487 501 2
110 663 2
435 719 4
322 699 7
584 964 6
24 367 2
374 745 15
476 613 7
527 987 1
272 963 17
280 558 6
379 680 12
132 165 17
168 496 16
241 337 2
2 958 13
604 654 7
271 365 15
272 855 2
318 971 10
106 377 8
727 990 4
129 955 2
226 479 5
270 894 13
564 883 17
644 955 17
357 404 4
221 629 6
587 866 19
782 925 10
218 739 5
190 268 7
330 428 16
509 659 20
114 538 8
435 444 15
141 641 5
264 482 18
28 471 1
341 931 1
108 171 3
239 654 18
573 679 7
397 948 7
343 748 10
200 848 6
126 224 19
391 644 18
288 897 3
98 427 2
34 937 8
256 455 13
132 914 16
286 743 7
226 698 6
418 639 17
896 937 9
675 789 12
55 586 5
650 652 10
60 292 7
75 766 11
85 959 8
180 559 1
68 497 7
286 985 8
204 278 12
483 596 13
413 946 14
221 367 18
611 781 15
458 688 20
39 704 13
826 971 13
435 820 20
269 608 2
321 984 5
327 878 14
280 803 7
92 603 12
337 928 9
244 700 4
64 504 4
618 798 8
494 582 13
794 880 17
806 854 13
523 645 2
664 770 16
282 439 20
370 817 9
437 992 7
93 953 9
206 421 2
59 259 13
357 590 9
8 622 8
382 683 2
199 827 19
295 651 8
517 584 9
513 959 16
855 988 7
138 673 6
0 65 4
279 383 13
590 833 12
497 642 8
216 363 7
575 790 4
599 918 12
305 557 9
54 566 5
414 729 1
433 742 2
210 813 13
126 325 9
410 987 9
235 497 18
528 570 18
365 692 8
616 948 18
582 806 16
390 901 17
199 516 11
225 425 8
35 673 5
196 627 16
129 457 14
255 304 18
118 707 15
110 443 2
20 815 11
139 766 13
22 101 16
191 813 15
139 357 14
746 806 4
429 870 4
475 837 19
785 883 6
29 262 11
155 487 19
119 793 5
807 901 10
44 470 15
397 774 4
30 306 13
21 523 14
569 849 17
594 793 13
388 545 15
650 694 14
49 441 14
27 831 11
67 495 7
63 870 20
103 826 20
817 843 7
401 785 9
98 976 4
828 852 12
194 306 11
64 605 9
79 325 3
805 954 9
396 935 18
409 496 3
200 880 20
137 940 5
23 689 4
809 960 3
123 138 20
314 343 16
236 918 5
257 861 1
208 856 17
381 927 1
791 911 15
458 622 12
8 13 18
53 164 12
838 879 9
64 173 17
13 802 1
129 568 17
100 770 16
55 124 4
371 855 14
256 788 15
860 903 11
494 925 8
86 871 13
48 350 1
12 513 1
552 786 8
724 978 20
771 830 16
606 879 8
40 876 20
755 858 1
119 760 19
561 727 13
136 849 16
450 896 14
624 932 14
0 696 20
320 786 1
346 924 9
78 206 6
52 971 5
13 491 9
22 719 15
845 872 2
88 521 20
569 708 4
102 190 6
258 703 13
430 895 1
247 285 20
17 88 20
702 865 13
110 953 4
502 919 2
184 201 7
547 927 2
187 355 6
549 707 3
789 954 4
371 966 10
62 625 9
550 937 2
357 393 1
362 508 2
694 981 11
287 334 11
343 989 6
193 290 11
189 436 3
246 827 18
213 650 18
103 927 19
646 797 11
226 589 4
52 287 18
679 794 13
653 656 9
482 923 3
104 599 16
31 349 20
405 447 6
524 776 15
851 942 15
117 309 14
187 633 9
115 199 4
372 944 10
332 871 9
16 751 18
319 523 7
348 815 7
106 644 20
138 862 20
371 835 11
532 752 11
484 861 11
33 696 11
401 454 14
420 467 2
141 643 1
98 681 18
411 912 8
288 549 7
274 614 8
903 965 14
121 292 20
311 910 14
178 646 17
11 240 13
302 861 13
571 577 9
73 480 2
427 712 10
300 379 20
313 318 6
278 360 13
796 960 18
258 647 2
244 483 6
197 371 9
147 779 6
9 208 9
134 468 8
414 751 16
211 800 12
353 920 12
50 65 6
307 395 2
311 923 2
294 425 6
20 222 9
400 443 2
295 915 2
255 879 9
211 427 1
339 841 9
27 346 19
217 852 17
471 768 15
416 832 14
296 507 5
6 179 3
436 895 8
246 771 1
708 945 11
345 893 12
826 937 10
437 896 2
197 505 8
122 740 15
379 927 15
261 526 3
242 284 8
441 722 9
445 872 7
138 721 10
474 755 12
552 854 13
300 755 11
436 499 2
280 517 6
288 637 5
124 943 4
301 576 3
392 843 16
504 755 14
399 473 5
230 552 20
678 791 12
140 887 15
106 745 19
271 324 5
26 636 13
561 880 11
70 908 6
214 692 4
295 388 18
67 530 14
111 716 8
184 557 7
481 892 13
850 875 7
829 852 5
512 736 12
151 199 17
195 800 8
889 988 5
253 512 10
192 502 4
212 251 5
461 806 5
330 472 1
38 480 11
102 873 12
367 884 3
146 278 5
265 607 19
345 716 8
78 372 11
12 18 6
750 801 1
482 870 14
22 211 3
136 233 8
233 660 7
77 821 9
692 945 1
234 741 4
204 898 3
373 819 16
36 905 3
384 685 13
624 666 2
174 466 5
587 635 13
459 486 13
17 110 12
115 267 5
353 733 5
286 643 14
406 708 4
376 982 3
103 707 10
170 468 10
96 668 17
678 758 18
441 702 1
328 416 10
514 543 9
12 296 3
91 589 5
210 540 2
56 711 6
83 585 12
163 465 15
93 778 9
132 706 16
787 966 3
118 542 17
457 911 18
318 344 5
140 566 14
454 613 20
181 338 18
283 651 14
348 631 12
147 461 15
250 590 15
698 866 18
264 637 7
112 131 18
605 787 3
530 644 18
102 575 11
305 791 12
339 667 14
834 875 18
254 300 16
593 669 7
348 981 3
711 804 20
185 874 1
155 214 15
145 658 1
55 355 16
36 113 20
193 734 8
251 941 14
59 591 13
391 835 2
248 786 7
21 335 18
198 785 8
889 968 18
23 524 13
237 633 16
383 687 9
511 872 4
405 482 17
152 939 4
244 793 3
270 931 9
351 776 20
392 548 15
598 616 14
362 376 2
504 954 11
230 751 2
54 754 20
12 528 6
394 593 3
247 431 2
166 177 20
772 890 16
6 862 14
480 898 9
94 417 18
288 548 3
300 522 18
170 821 2
11 419 1
584 955 9
562 936 19
723 890 1
319 800 7
163 818 9
403 799 1
449 766 9
417 554 8
683 853 12
790 799 13
445 881 11
540 624 4
53 951 12
443 728 6
193 845 6
108 329 2
612 914 16
444 921 5
161 749 4
280 706 7
17 741 3
177 693 19
853 976 10
887 889 4
692 915 18
623 635 9
57 898 3
232 750 8
45 515 10
332 608 6
586 753 16
21 832 12
91 402 3
36 466 7
483 777 15
813 917 13
799 982 1
394 704 2
786 899 4
553 697 11
536 873 5
168 477 19
488 604 10
104 578 14
203 700 15
337 700 11
71 172 14
287 699 2
74 326 18
32 329 3
325 582 14
22 544 2
297 340 13
249 708 19
350 611 16
267 842 10
13 846 7
112 968 7
595 936 2
190 887 12
320 359 1
103 739 4
326 784 13
33 531 11
175 206 18
473 537 7
652 954 10
488 702 9
205 759 11
662 738 6
671 823 17
67 794 12
408 858 10
63 940 3
620 857 1
25 419 14
157 867 2
339 349 6
271 709 20
380 387 6
461 949 12
70 161 6
225 858 11
162 393 16
272 790 6
166 543 8
399 894 12
453 456 9
226 414 7
182 487 6
475 740 7
287 918 3
461 805 14
209 361 6
16 720 15
189 382 9
185 906 16
244 992 11
774 892 14
318 389 10
389 678 6
228 495 14
121 369 8
105 690 11
794 992 11
197 507 3
156 326 9
488 836 4
943 971 2
335 477 1
337 932 5
666 842 20
664 918 4
825 835 19
388 834 1
796 808 18
76 976 13
445 730 20
287 558 2
286 413 2
170 647 11
107 182 18
347 429 15
425 757 11
277 593 20
605 724 2
671 898 6
329 640 6
674 903 10
75 86 19
416 644 5
795 820 6
338 990 10
562 618 6
433 733 19
371 758 12
550 909 15
5 26 13
87 590 7
141 481 18
126 581 7
163 994 10
522 667 3
180 409 16
11 451 4
64 197 2
6 930 18
844 983 1
54 449 18
143 261 12
536 601 6
73 282 2
743 787 20
703 714 4
797 907 2
73 547 11
92 826 19
221 302 19
872 937 9
297 706 16
343 673 4
255 560 7
444 459 19
345 862 18
174 900 17
311 460 1
289 292 15
159 628 19
221 423 10
385 525 4
366 432 19
362 807 2
95 463 18
314 995 16
26 857 11
126 944 19
247 862 4
695 872 18
88 280 14
24 295 17
759 893 13
388 837 12
302 797 13
517 722 1
276 516 1
256 272 10
14 330 4
94 210 5
83 875 14
125 463 5
129 991 17
46 319 12
451 633 10
278 296 19
342 726 17
552 944 18
76 835 17
158 496 17
99 181 13
409 981 14
16 412 9
323 941 3
122 542 4
198 797 5
100 411 15
150 497 10
333 878 18
608 817 20
28 242 4
49 939 18
251 436 10
792 903 4
795 908 14
551 813 13
114 695 14
54 501 11
461 510 6
565 976 20
365 951 18
373 546 6
87 714 19
89 229 9
90 194 2
28 219 7
259 826 18
782 830 9
267 272 20
358 768 3
485 580 19
80 903 13
286 779 10
749 918 4
323 401 10
216 720 2
422 825 16
48 318 20
126 417 12
423 869 8
292 306 11
710 819 11
249 344 4
298 465 13
512 574 20
4 778 1
197 827 19
2 588 17
410 562 16
228 671 15
166 696 15
161 617 19
675 838 12
881 943 15
479 554 1
279 874 11
200 730 7
368 543 7
733 964 10
438 867 18
214 219 12
658 870 20
663 985 11
623 683 13
76 779 8
206 251 14
77 515 4
137 237 9
289 514 18
83 266 11
199 886 11
836 912 20
282 475 12
302 453 19
164 748 4
232 245 17
222 460 10
167 939 17
559 905 3
868 986 5
414 932 8
92 881 5
40 425 17
795 852 3
250 680 2
116 829 7
212 308 13
132 953 20
911 920 18
745 771 15
2 169 14
768 791 4
212 802 5
231 815 1
467 534 1
5 323 2
21 39 18
269 778 8
233 861 8
93 472 15
602 615 13
552 986 12
236 866 13
738 884 18
221 779 4
649 811 12
175 483 6
133 666 20
790 899 12
30 882 16
76 95 2
679 919 2
861 959 12
343 970 2
257 701 13
378 433 4
248 732 2
484 600 20
362 574 16
797 831 19
327 616 17
881 910 6
150 840 16
126 891 9
779 898 18
42 605 12
424 670 14
76 252 14
7 238 9
63 664 1
732 822 5
65 773 7
788 839 11
227 277 9
404 813 16
395 993 12
241 706 14
469 713 17
22 402 6
402 623 12
488 583 15
25 35 6
61 595 7
777 951 19
481 952 15
456 779 13
209 350 10
367 558 3
1 55 8
242 792 10
650 766 2
430 434 13
595 650 16
207 425 9
673 749 1
85 170 18
612 739 2
289 723 18
270 481 14
575 937 17
153 570 17
66 422 6
397 787 2
300 625 1
341 626 5
581 873 3
97 674 7
118 468 20
700 973 17
472 737 4
443 939 10
291 396 6
288 736 9
628 984 16
54 834 12
362 950 14
127 818 14
516 779 18
115 435 17
477 671 10
140 757 10
762 920 11
285 995 6
74 174 7
553 666 14
40 935 11
529 983 19
750 802 15
437 491 18
140 613 9
30 741 2
539 884 18
231 651 17
379 486 1
8 579 9
216 379 4
335 708 11
602 680 19
277 883 6
419 558 1
370 931 3
572 657 6
307 762 14
400 581 18
192 552 16
373 447 3
38 314 5
445 552 20
81 684 12
432 618 7
737 845 1
463 642 15
808 905 16
151 635 3
665 856 5
340 916 13
144 187 18
247 874 10
801 902 20
127 134 16
261 363 11
317 789 6
91 217 5
560 961 10
243 839 5
418 877 18
812 996 15
91 482 1
733 852 18
344 891 11
188 680 1
477 517 8
433 856 4
141 568 14
132 599 13
341 364 14
386 744 19
381 400 3
800 878 11
452 689 7
422 438 18
143 528 13
549 658 5
87 304 19
455 471 5
286 513 18
499 657 8
553 777 4
559 708 19
62 805 4
633 886 3
128 750 18
69 435 15
454 771 3
102 203 8
629 888 11
54 657 16
403 545 19
205 826 10
519 756 9
84 685 14
685 825 10
99 844 20
455 857 5
260 761 13
629 744 19
97 474 6
182 469 2
232 964 14
509 684 13
507 903 1
355 397 18
492 631 1
284 602 6
221 811 17
122 423 3
173 734 8
507 530 6
476 808 11
269 329 20
88 403 8
163 842 1
418 723 6
920 933 2
403 414 5
212 883 15
39 775 9
581 866 15
55 225 19
548 652 14
364 422 18
309 901 4
23 129 7
237 238 12
580 986 20
647 896 18
11 420 11
52 192 2
371 583 18
313 907 4
5 525 4
221 415 4
37 594 4
27 958 7
92 121 10
155 964 8
524 681 3
292 295 16
133 796 7
238 998 16
686 859 19
383 678 7
404 472 14
472 527 7
864 902 19
233 919 1
722 818 5
568 760 17
628 774 13
72 556 10
714 963 16
465 896 8
482 985 16
28 486 4
98 730 14
52 205 6
4 394 4
129 574 16
118 415 18
359 478 20
80 797 5
294 906 15
97 212 4
496 861 6
303 317 12
662 893 5
683 687 5
22 941 4
524 550 11
608 809 16
31 797 12
786 815 7
149 380 13
903 991 3
279 984 20
326 687 12
18 305 15
248 996 11
16 381 5
82 326 19
629 724 1
963 978 19
182 907 3
312 379 6
144 157 20
807 995 12
553 999 15
347 751 12
70 702 13
243 773 3
