1000 2000 0
343 488 2
356 570 17
1 342 6
82 712 2
152 282 2
214 751 1
149 213 20
162 332 15
320 360 13
476 873 12
67 854 3
254 680 14
830 876 9
346 763 17
40 162 4
24 483 3
246 267 11
340 719 20
33 159 19
859 875 20
490 892 10
42 244 14
7 515 4
240 866 1
122 236 17
264 994 17
540 749 16
21 41 15
125 507 5
72 415 7
249 722 8
282 719 6
138 891 11
10 705 3
370 868 12
189 527 10
844 873 4
413 686 8
780 888 5
46 255 11
69 238 5
148 531 7
233 346 4
75 663 10
778 783 5
125 520 17
195 993 14
176 751 14
147 916 6
56 240 1
756 917 16
322 396 14
422 483 12
620 727 7
229 842 11
44 122 16
160 333 18
181 276 7
57 506 10
236 737 5
465 709 6
198 216 5
77 484 4
256 715 19
425 673 12
106 627 3
281 479 16
191 851 16
74 415 10
49 767 8
280 520 13
209 496 9
453 856 3
825 993 18
80 839 17
205 727 9
503 978 10
262 623 3
796 822 6
31 610 12
186 633 12
278 487 5
268 293 9
681 877 20
581 610 10
25 243 7
490 751 14
825 970 1
328 838 3
157 956 12
431 930 13
202 698 7
407 838 9
821 972 4
796 799 13
86 523 18
195 201 3
141 230 4
435 936 17
47 531 11
225 983 9
151 768 6
440 642 18
194 321 14
337 635 6
281 734 3
122 710 7
55 391 17
536 615 7
661 875 8
555 714 5
38 604 7
573 762 14
51 686 12
337 900 12
66 931 19
791 841 19
430 570 19
199 786 13
308 464 12
190 966 15
247 454 10
377 563 10
877 886 7
186 852 7
359 631 7
407 442 15
83 467 20
271 438 6
395 733 15
297 576 3
207 947 3
389 924 9
139 892 8
374 795 1
471 584 3
37 63 12
4 560 17
93 143 17
205 321 14
511 656 14
11 190 5
212 509 13
455 990 12
301 703 10
385 925 9
756 838 1
346 445 6
638 882 7
329 621 19
251 293 18
188 502 13
539 696 3
244 433 15
624 803 17
95 984 18
372 704 13
211 521 8
504 594 20
146 886 18
425 450 7
280 886 20
188 394 3
441 574 12
366 809 13
169 789 9
75 224 3
20 666 13
668 967 14
52 469 19
207 492 6
306 614 5
101 999 17
347 423 5
516 869 11
46 840 7
683 866 6
306 879 17
361 586 6
324 784 5
653 694 1
738 918 6
390 729 11
603 873 6
644 874 5
0 809 4
244 940 13
72 568 6
753 817 16
324 640 4
115 646 10
846 865 14
76 309 5
329 346 3
236 792 19
8 705 15
253 881 1
375 498 10
412 874 20
139 221 7
264 630 14
115 129 8
454 727 14
220 560 12
665 681 13
237 240 9
103 160 5
462 587 2
827 865 8
523 862 16
29 476 19
377 399 19
895 999 3
567 645 8
456 957 17
190 429 6
262 534 18
273 692 9
310 839 12
176 796 6
166 831 14
453 924 2
714 965 5
487 508 10
781 991 11
390 840 1
332 490 8
280 300 7
911 957 5
428 723 15
280 974 9
295 459 8
610 700 17
86 614 7
15 145 14
358 893 11
712 976 6
276 860 17
302 503 20
20 525 2
7 406 4
140 441 1
342 396 1
287 460 13
694 698 20
478 665 9
335 536 8
686 730 11
354 406 10
53 149 18
161 994 7
109 575 13
907 963 8
252 623 2
64 423 4
189 683 4
772 775 16
91 297 20
260 972 12
49 380 12
711 908 16
3 184 19
929 987 3
334 549 10
688 781 16
164 366 6
81 368 6
231 950 18
880 987 1
81 862 18
411 508 17
300 757 17
141 275 10
713 846 8
967 991 11
78 335 3
252 371 4
1 380 5
249 302 18
230 963 15
827 953 13
449 592 4
39 757 19
386 572 4
24 485 16
658 851 19
201 383 18
687 914 18
191 598 19
83 656 2
298 580 4
512 689 15
207 727 6
273 672 2
17 832 19
405 828 7
284 538 9
107 725 1
61 874 12
28 697 10
148 762 13
473 818 5
687 927 14
18 503 8
431 821 20
57 122 4
98 123 17
689 973 11
440 906 12
809 889 18
869 940 11
535 915 5
701 947 3
630 658 5
265 645 5
826 978 14
739 830 16
470 934 15
60 770 13
535 771 7
27 364 4
601 716 9
94 799 12
778 906 14
213 985 13
316 732 14
430 870 17
271 846 9
482 800 3
298 570 11
94 920 14
480 547 1
314 923 2
462 678 5
182 215 3
378 535 8
432 655 3
572 815 4
176 586 9
504 531 9
240 750 16
641 765 1
45 511 20
544 832 10
782 889 7
527 928 6
635 727 3
322 761 12
70 396 18
651 707 3
230 534 2
56 232 2
369 463 8
67 656 9
451 502 3
681 735 4
116 777 15
476 711 4
4 981 8
345 865 1
847 883 13
499 694 18
465 930 13
893 999 14
100 280 20
571 948 17
123 672 20
137 198 7
389 419 8
238 924 6
305 685 8
552 705 19
194 997 9
351 572 7
370 405 14
580 889 6
491 960 2
222 506 18
127 534 1
153 672 2
786 993 9
283 558 2
67 754 13
214 278 8
687 727 11
341 993 5
141 559 3
427 687 17
176 962 2
525 701 14
297 843 6
226 410 1
211 510 6
121 473 18
445 942 6
511 887 16
431 778 18
677 956 16
483 825 6
27 285 10
53 868 8
256 373 5
132 603 7
217 827 17
566 944 10
800 882 19
144 577 7
209 972 15
484 911 2
242 740 15
530 649 1
188 540 8
467 858 6
215 228 17
244 929 13
272 619 18
412 513 2
556 643 4
844 930 20
475 569 17
302 381 12
183 955 19
167 193 3
301 947 3
321 925 8
596 715 3
118 825 12
514 682 16
419 673 19
520 576 7
5 130 20
880 888 4
188 926 18
285 413 4
26 827 7
439 773 14
425 609 11
596 836 8
86 734 14
8 406 6
513 658 7
165 469 12
128 996 8
384 922 12
827 854 16
101 713 18
158 201 11
449 673 12
785 857 16
337 352 12
597 922 16
245 354 5
270 298 13
440 938 15
679 991 6
561 590 6
347 667 11
687 815 20
39 285 16
585 804 2
157 506 4
40 366 2
220 562 15
21 618 17
196 470 12
52 834 18
123 220 1
259 904 16
10 837 1
539 809 4
568 872 4
407 509 18
846 965 6
379 447 1
166 568 11
347 500 5
256 870 16
619 693 14
384 418 3
624 628 17
635 903 18
45 314 18
504 828 14
633 713 18
111 259 16
391 542 12
321 892 19
53 812 1
150 336 19
45 808 12
37 804 17
65 786 7
141 287 14
574 663 18
700 888 17
135 701 3
160 874 1
483 661 11
419 496 2
411 641 2
100 865 12
120 465 3
543 568 8
331 877 1
246 281 10
445 490 11
163 283 2
302 590 14
110 685 15
179 227 4
133 260 14
364 946 18
43 631 14
712 726 9
218 977 18
70 850 10
56 915 12
65 920 12
43 981 18
69 890 19
512 822 3
432 713 17
739 950 20
88 760 7
109 554 13
84 381 4
93 838 12
195 477 1
177 688 6
5 87 19
315 658 7
282 481 5
462 677 20
257 982 20
266 622 1
55 847 18
245 599 10
162 830 18
885 896 10
372 905 3
655 848 20
540 632 15
71 419 1
766 944 15
164 610 17
179 855 4
615 662 7
426 732 4
211 578 1
878 892 12
244 346 17
31 467 9
684 883 16
177 292 16
8 749 13
222 672 20
367 947 6
544 988 7
152 384 6
51 301 12
638 772 8
221 749 19
72 769 8
95 344 4
20 350 17
149 989 18
126 331 9
685 969 17
490 873 4
83 406 5
248 702 8
127 183 2
205 368 12
374 554 9
56 882 7
240 474 4
8 991 12
144 357 20
725 897 15
35 450 18
21 143 6
166 381 9
42 611 10
477 831 9
290 596 8
664 923 8
229 702 8
516 615 18
299 766 17
62 710 6
465 569 19
31 48 8
354 967 8
843 866 20
742 963 14
800 904 9
28 833 15
517 881 12
35 463 5
310 631 2
266 890 15
641 767 19
539 985 7
339 694 10
473 545 13
136 371 3
73 431 9
259 478 20
112 279 15
229 306 7
268 526 4
352 785 2
474 631 7
525 942 3
452 463 11
772 819 2
36 405 17
736 896 17
72 736 7
601 708 6
152 616 9
547 737 18
71 628 19
223 905 16
445 689 15
193 882 9
100 282 17
740 871 16
189 619 1
175 721 9
662 808 1
176 542 5
828 956 11
559 688 10
809 979 4
590 675 19
37 728 10
81 160 3
280 635 3
226 664 11
574 587 5
438 663 4
282 824 5
150 525 13
185 891 9
103 184 2
501 868 15
155 905 8
231 598 12
43 398 8
48 513 9
13 821 18
0 473 1
5 780 5
587 907 5
569 593 18
320 563 3
544 945 16
386 508 11
217 407 1
81 775 14
241 764 16
184 230 9
31 954 12
216 362 9
179 789 9
543 577 19
152 691 17
347 787 8
280 468 20
646 705 10
200 359 9
225 303 17
710 955 14
890 922 9
401 794 11
198 694 4
193 728 11
280 504 15
326 471 3
848 925 8
138 420 11
622 878 5
351 384 6
781 871 10
327 435 7
17 624 3
425 598 1
443 732 20
202 440 9
350 949 13
760 933 11
839 997 17
29 634 3
329 746 14
111 932 17
36 758 16
62 896 13
270 696 6
654 807 14
138 662 19
184 629 12
203 233 19
79 612 16
845 868 1
172 919 1
850 983 14
47 250 4
51 778 20
342 433 12
599 992 9
418 837 20
612 931 5
264 742 11
437 670 11
46 785 10
71 729 7
9 754 1
0 934 15
45 676 20
174 561 9
359 494 7
430 783 8
182 681 16
802 920 11
100 648 4
70 885 4
298 483 19
212 300 8
214 898 11
270 421 17
580 992 8
724 856 3
57 133 19
53 428 14
324 742 7
586 662 1
638 938 19
264 611 13
197 292 17
330 413 20
313 769 12
634 675 16
117 714 12
47 469 3
94 401 10
181 469 19
439 850 10
169 989 5
90 287 8
716 978 12
583 714 11
246 800 3
102 935 3
156 497 19
360 821 16
499 607 7
173 177 18
100 867 3
426 888 15
518 971 10
164 393 4
236 498 13
22 309 8
29 205 20
66 352 4
567 783 12
670 875 13
529 756 7
361 763 2
501 923 2
144 765 18
752 950 6
163 406 13
119 628 1
862 901 20
46 644 17
34 261 13
619 914 6
120 300 5
468 983 15
824 910 16
172 984 8
253 829 8
151 781 6
431 835 8
109 821 13
259 500 10
467 529 10
638 905 20
343 579 15
607 688 17
605 764 9
145 334 11
677 869 12
42 358 14
102 143 6
181 701 19
483 594 17
642 767 5
211 809 7
407 455 8
364 493 4
71 951 14
233 833 1
574 897 7
522 707 18
178 668 14
435 818 18
795 981 4
568 939 12
407 756 13
461 547 19
713 948 15
680 771 4
197 766 20
111 434 10
65 238 3
31 96 4
229 426 7
622 766 16
393 943 13
26 246 14
117 779 9
566 605 19
698 761 3
280 922 3
341 523 15
20 208 16
114 480 18
201 256 9
613 838 14
22 891 1
109 896 15
242 931 20
50 581 11
518 686 16
136 275 12
327 709 1
4 730 1
21 145 3
901 981 14
812 903 1
562 877 14
148 514 10
334 641 1
199 825 7
373 861 8
72 604 18
333 496 3
600 760 7
94 479 19
775 877 19
153 156 4
580 638 10
236 599 4
5 177 8
3 253 4
240 983 5
130 294 17
132 892 7
327 722 11
312 859 10
300 476 18
446 679 5
119 958 2
514 670 12
251 705 5
268 937 3
311 490 16
221 862 14
14 383 13
2 903 20
522 530 20
193 354 15
256 819 10
712 770 13
872 908 9
314 760 10
260 789 13
303 342 12
721 775 15
162 668 12
100 922 16
415 668 11
181 501 20
419 818 4
760 968 2
197 854 6
177 647 1
45 348 13
149 814 12
372 743 20
701 918 16
210 909 11
207 266 6
23 445 20
167 230 16
436 992 7
30 304 7
509 604 1
132 846 8
782 991 2
34 460 18
115 119 10
640 907 7
427 534 5
266 437 16
389 953 17
678 790 3
222 510 9
865 882 19
78 911 14
201 344 2
632 939 7
445 933 2
58 673 18
794 858 13
759 900 3
169 769 4
234 606 6
263 440 15
395 559 3
390 480 10
15 194 16
568 752 1
801 874 16
813 848 18
94 832 18
791 909 5
777 782 7
789 985 10
307 567 4
882 947 18
440 602 2
706 987 14
297 968 1
452 576 17
786 830 12
402 984 9
658 681 2
156 928 17
3 835 7
240 927 16
154 366 16
432 868 20
444 842 7
715 927 11
199 782 9
170 984 17
922 997 11
53 319 7
295 835 3
151 296 6
42 426 1
477 646 11
383 984 20
136 847 10
5 98 13
617 891 2
45 845 10
0 285 12
271 928 20
215 847 13
479 548 19
502 940 2
122 539 11
333 839 11
358 932 7
516 960 14
477 623 8
82 210 15
768 952 10
146 231 6
687 698 12
107 797 9
768 808 17
390 856 8
313 493 7
546 615 4
117 209 17
529 791 6
325 732 16
285 659 11
155 995 1
560 635 9
600 671 3
331 397 18
476 901 6
267 907 14
833 873 4
612 910 17
572 874 13
317 584 15
330 703 10
14 317 17
353 915 4
144 921 2
404 997 11
288 822 11
382 978 13
253 864 9
492 966 10
253 455 14
61 779 10
289 786 7
638 940 5
628 746 14
23 523 4
337 948 2
24 488 19
516 541 16
19 638 1
359 594 7
162 723 18
220 664 12
126 391 9
860 881 18
626 714 13
639 733 17
898 993 3
630 684 13
14 415 6
207 730 1
40 324 13
35 883 14
545 725 17
383 663 12
469 586 18
455 688 17
461 582 9
72 541 17
333 433 7
149 990 1
632 729 15
28 700 16
84 143 18
650 783 1
46 754 10
847 919 14
719 733 1
118 364 3
526 604 15
120 819 9
589 889 11
13 613 4
23 886 7
709 725 10
234 432 19
201 255 11
473 677 2
10 687 15
786 908 7
140 388 11
378 705 11
757 881 15
759 811 5
159 932 15
65 888 10
374 591 1
606 834 1
703 766 16
22 288 20
381 715 13
67 705 13
263 351 4
662 734 14
570 996 2
65 106 12
147 404 10
706 813 17
415 749 14
409 526 13
55 442 11
851 907 1
883 939 8
188 334 5
71 423 20
623 899 4
516 773 11
343 473 10
308 744 17
462 802 4
429 625 17
225 746 13
620 830 6
366 834 3
184 565 10
497 796 10
512 659 16
99 606 16
338 888 11
218 706 16
3 674 19
56 500 9
291 403 5
441 756 10
130 980 3
241 402 6
573 875 14
63 661 5
655 685 1
62 845 20
565 642 16
250 258 15
916 985 14
406 883 17
504 897 12
247 338 14
890 969 16
762 783 6
290 973 2
583 817 20
276 666 12
494 739 12
548 859 1
285 894 15
298 684 2
732 796 10
124 159 19
395 473 8
977 978 13
420 795 14
814 951 14
645 913 6
201 873 9
448 893 9
638 645 5
180 670 5
79 767 14
280 528 18
450 939 19
252 429 15
187 974 7
41 740 12
190 225 5
322 610 17
354 562 11
150 912 13
165 397 17
274 569 13
96 303 3
39 586 9
532 864 7
113 472 5
232 572 6
215 748 14
88 564 3
164 702 11
275 655 16
836 951 6
220 719 16
568 908 18
453 841 19
122 970 9
31 65 20
300 864 9
381 672 12
506 703 17
535 587 1
525 802 18
372 480 1
21 631 14
771 863 16
82 232 13
107 325 1
138 398 13
285 331 14
503 819 4
77 302 13
0 693 13
39 684 12
240 674 7
873 883 13
302 914 12
111 151 15
7 588 11
285 861 9
109 901 14
813 837 8
93 102 10
315 560 5
374 646 15
66 530 19
49 706 6
572 896 15
382 915 3
946 957 8
480 929 3
402 564 3
198 914 15
426 958 5
86 364 10
859 925 16
624 942 11
142 381 15
6 520 11
520 592 10
412 879 11
581 608 17
413 615 6
478 595 6
711 946 5
766 882 10
705 723 14
683 884 17
702 983 20
293 549 17
833 908 4
330 473 3
415 660 17
353 456 1
713 848 20
746 796 7
610 872 9
159 182 8
685 786 3
321 918 18
580 849 8
186 693 5
183 804 4
637 974 2
376 561 13
46 835 16
203 224 11
163 188 7
89 202 5
489 587 12
262 804 18
174 840 19
414 709 5
398 993 14
774 835 12
764 907 18
311 436 11
105 862 6
34 164 14
518 622 17
449 522 18
76 160 12
514 917 14
32 648 20
371 868 13
352 589 4
73 765 19
468 886 2
363 604 9
428 584 17
157 764 11
714 718 8
102 419 8
93 599 4
151 540 8
585 918 16
356 829 14
278 501 13
148 800 19
100 760 9
463 583 4
562 705 18
643 779 14
533 907 5
673 801 5
104 501 8
209 932 19
612 791 7
233 651 16
691 791 13
381 894 19
743 838 4
316 505 19
322 436 9
635 896 19
244 745 8
358 767 18
151 962 20
624 657 12
40 457 14
156 897 16
178 427 6
229 738 14
577 661 18
164 263 13
433 653 13
567 882 7
425 569 16
511 572 10
611 659 11
650 916 7
29 340 6
248 607 11
327 900 4
231 932 19
313 364 10
423 989 2
305 625 9
434 510 4
181 967 12
175 515 19
193 941 20
617 631 4
241 460 8
427 879 10
107 380 10
83 517 6
363 571 16
483 487 9
280 802 20
119 619 20
150 872 20
27 127 19
248 620 9
216 408 15
480 863 6
307 526 14
115 850 20
34 782 3
36 297 5
159 813 10
225 987 18
549 553 12
114 396 18
286 588 5
273 389 9
36 333 20
562 937 15
143 279 4
520 791 6
114 481 14
156 743 2
18 135 17
738 870 14
118 222 15
514 753 12
439 988 16
658 846 10
569 688 14
95 360 19
470 831 18
31 195 5
330 528 4
153 566 3
558 880 19
645 948 20
400 443 6
379 420 2
808 911 11
82 398 1
300 886 15
1 473 13
559 737 2
724 804 18
228 866 8
355 678 5
140 524 15
248 960 2
362 982 16
92 978 1
89 414 2
148 878 17
206 819 10
33 519 7
709 802 15
962 982 8
131 825 18
53 497 20
88 226 1
127 791 18
417 630 17
864 941 19
483 575 20
119 707 5
405 921 10
406 620 1
665 731 8
554 900 4
439 690 2
8 323 13
541 557 6
303 765 3
150 263 19
158 383 6
495 971 14
304 586 16
19 862 19
394 659 19
72 608 7
13 150 3
21 679 2
6 928 20
88 589 19
164 727 13
385 546 4
391 855 20
878 973 3
7 600 1
95 978 8
125 857 6
367 619 15
102 464 6
185 907 16
379 629 4
74 896 11
168 674 7
622 881 14
777 904 8
502 699 8
155 512 7
301 566 1
761 959 11
312 804 5
607 901 1
228 316 2
139 238 5
389 944 18
507 899 17
320 664 16
733 982 9
250 456 20
463 978 9
617 807 11
433 986 18
326 860 15
287 752 12
38 722 12
68 70 19
541 668 15
418 863 12
627 973 7
121 347 15
192 636 10
386 730 6
157 678 6
302 916 2
91 324 6
36 653 18
231 483 12
858 990 17
427 803 15
396 407 9
70 767 19
276 347 15
588 613 4
328 802 12
508 589 5
613 642 13
404 648 17
102 575 9
233 506 7
271 798 16
645 859 10
11 838 8
111 925 10
59 506 5
600 973 10
141 279 3
354 423 20
360 991 3
228 692 9
40 492 18
36 113 9
26 557 12
23 30 17
68 410 8
363 364 12
641 717 10
79 605 14
41 313 19
355 360 12
876 885 14
169 763 4
221 810 18
11 671 17
419 874 4
399 816 9
405 747 7
36 764 1
257 732 10
276 602 4
589 684 9
165 585 8
263 519 1
665 907 2
60 159 17
123 889 20
239 655 2
714 805 14
337 589 14
517 785 12
46 791 4
720 964 7
120 182 1
566 677 7
577 915 15
344 713 19
92 120 2
571 612 1
361 802 3
488 843 16
279 849 12
40 338 20
30 782 8
246 672 4
12 505 1
603 680 7
220 799 19
296 529 8
86 719 2
832 917 15
919 922 8
491 624 10
139 810 13
382 717 12
94 430 7
12 626 16
176 734 13
114 673 1
475 881 5
781 844 2
101 819 15
82 577 6
83 542 9
893 905 17
19 786 5
424 426 2
170 955 20
318 939 20
332 608 3
5 213 4
13 74 3
47 704 16
151 941 3
29 198 11
796 828 14
752 907 11
66 610 7
104 722 18
249 960 5
245 581 11
173 821 3
324 990 20
63 806 12
399 904 17
295 783 7
482 938 11
455 921 12
48 417 9
391 527 3
572 688 5
139 800 6
196 288 12
293 629 20
346 870 7
225 580 5
772 978 11
137 467 10
201 897 14
224 880 7
118 633 3
15 132 2
511 564 13
777 949 2
296 496 17
231 250 20
629 785 10
134 434 2
420 711 2
280 408 6
17 443 1
23 337 12
276 932 3
137 359 4
43 315 8
83 388 11
521 879 1
106 371 2
679 907 11
205 350 14
390 395 11
58 71 10
222 402 7
630 642 16
5 324 18
264 813 17
890 983 20
271 336 4
520 891 19
104 833 8
47 936 19
549 954 5
677 960 10
244 318 4
916 976 3
28 285 3
352 754 7
237 315 8
326 738 3
607 900 8
6 531 4
533 722 18
106 325 18
424 900 2
764 856 16
597 599 5
1 308 12
788 804 1
150 553 10
241 671 8
249 940 6
351 808 6
190 625 8
576 926 9
1 200 13
466 874 10
418 754 4
276 899 19
396 586 5
167 763 1
154 415 20
395 441 10
711 826 15
245 273 8
17 266 8
198 686 19
906 958 7
703 858 6
802 837 1
319 832 8
12 452 20
159 471 18
651 933 18
116 509 16
220 975 17
134 414 20
80 177 15
806 992 14
588 998 19
219 786 15
8 194 10
55 763 8
135 643 14
543 883 17
548 961 13
414 589 5
17 544 6
732 898 18
445 576 18
184 392 15
22 622 9
177 761 13
140 879 12
567 952 6
527 879 18
182 961 13
29 868 8
505 568 11
86 764 8
99 554 10
174 468 2
129 991 1
53 178 3
198 267 8
79 87 8
357 440 20
27 714 8
180 893 15
313 928 15
660 972 9
111 384 1
132 178 8
577 708 13
250 579 4
73 537 10
321 788 11
42 141 1
352 446 6
222 745 3
68 458 15
523 593 15
431 775 15
60 194 9
202 952 4
377 395 14
324 914 20
128 859 4
377 660 20
752 952 5
691 707 2
463 849 12
367 732 18
164 552 10
213 265 4
223 458 19
770 856 3
697 872 20
106 318 19
286 514 10
19 170 9
303 832 3
90 459 9
572 648 9
260 870 20
749 918 4
206 670 10
719 746 10
212 341 19
674 860 5
500 744 19
679 975 14
78 197 19
55 622 19
234 481 8
122 123 16
365 784 18
684 946 19
339 911 16
19 412 14
100 257 11
245 495 5
55 743 12
421 837 18
467 953 12
57 789 6
485 858 15
907 959 11
193 304 5
166 961 8
234 458 20
387 700 8
567 896 17
518 891 4
378 996 16
468 481 17
600 929 18
123 855 10
188 612 18
856 891 13
41 184 2
1 111 5
353 679 6
370 997 4
311 682 15
125 263 16
88 790 15
831 834 6
336 446 20
29 969 12
530 842 7
394 981 2
337 447 16
139 282 11
29 825 6
826 840 3
99 920 9
200 972 14
62 364 19
109 296 19
303 655 19
722 904 16
374 715 12
463 564 11
307 396 3
311 924 3
170 656 18
257 724 5
348 842 2
589 905 17
185 964 4
606 994 18
112 571 7
399 664 19
262 775 8
673 903 18
511 841 20
538 944 8
268 854 17
198 201 15
214 883 18
13 979 1
172 966 9
552 878 16
23 614 7
178 408 15
65 351 9
468 592 13
133 522 3
249 962 6
96 460 20
719 847 20
306 449 8
70 438 14
457 847 6
200 288 1
408 991 17
360 914 10
412 961 20
500 665 7
435 944 10
451 809 17
436 909 18
130 345 5
477 681 7
430 457 9
723 859 10
708 959 8
480 723 4
455 550 14
518 835 19
925 993 18
497 632 13
27 746 5
261 684 1
775 905 6
452 889 7
264 838 12
399 654 15
416 823 8
275 704 12
213 500 16
65 485 20
86 279 11
417 644 10
572 932 19
129 362 15
493 904 2
16 830 14
686 804 17
293 464 15
372 614 3
49 598 1
310 553 11
54 713 7
195 572 15
762 799 19
723 728 20
272 792 11
399 896 2
411 870 17
215 666 9
294 959 8
6 821 15
248 434 10
593 883 10
150 542 20
478 487 10
4 604 13
721 888 8
69 733 15
6 268 15
245 550 4
553 666 16
478 752 8
388 715 7
74 439 7
171 866 14
365 996 13
338 979 20
426 863 14
203 934 5
71 635 11
459 631 10
707 845 7
112 407 8
390 760 3
347 984 11
456 625 3
41 383 14
529 695 2
896 897 14
375 637 19
101 248 1
325 816 17
197 630 11
319 327 5
128 616 19
716 786 10
13 406 19
8 62 13
212 615 17
176 549 19
344 541 18
252 278 20
262 588 6
381 917 12
135 138 15
380 729 18
367 381 2
124 394 14
242 386 14
109 122 6
266 743 12
310 749 1
230 497 1
95 452 9
712 765 4
11 80 8
764 812 7
361 836 10
368 732 7
722 815 17
7 195 12
152 204 6
169 522 9
609 794 11
214 264 11
144 465 2
155 889 8
62 661 13
214 938 7
229 509 19
622 849 18
561 753 17
36 114 20
296 864 9
37 195 16
697 799 20
25 486 12
522 538 10
0 987 5
217 427 16
43 768 6
165 236 4
208 872 8
301 920 8
265 997 9
306 769 10
332 907 6
408 637 14
95 851 15
270 703 10
81 916 1
113 985 16
194 793 20
477 507 16
1 398 16
87 703 18
421 957 17
326 985 13
155 578 5
194 420 13
478 853 7
291 618 11
349 708 11
360 717 11
287 733 5
523 860 17
297 554 9
33 444 20
46 563 2
708 762 5
426 784 9
107 164 11
620 649 19
48 981 17
94 948 10
0 941 16
516 857 9
208 561 2
49 159 6
232 918 12
178 947 16
70 856 18
59 209 4
288 935 11
25 741 14
136 312 8
688 825 6
600 712 6
125 419 18
546 741 17
407 662 6
106 405 7
17 333 13
115 490 9
113 566 17
687 981 10
574 924 10
307 431 5
368 941 12
614 853 12
212 464 12
127 356 11
717 981 4
596 920 12
344 704 17
289 768 19
20 909 18
475 666 19
963 978 15
183 378 3
13 870 10
877 975 11
279 611 11
37 440 15
323 946 12
711 762 18
309 639 11
797 951 16
205 927 12
361 420 5
