1000 2000 0
691 820 1
142 727 11
241 849 1
291 441 11
18 920 7
242 585 13
608 642 6
534 613 6
501 665 17
733 822 1
234 846 19
166 940 4
579 849 10
339 373 5
154 593 18
643 870 16
543 554 5
482 687 6
260 574 12
833 881 13
626 817 9
302 347 2
300 503 7
42 653 5
281 489 3
271 890 9
123 726 19
498 523 5
337 426 10
98 818 17
508 573 19
26 155 14
565 778 16
262 777 10
205 243 13
139 935 18
31 764 12
171 924 11
619 934 9
183 898 18
612 895 18
183 489 6
670 836 7
407 871 9
418 886 17
252 359 11
272 274 15
517 779 17
703 869 3
155 283 2
140 383 8
328 354 20
155 548 19
473 937 17
8 349 6
144 618 6
182 501 12
183 466 14
38 902 13
124 825 11
145 619 12
186 620 3
149 998 16
570 762 10
556 684 3
499 967 3
132 536 8
168 193 16
328 331 15
160 454 9
485 925 8
287 415 7
879 964 13
1 466 15
849 941 3
203 946 1
358 969 18
847 868 16
573 628 12
346 586 5
534 557 3
290 834 13
34 765 15
327 752 3
559 995 6
592 763 10
88 592 5
289 316 13
568 671 13
225 597 16
281 986 10
317 680 20
490 751 12
178 256 3
122 733 6
194 838 17
249 545 14
177 785 1
269 868 4
586 724 8
451 536 10
243 321 1
661 754 5
27 882 16
583 920 1
450 656 8
88 569 1
60 650 16
29 928 7
681 854 2
712 921 16
136 874 1
790 989 6
488 804 16
549 634 7
140 206 14
377 707 11
178 992 1
326 598 9
445 698 10
363 665 10
123 683 10
413 522 2
439 660 20
578 818 7
62 673 6
248 534 6
81 277 5
159 462 14
336 912 8
269 593 17
62 529 15
376 576 5
385 804 13
334 579 7
89 891 20
547 723 13
225 443 1
87 738 11
630 986 11
704 706 17
631 722 16
403 449 14
169 282 6
741 853 11
45 103 9
376 468 7
187 681 1
14 344 14
230 908 15
235 986 13
117 622 3
216 744 13
644 776 19
458 506 13
249 512 4
310 342 1
61 312 9
260 750 6
4 681 7
317 912 13
441 453 3
692 938 18
812 854 5
477 784 8
296 480 7
415 809 5
153 660 20
684 970 20
368 999 14
231 993 4
24 780 1
487 541 15
866 946 2
212 342 1
317 395 1
754 890 11
596 978 1
63 335 15
428 756 6
528 843 7
510 566 3
469 528 17
34 457 17
15 178 4
710 856 19
79 873 14
816 986 19
539 974 14
103 147 1
808 982 16
220 583 6
386 615 5
74 120 15
301 922 7
314 446 10
406 858 16
236 792 16
217 550 6
718 981 13
257 735 14
350 405 11
334 726 7
248 357 9
43 891 8
610 975 1
625 874 2
324 388 18
244 279 18
180 789 12
185 867 12
50 908 8
706 984 13
449 913 2
83 447 1
73 891 11
350 382 11
245 774 10
820 825 10
14 841 16
54 505 20
381 634 18
112 366 1
1 907 13
165 192 15
657 803 12
335 523 8
191 366 14
553 602 5
294 607 18
235 292 12
32 378 15
189 441 18
876 999 14
211 874 16
3 845 2
279 600 14
702 703 8
511 986 9
592 831 19
424 609 1
758 863 1
73 760 20
456 790 17
253 727 13
39 767 11
293 763 14
267 482 9
49 668 3
91 405 14
96 520 18
121 284 20
544 875 8
424 730 15
397 713 11
68 537 11
182 559 3
34 810 10
332 732 7
496 840 1
359 722 10
489 572 7
320 614 2
113 172 13
97 456 5
70 439 10
481 976 4
771 815 17
265 943 5
93 571 15
387 789 6
231 950 8
481 567 3
518 980 20
130 755 16
510 896 4
604 674 8
202 514 18
135 195 16
548 742 2
660 691 18
845 965 10
689 983 5
187 507 15
581 812 4
176 992 13
472 990 16
570 738 9
744 774 3
789 962 17
324 862 20
272 672 3
110 902 16
387 393 7
296 800 9
197 641 1
141 517 17
123 728 2
116 689 18
490 521 2
38 626 20
455 914 4
315 525 15
492 832 17
70 694 15
279 459 13
673 727 9
161 732 6
416 693 1
542 918 14
7 265 4
182 382 6
151 803 16
190 880 15
4 461 9
312 348 13
213 900 18
31 972 9
353 614 11
25 291 6
393 458 16
178 533 17
265 501 20
121 902 5
107 738 8
177 653 5
343 951 18
312 963 3
69 73 5
285 600 13
91 506 19
275 852 4
596 758 20
383 385 7
121 385 6
452 893 8
58 594 4
501 526 12
451 934 11
526 699 7
97 930 10
228 861 1
643 731 8
988 994 6
22 792 19
359 414 7
491 862 2
63 272 13
38 99 7
804 913 2
234 648 1
149 195 8
166 513 11
660 756 9
192 422 8
217 595 1
524 895 12
54 717 17
244 432 19
82 370 2
174 782 12
427 553 3
137 571 16
206 850 15
656 907 19
676 885 15
146 656 20
265 756 9
451 803 12
276 771 4
548 964 9
222 385 15
28 291 2
326 479 8
477 940 11
152 326 1
8 727 17
776 944 5
573 993 19
266 613 19
77 417 6
271 319 8
288 717 5
485 773 9
904 985 17
535 630 14
188 406 14
567 811 4
371 607 18
117 382 8
322 751 5
146 525 10
452 860 16
173 362 18
871 929 20
429 733 7
127 511 20
537 940 19
166 359 7
221 969 15
824 853 12
168 548 11
55 262 18
46 708 15
936 951 5
780 932 19
739 751 9
869 897 19
592 997 11
354 945 18
99 426 11
817 971 12
52 759 6
112 401 7
377 784 11
750 917 10
148 732 16
489 882 8
286 782 13
667 739 17
340 344 7
517 800 5
251 946 10
919 996 6
549 868 7
322 597 17
515 646 13
742 774 3
261 321 14
460 567 12
229 634 17
5 889 20
28 235 13
549 989 14
39 658 1
90 969 11
332 911 10
593 952 12
25 202 12
116 469 5
286 880 8
440 938 12
640 883 12
702 715 10
31 281 12
50 380 18
457 618 18
119 888 2
231 720 2
313 381 9
518 750 9
39 141 1
752 837 17
484 528 16
9 235 17
686 971 2
16 768 2
383 561 4
135 459 9
409 470 7
41 452 12
667 994 18
181 575 17
132 570 11
97 841 4
138 650 10
472 904 4
478 798 7
208 974 10
74 894 14
310 347 7
250 827 13
638 972 18
125 158 9
159 974 6
503 747 12
574 807 2
514 878 10
123 727 17
733 836 15
342 951 6
369 639 19
416 571 18
47 359 3
613 627 9
58 374 9
51 69 17
319 674 1
107 266 6
350 747 8
468 739 7
59 82 19
47 745 15
314 680 4
86 822 16
113 547 12
709 721 2
40 297 4
358 872 15
390 675 13
189 950 3
2 944 3
312 612 6
79 410 15
452 506 7
60 805 13
328 476 6
152 924 9
214 719 5
668 926 1
578 623 10
771 938 15
436 539 18
479 766 7
799 856 18
363 820 20
744 920 9
261 952 10
472 498 2
562 800 3
510 610 9
362 446 20
604 653 20
105 152 6
134 704 20
195 454 4
225 742 1
216 922 9
159 388 19
20 867 5
648 695 8
580 826 19
599 659 12
226 334 16
121 806 5
0 745 10
650 890 7
601 885 12
340 664 6
119 436 12
39 327 13
180 977 12
505 508 5
149 315 16
486 903 5
367 394 5
502 847 3
462 811 9
80 974 17
475 866 17
630 660 20
489 541 12
607 676 6
194 852 19
155 781 11
92 841 1
375 784 20
18 626 14
168 305 16
51 314 15
343 459 2
656 919 1
347 987 18
37 761 1
56 774 5
574 849 8
299 681 10
578 999 17
61 709 15
202 339 18
18 518 13
151 782 8
12 444 18
429 732 15
139 664 12
429 503 3
647 991 5
506 686 4
174 362 5
298 657 2
491 972 18
69 834 3
225 444 6
140 220 15
101 408 14
375 797 4
735 960 1
37 509 2
112 279 13
221 860 8
64 202 4
13 422 1
138 453 16
632 659 2
246 889 12
262 339 16
828 979 14
487 686 12
597 823 9
260 414 20
95 841 18
129 754 12
95 612 17
196 515 1
486 991 9
712 925 13
119 151 1
824 986 5
696 837 13
353 992 4
256 385 5
253 496 8
130 691 20
626 778 1
444 621 5
83 350 13
396 581 10
198 825 12
122 835 3
765 792 3
697 923 5
32 798 9
676 720 13
465 945 12
406 630 17
298 539 3
65 337 10
71 88 13
209 467 20
287 386 20
224 446 10
201 957 5
664 867 11
881 981 17
634 695 19
452 718 14
585 839 15
416 881 10
84 328 19
461 803 20
220 826 17
509 700 4
726 963 2
115 660 1
111 281 5
142 763 7
82 483 1
160 811 7
306 376 11
597 934 13
682 892 4
370 397 19
119 406 19
336 749 19
417 594 7
716 890 20
17 889 14
714 966 8
595 600 14
570 952 16
95 808 18
188 398 7
198 671 1
82 725 20
838 888 17
456 935 20
302 877 3
473 875 4
320 782 3
288 421 20
204 607 18
618 970 4
325 488 3
578 668 5
463 867 4
320 638 15
322 864 9
107 939 5
255 774 20
289 421 15
242 346 10
5 253 14
750 752 3
121 550 9
37 816 5
552 916 6
551 808 14
105 233 17
701 981 2
542 579 19
441 676 8
21 993 7
115 771 6
213 260 9
217 410 12
524 710 9
175 413 19
420 738 6
122 141 8
280 435 17
162 479 10
456 660 7
173 488 8
15 51 2
332 890 7
86 340 11
142 995 18
651 872 4
480 990 10
102 284 9
46 798 2
44 688 9
328 367 4
113 150 5
350 651 5
76 411 5
10 960 16
634 675 1
305 356 1
389 764 1
24 751 20
79 458 5
105 596 3
68 528 20
254 804 19
211 842 20
714 825 2
115 725 18
231 411 13
60 709 7
649 924 9
366 901 15
485 938 10
747 858 2
152 383 11
579 636 1
488 863 10
802 910 5
508 841 17
842 866 17
311 821 20
559 743 8
572 862 8
624 643 3
254 552 15
207 440 13
19 240 3
58 497 2
524 641 8
643 778 14
102 274 7
128 412 2
510 514 4
361 534 11
130 867 5
352 565 18
795 991 11
165 824 1
322 399 19
693 980 17
592 668 3
245 444 7
401 957 3
674 966 15
259 873 8
519 683 17
658 878 14
148 776 14
502 859 15
776 870 13
602 983 17
481 836 14
340 568 13
28 73 15
48 280 7
247 755 7
89 806 13
84 648 18
158 268 11
256 574 4
149 219 11
564 992 6
150 449 15
536 893 16
219 957 4
56 930 16
26 233 10
926 935 4
616 858 17
274 600 12
15 260 18
225 973 5
597 881 15
94 669 7
610 671 12
235 528 6
10 675 17
546 655 2
425 545 11
543 766 10
274 492 12
207 551 3
62 987 13
124 553 6
208 632 15
259 863 17
35 969 20
404 543 1
450 695 16
615 991 14
147 657 18
44 910 15
190 884 15
180 282 3
340 908 10
182 242 18
426 868 15
702 772 17
567 727 1
275 964 16
475 989 2
670 819 6
285 748 2
297 988 8
36 309 7
863 990 3
155 495 10
19 485 17
125 503 14
544 944 11
190 223 4
634 874 9
577 977 20
10 521 8
65 228 13
36 430 13
496 680 4
79 657 2
599 772 1
133 219 8
119 958 1
296 362 7
634 995 14
340 368 16
66 165 16
799 802 15
205 854 20
668 993 7
480 793 9
720 774 15
518 676 11
432 636 6
464 705 4
202 848 12
41 751 3
7 609 5
769 932 13
775 975 8
881 993 17
514 562 19
4 311 14
3 495 19
177 876 3
675 744 14
104 663 10
163 749 4
402 585 11
11 471 5
680 715 4
75 721 4
68 596 13
188 927 10
229 550 18
637 753 9
474 875 17
357 555 10
778 877 14
363 635 9
66 528 2
842 898 13
224 327 15
290 421 12
143 222 7
118 803 11
874 966 5
218 661 1
326 460 11
118 165 2
494 681 6
13 643 6
206 543 3
163 847 7
257 774 10
142 644 2
97 227 4
234 498 7
735 929 8
561 627 9
502 806 18
159 998 13
193 874 6
166 857 19
47 491 5
47 262 13
382 481 16
83 859 2
229 913 16
316 801 3
89 344 5
104 918 20
567 828 1
84 680 11
332 516 2
105 474 4
836 952 14
172 643 8
280 591 3
786 951 16
325 742 9
560 645 6
444 842 1
435 873 11
24 930 4
196 219 11
158 601 5
205 533 16
199 373 2
95 810 17
228 845 1
610 847 4
428 870 13
267 773 16
402 552 20
709 889 16
40 465 20
207 642 7
774 869 16
392 953 16
291 492 7
82 318 20
357 702 6
310 590 16
281 792 14
188 521 7
100 637 15
502 531 5
339 653 17
580 716 4
523 999 2
325 346 4
844 911 11
337 585 4
437 672 15
34 584 1
564 749 6
869 976 11
66 472 19
564 605 6
224 945 14
144 427 13
432 714 13
30 32 3
108 217 13
635 786 10
253 455 17
212 423 6
1 648 16
335 902 3
431 461 8
401 884 17
448 779 17
40 347 6
434 881 13
419 752 20
78 459 12
619 926 5
404 480 4
78 724 15
668 675 20
75 835 8
158 424 20
153 983 14
911 927 6
837 861 20
267 596 18
649 661 16
805 945 17
825 923 5
817 919 10
341 810 11
683 839 5
500 574 15
298 439 13
69 616 10
418 541 12
6 825 18
27 619 13
555 775 18
285 914 5
367 575 10
72 541 5
104 610 18
413 691 7
176 864 10
48 678 1
90 302 9
214 975 2
34 407 14
10 49 1
361 621 4
123 829 20
145 359 12
269 654 14
445 471 4
620 997 3
98 921 5
463 525 2
16 739 1
767 787 9
861 943 2
223 952 20
77 489 11
648 686 15
267 586 11
77 983 2
131 725 6
446 737 14
204 795 8
60 256 18
546 824 7
259 502 6
71 302 4
268 550 10
275 446 20
298 838 12
67 417 7
213 471 7
2 696 12
347 471 19
314 782 5
796 971 10
380 913 11
27 380 9
93 554 15
59 449 13
652 963 1
186 373 11
67 947 11
378 394 18
359 826 14
349 516 5
347 592 8
781 784 10
46 335 11
859 883 13
228 900 19
355 941 6
80 736 5
925 977 14
410 611 18
520 779 13
518 855 3
396 978 3
554 777 18
26 392 15
352 642 18
89 677 11
15 877 8
67 695 18
456 619 11
361 467 13
213 340 10
412 549 19
48 910 8
233 992 4
352 763 9
541 699 10
357 878 8
478 759 18
361 768 12
99 619 4
514 947 8
24 445 15
446 583 1
56 477 5
776 983 20
455 897 7
514 983 2
282 560 13
213 726 4
789 922 13
487 700 16
130 957 17
613 925 1
587 787 14
433 729 15
55 926 4
330 902 16
524 767 17
637 644 19
55 288 7
106 599 7
467 498 7
236 565 10
436 510 8
87 213 16
558 881 7
385 544 3
577 714 2
82 363 9
190 225 2
239 755 5
339 433 15
19 837 5
363 418 2
388 591 10
453 720 19
653 745 2
191 571 11
73 170 2
563 937 8
558 593 10
113 737 3
170 633 10
210 669 2
151 354 3
439 678 2
138 421 9
125 976 12
300 828 10
487 834 10
359 505 4
125 338 17
430 794 16
171 454 20
617 949 14
503 927 11
535 996 18
238 364 16
353 610 14
742 800 16
117 339 12
354 431 15
377 823 12
296 835 5
678 900 13
285 331 10
67 783 10
118 828 14
111 789 19
365 705 5
179 286 1
557 875 2
216 582 12
490 556 19
494 706 6
23 712 3
741 812 2
64 713 19
233 671 6
177 770 16
133 175 20
121 875 15
932 937 8
124 620 13
259 436 10
416 499 17
272 900 13
367 643 15
728 914 13
626 723 11
218 254 5
670 909 7
283 649 11
596 731 12
369 423 6
27 543 9
700 937 2
204 621 12
430 555 7
55 232 14
839 988 7
228 834 16
77 256 1
388 414 1
336 632 8
253 454 7
198 289 11
423 636 15
36 376 3
657 952 12
586 928 11
512 570 3
93 995 16
414 709 3
147 328 2
351 918 18
627 673 1
311 845 15
334 420 7
686 722 9
265 320 19
307 582 9
120 347 5
73 909 7
263 661 18
888 978 18
84 924 9
105 718 12
578 901 7
750 864 10
757 759 6
414 951 18
49 264 10
185 862 14
209 402 16
576 604 6
804 840 15
292 845 13
882 939 8
278 910 8
387 588 17
56 568 2
449 908 11
291 471 12
500 730 2
252 628 3
64 428 10
45 186 16
107 246 2
232 506 10
277 657 11
490 801 10
134 465 10
214 228 14
239 401 12
438 647 15
418 818 15
370 741 10
521 910 16
342 679 9
56 810 14
419 633 11
237 742 11
98 318 14
202 784 9
283 629 3
523 690 20
425 533 12
718 786 11
53 661 12
620 888 19
26 149 12
339 609 10
469 984 1
180 329 20
48 847 8
872 965 6
522 852 4
37 136 18
253 843 5
67 573 9
401 827 15
121 135 19
478 552 1
87 667 16
83 288 5
402 642 6
702 940 6
346 518 14
213 254 1
352 412 8
2 708 20
465 618 8
568 976 19
127 559 16
85 742 12
780 895 12
245 700 5
593 889 9
552 622 8
161 966 10
644 705 2
597 630 18
65 769 17
250 931 2
833 986 17
228 238 18
800 809 9
164 482 8
549 818 6
762 962 12
506 856 1
293 483 16
101 133 7
452 656 18
56 656 14
539 661 9
425 788 19
115 562 3
384 607 20
715 886 12
261 536 8
237 444 16
516 762 13
677 716 14
95 131 2
489 930 9
95 216 1
352 546 16
294 425 18
220 247 1
404 822 5
80 761 11
491 710 2
103 485 19
440 924 8
34 651 1
62 304 18
272 788 1
346 737 2
401 673 9
183 859 6
139 932 11
473 957 12
588 944 18
555 767 11
106 117 2
385 929 16
207 434 11
359 419 20
658 715 17
494 872 18
550 773 16
255 447 19
114 242 11
155 280 9
8 81 8
33 254 14
232 463 20
410 878 13
204 401 14
804 954 1
348 674 18
62 317 8
412 695 15
397 423 11
604 636 12
194 472 2
41 379 2
216 231 6
5 456 14
303 644 7
72 860 15
701 919 6
25 407 2
655 723 19
258 758 11
400 433 15
688 720 17
47 803 17
14 626 5
496 815 11
463 638 10
50 994 10
514 720 6
465 827 16
85 277 4
37 237 10
223 247 12
561 651 16
464 984 8
757 971 15
810 983 8
744 772 17
643 955 13
239 865 20
276 789 3
488 559 11
220 973 6
146 795 19
477 549 1
816 918 10
342 590 16
73 545 9
711 981 8
659 791 11
282 575 4
621 944 19
216 221 18
588 767 4
647 673 6
552 664 17
509 739 12
233 804 10
485 876 18
638 889 18
130 419 17
254 863 3
293 705 1
52 728 10
224 691 11
157 292 9
342 832 10
152 851 2
676 857 6
295 342 1
57 699 13
446 660 20
90 467 12
165 906 6
843 970 3
291 902 12
280 484 6
580 596 16
56 181 20
82 90 2
634 832 9
147 219 3
372 603 14
174 996 19
510 802 18
48 362 15
574 966 18
255 283 15
151 454 14
57 447 8
281 829 7
22 489 10
334 841 17
156 160 11
108 349 8
688 844 19
77 690 9
21 875 19
78 771 12
189 193 13
327 572 13
707 942 10
346 671 12
91 710 13
118 398 14
919 978 14
510 959 13
11 43 18
492 990 10
727 893 2
229 796 11
110 579 10
375 999 18
158 363 3
103 805 18
94 836 10
160 781 3
657 833 9
66 365 1
631 817 8
60 699 15
39 676 17
311 955 11
479 539 20
63 332 13
297 648 10
415 783 6
40 348 11
88 919 5
44 89 1
170 314 3
368 973 6
131 206 4
173 877 17
86 729 11
112 867 6
461 606 9
12 551 20
708 892 1
199 606 7
439 624 20
155 865 10
638 833 16
391 547 3
490 669 18
616 665 14
414 567 13
479 925 3
825 924 16
262 289 19
288 427 5
27 535 12
268 332 20
81 97 8
265 443 20
704 899 9
535 978 19
284 313 11
633 875 14
779 929 9
75 813 6
100 232 14
229 642 18
43 106 6
316 530 18
426 927 11
231 980 7
405 724 1
430 488 7
20 653 2
476 604 11
474 823 15
749 762 16
720 964 18
512 935 6
586 884 6
264 604 20
107 886 17
630 698 17
242 293 10
199 331 20
671 964 6
44 982 14
449 622 4
355 844 14
811 858 6
808 969 12
329 971 2
584 703 18
374 713 10
822 989 13
573 693 13
581 783 19
625 969 17
139 172 6
178 429 4
570 624 3
117 190 15
595 946 18
34 421 14
61 109 14
136 926 1
18 821 10
722 794 15
402 523 9
212 957 2
631 797 15
333 954 15
148 383 6
600 809 4
283 873 15
458 725 5
534 720 11
75 551 16
93 568 9
327 506 3
567 753 6
27 214 11
678 849 18
417 665 2
183 498 3
146 696 9
215 301 3
261 682 1
279 816 10
454 668 1
732 941 14
575 994 9
920 997 19
351 697 16
425 646 8
549 941 9
393 959 12
859 874 12
384 730 6
787 854 3
633 796 2
23 458 5
560 583 7
490 747 2
393 671 4
336 954 4
298 433 17
356 932 8
525 561 18
603 660 4
387 776 9
738 970 11
739 935 9
351 710 8
512 627 5
670 835 2
631 764 8
202 321 7
948 965 12
727 817 16
110 503 11
475 861 16
461 697 17
163 860 14
464 708 10
755 771 2
250 864 18
63 629 17
457 848 20
1 946 15
83 378 6
154 667 15
323 588 2
5 687 5
165 941 17
113 751 20
167 871 4
275 404 15
453 819 15
460 715 12
41 911 20
124 500 10
109 637 10
125 990 12
200 904 7
51 695 12
358 703 6
135 545 3
108 528 11
158 794 19
695 882 15
508 647 17
133 212 19
127 806 17
301 699 10
682 799 5
547 876 15
668 986 16
929 941 18
300 590 5
432 629 9
55 642 16
291 361 12
264 407 2
210 552 2
578 719 8
24 282 3
751 876 3
669 986 15
453 953 20
548 696 3
158 627 16
274 838 2
136 608 17
527 758 6
196 366 13
34 224 20
408 514 3
80 154 10
442 543 5
387 756 5
495 518 20
674 749 12
426 684 7
367 863 17
656 737 1
80 275 1
357 849 5
487 815 10
66 642 19
221 665 2
133 552 4
0 288 6
59 374 12
319 413 9
176 779 9
316 673 3
247 839 1
288 462 12
109 231 16
690 999 5
510 660 9
88 293 3
394 628 19
258 704 17
98 486 14
405 723 13
35 546 15
282 652 2
149 388 11
416 503 20
100 532 10
118 400 7
772 781 11
11 948 11
240 920 16
396 530 14
548 807 12
278 803 14
23 284 16
631 927 15
61 396 10
465 894 12
77 669 6
209 825 12
543 850 1
28 484 18
297 529 17
79 715 20
124 866 11
598 785 6
309 539 12
489 735 14
589 938 16
307 694 1
332 378 3
259 394 6
37 52 12
328 902 14
477 616 5
473 991 10
94 177 13
133 434 19
719 903 15
136 817 16
318 336 5
890 907 3
93 626 16
73 239 10
660 710 5
406 677 9
205 395 11
483 668 12
386 964 13
4 670 9
735 889 4
407 529 16
146 345 15
240 501 4
111 387 9
812 843 11
198 355 16
528 904 15
132 446 13
19 389 11
222 977 14
478 674 16
667 955 20
47 78 6
265 566 11
76 779 10
102 917 2
347 376 13
282 884 11
169 189 3
239 513 19
9 353 1
172 868 14
6 576 1
645 828 18
105 326 12
16 248 16
435 689 20
113 675 13
378 829 14
413 707 17
733 797 10
130 355 11
229 477 15
0 654 4
389 615 16
28 78 9
735 843 7
78 573 14
646 765 13
323 898 7
138 215 1
568 702 10
221 743 20
66 311 11
11 375 16
532 635 2
279 455 1
64 530 14
564 853 9
110 417 20
470 809 16
497 534 19
690 812 14
19 644 13
329 541 2
191 836 19
327 351 15
249 697 6
195 726 6
363 575 9
386 967 19
616 755 8
301 600 13
774 783 15
69 851 18
442 984 16
389 978 13
296 521 12
112 849 20
644 938 14
108 177 2
12 618 1
90 946 4
159 408 8
318 810 13
892 896 5
104 292 15
230 288 16
881 923 20
265 654 10
745 882 7
330 411 9
729 874 11
94 134 6
532 625 1
695 917 11
375 647 7
639 873 12
173 283 17
810 840 18
88 361 5
47 817 19
839 903 9
235 788 4
890 985 8
529 597 17
152 201 6
146 832 2
260 817 14
595 807 20
408 572 11
478 896 15
236 954 6
206 208 17
58 459 9
392 484 15
99 985 15
319 579 14
362 577 20
247 367 2
1 454 5
541 813 6
267 281 1
271 809 5
433 987 6
287 524 19
791 960 17
7 506 14
322 518 20
125 727 6
353 734 2
192 408 11
88 436 16
508 793 15
239 339 14
237 415 18
167 585 7
47 928 7
14 751 19
745 970 1
443 785 19
119 953 8
584 989 6
112 276 11
113 766 18
745 826 2
102 985 18
426 588 3
669 723 14
157 957 1
472 969 6
661 719 6
438 827 13
538 914 8
251 592 6
72 324 13
551 704 9
105 129 7
39 821 2
708 916 12
461 630 18
345 864 14
49 951 18
44 378 3
677 965 1
118 147 6
261 870 14
818 824 10
47 532 6
567 833 7
360 583 15
185 502 1
560 794 2
43 647 4
63 333 15
251 304 14
196 368 17
509 828 3
45 873 14
419 934 12
727 907 6
492 775 10
586 702 1
41 759 17
97 245 11
623 849 2
243 299 17
114 563 11
334 832 13
467 867 17
125 838 13
400 548 12
519 877 6
580 744 18
112 639 18
102 854 6
266 288 19
509 949 6
2 358 19
137 174 5
337 348 12
72 831 9
463 573 6
180 630 1
438 925 3
740 881 5
236 790 15
264 772 7
569 999 15
156 272 2
280 982 8
688 956 8
97 860 9
124 734 6
60 75 9
611 852 5
137 295 2
463 874 7
368 722 11
588 725 19
322 462 9
78 739 1
174 447 17
247 288 3
604 934 15
101 722 5
749 943 5
125 707 19
143 724 14
137 272 5
57 163 20
340 860 12
125 972 2
797 876 3
442 499 5
3 866 6
438 794 6
818 935 11
223 460 12
176 385 11
232 774 11
121 943 14
872 991 1
483 801 6
697 910 3
20 402 9
265 578 4
22 820 8
618 702 7
95 432 15
722 939 19
154 338 6
157 901 17
479 543 10
80 797 11
90 173 18
382 610 12
643 651 16
167 542 14
135 998 9
312 402 11
77 648 5
40 617 6
286 758 17
760 943 12
206 240 10
77 504 9
395 930 5
490 673 1
410 564 18
75 431 7
422 804 1
165 733 13
396 486 16
635 768 14
112 498 18
80 100 6
406 679 8
321 757 17
246 699 8
78 706 7
