100 2475 0
13 88 9
24 97 3
17 58 18
55 84 6
28 67 1
5 83 20
6 48 15
17 94 8
58 95 2
50 91 1
29 68 18
41 42 16
73 74 6
33 38 1
6 84 3
39 81 1
2 50 17
3 15 14
54 97 2
14 24 19
66 71 1
4 96 12
24 74 18
35 83 1
96 99 10
1 90 12
88 95 5
47 57 11
7 21 8
5 60 19
70 77 5
17 71 12
9 67 15
77 85 14
28 80 18
29 45 4
48 58 7
80 90 6
40 54 9
5 96 20
6 61 2
2 27 10
62 78 17
81 91 2
39 94 15
12 77 20
51 68 8
32 91 18
24 87 18
65 88 17
16 83 7
35 96 14
9 44 12
68 93 20
28 57 1
47 70 17
6 38 5
9 80 14
50 81 3
69 94 7
42 77 3
21 54 10
27 97 16
11 89 3
31 67 7
2 40 14
13 55 15
4 86 8
23 99 6
24 64 18
35 73 13
36 38 19
7 11 16
46 88 14
17 61 12
58 62 12
49 93 10
61 67 3
40 44 19
6 51 5
39 48 18
58 98 15
50 94 14
10 21 20
2 17 12
73 77 9
0 93 6
20 71 2
13 32 10
31 80 15
4 63 15
51 58 1
3 18 10
43 54 3
87 97 14
34 91 6
4 99 5
5 27 13
65 78 20
16 73 2
17 38 2
57 74 18
76 87 14
9 34 17
28 47 16
88 98 6
5 63 18
58 75 18
50 71 5
69 84 13
80 93 8
8 74 8
27 87 2
0 70 4
19 83 15
20 48 15
39 61 20
12 44 9
30 92 7
31 57 6
2 30 3
1 34 17
13 45 3
72 94 6
23 89 6
24 54 18
35 63 16
9 11 8
22 93 14
1 70 4
5 40 4
42 44 18
15 90 10
7 86 7
26 99 9
27 64 16
11 56 6
30 69 5
31 34 3
42 80 8
0 83 11
20 61 20
31 70 12
23 66 20
24 31 1
16 27 11
53 94 9
45 90 16
46 55 20
65 68 6
56 99 10
57 64 16
15 67 10
26 76 17
27 41 19
18 72 5
38 87 20
79 88 9
58 65 8
30 46 12
90 97 10
50 61 12
42 57 7
82 93 14
61 70 7
7 99 5
19 73 7
60 74 7
11 69 7
30 82 14
31 47 3
4 30 16
75 90 2
1 24 19
33 93 12
25 89 11
53 71 3
24 44 20
64 80 7
16 40 13
56 76 10
3 70 11
14 79 14
26 53 14
37 99 1
57 77 3
15 80 13
8 41 14
26 89 19
27 54 2
19 50 3
30 59 9
63 93 10
21 96 6
41 74 3
60 87 12
33 70 7
20 51 15
12 47 13
4 43 17
23 56 11
10 86 7
16 17 15
53 84 5
5 7 20
37 76 7
56 89 13
9 14 8
22 96 20
14 92 11
7 53 14
18 62 5
42 47 16
29 77 20
48 90 2
8 54 12
40 86 9
0 50 17
19 63 19
20 28 1
60 64 20
39 41 20
31 37 2
83 84 8
41 87 10
1 14 12
93 97 10
44 92 17
85 93 7
72 74 9
64 70 6
10 99 15
3 60 16
14 69 9
15 34 9
26 43 6
46 58 9
18 39 9
70 86 1
49 63 1
36 93 1
15 70 19
8 31 18
48 67 6
0 27 11
18 75 1
79 91 3
11 36 6
30 49 15
63 83 1
82 96 18
21 86 10
41 64 11
60 77 13
33 60 10
12 37 18
4 33 4
10 76 17
2 72 17
22 50 11
14 46 8
74 97 2
37 66 10
14 82 4
15 47 17
7 43 8
67 94 4
18 52 5
59 90 8
11 13 2
17 93 10
29 67 9
8 44 13
21 63 10
40 76 20
11 49 18
44 46 1
10 53 8
21 99 9
1 4 16
33 73 7
25 69 15
44 82 10
37 43 6
10 89 7
2 85 7
43 86 5
22 63 5
15 24 13
26 33 11
67 71 3
59 67 15
18 29 14
78 80 6
17 70 15
47 92 6
48 57 2
0 17 13
11 26 12
6 60 5
29 80 3
21 76 19
81 90 5
41 54 18
25 46 12
2 62 7
22 40 16
34 51 10
66 83 10
85 96 12
32 90 13
43 99 18
16 82 8
15 37 11
55 73 2
7 33 12
47 69 19
67 84 6
59 80 12
5 72 5
70 89 12
17 83 14
36 96 15
77 97 17
29 57 10
40 66 6
6 73 19
10 43 12
33 63 11
73 99 17
25 59 14
12 89 6
2 75 19
3 40 9
43 76 17
22 53 16
7 10 4
24 99 9
16 95 12
17 60 20
28 69 13
47 82 8
8 11 1
11 16 11
58 97 17
10 20 14
42 89 2
62 67 16
41 44 4
8 96 13
33 40 11
25 36 14
51 57 16
2 52 16
54 99 3
74 77 7
66 73 19
13 67 3
4 98 16
51 93 10
16 72 10
28 46 3
1 92 18
88 97 13
59 70 12
5 62 7
6 27 2
9 69 17
77 87 5
69 83 16
21 43 11
61 79 13
27 86 1
6 63 12
2 29 6
54 76 17
73 89 10
20 83 7
12 79 20
32 57 9
51 70 8
24 53 10
3 30 5
1 69 9
24 89 3
57 86 16
17 50 14
36 63 4
28 59 13
26 98 14
58 87 13
2 6 6
19 95 13
20 60 4
31 69 8
32 34 2
35 39 17
54 89 2
12 92 11
13 57 15
16 62 8
9 23 12
1 82 17
6 17 11
38 86 7
58 64 15
49 95 17
9 59 7
29 37 13
61 69 18
21 33 20
7 98 12
19 72 5
31 46 18
50 96 5
10 23 2
2 19 1
54 66 1
0 95 5
13 34 15
31 82 7
72 83 9
51 60 18
43 56 17
16 39 2
46 67 18
65 80 18
16 75 10
49 72 8
28 49 15
26 88 16
18 84 12
38 99 10
58 77 1
50 73 10
42 69 4
27 89 6
0 72 16
20 50 12
12 46 17
4 42 14
23 55 3
1 36 5
53 83 3
4 78 4
45 79 11
64 92 18
56 88 4
9 13 16
6 7 16
42 46 7
7 88 14
8 53 9
0 49 5
39 40 19
10 13 10
23 32 12
2 9 5
8 89 16
54 56 15
0 85 15
41 86 10
13 24 18
53 60 5
44 91 3
32 37 13
23 68 3
64 69 14
10 98 8
16 29 15
43 46 17
87 89 6
1 49 15
5 19 10
46 57 10
65 70 9
37 88 11
17 30 9
57 66 17
9 26 12
7 65 7
18 74 15
19 39 9
71 86 1
30 48 1
50 63 4
82 95 20
8 66 1
0 62 16
4 32 16
83 96 12
41 99 6
33 95 11
53 73 16
45 69 5
3 72 10
22 85 1
5 32 1
7 78 15
26 91 8
27 56 16
0 39 9
19 52 1
11 48 19
21 98 3
41 76 7
60 89 19
52 85 19
25 68 7
13 14 17
44 81 3
16 19 20
22 62 7
14 58 3
34 73 20
45 82 7
37 78 16
38 43 9
49 52 8
22 98 2
9 16 3
14 94 1
15 59 12
7 55 19
8 20 13
26 68 3
30 38 6
82 85 8
42 49 14
0 52 9
40 88 16
41 53 2
60 66 5
20 30 7
11 61 12
12 26 10
52 62 10
31 39 5
4 22 7
23 35 19
10 65 3
41 89 18
1 16 3
33 85 12
93 99 10
53 63 10
56 68 4
2 97 14
3 62 5
22 75 3
15 36 1
7 32 6
67 83 16
86 96 20
18 41 11
59 79 16
38 56 1
36 95 7
48 69 4
40 65 5
19 42 7
11 38 12
30 51 1
63 85 10
29 92 3
21 88 17
41 66 8
60 79 18
52 75 14
25 58 17
44 71 5
2 74 9
14 48 10
37 68 18
15 49 14
67 96 9
0 6 9
17 95 14
48 82 15
0 42 6
40 78 10
41 43 18
33 39 10
6 85 17
44 48 2
4 12 11
10 55 6
2 51 4
22 29 4
54 98 10
74 76 8
34 40 17
45 49 17
37 45 16
2 87 2
3 52 5
22 65 20
35 84 7
14 61 3
15 26 12
55 62 15
67 73 12
59 69 15
78 82 4
70 78 5
9 68 9
28 81 19
47 94 18
8 23 13
40 55 6
0 19 2
5 97 11
11 28 1
6 62 5
63 75 1
21 78 12
62 79 9
33 52 18
73 88 3
52 65 14
25 48 4
51 69 16
2 64 9
3 29 10
74 89 12
85 98 1
24 88 9
16 84 13
36 62 5
55 75 12
28 58 7
17 85 14
77 99 16
9 81 4
29 59 4
69 95 13
21 55 13
40 68 11
6 75 14
2 41 18
3 6 5
62 92 19
14 15 14
12 91 6
4 87 2
24 65 3
35 74 7
14 51 13
7 12 11
47 48 14
16 97 2
57 98 12
17 62 13
9 58 13
48 49 1
40 45 12
0 9 15
5 87 10
6 52 17
58 99 15
42 91 20
8 98 10
81 82 14
0 94 10
33 42 15
25 38 7
20 72 5
10 58 7
3 19 1
43 55 12
84 93 11
66 75 13
13 69 6
24 78 20
17 39 10
35 87 7
76 88 10
5 64 15
38 98 4
17 75 20
58 76 5
77 89 16
50 72 12
9 71 11
6 65 15
62 82 3
73 91 16
20 85 16
39 98 19
12 81 6
13 46 4
31 94 15
72 95 3
51 72 20
43 68 4
35 64 6
1 71 4
46 79 15
5 41 12
65 92 13
16 87 13
57 88 16
36 65 3
9 48 10
28 61 9
21 22 19
6 42 18
58 89 19
10 12 8
42 81 11
2 8 9
61 94 13
8 88 14
25 28 6
20 62 9
11 93 8
12 58 7
1 48 4
87 88 12
13 59 20
45 91 18
24 68 7
35 77 11
9 25 10
1 84 16
88 89 10
38 88 16
58 66 12
77 79 1
9 61 9
69 75 6
42 58 4
21 35 12
61 71 5
80 84 9
8 65 19
27 78 5
11 70 1
30 83 2
31 48 8
83 95 1
54 68 2
12 71 19
13 36 2
4 67 6
72 85 5
23 80 3
64 81 17
24 45 5
84 96 8
43 58 5
35 54 15
34 95 11
46 69 4
5 31 7
17 42 13
57 78 10
76 91 12
49 74 3
9 38 13
27 55 16
30 60 5
71 98 6
50 75 19
8 78 5
0 74 16
20 52 11
11 83 9
12 48 5
39 65 13
23 57 17
16 18 4
1 38 6
13 49 16
53 85 5
72 98 14
5 8 20
56 90 17
17 19 19
9 15 2
14 93 5
26 67 18
6 9 15
38 78 13
42 48 18
27 68 19
0 51 19
20 29 20
11 60 2
30 73 5
31 38 20
23 34 20
0 87 6
41 88 17
12 61 15
52 97 6
13 26 10
44 93 18
32 39 4
72 75 4
4 57 14
64 71 20
35 44 11
22 74 4
1 51 8
34 85 11
53 98 14
46 59 2
5 21 11
37 90 16
3 97 8
9 28 10
68 77 9
7 67 2
26 80 6
18 76 8
19 41 11
79 92 5
11 37 14
71 88 14
30 50 7
82 97 16
42 61 14
29 91 6
8 68 8
0 64 17
60 78 6
31 51 6
4 34 11
53 75 14
25 93 12
3 74 12
22 87 2
15 48 11
38 68 12
7 80 10
48 81 7
8 45 7
19 54 15
11 50 11
12 15 14
30 63 16
4 11 20
63 97 3
41 78 8
60 91 20
33 74 16
34 39 16
25 70 3
4 47 9
44 83 10
45 48 2
24 25 4
56 57 3
16 21 7
2 86 11
34 75 5
46 49 2
37 80 15
57 58 1
3 87 2
89 90 13
14 96 11
15 61 10
47 93 5
8 22 5
27 35 19
18 66 1
19 31 8
79 82 12
71 78 15
29 81 14
48 94 5
60 68 12
20 32 19
6 97 13
52 64 18
33 51 12
4 24 17
10 67 2
2 63 8
34 52 1
25 83 14
45 61 20
37 57 16
56 70 1
3 64 20
22 77 7
26 47 15
67 85 11
59 81 19
18 43 2
28 93 5
29 58 2
8 35 3
0 31 6
19 44 19
11 40 1
6 74 9
63 87 11
21 90 10
33 64 1
25 60 17
10 80 13
3 41 1
22 54 5
14 50 10
66 97 13
55 87 14
8 12 2
0 8 9
19 21 15
5 86 5
11 17 18
9 93 13
29 71 15
40 80 9
33 41 4
6 87 15
25 37 17
4 14 9
10 57 5
34 42 8
45 51 18
32 81 19
24 77 5
43 90 17
3 54 3
35 86 19
7 24 10
67 75 7
59 71 19
18 33 3
70 80 6
17 74 17
28 83 9
29 48 18
47 96 12
6 64 11
11 30 18
10 34 12
21 80 20
41 58 12
81 94 18
73 90 15
20 84 5
39 97 3
31 93 2
51 71 4
2 66 16
3 31 11
43 67 19
14 40 19
66 87 14
24 90 3
16 86 20
17 51 19
35 99 12
36 64 7
55 77 18
47 73 14
6 41 1
29 61 5
21 57 5
40 70 12
25 27 13
3 8 8
62 94 14
14 17 16
12 93 7
13 58 18
32 71 4
24 67 19
16 63 12
35 76 6
36 41 10
15 18 7
7 14 8
47 50 15
59 61 7
18 23 1
46 91 7
5 53 19
16 99 20
28 73 13
29 38 6
48 51 19
21 34 11
6 54 10
92 94 1
2 20 14
62 71 3
0 96 9
73 80 17
39 87 5
12 70 7
31 83 11
3 21 17
43 57 5
1 60 11
66 77 10
13 71 4
16 76 19
76 90 9
9 37 10
55 67 16
6 31 20
9 73 1
77 91 5
69 87 9
21 47 16
30 95 5
31 60 15
10 37 3
62 84 13
54 80 9
13 48 13
31 96 14
72 97 4
24 57 2
16 53 8
1 73 11
5 43 20
65 94 10
57 90 1
17 54 6
28 63 7
21 24 2
7 89 13
27 67 2
30 72 1
50 87 6
61 96 20
8 90 20
0 86 1
20 64 4
39 77 12
11 95 16
12 60 17
31 73 14
32 38 8
13 25 14
23 69 11
24 34 5
3 11 15
35 43 20
1 50 17
34 84 10
4 92 17
24 70 15
65 71 11
37 89 13
17 31 20
36 44 2
9 27 7
3 96 20
68 76 10
28 40 6
26 79 8
5 56 2
6 21 12
58 68 19
49 99 15
50 64 3
69 77 9
42 60 18
8 67 2
0 63 9
19 76 12
11 72 19
23 46 10
83 97 15
54 70 8
0 99 5
33 96 7
53 74 12
13 38 10
32 51 6
72 87 17
4 69 9
24 47 7
84 98 2
56 79 3
16 43 18
35 56 18
34 97 1
46 71 5
38 67 18
49 76 7
15 83 2
26 92 11
27 57 8
18 88 1
30 62 10
42 73 8
8 80 16
0 76 1
60 90 11
39 67 19
12 50 1
52 86 13
11 85 5
4 46 19
13 15 19
23 59 17
31 63 6
16 20 4
1 40 2
53 87 16
45 83 8
46 48 18
64 96 3
37 79 15
3 86 15
9 17 2
28 30 3
14 95 17
27 34 7
18 65 8
6 11 13
30 39 5
49 89 17
50 54 16
82 86 18
15 96 5
27 70 17
0 53 19
19 66 15
11 62 18
30 75 6
23 36 4
83 87 7
75 83 1
41 90 8
33 86 12
25 82 12
72 77 16
4 59 3
16 33 8
2 98 2
14 72 17
34 87 12
45 96 6
37 92 4
78 93 16
15 73 1
8 34 1
19 43 19
79 94 10
30 52 4
63 86 12
82 99 3
29 93 1
60 80 19
12 40 2
52 76 5
44 72 17
4 36 13
75 96 5
34 64 3
53 77 9
37 69 10
22 89 4
14 85 16
15 50 13
67 97 13
59 93 10
19 20 19
48 83 17
4 13 8
63 99 10
23 26 1
1 7 9
33 76 7
34 41 2
52 89 17
13 18 15
53 54 13
45 50 18
56 59 2
3 53 7
15 27 9
67 74 18
5 13 19
78 83 12
3 89 17
49 56 11
36 86 5
15 63 20
7 59 11
48 60 9
47 95 6
0 20 11
18 68 6
19 33 19
79 84 19
30 42 1
71 80 8
63 76 9
82 89 7
29 83 14
33 53 4
12 30 18
25 49 15
10 69 17
2 65 8
22 43 10
14 39 18
33 89 8
74 90 10
25 85 18
32 93 6
37 59 8
3 66 20
35 98 16
55 76 9
15 40 20
7 36 9
26 49 14
59 83 8
18 45 18
78 96 15
17 86 3
9 82 3
6 76 17
11 42 14
10 46 3
62 93 4
33 66 3
44 75 6
10 82 11
51 83 7
3 43 13
22 56 9
14 52 13
15 17 10
7 13 8
66 99 4
18 22 4
16 98 3
17 63 18
55 89 15
7 49 15
8 14 11
48 50 14
47 85 6
40 46 19
19 23 5
5 88 7
11 19 19
6 53 9
30 32 3
17 99 9
63 66 11
29 73 5
21 69 11
40 82 12
41 47 7
73 79 3
44 52 11
4 16 10
10 59 5
2 55 2
3 20 9
14 29 17
85 89 11
37 49 13
32 83 9
51 96 15
24 79 3
35 88 1
7 26 16
70 82 20
17 76 6
36 89 8
28 85 5
29 50 6
48 63 6
0 23 15
80 95 3
54 79 9
33 56 13
73 92 16
25 52 19
20 86 4
39 99 2
31 95 1
32 60 11
2 68 4
3 33 11
43 69 8
22 46 16
14 42 4
1 72 3
66 89 16
13 83 10
17 53 20
36 66 14
9 49 18
47 75 8
5 78 15
6 43 1
58 90 8
69 99 20
42 82 16
19 98 5
25 29 8
39 76 2
31 72 13
3 10 9
22 23 15
54 92 7
14 19 2
13 60 2
4 91 4
51 86 6
24 69 17
43 82 4
36 43 6
55 56 7
1 85 13
88 90 18
46 93 15
69 76 8
61 72 4
40 49 8
27 79 2
30 84 13
50 99 9
42 95 2
62 73 3
25 42 17
84 97 10
13 73 10
65 83 3
36 56 20
28 52 4
47 65 14
5 68 1
50 76 2
69 89 6
42 72 14
21 49 8
19 88 20
39 66 9
30 97 10
31 62 16
23 58 2
54 82 4
12 85 8
13 50 16
4 81 15
23 94 1
64 95 15
43 72 14
56 91 8
35 68 10
28 29 12
1 75 19
46 83 5
6 10 11
38 79 17
49 88 4
50 53 20
29 30 4
15 95 16
21 26 6
27 69 20
6 46 17
19 65 10
39 43 1
30 74 12
10 16 20
83 86 17
94 95 15
20 66 14
52 98 12
13 27 20
31 75 2
4 58 18
51 53 6
23 71 2
24 36 19
84 87 4
16 32 15
43 49 17
35 45 1
95 96 4
87 92 6
34 86 20
53 99 17
13 63 5
45 95 19
5 22 4
46 60 2
16 68 11
3 98 6
9 29 11
15 72 18
18 77 11
79 93 1
42 62 19
8 69 20
27 82 19
0 65 7
19 78 8
20 43 14
11 74 17
30 87 12
23 48 13
83 99 15
75 95 18
33 98 2
25 94 9
4 71 4
45 72 13
1 65 12
34 99 3
46 73 4
65 86 18
15 85 19
7 81 19
26 94 14
27 59 6
11 51 9
42 75 1
0 78 14
41 79 8
60 92 19
20 56 18
13 17 6
44 84 2
10 91 10
38 46 7
56 94 1
17 23 13
57 59 16
3 88 14
14 97 17
7 58 16
26 71 11
19 32 20
38 82 7
30 41 19
90 92 4
40 91 2
19 68 8
60 69 6
20 33 11
12 29 15
30 77 3
31 42 11
4 25 2
23 38 7
94 98 5
41 92 9
1 19 11
53 66 14
13 30 14
45 62 12
64 75 11
37 58 3
56 71 5
16 35 10
3 65 20
46 63 7
37 94 16
49 68 17
36 98 18
8 36 1
18 80 7
19 45 14
79 96 6
11 41 4
63 88 12
0 68 11
33 65 4
52 78 1
44 74 14
10 81 2
22 55 6
1 32 19
34 66 4
25 97 1
45 75 2
22 91 13
15 52 16
7 48 20
8 13 13
67 99 10
18 57 19
9 94 16
48 85 17
8 49 3
0 45 12
20 23 16
11 54 12
6 88 20
23 28 15
1 9 7
33 78 8
34 43 20
52 91 8
25 74 5
64 65 13
10 94 15
22 68 15
14 64 6
7 25 11
67 76 17
86 89 7
18 34 6
38 49 2
78 85 15
89 94 2
28 84 14
8 26 10
19 35 8
30 44 4
63 78 19
82 91 10
40 94 2
41 59 20
25 51 1
4 28 19
2 67 8
14 41 5
74 92 13
25 87 11
37 61 17
24 91 4
14 77 2
55 78 18
15 42 2
47 74 5
7 38 14
67 89 15
26 51 1
59 85 4
78 98 14
70 94 4
9 84 3
48 75 8
21 58 17
6 78 14
54 91 3
33 68 8
25 64 4
20 98 16
37 38 8
10 84 15
51 85 2
14 54 10
15 19 20
7 15 1
26 28 12
13 95 10
59 62 6
70 71 15
17 65 4
55 91 8
28 74 3
29 39 5
48 52 20
8 16 8
92 95 4
11 21 17
63 68 3
81 85 4
41 49 1
33 45 6
6 91 5
52 58 12
73 81 13
39 88 8
44 54 1
51 62 20
2 57 4
3 22 1
14 31 9
66 78 15
85 91 14
51 98 12
16 77 9
36 55 8
15 32 12
1 97 15
47 64 19
59 75 1
5 67 12
77 92 15
28 87 18
21 48 2
40 61 13
6 68 1
81 98 4
54 81 2
20 88 9
31 97 2
32 62 20
51 75 19
24 58 3
35 67 6
14 44 19
1 74 1
13 85 17
24 94 6
65 95 18
17 55 16
58 92 4
50 88 11
42 84 15
61 97 14
21 61 2
54 58 16
33 35 6
20 65 10
39 78 15
31 74 10
23 70 7
3 12 1
43 48 20
84 86 13
22 25 5
54 94 15
14 21 4
66 68 3
12 97 17
13 62 20
4 93 17
32 75 1
17 32 20
35 80 17
1 87 9
58 69 6
9 64 15
77 82 5
29 42 2
61 74 9
21 38 4
40 51 16
27 81 8
19 77 16
10 28 18
42 97 8
62 75 5
54 71 4
73 84 8
32 52 12
4 70 13
23 83 12
84 99 7
1 64 15
13 75 4
46 72 8
65 85 3
16 80 20
17 45 3
28 54 9
68 90 11
5 70 4
58 82 10
50 78 17
69 91 10
42 74 15
61 87 6
27 94 7
19 90 7
11 86 10
31 64 3
12 87 4
13 52 1
32 65 14
45 84 14
4 83 1
64 97 4
56 93 2
17 22 7
16 57 12
5 47 13
6 12 2
65 98 8
46 85 4
58 59 20
49 90 4
42 51 3
21 28 18
8 58 18
27 71 4
19 67 19
30 76 14
31 41 11
10 18 14
83 88 4
62 65 13
94 97 14
54 61 15
20 68 1
72 78 19
32 42 13
23 73 7
24 38 17
51 55 10
5 24 11
37 93 18
17 35 8
76 84 9
9 31 20
26 83 4
27 48 3
18 79 13
38 94 8
79 95 11
30 53 18
61 77 8
27 84 19
11 76 8
12 41 1
4 37 15
13 42 14
4 73 15
24 51 8
64 87 9
3 77 4
22 90 12
26 60 20
67 98 11
46 75 10
57 84 5
49 80 4
15 87 7
26 96 10
27 61 11
18 92 13
19 57 13
20 22 4
11 53 9
2 4 9
0 80 2
41 81 9
1 8 18
20 58 1
52 90 2
13 19 20
4 50 3
44 86 20
23 63 9
24 28 20
16 24 3
56 60 3
34 78 18
53 91 11
46 52 15
86 88 6
5 14 4
57 61 17
3 90 8
89 93 7
49 57 5
68 70 13
14 99 10
15 64 18
27 38 2
18 69 17
19 34 6
71 81 12
30 43 1
63 77 3
42 54 8
29 84 1
8 61 17
40 93 15
20 35 7
11 66 8
12 31 3
52 67 4
31 44 10
83 91 19
75 87 4
41 94 5
34 55 19
53 68 8
64 77 2
3 67 16
22 80 5
67 88 2
46 65 20
78 97 15
70 93 15
7 73 17
8 38 11
0 34 14
18 82 12
19 47 16
79 98 19
11 43 13
71 94 6
63 90 20
29 97 14
25 63 8
44 76 6
22 57 3
14 53 6
34 68 5
37 73 8
15 54 15
8 15 9
26 63 17
19 24 5
11 20 7
30 33 8
63 67 2
9 96 6
29 74 13
21 70 10
0 47 1
40 83 8
20 25 16
44 53 2
75 77 9
22 34 20
33 80 6
74 81 20
93 94 1
53 58 20
44 89 16
45 54 15
85 90 9
37 50 15
51 97 12
56 63 14
7 27 3
67 78 11
18 36 2
36 90 14
28 86 13
8 28 4
40 60 17
6 67 20
29 87 4
41 61 11
73 93 1
52 70 1
25 53 3
44 66 19
10 73 7
22 47 4
74 94 11
13 84 16
32 97 13
24 93 3
36 67 6
47 76 11
7 40 4
0 1 18
59 87 13
70 96 8
17 90 20
9 86 13
40 73 3
33 34 17
4 7 16
22 24 1
25 66 14
66 67 13
32 74 19
43 83 19
3 47 13
14 56 8
7 17 9
67 68 2
26 30 14
13 97 8
36 80 6
9 63 5
55 93 16
28 76 20
29 41 17
47 89 7
21 37 4
0 14 20
10 27 6
62 74 16
81 87 5
41 51 16
33 47 9
39 90 18
10 63 7
51 64 9
14 33 6
74 84 5
13 74 12
43 96 18
16 79 12
28 53 11
1 99 8
7 30 20
47 66 4
6 34 11
17 80 17
61 86 4
21 50 18
40 63 15
80 99 14
27 93 9
73 96 9
12 86 4
32 64 19
23 95 14
51 77 16
35 69 18
13 87 10
5 46 20
16 92 13
17 57 7
36 70 1
9 53 8
29 31 13
6 47 4
58 94 4
50 90 8
61 99 8
8 93 3
54 60 15
33 37 20
39 80 13
11 98 11
32 41 13
23 72 8
2 49 8
3 14 16
22 27 8
14 23 5
32 77 15
16 69 10
35 82 9
76 83 14
9 30 14
28 43 20
1 89 13
6 24 15
38 93 4
58 71 19
9 66 13
69 80 19
29 44 13
21 40 2
8 70 20
39 57 5
30 88 17
2 26 19
62 77 16
20 80 2
12 76 1
31 89 9
4 72 10
51 67 14
16 46 2
65 87 20
38 70 3
17 47 20
57 83 8
76 96 10
9 43 13
68 92 18
28 56 5
15 86 12
18 91 9
30 65 14
50 80 7
2 3 10
61 89 2
27 96 9
19 92 19
20 57 8
39 70 11
11 88 18
12 53 2
35 36 15
1 43 18
34 77 12
13 54 19
45 86 20
24 63 10
37 82 8
57 60 12
17 24 5
9 20 7
28 33 14
68 69 5
14 98 16
46 87 13
57 96 10
58 61 7
49 92 13
90 93 12
42 53 14
15 99 12
21 30 19
61 66 18
27 73 1
0 56 13
20 34 2
39 47 7
30 78 1
31 43 15
23 39 20
2 16 17
75 86 18
0 92 13
53 67 9
32 44 11
72 80 15
84 91 12
56 72 20
43 53 15
35 49 14
22 79 14
1 56 17
87 96 20
34 90 20
45 99 17
46 64 7
5 26 10
37 95 6
17 37 14
76 86 14
49 69 17
9 33 2
15 76 13
7 72 8
27 50 3
0 69 9
19 82 16
60 83 19
11 78 17
52 79 20
12 43 19
23 52 19
1 33 14
25 98 14
16 49 18
15 53 20
5 39 18
38 73 8
49 82 8
42 43 6
15 89 5
48 86 13
27 63 3
0 46 11
18 94 9
20 24 6
11 55 9
12 20 18
30 68 6
23 29 10
1 10 14
60 96 11
52 92 5
13 21 16
25 75 7
4 52 2
64 66 12
24 30 20
10 95 1
16 26 10
22 69 11
34 80 20
5 16 15
86 90 18
37 85 14
65 67 20
78 86 8
49 59 3
15 66 20
47 98 11
8 27 12
7 62 7
26 75 18
18 71 11
79 87 14
11 32 12
71 83 17
30 45 20
90 96 18
82 92 2
42 56 3
29 86 1
48 99 9
8 63 19
21 82 9
0 59 5
40 95 19
20 37 15
60 73 16
11 68 6
52 69 20
44 65 11
10 72 15
75 89 15
33 92 1
74 93 4
25 88 18
53 70 15
37 62 18
14 78 3
7 39 2
67 90 11
26 52 18
18 48 18
7 75 2
8 40 15
48 76 10
27 53 11
0 36 19
40 72 16
30 58 6
71 96 9
63 92 15
21 95 18
41 73 14
33 69 17
25 65 3
44 78 2
22 59 7
15 20 2
34 70 9
18 25 13
37 75 12
26 65 11
27 30 13
0 13 4
11 22 5
30 35 17
71 73 6
63 69 14
21 72 20
60 63 13
52 59 5
12 23 8
44 55 6
4 19 20
34 47 5
25 78 5
66 79 13
93 96 4
32 86 4
56 65 16
3 59 4
14 68 12
15 33 12
55 69 10
1 98 7
67 80 1
18 38 7
36 92 3
0 26 9
11 35 12
63 82 6
21 85 13
62 86 3
73 95 17
33 59 19
25 55 4
14 45 1
74 96 4
28 65 11
47 78 12
59 89 2
58 93 1
9 88 19
29 66 2
21 62 5
61 98 20
33 36 20
25 32 5
44 45 12
22 26 12
14 22 7
12 98 17
32 76 6
37 42 11
51 89 19
24 72 19
4 94 7
3 49 2
43 85 16
36 46 5
96 97 11
15 23 6
1 88 1
47 55 13
7 19 19
13 99 1
70 75 11
36 82 15
9 65 19
47 91 4
21 39 10
0 16 10
40 52 15
6 59 18
92 99 11
42 98 18
21 75 16
54 72 9
73 85 13
31 88 12
23 84 13
43 62 17
14 35 6
66 82 8
13 76 4
24 85 3
43 98 11
16 81 7
36 59 7
55 72 3
58 83 17
9 78 4
50 79 16
77 96 13
29 56 18
61 88 20
39 69 15
10 42 8
54 85 17
73 98 13
20 92 10
12 88 9
13 53 7
23 97 3
24 62 1
43 75 7
16 58 11
28 32 11
7 9 19
13 89 17
5 48 18
57 95 7
58 60 16
17 59 20
49 91 20
15 98 16
21 29 16
50 92 19
10 19 16
2 15 4
62 66 20
73 75 6
25 35 2
12 65 10
32 43 17
23 74 12
84 90 20
14 25 7
13 66 3
65 76 7
16 71 15
17 36 14
76 85 18
9 32 12
36 49 18
68 81 12
1 91 8
88 96 2
38 95 7
58 73 5
50 69 9
80 91 19
8 72 5
19 81 3
11 77 5
30 90 6
31 55 1
2 28 15
20 82 1
12 78 5
72 92 1
4 74 3
23 87 7
64 88 11
43 65 6
16 48 3
35 61 13
46 76 19
5 38 4
65 89 16
57 85 9
68 94 8
26 97 7
18 93 10
19 58 9
30 67 13
42 78 8
8 85 10
27 98 2
19 94 8
60 95 8
11 90 4
12 55 20
4 51 12
32 33 20
1 45 4
45 88 2
46 53 16
37 84 14
56 97 5
9 22 7
28 35 3
68 71 7
15 65 13
26 74 10
46 89 17
6 16 19
79 86 10
90 95 5
61 68 14
7 97 19
8 62 15
27 75 6
20 36 3
39 49 12
11 67 17
12 32 4
91 96 9
23 41 10
2 18 15
41 95 15
1 22 6
12 68 16
53 69 1
13 33 12
4 64 10
72 82 17
24 42 18
16 38 12
56 74 6
35 51 13
1 58 13
5 28 5
37 97 6
65 79 5
57 75 15
27 52 3
19 48 9
79 99 20
11 44 9
30 57 15
63 91 3
29 98 11
8 75 3
0 71 1
20 49 2
11 80 18
52 81 4
12 45 13
31 58 3
23 54 19
34 69 16
64 91 10
14 90 13
15 55 10
7 51 15
26 64 1
59 98 9
42 45 8
27 65 20
0 48 19
40 84 9
19 61 5
12 22 12
30 70 6
31 35 17
4 18 7
23 31 5
60 98 18
34 46 14
52 94 5
53 59 12
25 77 12
44 90 13
13 23 14
64 68 3
10 97 11
16 28 18
3 58 4
14 67 9
34 82 3
26 41 11
37 87 17
3 94 19
7 64 13
26 77 5
18 73 5
19 38 19
79 89 5
11 34 19
30 47 20
63 81 9
40 97 7
41 62 7
0 61 19
60 75 17
33 58 2
12 35 4
52 71 13
44 67 4
4 31 4
23 44 20
66 91 8
56 77 2
7 41 1
67 92 7
18 50 4
59 88 19
70 97 11
17 91 7
40 74 13
0 38 8
6 81 7
4 8 6
63 94 19
62 98 3
41 75 20
34 36 8
25 67 4
2 83 13
7 18 3
26 31 3
13 98 3
38 42 11
70 74 9
36 81 9
15 58 7
7 54 20
48 55 1
0 15 10
5 93 2
92 98 7
71 75 7
30 37 4
82 84 10
48 91 9
21 74 18
40 87 15
25 44 1
4 21 11
10 64 14
2 60 2
22 38 16
74 85 12
34 49 17
85 94 8
37 54 11
32 88 11
24 84 12
43 97 13
3 61 12
7 31 17
26 44 4
70 87 18
36 94 2
28 90 2
21 51 1
40 64 16
62 88 19
41 65 19
33 61 1
23 96 4
51 78 16
22 51 13
14 47 15
7 8 2
