100 200 0
44 91 17
13 88 14
4 9 7
52 58 6
16 38 8
45 74 5
63 89 5
56 83 1
20 29 20
17 76 8
65 70 2
2 66 17
22 99 19
20 47 11
40 50 10
32 67 10
29 50 16
31 56 8
21 55 1
49 71 17
66 87 20
34 58 17
79 99 6
16 40 3
14 79 15
34 94 10
41 72 11
58 88 3
26 62 19
32 87 8
38 82 20
79 83 3
13 37 9
25 36 11
17 53 1
18 94 14
82 97 5
40 91 5
12 20 4
20 88 20
37 83 4
29 45 6
5 87 14
40 54 1
18 51 15
75 85 18
14 44 16
24 76 8
42 91 18
13 85 18
35 85 15
62 69 19
44 97 18
22 60 9
10 40 4
79 94 16
1 37 5
76 95 18
47 68 4
22 23 18
38 96 18
29 93 12
52 67 13
60 80 6
26 57 13
66 75 18
44 72 10
4 45 13
8 91 17
16 28 2
1 39 10
81 93 7
62 89 12
14 67 3
6 29 3
73 98 12
20 92 14
22 89 19
24 53 20
14 85 6
80 85 5
33 65 20
14 94 12
21 54 3
24 71 9
19 84 18
79 80 19
1 87 12
63 72 18
71 85 13
2 40 13
22 73 12
22 82 14
23 81 12
12 90 18
70 86 6
33 76 3
19 86 13
27 99 10
36 47 17
19 31 3
2 79 6
74 95 3
34 68 6
49 84 12
26 36 2
29 35 14
33 60 10
3 89 4
1 55 12
27 83 12
8 24 18
50 94 2
35 75 11
53 65 20
45 70 10
3 64 1
57 99 12
32 45 14
12 76 13
37 75 8
52 57 3
12 85 6
86 98 11
21 42 9
80 91 5
17 20 9
36 88 18
44 71 4
22 34 14
42 83 12
7 61 4
27 94 13
44 89 8
33 89 13
5 45 3
48 80 3
39 77 4
29 76 13
0 40 2
6 74 7
33 46 13
18 91 10
60 72 11
53 88 12
78 96 20
8 74 7
37 89 8
10 16 9
8 28 14
48 64 7
2 21 5
30 37 1
88 91 15
14 59 15
20 75 13
49 90 17
26 97 5
38 99 17
64 90 20
0 63 14
8 21 6
1 70 4
11 17 19
2 14 1
74 85 1
23 46 20
45 58 8
0 90 6
23 55 17
3 52 17
21 67 12
58 61 4
21 76 13
59 60 12
27 55 10
41 54 19
33 50 19
27 64 7
95 98 14
24 56 9
2 53 6
19 78 3
70 96 10
74 78 6
12 39 2
45 51 3
74 87 6
15 28 9
12 75 16
52 56 20
30 62 10
14 20 15
56 90 18
28 83 1
30 89 16
68 73 4
38 69 5
13 15 5
53 60 10
