100 2475 0
16 93 13
8 9 10
40 41 1
50 91 18
21 64 19
33 38 10
25 34 10
44 47 6
22 28 14
14 24 11
66 71 14
24 74 18
43 87 17
55 61 12
96 99 16
7 21 11
18 30 19
5 60 16
70 77 20
17 71 19
9 67 11
69 81 16
40 54 18
6 61 3
10 31 2
81 91 1
54 74 16
73 87 14
25 47 16
20 81 5
39 94 2
32 55 20
23 86 13
51 68 2
3 28 18
35 60 8
14 37 10
13 78 10
32 91 2
24 87 11
65 88 14
16 83 9
17 48 15
35 96 14
76 97 1
28 57 17
5 73 20
6 38 19
9 80 3
50 81 13
42 77 20
61 90 7
27 97 11
11 89 16
39 71 13
31 67 8
3 5 15
12 90 17
13 55 20
32 68 20
23 99 11
24 64 6
51 81 20
43 77 12
17 25 11
35 73 20
7 11 13
5 50 9
6 15 11
17 61 9
57 97 5
49 93 5
50 58 9
69 71 3
21 31 2
61 67 1
40 44 12
7 96 1
6 51 12
10 21 5
42 90 8
2 17 8
62 68 3
8 97 8
39 84 8
31 80 6
51 58 5
24 41 20
43 54 6
16 37 18
35 50 6
87 97 12
34 91 6
13 68 7
4 99 9
65 78 2
57 74 4
9 34 11
68 83 7
88 98 13
5 63 5
6 28 20
69 84 12
61 80 20
80 93 2
0 70 4
20 48 16
11 79 20
30 92 1
2 30 8
1 34 4
12 80 14
13 45 4
32 58 15
56 86 2
35 63 18
46 78 20
65 91 14
38 74 18
49 83 13
68 96 17
26 99 4
27 64 3
19 60 10
11 56 10
31 34 3
2 7 13
8 87 8
0 83 19
60 97 20
20 61 12
12 57 10
52 93 14
24 31 8
43 44 7
16 27 8
35 40 2
34 81 6
5 17 14
46 55 8
38 51 3
56 99 13
76 77 1
3 93 1
49 60 4
68 73 8
28 37 1
7 63 13
6 18 13
30 46 16
50 61 2
90 97 19
82 93 3
61 70 13
7 99 13
27 77 9
0 60 19
11 69 16
12 34 20
91 98 14
23 43 9
83 94 10
75 90 5
1 24 6
33 93 11
53 71 3
13 35 20
4 66 8
25 89 5
72 84 4
24 44 11
37 63 19
64 80 19
26 53 11
5 30 15
38 64 20
57 77 4
26 89 13
27 54 5
11 46 17
71 97 15
21 96 12
0 73 2
41 74 5
60 87 3
33 70 15
23 56 15
34 71 19
45 80 8
56 89 19
3 83 3
9 14 11
7 53 2
26 66 8
27 31 11
18 62 10
30 36 10
71 74 5
42 47 4
29 77 15
48 90 12
8 54 2
40 86 4
0 50 20
39 41 18
52 60 11
11 59 12
31 37 14
4 20 18
83 84 13
41 87 15
33 83 10
34 48 8
52 96 12
93 97 12
53 61 2
85 93 16
37 53 6
56 66 5
2 95 14
3 60 13
26 43 15
67 81 16
59 77 20
38 54 18
70 86 1
49 63 11
89 99 17
36 93 9
8 31 15
0 27 7
19 40 9
79 91 18
71 87 7
30 49 19
63 83 16
21 86 8
40 99 4
60 77 7
4 33 9
44 69 14
2 72 20
14 46 19
66 93 8
45 70 6
37 66 9
14 82 18
47 79 14
0 4 17
59 90 1
48 80 2
40 76 3
0 40 8
6 83 20
12 14 9
11 49 11
44 46 18
21 99 3
34 38 17
44 82 18
45 47 11
37 43 9
43 86 14
3 50 19
22 63 18
14 59 1
15 24 9
7 20 10
67 71 11
18 29 18
59 67 6
78 80 13
70 76 13
36 83 8
28 79 9
47 92 5
48 57 8
40 53 8
11 26 14
6 60 18
63 73 16
29 80 14
41 54 9
60 67 7
33 50 13
52 63 1
25 46 16
39 93 14
10 66 11
2 62 15
13 77 2
43 99 11
36 60 12
15 37 11
7 33 3
18 42 13
70 89 1
17 83 10
36 96 17
77 97 19
28 92 12
40 66 20
62 90 13
54 86 10
73 99 4
25 59 11
32 67 16
23 98 20
2 75 12
3 40 9
22 53 4
66 96 13
13 90 7
17 60 9
9 56 19
28 69 13
0 7 1
11 16 7
58 97 18
50 93 20
42 89 9
21 66 5
62 67 14
8 96 5
41 44 19
73 76 6
33 40 19
25 36 9
44 49 6
10 56 10
51 57 20
3 17 19
22 30 2
54 99 5
74 77 4
66 73 11
85 86 2
32 80 10
24 76 7
43 89 12
16 72 8
36 50 17
88 97 19
59 70 8
5 62 7
38 96 3
29 47 4
69 83 10
27 86 8
30 91 5
62 80 19
81 93 12
73 89 4
20 83 19
12 79 3
31 92 3
32 57 10
23 88 2
3 30 15
1 69 9
13 80 8
16 85 12
17 50 19
57 86 20
36 63 6
76 99 6
9 46 16
28 59 16
26 98 18
6 40 12
58 87 11
69 96 6
2 6 4
27 99 13
0 82 4
19 95 19
20 60 3
25 26 7
11 91 10
23 65 15
35 39 17
14 16 10
20 96 16
12 92 7
53 93 9
4 88 16
24 66 16
43 79 15
56 98 16
17 27 7
35 75 9
16 62 18
28 36 13
47 49 4
5 52 6
38 86 4
57 99 15
9 59 3
61 69 12
21 33 3
50 96 10
42 92 11
83 93 14
2 19 10
62 70 6
8 99 6
54 66 4
39 86 4
31 82 17
32 47 18
72 83 3
23 78 19
16 39 18
34 93 8
46 67 20
65 80 4
17 40 4
76 89 19
49 72 15
28 49 20
18 84 14
6 30 6
38 99 9
58 77 11
69 86 19
42 69 16
8 76 15
27 89 15
19 85 10
20 50 8
12 46 5
31 59 1
12 82 17
4 78 11
72 96 8
56 88 17
16 52 14
9 13 2
22 95 2
5 42 19
46 80 2
65 93 2
38 76 11
49 85 16
42 46 7
21 23 14
27 66 4
0 49 16
18 97 16
19 62 10
20 27 4
11 58 13
39 40 2
10 13 11
23 32 10
2 9 16
8 89 20
54 56 20
0 85 13
20 63 20
11 94 9
52 95 13
32 37 16
72 73 8
23 68 18
64 69 12
43 46 10
35 42 2
1 49 3
34 83 17
45 92 16
46 57 12
5 19 2
37 88 6
17 30 6
57 66 12
76 79 7
68 75 13
15 69 13
27 43 20
6 20 1
19 39 12
30 48 17
71 86 9
42 59 16
0 62 13
40 98 19
19 75 17
60 76 9
20 40 14
39 53 12
12 36 14
11 71 12
4 32 13
41 99 19
33 95 15
34 60 10
25 91 12
45 69 17
64 82 11
37 65 11
56 78 16
3 72 19
22 85 9
15 46 14
34 96 3
67 93 12
46 70 11
38 66 6
8 43 4
26 91 4
19 52 1
11 48 9
71 99 14
1 3 10
60 89 16
33 72 17
12 49 5
4 45 20
45 46 11
2 84 15
1 39 3
34 73 4
45 82 6
38 43 14
78 79 13
9 16 9
49 52 4
22 98 13
14 94 5
55 95 1
15 59 7
27 33 11
19 29 16
11 25 14
30 38 15
71 76 1
82 85 20
8 56 2
40 88 14
0 52 1
52 62 16
4 22 10
75 82 8
41 89 7
33 85 4
34 50 2
74 86 11
93 99 10
25 81 20
44 94 12
45 59 16
85 95 8
64 72 14
53 63 3
37 55 9
3 62 7
14 71 18
67 83 3
26 45 13
59 79 19
18 41 1
78 92 5
70 88 10
28 91 15
48 69 11
27 46 2
40 65 8
0 29 3
6 72 11
63 85 11
21 88 7
60 79 6
25 58 10
10 78 13
2 74 14
74 99 7
66 95 1
37 68 3
3 75 4
36 72 12
15 49 1
7 45 15
47 81 17
67 96 5
0 6 5
9 91 9
48 82 16
40 78 9
0 42 10
6 85 20
12 16 2
44 48 1
10 55 14
34 40 1
74 76 3
25 71 7
32 79 10
51 92 20
2 87 3
22 65 19
15 26 6
7 22 20
26 35 8
18 31 14
78 82 9
70 78 15
89 91 15
9 68 2
29 46 12
8 23 13
48 59 14
40 55 11
0 19 2
5 97 19
11 28 12
63 75 4
29 82 12
62 79 17
33 52 18
73 88 13
31 91 9
3 29 8
14 38 17
74 89 9
16 84 20
36 62 20
55 75 8
47 71 6
29 59 14
21 55 7
40 68 2
6 75 6
3 6 5
62 92 19
54 88 1
12 91 16
4 87 8
32 69 3
43 78 19
3 42 3
35 74 14
14 51 13
47 48 15
13 92 2
16 97 11
36 75 17
28 71 19
29 36 8
47 84 20
21 32 5
40 45 4
0 9 11
58 99 12
62 69 5
54 65 13
0 94 20
73 78 13
33 42 7
25 38 13
39 85 1
31 81 9
51 59 17
23 77 2
2 54 20
43 55 1
22 32 7
14 28 2
32 82 20
24 78 10
35 87 2
36 52 15
55 65 14
1 94 17
5 64 14
6 29 16
38 98 3
17 75 5
58 76 6
9 71 18
69 85 11
27 88 14
19 84 15
10 35 6
2 31 17
62 82 1
13 46 1
31 94 18
32 59 13
43 68 3
16 51 11
46 79 7
5 41 17
65 92 13
17 52 7
36 65 15
9 48 9
49 84 10
28 61 10
15 91 12
21 22 10
5 77 5
6 42 8
18 96 16
10 12 19
69 98 13
42 81 19
2 8 20
54 55 6
20 62 18
39 75 12
31 71 4
32 36 11
3 9 3
87 88 2
13 59 14
4 90 18
17 29 1
35 77 14
76 78 19
9 25 2
88 89 16
46 92 16
5 54 12
6 19 1
58 66 4
77 79 20
50 62 6
69 75 6
8 65 18
27 78 7
20 39 12
11 70 9
30 83 8
31 48 20
91 99 12
42 94 7
2 21 11
54 68 1
13 36 5
72 85 11
23 80 7
24 45 17
43 58 8
35 54 5
1 61 2
5 31 3
17 42 1
15 81 7
26 90 9
27 55 4
18 86 16
30 60 16
50 75 1
42 71 11
61 84 1
8 78 11
27 91 13
20 52 7
11 83 7
39 65 9
31 61 13
23 57 4
13 49 4
64 94 3
56 90 19
17 19 3
16 54 16
3 84 10
9 15 12
14 93 13
26 67 9
5 44 5
6 9 8
57 91 6
50 52 10
42 48 5
27 68 11
18 99 3
19 64 7
20 29 5
2 11 4
75 81 5
41 88 1
1 15 10
52 97 15
12 61 1
13 26 19
4 57 6
44 93 19
72 75 14
64 71 13
56 67 16
16 31 10
35 44 14
2 96 16
22 74 1
34 85 12
53 98 14
5 21 14
86 95 1
37 90 6
38 55 10
3 97 3
9 28 2
68 77 5
15 71 20
8 32 1
26 80 17
27 45 19
19 41 13
11 37 18
30 50 5
71 88 11
63 84 9
8 68 2
20 42 20
12 38 3
31 51 17
75 94 1
1 28 2
33 97 14
34 62 18
53 75 20
22 87 11
14 83 14
15 48 1
67 95 2
59 91 7
38 68 12
7 80 18
8 45 19
27 58 19
19 54 11
11 50 5
12 15 1
23 24 8
41 78 17
34 39 13
52 87 8
13 16 17
44 83 15
37 44 2
56 57 15
2 86 19
3 51 13
67 72 2
5 11 8
37 80 16
38 45 2
57 58 10
3 87 6
89 90 12
7 57 17
47 93 19
26 70 9
0 18 6
19 31 6
79 82 3
11 27 6
30 40 9
71 78 14
90 91 3
63 74 5
48 94 14
21 77 3
0 54 16
41 55 2
60 68 13
20 32 10
12 28 15
44 60 20
4 24 13
2 63 5
22 41 3
34 52 6
53 65 4
25 83 20
44 96 14
85 97 19
37 57 4
56 70 14
3 64 17
22 77 18
7 34 4
26 47 20
67 85 9
18 43 7
59 81 7
78 94 10
70 90 3
36 97 10
29 58 1
48 71 15
19 44 20
21 90 17
52 77 2
44 73 17
66 97 7
0 8 9
18 56 1
19 21 4
17 97 5
63 64 15
48 84 10
41 45 17
33 41 14
25 37 6
4 14 1
10 57 7
2 53 18
14 27 4
74 78 4
25 73 19
66 74 14
45 51 18
85 87 16
32 81 9
24 77 15
43 90 8
55 64 13
47 60 15
67 75 12
26 37 10
59 71 9
78 84 10
70 80 20
17 74 11
36 87 13
28 83 20
11 30 13
6 64 12
10 34 15
21 80 3
62 81 12
54 77 14
73 90 2
25 50 8
31 93 18
51 71 3
2 66 9
3 31 15
22 44 1
14 40 18
66 87 16
13 81 6
35 99 12
36 64 11
28 60 19
7 37 10
5 76 2
6 41 7
69 97 12
6 77 10
10 47 20
2 43 10
3 8 7
62 94 17
54 90 4
14 17 14
12 93 3
13 58 9
4 89 2
32 71 3
3 44 15
43 80 5
35 76 6
15 18 3
1 83 15
47 50 4
18 23 11
17 64 1
49 96 8
77 78 6
69 74 15
48 51 10
80 83 15
5 89 4
6 54 7
50 97 11
42 93 13
62 71 18
73 80 12
33 44 11
25 40 2
32 48 1
23 79 1
84 95 15
35 53 7
66 77 15
32 84 12
24 80 20
35 89 11
36 54 15
9 37 13
55 67 20
28 50 15
1 96 19
68 86 19
47 63 18
5 66 11
6 31 16
77 91 19
29 51 8
42 70 7
61 83 15
80 96 10
27 90 7
11 82 15
31 60 1
2 33 20
54 80 10
20 87 15
12 83 19
31 96 8
4 79 10
32 61 3
72 97 12
51 74 11
16 53 16
17 18 11
35 66 8
46 81 2
6 8 18
65 94 1
49 86 13
9 50 7
6 44 3
30 72 12
50 87 7
10 14 20
42 83 2
2 10 9
61 96 1
0 86 15
19 99 6
11 95 3
32 38 17
23 69 20
84 85 13
1 50 9
45 93 12
37 89 3
65 71 17
16 66 12
57 67 18
3 96 18
36 44 11
28 40 1
5 56 8
58 68 17
49 99 5
77 81 12
42 60 10
61 73 13
0 63 2
19 76 3
11 72 9
39 54 20
75 93 13
33 96 3
53 74 4
72 87 20
24 47 17
84 98 12
16 43 19
35 56 10
1 63 2
46 71 9
65 84 18
57 80 19
76 93 17
7 79 15
18 88 13
19 53 15
50 77 16
42 73 8
8 80 16
60 90 18
52 86 18
4 46 14
23 59 4
1 40 10
34 74 9
45 83 18
5 10 4
38 44 11
56 92 16
17 21 15
3 86 11
9 17 14
22 99 17
49 53 13
28 30 4
14 95 12
27 34 17
46 84 17
18 65 17
38 80 10
79 81 2
49 89 6
82 86 2
42 50 6
61 63 3
15 96 2
7 92 7
48 93 8
27 70 13
0 53 16
39 44 6
30 75 9
31 40 17
4 23 3
23 36 3
83 87 3
75 83 18
94 96 13
1 17 15
53 64 14
25 82 5
45 60 3
24 37 4
64 73 8
56 69 17
46 61 10
78 93 20
57 70 20
49 66 15
27 47 17
0 30 19
79 94 18
63 86 5
82 99 19
29 93 3
21 89 9
60 80 18
20 44 1
11 75 10
12 40 12
23 49 3
10 79 8
33 99 4
34 64 16
25 95 6
45 73 16
37 69 11
56 82 17
3 76 14
15 50 18
67 97 17
26 59 11
18 55 15
7 82 8
0 43 6
40 79 12
19 56 9
20 21 9
6 86 10
4 13 2
63 99 3
1 7 5
25 72 20
44 85 18
14 62 5
26 36 2
46 51 1
38 47 4
70 79 8
89 92 14
15 63 6
47 95 10
48 60 15
0 20 1
18 68 17
79 84 18
11 29 18
5 98 6
71 80 8
30 42 10
48 96 11
40 92 16
60 70 2
6 99 7
12 30 3
25 49 8
22 43 9
33 89 15
34 54 1
25 85 10
66 86 5
45 63 19
37 59 13
3 66 20
55 76 10
59 83 9
18 45 8
78 96 14
17 86 7
36 99 18
28 95 2
29 60 5
8 37 13
40 69 7
11 42 1
10 46 18
29 96 16
21 92 19
33 66 16
10 82 1
51 83 8
2 78 20
22 56 4
14 52 6
7 13 12
66 99 11
13 93 20
59 60 12
18 22 11
16 98 18
17 63 13
28 72 13
8 14 7
48 50 7
0 10 3
11 19 11
30 32 4
17 99 20
9 95 1
29 73 13
40 82 7
52 56 17
44 52 1
22 33 18
74 80 2
66 76 14
85 89 7
3 56 18
35 88 5
36 53 10
7 26 7
67 77 20
59 73 7
18 35 20
17 76 10
28 85 6
29 50 7
48 63 6
21 46 16
80 95 10
40 59 13
33 56 11
20 86 9
39 99 7
31 95 15
32 60 15
23 91 17
14 42 20
66 89 14
13 83 8
32 96 17
24 92 10
17 53 1
36 66 11
55 79 20
3 10 14
62 96 1
14 19 14
12 95 4
32 73 8
4 91 2
51 86 13
24 69 4
16 65 13
35 78 5
55 56 3
1 85 9
88 90 10
46 93 1
38 89 9
49 98 11
28 75 3
29 40 13
21 36 2
40 49 1
92 96 18
50 99 8
42 95 3
2 22 1
62 73 10
0 98 9
73 82 2
25 42 3
31 85 5
32 50 5
4 68 3
23 81 19
3 23 19
35 55 4
65 83 6
17 43 10
9 39 11
68 88 14
50 76 6
0 75 5
19 88 2
20 53 10
11 84 1
10 39 2
12 85 4
13 50 16
23 94 20
64 95 11
43 72 11
16 55 15
28 29 10
1 75 7
5 45 16
65 96 3
38 79 15
9 52 13
29 30 19
15 95 11
61 62 20
21 26 18
7 91 6
27 69 16
39 43 15
30 74 13
50 89 11
8 92 1
54 59 4
0 88 1
20 66 1
11 97 6
52 98 10
39 79 10
31 75 18
32 40 18
72 76 11
24 36 12
84 87 19
16 32 9
35 45 11
95 96 14
1 52 9
34 86 5
13 63 3
65 73 15
37 91 9
16 68 5
57 69 19
9 29 17
49 65 17
15 72 7
5 58 8
46 96 6
79 93 7
42 62 9
82 98 15
27 82 11
0 65 10
19 78 6
39 56 8
12 39 11
30 87 16
1 29 17
33 98 4
12 75 4
53 76 5
25 94 7
4 71 10
45 72 17
24 49 8
1 65 4
34 99 3
46 73 6
68 91 3
15 85 5
8 46 2
26 94 4
27 59 18
18 90 13
19 55 14
30 64 16
23 25 5
8 82 3
41 79 12
20 56 19
13 17 6
31 65 17
4 48 9
44 84 13
23 61 9
24 26 9
10 91 16
16 22 13
1 42 16
45 85 6
5 12 15
46 50 8
37 81 9
56 94 12
17 23 11
3 88 14
14 97 2
7 58 8
18 67 17
38 82 10
79 83 20
90 92 18
42 52 11
7 94 19
48 95 19
27 72 7
0 55 12
11 64 19
12 29 8
30 77 6
31 42 1
6 98 15
83 89 14
75 85 20
1 19 15
34 53 5
13 30 15
53 66 1
72 79 17
45 62 12
44 97 13
64 75 19
37 58 14
56 71 9
16 35 6
34 89 3
86 99 6
5 25 10
78 95 19
57 72 20
70 91 13
49 68 11
7 71 2
8 36 3
27 49 17
18 80 13
0 68 16
12 42 19
52 78 9
44 74 7
10 81 3
2 77 17
1 32 2
34 66 2
37 71 12
56 84 13
22 91 4
14 87 16
55 88 13
26 61 4
59 95 9
18 57 1
19 22 19
11 18 3
30 31 10
17 98 11
63 65 4
9 94 6
8 49 3
4 15 20
41 82 11
1 9 20
52 91 11
25 74 7
45 52 17
37 48 2
10 94 6
56 61 3
2 90 12
22 68 5
14 64 20
15 29 20
67 76 5
59 72 12
38 49 11
78 85 18
70 81 20
89 94 1
47 97 2
48 62 4
7 61 18
8 26 18
19 35 20
11 31 17
30 44 2
63 78 14
82 91 9
48 98 6
81 95 13
33 55 10
52 68 14
25 51 11
44 64 14
2 67 15
3 32 10
14 41 1
74 92 15
66 88 7
37 61 17
24 91 9
3 68 9
15 42 5
47 74 13
26 51 3
18 47 17
78 98 20
28 97 19
29 62 4
21 58 10
6 78 16
4 5 19
10 48 18
21 94 6
62 95 10
54 91 18
25 64 12
37 38 11
51 85 7
15 19 11
13 95 2
59 62 5
18 24 8
17 65 12
28 74 10
29 39 9
8 16 16
0 12 4
19 25 14
11 21 19
9 97 11
29 75 2
73 81 11
25 41 12
10 61 10
22 35 9
74 82 15
66 78 6
13 72 2
24 81 4
43 94 3
1 97 19
77 92 13
9 74 1
28 87 10
69 88 8
48 65 18
40 61 4
2 34 17
62 85 6
54 81 9
73 94 9
20 88 16
12 84 16
31 97 17
23 93 20
3 35 6
43 71 8
35 67 12
14 44 1
13 85 13
24 94 14
65 95 2
36 68 8
28 64 20
21 25 3
5 80 11
50 88 9
10 15 20
42 84 5
61 97 1
8 91 19
54 58 12
25 31 3
31 74 1
10 51 19
23 70 20
3 12 14
43 48 19
14 21 6
13 62 6
4 93 14
32 75 10
24 71 5
17 32 3
76 81 17
36 45 18
28 41 4
1 87 7
88 92 20
47 54 1
46 95 4
6 22 3
5 57 1
17 68 5
9 64 16
80 87 18
40 51 15
27 81 8
19 77 12
39 55 9
62 75 13
20 78 14
39 91 5
13 39 8
72 88 13
4 70 14
23 83 11
24 48 14
3 25 1
16 44 7
35 57 2
13 75 8
46 72 15
5 34 6
57 81 10
36 58 14
68 90 10
5 70 6
6 35 1
58 82 1
50 78 14
69 91 13
61 87 16
8 81 4
19 90 13
11 86 16
39 68 15
31 64 8
23 60 5
2 37 12
1 41 20
12 87 20
13 52 12
32 65 13
45 84 8
4 83 9
24 61 19
64 97 20
56 93 14
1 77 3
5 47 11
6 12 9
9 54 7
42 51 17
15 97 1
27 71 1
19 67 6
39 45 18
30 76 9
31 41 5
91 92 2
42 87 8
83 88 8
62 65 3
8 94 1
94 97 3
54 61 18
20 68 17
11 99 6
12 64 3
32 42 4
4 60 14
23 73 2
64 74 5
72 78 5
51 55 13
35 47 18
95 98 7
34 88 1
45 97 3
46 62 15
37 93 20
76 84 12
49 67 2
15 74 2
7 70 7
26 83 14
27 48 10
6 25 10
18 79 17
38 94 5
79 95 12
42 64 15
27 84 1
0 67 4
60 81 3
20 45 8
11 76 1
12 41 17
30 89 13
31 54 20
39 58 1
23 50 5
75 97 3
34 65 3
72 91 8
24 51 2
64 87 11
56 83 14
16 47 17
22 90 2
26 60 2
46 75 2
38 71 1
57 84 20
49 80 9
26 96 12
27 61 13
0 44 18
20 22 12
12 18 19
23 27 12
2 4 12
0 80 11
41 81 13
1 8 19
20 58 14
33 77 20
52 90 9
44 86 2
23 63 2
22 67 10
45 87 6
86 88 9
5 14 16
37 83 10
38 48 11
57 61 11
89 93 2
68 70 12
14 99 1
15 64 14
8 25 2
27 38 3
18 69 11
79 85 20
42 54 6
82 90 5
29 84 12
8 61 13
20 35 13
11 66 7
52 67 18
12 31 14
72 81 1
45 64 14
3 67 9
22 80 3
14 76 9
15 41 11
26 50 1
59 84 7
18 46 12
49 70 18
15 77 15
28 96 1
7 73 19
48 74 12
27 51 20
18 82 1
79 98 18
11 43 1
63 90 10
29 97 13
33 67 5
25 63 7
4 40 4
22 57 3
14 53 12
26 27 12
37 73 10
14 89 17
15 54 13
7 50 11
8 15 17
27 28 5
0 11 3
59 97 10
11 20 10
63 67 4
9 96 8
21 70 7
41 48 19
60 61 9
52 57 20
4 17 2
10 60 13
75 77 4
41 84 3
53 58 1
44 89 18
45 54 19
37 50 2
10 96 8
51 97 1
43 93 7
3 57 4
26 40 12
59 74 17
47 99 4
40 60 3
0 24 1
19 37 11
6 67 2
11 33 6
71 84 14
63 80 9
29 87 16
21 83 2
41 61 3
81 97 7
33 57 14
44 66 2
10 73 18
3 34 12
22 47 4
74 94 11
13 84 16
32 97 11
24 93 20
15 44 14
7 40 7
67 91 9
18 49 4
59 87 12
70 96 20
17 90 12
29 64 8
40 73 4
33 34 1
6 80 20
25 30 7
4 7 7
10 50 10
2 46 2
62 97 3
54 93 14
12 96 11
32 74 6
35 79 20
14 56 15
15 21 8
1 86 11
26 30 8
13 97 5
59 64 20
36 80 12
55 93 4
28 76 5
21 37 17
0 14 3
40 50 15
5 92 3
6 57 11
11 23 10
81 87 14
33 47 14
25 43 3
44 56 12
39 90 7
51 64 11
2 59 7
43 60 2
14 33 8
74 84 4
13 74 17
32 87 1
24 83 18
43 96 14
16 79 5
35 92 2
6 34 13
17 80 9
58 81 14
77 94 5
9 76 2
29 54 18
69 90 12
80 99 13
40 63 10
27 93 7
6 70 7
10 40 17
62 87 13
54 83 5
73 96 2
13 51 12
32 64 17
23 95 7
51 77 19
43 73 9
16 56 9
3 37 3
1 76 10
13 87 16
5 46 5
17 57 17
9 53 6
29 31 3
21 27 4
58 94 20
10 17 10
42 86 14
8 93 7
0 89 2
20 67 6
39 80 4
11 98 10
31 76 7
84 88 20
1 53 2
66 70 2
12 99 20
13 64 2
4 95 4
24 73 7
65 74 7
17 34 1
35 82 4
76 83 9
36 47 2
96 98 5
47 56 14
9 66 10
69 80 8
29 44 18
61 76 11
21 40 17
27 83 13
31 53 20
10 30 4
42 99 12
2 26 18
62 77 19
54 73 15
12 76 8
51 67 19
24 50 6
23 85 20
16 46 17
35 59 10
1 66 10
5 36 18
65 87 1
17 47 16
76 96 11
49 79 12
68 92 8
26 95 2
6 37 17
18 91 8
58 84 10
61 89 6
19 92 20
20 57 2
39 70 19
12 53 9
11 88 19
4 49 7
34 77 6
4 85 14
45 86 19
56 95 17
17 24 14
36 37 20
68 69 11
14 98 5
26 72 6
5 49 6
58 61 17
50 57 6
69 70 5
42 53 9
15 99 15
61 66 2
7 95 8
8 60 16
27 73 16
19 69 17
39 47 9
30 78 9
75 86 15
41 93 19
20 70 9
12 66 4
13 31 10
53 67 19
23 75 11
24 40 15
43 53 6
84 91 5
56 72 13
35 49 16
22 79 3
87 96 8
34 90 18
45 99 15
5 26 17
38 60 5
49 69 5
68 82 1
26 85 3
79 97 17
30 55 5
42 66 15
0 69 10
20 47 4
11 78 19
12 43 13
39 60 1
4 39 19
1 33 5
34 67 7
25 98 13
13 44 5
72 93 15
37 72 12
16 49 11
3 79 2
9 10 3
15 53 8
5 39 2
18 58 15
15 89 11
27 63 16
19 59 15
20 24 13
30 68 13
23 29 1
75 76 1
41 83 10
60 96 19
12 56 1
52 92 3
13 21 18
4 52 18
24 30 1
2 91 4
22 69 19
34 80 5
45 89 17
86 90 18
65 67 18
3 92 10
68 72 4
15 66 14
7 62 9
18 71 7
19 36 14
79 87 1
11 32 10
71 83 7
90 96 14
82 92 5
48 99 8
21 82 14
40 95 18
60 73 4
11 68 15
23 42 20
10 72 18
75 89 19
74 93 7
34 57 9
53 70 15
25 88 9
22 82 20
14 78 14
15 43 11
26 52 9
38 63 10
78 99 1
7 75 19
48 76 8
11 45 19
6 79 2
30 58 17
29 99 9
21 95 1
60 86 14
25 65 6
44 78 10
37 39 13
2 81 20
15 20 4
26 29 18
13 96 15
5 6 16
38 40 5
3 82 10
36 79 3
15 56 13
55 92 1
7 52 2
8 17 8
26 65 1
18 61 12
19 26 2
5 91 12
11 22 16
30 35 14
63 69 9
29 76 11
21 72 13
40 85 16
41 50 6
60 63 10
33 46 6
10 62 20
2 58 14
74 83 1
34 47 16
93 96 9
66 79 16
45 56 5
56 65 7
2 94 4
3 59 15
43 95 13
22 72 7
15 33 8
67 80 19
26 42 14
86 93 7
78 89 11
70 85 15
89 98 10
36 92 4
9 75 3
28 88 19
29 53 14
8 30 6
48 66 12
0 26 11
40 62 4
6 69 20
29 89 2
62 86 5
81 99 3
41 63 19
33 59 16
73 95 1
25 55 13
44 68 7
31 98 1
51 76 16
3 36 1
66 92 19
36 69 18
28 65 5
7 42 8
11 12 15
17 92 13
29 66 4
61 98 7
21 62 4
4 9 11
44 45 1
3 13 2
22 26 15
14 22 8
66 69 13
37 42 15
43 85 13
3 49 16
35 81 6
36 46 16
55 59 20
96 97 14
7 19 19
59 66 18
70 75 10
29 43 2
48 56 15
80 88 2
0 16 8
5 94 10
10 29 8
42 98 10
2 25 13
21 75 9
81 89 13
73 85 4
31 88 17
2 61 3
13 76 11
32 89 13
43 98 16
16 81 3
17 46 14
76 95 11
36 59 16
9 42 3
5 71 14
6 36 16
17 82 7
50 79 3
61 88 1
27 95 16
10 42 9
54 85 9
73 98 15
4 84 17
43 75 17
28 32 20
1 78 13
7 9 8
46 86 17
5 48 9
65 99 14
57 95 2
58 60 16
17 59 5
15 98 8
61 65 9
21 29 19
6 49 7
58 96 3
50 92 8
10 19 1
2 15 11
54 62 5
25 35 18
20 69 8
12 65 4
32 43 15
23 74 2
24 39 4
84 90 20
35 48 9
14 25 17
95 99 18
1 55 2
45 98 19
24 75 17
65 76 1
76 85 18
9 32 13
68 81 13
88 96 3
47 58 8
38 95 8
50 69 9
21 42 3
80 91 9
8 72 3
27 85 15
11 77 18
39 59 7
30 90 15
31 55 8
10 32 8
20 82 6
12 78 7
32 56 5
16 48 6
35 61 20
5 38 13
46 76 7
17 49 5
57 85 6
49 81 8
7 84 20
27 62 2
6 39 12
18 93 1
30 67 19
50 82 14
42 78 8
2 5 3
27 98 4
0 81 8
19 94 7
60 95 20
20 59 17
39 72 20
4 51 9
24 29 7
1 45 6
34 79 8
53 92 11
45 88 11
46 53 2
56 97 10
17 26 6
16 61 7
68 71 8
15 65 4
5 51 3
6 16 17
18 70 15
38 85 17
79 86 18
58 63 16
98 99 20
49 94 17
50 59 20
61 68 10
27 75 6
20 36 12
11 67 17
12 32 12
39 49 19
31 45 7
91 96 15
83 92 17
75 88 14
41 95 20
1 22 11
33 91 10
12 68 15
4 64 9
45 65 4
64 78 14
35 51 15
22 81 6
1 58 2
46 66 12
65 79 15
37 97 9
38 62 17
49 71 9
68 84 13
7 74 6
26 87 9
27 52 13
11 44 14
71 95 16
63 91 9
42 68 5
8 75 19
0 71 18
11 80 17
23 54 5
53 82 1
45 78 13
64 91 16
37 74 9
38 39 11
56 87 11
22 94 9
26 64 19
27 29 13
59 98 4
30 34 13
71 72 10
42 45 19
7 87 10
48 88 14
40 84 15
0 48 4
20 26 6
60 62 17
1 12 9
60 98 13
33 81 7
93 95 15
53 59 20
45 55 1
37 51 13
10 97 2
16 28 11
2 93 1
34 82 18
67 79 4
26 41 13
86 92 14
46 56 20
78 88 7
3 94 20
89 97 9
36 91 12
8 29 2
27 42 16
18 73 6
19 38 13
11 34 1
71 85 17
90 98 11
82 94 9
41 62 8
60 75 5
33 58 5
12 35 20
52 71 6
4 31 2
10 74 7
2 70 3
22 48 15
33 94 18
34 59 20
53 72 18
66 91 7
45 68 10
37 64 3
32 98 9
15 45 11
26 54 20
67 92 6
59 88 11
70 97 3
17 91 1
6 81 2
4 8 3
21 97 4
1 2 6
34 36 17
52 84 19
25 67 3
44 80 12
37 41 10
10 87 17
22 61 1
15 22 8
7 18 7
18 27 11
38 42 18
70 74 4
15 58 17
55 94 14
7 54 14
48 55 2
47 90 16
27 32 14
0 15 9
18 63 4
11 24 1
92 98 15
71 75 3
82 84 9
29 78 16
40 87 2
81 88 3
52 61 4
2 60 10
22 38 16
74 85 20
93 98 16
25 80 1
85 94 9
45 58 9
24 84 7
43 97 11
35 93 1
14 70 5
15 35 7
7 31 3
47 67 16
36 94 7
28 90 13
29 55 12
48 68 16
21 51 20
40 64 6
6 71 14
10 41 5
73 97 14
33 61 16
44 70 5
10 77 7
23 96 20
51 78 6
3 38 5
22 51 15
14 47 7
7 8 2
66 94 7
