100 200 0
6 18 3
2 39 12
5 10 15
34 92 5
8 18 11
28 94 10
14 40 8
5 92 13
51 89 12
50 91 14
36 64 18
18 92 14
30 57 5
45 85 12
8 66 15
46 59 14
9 74 15
4 32 7
5 94 18
4 96 3
94 96 2
4 41 4
33 77 5
24 74 3
42 89 15
79 83 4
72 77 8
33 40 15
15 89 19
33 49 18
11 55 10
30 68 7
12 93 19
14 90 7
27 93 8
1 83 19
1 28 7
71 81 15
33 42 13
17 55 1
5 53 9
2 54 1
3 19 20
3 83 3
28 82 11
78 95 11
1 85 11
33 35 14
49 69 19
1 94 11
59 63 8
14 58 1
82 92 10
39 87 12
28 75 7
13 53 13
43 66 19
14 30 7
51 79 16
14 94 20
32 75 11
25 70 1
45 48 13
10 26 11
16 76 1
0 25 2
11 25 4
79 98 7
16 94 2
25 97 1
3 69 16
84 88 8
5 11 18
22 27 10
0 61 7
41 62 2
3 23 20
86 94 15
43 59 14
46 58 10
26 52 14
49 54 5
16 51 13
7 48 4
44 67 12
0 82 18
93 99 4
2 24 3
45 59 19
85 95 13
36 56 10
73 75 20
58 71 11
60 77 11
70 79 16
89 92 13
23 37 4
8 70 20
50 85 2
28 91 1
31 62 8
85 97 16
1 91 15
57 90 11
34 70 20
14 64 20
28 63 7
13 32 8
18 25 13
72 90 14
7 34 17
3 82 8
87 88 8
36 79 12
23 94 15
43 72 19
16 55 17
34 91 13
56 91 18
58 91 3
52 84 6
33 80 11
47 51 2
8 99 16
15 31 11
51 60 10
42 58 2
16 39 12
18 36 11
15 49 1
21 99 17
59 83 9
45 84 14
10 16 17
19 28 6
29 60 10
51 90 7
9 36 15
6 76 15
48 91 10
14 77 4
16 96 8
95 96 17
35 45 11
70 85 13
53 99 4
61 82 18
83 88 9
34 49 11
14 43 11
28 42 4
85 94 1
15 17 19
4 51 12
13 84 13
40 80 19
57 96 5
67 73 14
84 98 8
56 79 10
33 59 8
24 56 15
11 56 11
19 69 6
10 66 14
7 49 19
10 11 19
31 98 20
34 97 17
17 26 20
19 23 9
65 75 19
2 7 19
28 81 5
37 84 2
22 49 6
39 56 1
23 48 13
75 86 3
94 99 6
9 95 18
83 99 15
52 93 11
13 22 8
3 54 14
35 86 13
7 15 12
40 82 14
12 75 20
90 95 11
67 75 20
18 33 20
59 71 20
0 49 9
63 96 10
25 57 15
11 12 11
31 45 10
76 77 10
9 33 14
