100 4950 0
13 88 13
16 93 1
29 32 19
6 48 9
9 90 20
50 91 11
41 42 8
25 34 13
44 47 16
2 50 18
4 96 9
36 48 11
55 61 7
96 99 17
29 45 12
48 58 5
6 61 15
25 47 5
43 64 13
1 67 16
17 48 19
36 61 17
31 67 4
3 5 11
24 64 8
43 77 6
1 80 18
17 61 4
58 62 8
61 67 9
10 21 3
54 64 17
73 77 12
12 67 15
31 80 8
3 18 20
5 27 14
65 78 15
68 83 6
26 86 7
58 75 10
42 67 9
61 80 18
80 93 2
0 70 14
19 83 15
12 80 5
53 81 15
72 94 16
56 86 9
9 11 8
46 78 11
5 40 17
65 91 18
49 83 16
68 96 9
7 86 10
26 99 4
42 80 1
0 83 3
19 96 4
60 97 15
13 22 13
32 35 10
16 27 4
35 40 4
34 81 16
53 94 7
37 86 4
56 99 16
9 24 13
28 37 12
27 41 18
30 46 11
90 97 20
7 99 5
20 38 15
39 51 5
4 30 1
23 43 6
83 94 4
41 97 20
13 35 8
25 89 8
16 40 5
34 94 19
37 99 4
8 41 3
27 54 17
11 46 15
30 59 8
71 97 7
20 51 2
4 43 19
23 56 8
22 60 6
38 41 3
15 57 20
18 62 14
50 51 13
8 54 20
11 59 3
52 60 11
1 14 13
45 57 16
64 70 1
3 60 1
22 73 15
38 54 6
15 70 2
18 75 14
33 60 4
52 73 7
10 76 7
45 70 19
3 73 4
47 79 9
0 4 7
21 63 1
40 76 6
12 14 15
33 73 1
10 89 10
51 90 7
7 20 4
67 71 10
26 33 6
70 76 18
28 79 9
47 92 16
0 17 13
19 30 18
5 95 15
63 73 20
21 76 17
40 89 9
81 90 10
39 93 7
14 36 9
74 87 7
13 77 12
32 90 17
16 82 20
35 95 1
7 33 17
67 84 4
26 46 13
70 89 7
9 79 15
28 92 19
69 93 15
2 39 1
62 90 20
20 93 9
23 98 6
14 49 17
13 90 16
16 95 16
29 34 7
6 50 8
9 92 7
50 93 20
41 44 13
8 96 15
25 36 11
44 49 10
2 52 11
4 98 20
36 50 1
55 63 13
38 96 7
29 47 9
6 63 2
24 53 3
43 66 9
1 69 9
17 50 16
36 63 4
31 69 1
3 7 17
24 66 10
43 79 18
1 82 1
58 64 3
61 69 14
80 82 16
19 72 7
10 23 9
54 66 13
12 69 18
31 82 20
72 83 13
5 29 7
46 67 6
65 80 7
49 72 20
68 85 11
26 88 5
58 77 10
42 69 16
61 82 18
0 72 2
19 85 12
12 82 5
53 83 10
72 96 11
56 88 1
9 13 11
14 91 15
5 42 9
46 80 2
65 93 17
49 85 1
68 98 15
21 23 1
7 88 20
20 27 14
39 40 6
23 32 3
0 85 13
41 86 6
60 99 12
13 24 12
32 37 4
44 91 16
16 29 11
35 42 18
34 83 20
53 96 18
37 88 15
9 26 15
27 43 1
71 86 14
30 48 5
90 99 12
20 40 11
39 53 9
4 32 6
23 45 20
83 96 13
41 99 5
13 37 8
25 91 7
16 42 11
15 46 7
34 96 20
18 51 17
8 43 17
27 56 17
11 48 2
30 61 17
71 99 14
1 3 6
4 45 6
45 46 19
22 62 14
38 43 16
15 59 2
18 64 1
8 56 10
11 61 17
52 62 17
10 65 12
1 16 3
45 59 2
64 72 8
3 62 19
22 75 3
38 56 6
40 65 8
33 62 20
52 75 15
10 78 12
3 75 18
47 81 20
0 6 2
21 65 15
40 78 4
12 16 6
33 75 11
74 76 11
32 79 13
51 92 3
35 84 8
7 22 8
26 35 5
67 73 11
70 78 14
89 91 2
9 68 13
28 81 12
47 94 3
0 19 11
5 97 6
63 75 7
21 78 3
62 79 15
81 92 15
39 95 14
14 38 7
74 89 14
13 79 10
32 92 3
16 84 12
35 97 7
7 35 7
9 81 2
28 94 17
69 95 15
2 41 2
62 92 10
20 95 7
4 87 2
14 51 17
13 92 10
16 97 8
57 98 8
29 36 2
48 49 16
6 52 10
50 95 20
8 98 19
25 38 9
44 51 4
2 54 12
43 55 6
84 93 10
87 98 8
17 39 5
36 52 8
55 65 6
38 98 9
29 49 18
6 65 14
24 55 3
43 68 5
1 71 5
17 52 2
36 65 13
10 12 17
54 55 19
12 58 13
31 71 9
3 9 8
24 68 20
65 69 5
68 74 1
1 84 11
58 66 10
77 79 20
42 58 13
61 71 7
80 84 9
19 74 11
10 25 16
54 68 16
12 71 6
31 84 11
72 85 17
5 31 4
46 69 6
65 82 10
49 74 7
68 87 5
7 77 8
26 90 13
58 79 4
42 71 18
61 84 16
0 74 17
19 87 5
60 88 17
16 18 2
34 72 1
53 85 19
72 98 8
37 77 3
56 90 17
9 15 14
14 93 11
46 82 9
5 44 19
49 87 19
7 90 19
20 29 2
39 42 19
23 34 5
83 85 12
0 87 13
41 88 10
13 26 20
32 39 20
44 93 1
16 31 1
35 44 6
2 96 8
34 85 11
53 98 14
37 90 8
9 28 20
8 32 9
27 45 13
11 37 9
30 50 20
71 88 11
29 91 1
20 42 13
4 34 4
23 47 8
83 98 14
25 93 9
15 48 11
18 53 2
59 91 8
8 45 5
27 58 19
11 50 13
30 63 6
1 5 9
4 47 13
45 48 14
3 51 7
22 64 20
38 45 17
57 58 10
15 61 18
18 66 2
33 51 1
52 64 3
10 67 8
1 18 4
45 61 2
3 64 12
22 77 12
40 67 14
33 64 5
52 77 3
10 80 12
28 70 17
47 83 17
0 8 6
19 21 10
5 86 12
63 64 15
21 67 1
40 80 19
14 27 14
74 78 20
32 81 9
51 94 13
35 86 3
7 24 18
26 37 6
67 75 1
70 80 2
9 70 14
28 83 5
47 96 18
0 21 12
5 99 6
21 80 16
62 81 12
81 94 1
20 84 8
39 97 1
14 40 6
74 91 20
13 81 20
32 94 7
16 86 12
35 99 19
7 37 8
6 41 15
9 83 2
50 84 14
69 97 13
25 27 14
2 43 19
62 94 4
20 97 4
4 89 7
36 41 14
13 94 16
16 99 11
29 38 15
48 51 3
92 94 16
6 54 19
50 97 9
25 40 16
2 56 14
84 95 7
43 57 9
1 60 5
17 41 10
36 54 13
55 67 19
29 51 12
31 60 9
24 57 10
43 70 4
1 73 18
17 54 8
10 14 20
54 57 6
12 60 15
31 73 15
3 11 18
5 20 3
24 70 15
65 71 5
68 76 10
26 79 1
58 68 2
77 81 6
42 60 4
61 73 16
80 86 12
0 63 12
19 76 3
54 70 5
12 73 5
53 74 10
72 87 1
56 79 13
46 71 1
5 33 16
65 84 12
49 76 5
68 89 20
7 79 7
26 92 1
42 73 1
0 76 9
19 89 1
60 90 6
13 15 5
16 20 18
34 74 11
53 87 19
37 79 1
56 92 12
9 17 19
28 30 5
14 95 13
27 34 17
46 84 9
30 39 17
49 89 12
7 92 18
48 93 9
20 31 5
39 44 7
4 23 4
23 36 5
83 87 13
41 90 6
25 82 20
13 28 18
44 95 8
16 33 18
2 98 8
34 87 13
37 92 6
78 93 4
8 34 2
27 47 18
11 39 9
30 52 14
71 90 14
29 93 16
20 44 2
4 36 1
23 49 19
25 95 8
15 50 8
18 55 3
59 93 10
17 96 3
8 47 20
11 52 11
52 53 6
1 7 7
45 50 18
3 53 16
22 66 13
38 47 17
15 63 14
18 68 6
33 53 13
52 66 19
10 69 11
1 20 16
45 63 14
3 66 7
21 56 2
40 69 20
33 66 16
10 82 20
51 83 6
7 13 9
28 72 11
47 85 9
0 10 5
19 23 9
5 88 14
63 66 13
21 69 11
40 82 4
81 83 16
14 29 12
74 80 4
13 70 9
32 83 6
51 96 8
35 88 9
7 26 8
67 77 7
26 39 11
70 82 18
9 72 3
28 85 15
0 23 19
2 32 6
62 83 4
81 96 19
20 86 12
39 99 3
23 91 3
14 42 4
13 83 6
32 96 7
16 88 16
6 43 18
9 85 17
50 86 13
69 99 2
25 29 9
2 45 17
62 96 5
20 99 5
4 91 11
36 43 13
55 56 9
38 89 16
29 40 1
48 53 10
92 96 19
6 56 11
50 99 6
25 42 4
24 46 19
43 59 20
84 97 13
1 62 11
17 43 10
36 56 12
31 62 7
24 59 8
43 72 15
1 75 20
17 56 20
61 62 18
19 65 9
10 16 10
54 59 10
12 62 6
31 75 5
72 76 15
5 22 5
46 60 18
65 73 11
49 65 3
68 78 4
26 81 17
58 70 7
42 62 11
61 75 4
0 65 2
19 78 15
12 75 18
53 76 15
72 89 2
56 81 3
14 84 19
46 73 2
5 35 13
65 86 15
49 78 3
68 91 13
7 81 9
26 94 1
23 25 7
42 75 14
0 78 1
41 79 19
60 92 18
13 17 12
44 84 13
16 22 12
34 76 18
53 89 7
37 81 20
56 94 6
9 19 16
14 97 16
27 36 18
71 79 13
30 41 1
90 92 16
7 94 11
48 95 4
20 33 1
39 46 11
6 98 6
4 25 8
23 38 11
83 89 10
41 92 8
13 30 10
25 84 19
44 97 11
16 35 16
34 89 2
37 94 17
78 95 7
36 98 15
8 36 12
27 49 20
11 41 4
71 92 6
30 54 1
29 95 10
4 38 14
22 55 16
25 97 6
66 98 16
15 52 6
18 57 20
59 95 17
17 98 9
8 49 5
11 54 6
52 55 3
1 9 5
45 52 3
64 65 11
3 55 1
22 68 12
38 49 9
33 55 5
52 68 15
10 71 16
3 68 19
47 74 20
21 58 3
40 71 20
33 68 12
10 84 10
51 85 2
7 15 9
26 28 11
70 71 4
28 74 12
47 87 14
0 12 11
19 25 3
5 90 9
63 68 6
21 71 6
62 72 15
81 85 16
39 88 6
14 31 9
74 82 11
13 72 6
32 85 6
51 98 16
16 77 12
35 90 18
7 28 18
9 74 4
28 87 18
69 88 15
2 34 14
62 85 10
81 98 12
20 88 20
23 93 12
14 44 2
13 85 19
16 90 14
6 45 14
50 88 8
8 91 6
25 31 9
11 96 17
2 47 4
43 48 4
84 86 16
4 93 4
17 32 14
36 45 20
55 58 13
38 91 20
29 42 18
6 58 20
24 48 14
84 99 18
43 61 9
1 64 1
17 45 9
36 58 14
12 51 6
31 64 2
24 61 7
1 77 20
58 59 17
42 51 2
61 64 10
19 67 10
10 18 11
54 61 7
12 64 15
31 77 17
72 78 4
46 62 15
5 24 7
65 75 9
49 67 9
68 80 7
7 70 18
26 83 17
58 72 20
42 64 1
61 77 2
0 67 3
19 80 17
60 81 3
34 65 13
53 78 16
72 91 11
37 70 18
56 83 12
14 86 4
5 37 4
46 75 13
49 80 6
7 83 14
26 96 16
20 22 7
23 27 1
0 80 5
41 81 5
60 94 5
13 19 6
44 86 13
16 24 3
2 89 11
35 37 3
34 78 19
53 91 3
37 83 14
56 96 7
9 21 8
14 99 15
8 25 1
27 38 17
71 81 1
30 43 10
90 94 1
29 84 17
48 97 5
20 35 4
4 27 17
23 40 20
83 91 1
41 94 8
25 86 13
44 99 15
15 41 13
18 46 20
59 84 14
78 97 8
8 38 19
27 51 8
11 43 8
71 94 5
30 56 6
29 97 15
4 40 6
22 57 17
25 99 10
15 54 5
59 97 6
18 59 15
52 57 3
10 60 11
1 11 14
45 54 19
3 57 16
22 70 5
40 60 3
33 57 20
52 70 13
10 73 9
47 76 2
0 1 4
5 79 14
21 60 4
40 73 5
14 20 7
32 74 1
51 87 1
35 79 12
7 17 9
26 30 5
67 68 2
70 73 6
9 63 5
28 76 15
47 89 11
0 14 11
5 92 7
21 73 6
62 74 18
81 87 14
39 90 4
14 33 5
74 84 10
13 74 3
32 87 7
16 79 15
35 92 11
7 30 17
6 34 10
9 76 14
28 89 4
69 90 10
27 93 8
30 98 16
2 36 3
62 87 4
20 90 4
4 82 20
23 95 6
13 87 7
16 92 3
57 93 18
29 31 14
6 47 19
50 90 14
8 93 7
25 33 15
11 98 5
2 49 14
84 88 20
43 50 7
1 53 2
87 93 3
4 95 12
17 34 14
36 47 17
55 60 6
96 98 19
38 93 13
29 44 12
31 53 5
24 50 9
43 63 17
1 66 8
17 47 1
12 53 4
31 66 2
3 4 13
24 63 8
68 69 11
26 72 15
58 61 19
42 53 7
61 66 14
0 56 17
19 69 7
54 63 3
12 66 18
53 67 4
72 80 2
56 72 15
46 64 17
5 26 19
65 77 6
49 69 15
68 82 17
7 72 9
26 85 9
42 66 13
0 69 15
19 82 7
60 83 13
34 67 8
53 80 14
72 93 13
37 72 15
56 85 9
9 10 9
14 88 19
5 39 9
46 77 10
49 82 1
7 85 4
48 86 15
20 24 5
23 29 5
41 83 13
60 96 3
25 75 12
13 21 14
44 88 16
16 26 4
2 91 18
34 80 18
37 85 14
78 86 7
97 99 1
8 27 2
27 40 10
11 32 19
30 45 1
71 83 5
90 96 17
29 86 17
48 99 19
20 37 8
4 29 3
23 42 1
41 96 4
25 88 12
15 43 5
18 48 15
59 86 1
78 99 12
17 89 12
8 40 1
27 53 11
11 45 16
30 58 8
71 96 3
29 99 10
3 46 18
22 59 2
38 40 20
15 56 9
18 61 19
59 99 17
33 46 8
52 59 12
10 62 11
1 13 3
45 56 15
3 59 13
22 72 10
40 62 1
33 59 10
52 72 18
10 75 17
51 76 11
28 65 7
47 78 8
0 3 6
5 81 12
21 62 11
40 75 2
14 22 13
32 76 6
51 89 13
35 81 7
7 19 1
67 70 10
26 32 18
70 75 12
9 65 2
28 78 1
47 91 3
0 16 10
5 94 14
2 25 20
21 75 2
62 76 16
81 89 12
20 79 18
39 92 8
23 84 13
14 35 17
13 76 7
32 89 2
16 81 12
35 94 1
76 95 19
6 36 11
9 78 8
50 79 2
69 92 6
27 95 16
2 38 9
62 89 15
20 92 13
4 84 5
23 97 7
13 89 10
16 94 13
57 95 6
29 33 16
15 98 9
6 49 17
50 92 6
8 95 20
25 35 8
24 39 12
43 52 17
84 90 5
1 55 2
87 95 5
4 97 13
45 98 12
17 36 15
36 49 19
38 95 19
31 55 15
75 98 18
24 52 6
43 65 7
1 68 2
17 49 11
19 58 16
12 55 14
31 68 6
5 15 1
46 53 17
65 66 1
49 58 10
68 71 9
26 74 6
58 63 11
42 55 15
61 68 3
0 58 6
19 71 14
12 68 2
53 69 7
72 82 17
56 74 18
46 66 16
5 28 6
65 79 14
49 71 8
68 84 9
7 74 15
26 87 15
42 68 3
0 71 7
41 72 2
60 85 18
44 77 17
34 69 8
53 82 4
37 74 2
56 87 15
9 12 7
14 90 9
27 29 7
71 72 15
30 34 11
7 87 15
48 88 3
20 26 6
4 18 6
23 31 18
41 85 13
60 98 9
13 23 8
25 77 19
44 90 13
16 28 19
2 93 9
34 82 5
37 87 10
78 88 4
36 91 8
8 29 3
27 42 5
11 34 13
30 47 1
71 85 17
90 98 17
29 88 10
4 31 2
23 44 19
22 48 6
25 90 3
66 91 12
15 45 4
59 88 14
18 50 11
17 91 14
8 42 7
11 47 18
1 2 5
3 48 6
22 61 14
38 42 16
15 58 10
18 63 4
33 48 20
52 61 5
10 64 9
45 58 5
3 61 15
47 67 18
21 51 5
40 64 6
33 61 5
10 77 6
51 78 9
7 8 20
28 67 2
47 80 3
0 5 12
5 83 17
21 64 11
40 77 12
39 81 18
14 24 7
74 75 4
13 65 12
32 78 17
51 91 5
16 70 19
35 83 11
7 21 20
70 77 10
9 67 10
28 80 9
69 81 7
5 96 18
2 27 19
62 78 5
81 91 14
20 81 3
39 94 15
23 86 16
14 37 18
13 78 11
32 91 2
16 83 16
35 96 11
76 97 14
6 38 15
9 80 6
50 81 19
69 94 11
8 84 1
27 97 7
11 89 18
2 40 12
62 91 15
20 94 7
4 86 11
23 99 16
17 25 7
36 38 12
38 84 8
57 97 11
29 35 9
6 51 3
50 94 15
91 95 12
8 97 20
24 41 18
84 92 5
43 54 11
1 57 6
87 97 7
4 99 5
17 38 8
36 51 2
38 97 8
12 44 8
31 57 16
24 54 13
1 70 6
42 44 18
19 60 17
10 11 14
12 57 14
31 70 3
46 55 16
5 17 19
65 68 6
49 60 14
68 73 4
7 63 9
26 76 18
58 65 4
42 57 2
61 70 10
0 60 7
19 73 6
60 74 9
34 58 12
53 71 12
72 84 16
37 63 10
56 76 15
14 79 20
5 30 7
46 68 3
49 73 10
7 76 17
26 89 17
0 73 4
41 74 11
60 87 9
44 79 10
16 17 15
34 71 18
53 84 5
37 76 7
56 89 20
9 14 13
14 92 19
27 31 18
30 36 5
71 74 6
29 77 19
48 90 1
20 28 13
6 93 4
39 41 20
4 20 2
23 33 13
83 84 5
41 87 6
25 79 7
44 92 9
85 93 16
16 30 17
2 95 1
15 34 16
18 39 9
59 77 20
78 90 8
36 93 16
8 31 18
27 44 8
11 36 9
30 49 4
71 87 6
29 90 20
4 33 3
22 50 6
25 92 14
66 93 4
15 47 12
18 52 12
59 90 12
17 93 14
8 44 12
11 49 17
10 53 8
54 96 2
1 4 3
45 47 9
3 50 5
22 63 16
40 53 4
33 50 20
52 63 12
10 66 12
3 63 20
47 69 1
5 72 4
21 53 16
40 66 6
33 63 5
32 67 18
51 80 9
35 72 13
7 10 13
9 56 15
28 69 13
47 82 1
0 7 14
5 85 18
21 66 11
62 67 11
39 83 1
14 26 19
74 77 10
13 67 6
32 80 17
51 93 19
16 72 16
35 85 14
7 23 12
6 27 4
9 69 12
28 82 11
69 83 13
27 86 6
30 91 16
2 29 14
62 80 19
81 93 1
20 83 16
39 96 1
4 75 1
23 88 17
13 80 18
16 85 5
57 86 3
76 99 18
6 40 5
50 83 3
69 96 11
8 86 20
27 99 9
25 26 14
11 91 4
2 42 1
20 96 2
4 88 9
17 27 5
36 40 14
38 86 2
57 99 4
29 37 5
31 46 9
50 96 5
91 97 13
8 99 17
24 43 7
84 94 5
43 56 16
87 99 6
1 59 8
17 40 2
38 99 18
12 46 8
31 59 8
24 56 19
42 46 14
0 49 4
19 62 2
10 13 7
54 56 9
12 59 13
53 60 6
72 73 1
46 57 3
5 19 2
65 70 18
49 62 12
68 75 19
7 65 13
26 78 12
42 59 5
0 62 10
19 75 8
60 76 13
34 60 20
53 73 18
72 86 12
37 65 7
56 78 16
14 81 4
46 70 14
5 32 12
49 75 3
7 78 17
26 91 5
41 76 9
60 89 19
13 14 12
25 68 5
44 81 12
16 19 4
2 84 14
34 73 14
37 78 12
78 79 16
9 16 11
14 94 20
55 95 5
8 20 10
27 33 7
11 25 6
71 76 2
30 38 3
29 79 13
48 92 12
20 30 14
6 95 18
4 22 16
23 35 4
41 89 17
25 81 7
44 94 15
85 95 6
2 97 3
15 36 12
59 79 11
18 41 10
78 92 17
36 95 4
8 33 1
27 46 7
11 38 7
71 89 6
30 51 12
29 92 20
4 35 13
3 39 16
22 52 17
66 95 16
24 98 4
15 49 9
18 54 9
59 92 6
17 95 4
33 39 1
10 55 13
54 98 8
1 6 10
45 49 10
3 52 16
22 65 3
40 55 19
33 52 12
52 65 7
10 68 10
51 69 19
28 58 18
47 71 20
5 74 14
21 55 20
40 68 17
14 15 7
32 69 14
51 82 18
35 74 14
7 12 17
9 58 3
28 71 3
47 84 14
0 9 6
5 87 9
21 68 16
62 69 14
81 82 11
20 72 16
39 85 15
23 77 2
14 28 7
74 79 5
13 69 5
32 82 13
16 74 5
35 87 9
76 88 2
6 29 2
9 71 13
50 72 18
69 85 11
27 88 11
30 93 7
2 31 9
62 82 13
20 85 3
39 98 8
4 77 12
23 90 3
13 82 4
16 87 19
57 88 10
15 91 8
18 96 11
6 42 8
50 85 4
69 98 8
8 88 6
25 28 13
11 93 6
24 32 3
43 45 10
87 88 17
1 48 16
4 90 19
45 91 11
17 29 16
36 42 9
38 88 16
31 48 20
91 99 1
75 91 12
24 45 14
84 96 9
43 58 9
1 61 5
17 42 13
12 48 2
31 61 9
5 8 15
49 51 2
26 67 1
42 48 7
0 51 14
19 64 11
12 61 12
53 62 11
72 75 18
56 67 15
46 59 17
5 21 6
65 72 7
49 64 1
68 77 15
7 67 17
26 80 20
42 61 4
0 64 18
60 78 7
34 62 7
53 75 10
37 67 10
56 80 2
14 83 13
7 80 18
48 81 4
4 11 2
23 24 13
41 78 17
60 91 11
13 16 20
25 70 19
44 83 2
16 21 14
2 86 20
34 75 4
37 80 2
78 81 11
14 96 11
55 97 13
8 22 14
27 35 2
11 27 18
71 78 19
30 40 16
90 91 15
29 81 6
48 94 1
20 32 17
6 97 13
4 24 20
23 37 12
22 41 9
25 83 9
44 96 9
85 97 8
2 99 9
15 38 6
18 43 3
59 81 3
78 94 20
17 84 2
36 97 9
8 35 3
11 40 2
29 94 14
3 41 3
22 54 5
66 97 6
15 51 15
59 94 12
18 56 6
17 97 9
33 41 19
52 54 3
10 57 5
45 51 7
3 54 17
47 60 20
21 44 8
40 57 15
33 54 10
10 70 10
51 71 14
28 60 9
47 73 6
5 76 18
21 57 13
40 70 2
39 74 9
14 17 18
13 58 19
32 71 1
51 84 2
16 63 7
35 76 19
7 14 7
9 60 11
28 73 2
69 74 15
5 89 20
2 20 4
62 71 17
81 84 5
20 74 20
39 87 3
23 79 11
14 30 5
13 71 4
32 84 6
16 76 17
35 89 4
76 90 14
6 31 1
9 73 8
50 74 3
69 87 2
8 77 17
27 90 4
11 82 12
30 95 7
2 33 14
62 84 20
20 87 12
4 79 6
23 92 5
64 93 15
17 18 8
38 77 12
57 90 5
15 93 12
6 44 3
18 98 17
50 87 5
8 90 9
11 95 3
24 34 16
84 85 16
43 47 2
87 90 2
1 50 3
4 92 11
45 93 17
17 31 20
3 96 20
36 44 17
38 90 4
31 50 4
75 93 11
33 96 17
24 47 8
84 98 11
1 63 14
19 53 12
63 96 9
12 50 12
31 63 4
46 48 15
5 10 2
49 53 20
26 69 19
42 50 6
61 63 20
0 53 13
19 66 8
53 64 10
72 77 16
56 69 13
14 72 13
5 23 18
46 61 4
49 66 16
68 79 19
7 69 6
26 82 7
0 66 17
41 67 19
60 80 8
44 72 19
34 64 2
53 77 11
37 69 2
56 82 20
14 85 16
7 82 17
48 83 3
20 21 6
6 86 4
4 13 19
23 26 1
41 80 15
60 93 17
13 18 10
25 72 15
44 85 6
16 23 4
2 88 14
15 27 15
18 32 20
78 83 14
36 86 3
55 99 9
8 24 5
27 37 2
11 29 5
30 42 18
71 80 11
29 83 4
48 96 2
6 99 2
4 26 11
22 43 2
25 85 11
66 86 9
85 99 11
15 40 16
59 83 1
18 45 6
78 96 2
17 86 4
36 99 6
8 37 4
11 42 2
10 46 4
29 96 7
3 43 9
22 56 7
66 99 17
40 46 13
17 99 19
33 43 20
52 56 17
10 59 15
3 56 12
47 62 17
5 65 20
21 46 7
40 59 4
33 56 12
32 60 12
51 73 4
35 65 10
9 49 16
28 62 13
47 75 7
5 78 12
21 59 2
39 76 10
14 19 14
13 60 16
32 73 12
51 86 2
16 65 17
35 78 5
7 16 3
9 62 5
28 75 3
69 76 15
27 79 12
30 84 20
2 22 20
62 73 20
81 86 10
20 76 20
39 89 20
4 68 17
23 81 8
14 32 17
13 73 14
16 78 11
57 79 6
76 92 17
6 33 8
50 76 13
69 89 11
8 79 10
27 92 5
11 84 8
30 97 1
2 35 10
20 89 3
4 81 3
23 94 8
64 95 19
17 20 18
38 79 1
57 92 12
29 30 18
15 95 19
6 46 16
50 89 18
8 92 6
94 95 15
11 97 9
52 98 11
24 36 10
43 49 5
84 87 19
1 52 3
87 92 15
45 95 7
17 33 18
3 98 6
38 92 11
79 93 6
82 98 5
12 39 18
31 52 18
75 95 14
33 98 13
24 49 1
1 65 11
19 55 6
63 98 4
12 52 13
31 65 5
46 50 9
5 12 20
49 55 4
7 58 10
26 71 9
42 52 5
0 55 13
19 68 9
60 69 10
34 53 3
53 66 18
72 79 14
37 58 2
56 71 17
14 74 18
46 63 16
5 25 11
49 68 11
7 71 8
26 84 16
0 68 16
41 69 9
60 82 13
44 74 20
2 77 3
34 66 9
53 79 11
37 71 19
56 84 7
14 87 19
55 88 18
8 13 15
11 18 18
30 31 4
29 72 10
48 85 5
20 23 15
6 88 20
4 15 18
23 28 4
41 82 3
25 74 7
44 87 8
85 88 12
2 90 1
15 29 5
59 72 18
18 34 20
78 85 17
97 98 12
36 88 9
8 26 1
27 39 1
11 31 9
30 44 15
71 82 1
29 85 12
48 98 17
4 28 19
3 32 4
22 45 9
25 87 9
66 88 8
24 91 13
15 42 13
18 47 6
59 85 6
78 98 17
17 88 8
10 48 1
54 91 6
3 45 7
22 58 18
40 48 18
33 45 11
52 58 14
10 61 3
51 62 7
28 51 11
47 64 20
5 67 10
21 48 4
40 61 7
32 62 17
51 75 12
35 67 8
9 51 18
28 64 2
47 77 6
0 2 12
5 80 19
21 61 5
20 65 14
39 78 4
23 70 6
14 21 8
13 62 9
32 75 7
16 67 3
35 80 12
76 81 17
6 22 8
9 64 19
50 65 6
69 78 12
27 81 4
30 86 4
2 24 12
62 75 16
20 78 18
39 91 12
4 70 15
23 83 13
13 75 3
16 80 9
57 81 20
76 94 16
15 84 14
6 35 4
50 78 3
69 91 10
8 81 4
27 94 10
11 86 1
30 99 2
2 37 4
1 41 8
4 83 2
45 84 17
64 97 5
17 22 14
38 81 10
57 94 12
15 97 11
31 41 3
91 92 10
75 84 5
8 94 18
94 97 13
11 99 18
24 38 14
43 51 5
84 89 17
87 94 19
1 54 18
45 97 14
17 35 13
38 94 14
79 95 15
12 41 1
31 54 9
75 97 14
24 51 17
26 60 14
67 98 8
0 44 19
19 57 14
12 54 19
53 55 5
56 60 7
46 52 13
5 14 6
49 57 18
68 70 18
7 60 6
26 73 5
42 54 18
0 57 18
19 70 20
60 71 3
34 55 3
53 68 8
72 81 17
37 60 8
56 73 6
14 76 12
46 65 16
49 70 2
7 73 8
48 74 17
41 71 14
60 84 11
25 63 2
44 76 11
2 79 6
34 68 1
37 73 14
14 89 15
55 90 16
8 15 7
27 28 4
11 20 12
30 33 3
29 74 13
48 87 15
20 25 6
6 90 9
4 17 7
23 30 1
22 34 6
41 84 11
25 76 13
44 89 16
85 90 1
2 92 13
43 93 11
15 31 2
59 74 15
18 36 2
78 87 11
17 77 18
36 90 9
8 28 11
11 33 18
71 84 19
29 87 14
73 93 3
3 34 8
22 47 18
66 90 20
24 93 14
15 44 11
59 87 7
18 49 4
17 90 14
33 34 3
10 50 6
54 93 14
12 96 8
3 47 19
47 53 8
21 37 13
40 50 7
42 96 20
33 47 9
10 63 1
51 64 8
28 53 11
47 66 5
5 69 13
21 50 9
40 63 12
13 51 12
32 64 4
51 77 13
16 56 6
35 69 8
9 53 8
28 66 12
5 82 19
2 13 1
62 64 4
20 67 18
39 80 7
23 72 3
14 23 13
13 64 2
32 77 9
16 69 14
35 82 16
76 83 18
6 24 15
9 66 19
50 67 17
69 80 12
8 70 3
27 83 8
30 88 17
2 26 6
62 77 5
20 80 5
4 72 8
23 85 10
38 70 11
57 83 11
76 96 18
15 86 18
6 37 1
18 91 8
50 80 16
8 83 13
27 96 7
11 88 13
24 27 8
1 43 3
4 85 9
45 86 7
64 99 16
17 24 14
36 37 4
38 83 6
57 96 6
15 99 18
31 43 19
91 94 16
75 86 8
94 99 7
24 40 13
84 91 17
43 53 6
87 96 13
1 56 6
45 99 10
17 37 5
19 46 9
79 97 8
63 89 20
12 43 10
31 56 11
75 99 3
26 62 15
42 43 9
0 46 13
19 59 2
12 56 11
53 57 1
56 62 18
14 65 6
46 54 6
5 16 20
65 67 10
49 59 8
68 72 5
7 62 1
26 75 13
42 56 1
0 59 19
41 60 18
60 73 13
44 65 19
34 57 19
53 70 14
37 62 14
56 75 16
14 78 20
7 75 7
48 76 10
6 79 14
4 6 15
41 73 18
60 86 4
25 65 14
44 78 8
2 81 12
15 20 14
34 70 6
18 25 2
37 75 4
36 79 11
55 92 14
8 17 8
27 30 1
11 22 19
30 35 19
71 73 14
29 76 15
48 89 15
6 92 14
4 19 7
22 36 7
25 78 3
66 79 17
85 92 8
2 94 1
43 95 4
15 33 7
1 98 10
59 76 11
18 38 15
78 89 14
17 79 6
36 92 18
8 30 20
11 35 4
29 89 1
73 95 8
31 98 2
3 36 6
22 49 8
66 92 5
24 95 5
59 89 1
17 92 13
58 93 5
61 98 20
33 36 15
10 52 20
54 95 6
12 98 18
3 49 12
47 55 3
88 93 10
21 39 10
40 52 11
42 98 19
33 49 12
32 53 5
51 66 2
9 42 10
28 55 11
47 68 20
5 71 18
21 52 20
39 69 15
13 53 3
32 66 8
51 79 7
16 58 3
35 71 18
7 9 6
9 55 9
28 68 18
5 84 19
2 15 12
62 66 4
20 69 14
39 82 13
23 74 9
14 25 15
13 66 1
16 71 19
76 85 20
6 26 20
50 69 13
69 82 6
8 72 5
27 85 1
11 77 13
30 90 1
2 28 20
20 82 17
4 74 9
23 87 10
64 88 18
38 72 9
57 85 3
76 98 2
15 88 6
18 93 10
6 39 12
50 82 3
8 85 20
27 98 13
11 90 3
24 29 13
1 45 1
45 88 1
17 26 3
36 39 16
3 91 12
38 85 12
79 86 7
98 99 9
12 32 1
31 45 6
91 96 9
75 88 18
33 91 8
24 42 18
1 58 7
19 48 14
79 99 14
63 91 6
12 45 4
31 58 15
7 51 15
26 64 7
42 45 9
0 48 20
19 61 10
60 62 9
34 46 14
53 59 18
37 51 5
56 64 9
14 67 1
46 56 18
5 18 6
49 61 6
7 64 5
26 77 11
0 61 6
41 62 1
60 75 9
44 67 15
2 70 2
34 59 19
53 72 17
37 64 9
56 77 6
14 80 20
55 81 14
29 65 20
48 78 2
6 81 16
4 8 9
41 75 20
25 67 19
44 80 16
2 83 13
15 22 4
18 27 13
59 65 3
36 81 15
55 94 16
8 19 11
27 32 19
11 24 8
30 37 18
71 75 9
29 78 7
48 91 11
6 94 5
4 21 20
22 38 17
25 80 12
66 81 3
85 94 20
24 84 13
43 97 17
15 35 2
59 78 16
18 40 3
78 91 8
17 81 4
36 94 7
77 95 14
10 41 19
54 84 10
73 97 19
3 38 2
22 51 6
66 94 17
24 97 6
40 41 4
17 94 14
58 95 7
33 38 12
10 54 6
54 97 15
88 95 3
47 57 8
46 98 16
5 60 1
21 41 10
40 54 20
32 55 5
51 68 1
35 60 1
9 44 5
28 57 8
47 70 17
5 73 3
21 54 11
39 71 10
13 55 4
32 68 6
51 81 12
16 60 12
35 73 20
7 11 6
6 15 8
9 57 14
50 58 19
69 71 7
27 74 18
30 79 4
2 17 15
62 68 15
20 71 6
39 84 6
4 63 7
23 76 20
13 68 13
16 73 16
57 74 15
76 87 12
6 28 4
50 71 14
69 84 20
8 74 6
27 87 19
11 79 5
30 92 9
2 30 15
1 34 20
4 76 1
23 89 2
64 90 20
22 93 19
38 74 1
57 87 19
15 90 2
18 95 3
31 34 13
8 87 5
11 92 13
52 93 19
24 31 8
43 44 1
1 47 19
45 90 14
17 28 13
3 93 14
38 87 10
79 88 13
82 93 15
12 34 8
31 47 15
91 98 8
75 90 10
33 93 10
24 44 1
26 53 12
0 37 10
19 50 18
63 93 1
21 96 4
12 47 8
5 7 19
49 50 19
7 53 17
26 66 10
42 47 18
0 50 7
19 63 20
60 64 11
34 48 10
53 61 20
72 74 11
37 53 18
56 66 15
14 69 3
46 58 8
49 63 11
7 66 5
48 67 16
41 64 1
60 77 16
25 56 9
44 69 19
2 72 20
34 61 18
37 66 2
14 82 7
55 83 17
11 13 7
29 67 16
48 80 16
6 83 7
4 10 3
41 77 6
25 69 4
44 82 20
2 85 16
43 86 17
15 24 20
59 67 5
18 29 9
78 80 15
17 70 11
36 83 5
55 96 11
8 21 17
11 26 18
71 77 17
29 80 1
73 86 2
6 96 14
3 27 20
22 40 1
66 83 1
85 96 18
24 86 10
43 99 14
15 37 1
59 80 7
18 42 8
17 83 13
36 96 6
77 97 17
10 43 8
54 86 7
73 99 10
12 89 18
3 40 8
22 53 10
66 96 11
24 99 10
40 43 5
58 97 1
42 89 6
33 40 20
10 56 14
51 57 2
54 99 9
28 46 1
47 59 13
88 97 2
5 62 7
21 43 16
40 56 13
32 57 15
51 70 20
35 62 16
9 46 11
28 59 15
47 72 12
5 75 12
2 6 3
20 60 11
39 73 19
23 65 17
14 16 16
13 57 3
32 70 17
16 62 14
35 75 1
6 17 12
9 59 16
50 60 12
69 73 1
27 76 10
30 81 7
2 19 18
62 70 18
20 73 20
39 86 17
4 65 16
23 78 17
16 75 14
57 76 7
76 89 12
15 79 3
6 30 16
18 84 3
50 73 17
69 86 6
8 76 9
27 89 12
11 81 18
30 94 14
1 36 2
4 78 3
45 79 2
64 92 9
22 95 16
38 76 16
57 89 18
15 92 18
18 97 2
31 36 1
75 79 4
8 89 17
11 94 9
52 95 15
24 33 1
10 98 16
43 46 19
1 49 2
87 89 3
45 92 10
17 30 9
3 95 1
19 39 18
79 90 5
82 95 20
40 98 7
12 36 4
31 49 12
75 92 19
33 95 2
26 55 13
67 93 2
70 98 19
0 39 8
19 52 9
63 95 3
21 98 12
12 49 20
14 58 16
46 47 18
5 9 20
49 52 15
7 55 4
26 68 20
42 49 3
0 52 5
41 53 16
60 66 6
44 58 1
34 50 7
53 63 8
37 55 10
56 68 13
14 71 4
7 68 3
48 69 4
6 72 13
41 66 15
60 79 5
25 58 15
44 71 16
2 74 6
34 63 4
37 68 9
36 72 15
55 85 18
8 10 14
11 15 12
29 69 6
48 82 11
6 85 5
4 12 10
22 29 20
25 71 7
66 72 6
2 87 6
43 88 7
15 26 7
18 31 8
59 69 19
78 82 8
17 72 1
36 85 5
55 98 6
8 23 15
11 28 4
29 82 14
73 88 3
31 91 4
3 29 9
22 42 6
66 85 10
85 98 3
24 88 1
15 39 3
59 82 7
18 44 13
17 85 8
58 86 13
77 99 1
61 91 2
10 45 15
54 88 15
12 91 11
3 42 10
47 48 4
21 32 3
40 45 5
58 99 16
42 91 15
33 42 20
0 94 16
10 58 6
51 59 12
28 48 18
88 99 13
47 61 2
5 64 18
21 45 7
40 58 14
39 62 11
13 46 12
32 59 6
51 72 12
16 51 12
35 64 9
9 48 16
28 61 10
5 77 10
2 8 13
20 62 5
39 75 12
23 67 20
14 18 10
13 59 7
32 72 4
16 64 3
35 77 16
76 78 15
6 19 5
9 61 5
50 62 19
69 75 10
8 65 3
27 78 10
11 70 16
30 83 19
2 21 3
20 75 10
4 67 2
23 80 13
64 81 14
38 65 1
57 78 15
76 91 20
15 81 7
18 86 12
6 32 3
50 75 9
8 78 6
27 91 4
11 83 6
30 96 20
1 38 15
4 80 20
45 81 2
64 94 17
17 19 12
3 84 16
22 97 6
38 78 2
57 91 7
15 94 15
18 99 1
12 25 1
31 38 20
75 81 11
33 84 8
52 97 8
24 35 10
87 91 16
1 51 18
45 94 15
86 95 14
3 97 1
19 41 7
79 92 16
63 84 15
82 97 14
12 38 7
31 51 16
75 94 2
33 97 8
7 44 3
67 95 11
26 57 16
0 41 5
19 54 20
63 97 20
34 39 14
37 44 15
56 57 13
14 60 10
5 11 18
46 49 20
49 54 6
7 57 8
26 70 1
0 54 2
41 55 15
60 68 14
44 60 19
2 63 5
34 52 12
53 65 16
37 57 15
56 70 13
14 73 9
55 74 4
29 58 16
48 71 16
6 74 14
41 68 2
25 60 9
44 73 18
2 76 19
18 20 9
36 74 15
55 87 14
8 12 2
11 17 12
29 71 11
48 84 14
6 87 6
4 14 1
22 31 4
25 73 1
66 74 12
85 87 17
24 77 19
43 90 15
15 28 18
1 93 15
59 71 6
18 33 9
78 84 18
17 74 4
36 87 2
77 88 8
11 30 10
10 34 20
54 77 20
73 90 1
31 93 8
3 31 14
22 44 2
66 87 9
24 90 3
17 87 17
58 88 11
61 93 2
10 47 8
54 90 16
12 93 16
3 44 6
47 50 2
5 53 12
46 91 6
49 96 19
21 34 13
40 47 7
42 93 18
0 96 6
33 44 18
32 48 19
51 61 8
35 53 11
9 37 3
28 50 13
47 63 13
5 66 6
21 47 16
39 64 10
13 48 13
32 61 7
51 74 4
16 53 6
35 66 4
6 8 15
9 50 11
28 63 20
27 67 15
30 72 4
2 10 9
20 64 13
39 77 13
4 56 19
23 69 18
13 61 13
16 66 12
57 67 15
76 80 4
6 21 1
50 64 18
69 77 10
8 67 5
27 80 3
11 72 19
30 85 11
2 23 3
1 27 10
20 77 17
4 69 5
23 82 16
64 83 19
22 86 19
38 67 10
57 80 6
76 93 12
15 83 19
18 88 8
50 77 16
8 80 5
11 85 6
52 86 17
1 40 2
45 83 15
64 96 6
17 21 3
3 86 1
22 99 9
38 80 5
79 81 3
82 86 4
15 96 15
12 27 17
31 40 10
75 83 3
94 96 1
33 86 14
52 99 4
24 37 11
45 96 6
86 97 9
3 99 15
0 30 4
19 43 11
79 94 19
63 86 9
82 99 8
21 89 10
12 40 14
75 96 1
33 99 11
7 46 7
67 97 18
26 59 7
0 43 5
19 56 12
63 99 20
34 41 4
53 54 15
37 46 16
56 59 8
14 62 12
46 51 7
5 13 15
49 56 15
7 59 5
48 60 13
41 57 16
60 70 14
25 49 10
44 62 15
2 65 8
34 54 1
37 59 1
14 75 8
55 76 4
29 60 6
48 73 14
6 76 13
41 70 7
25 62 19
44 75 1
2 78 5
15 17 15
18 22 8
59 60 20
17 63 7
36 76 11
55 89 19
8 14 7
11 19 9
30 32 3
29 73 16
73 79 14
6 89 8
4 16 12
3 20 16
22 33 18
66 76 15
85 89 14
24 79 19
43 92 10
15 30 6
1 95 4
18 35 9
59 73 10
17 76 16
36 89 15
77 90 1
80 95 11
10 36 4
54 79 5
73 92 16
31 95 6
3 33 12
22 46 4
66 89 6
24 92 3
58 90 2
42 82 20
61 95 20
19 98 16
10 49 15
54 92 1
12 95 1
28 39 19
47 52 20
88 90 1
5 55 9
46 93 4
49 98 15
21 36 13
40 49 8
42 95 1
0 98 11
32 50 14
51 63 6
35 55 2
9 39 18
28 52 5
47 65 15
5 68 19
21 49 6
20 53 5
39 66 15
23 58 17
13 50 19
32 63 14
16 55 18
35 68 5
6 10 4
9 52 10
50 53 13
27 69 5
30 74 7
2 12 6
62 63 17
20 66 1
39 79 7
4 58 10
23 71 15
13 63 14
16 68 8
57 69 11
76 82 19
15 72 20
18 77 10
6 23 9
50 66 7
69 79 14
8 69 17
27 82 4
11 74 11
30 87 20
1 29 8
4 71 12
45 72 9
64 85 7
22 88 2
38 69 17
57 82 5
15 85 15
18 90 14
8 82 10
11 87 14
52 88 12
24 26 9
10 91 19
1 42 11
45 85 12
64 98 15
17 23 4
3 88 16
19 32 18
38 82 7
79 83 20
82 88 1
40 91 9
12 29 15
31 42 4
91 93 18
75 85 3
94 98 15
33 88 18
67 86 16
26 48 19
86 99 9
70 91 11
0 32 16
19 45 8
79 96 3
63 88 13
21 91 16
12 42 3
7 48 6
67 99 10
26 61 16
9 94 5
0 45 13
41 46 13
34 43 19
53 56 14
37 48 19
56 61 7
14 64 3
7 61 8
48 62 15
41 59 6
60 72 2
25 51 14
44 64 14
2 67 19
34 56 13
37 61 1
14 77 15
55 78 7
29 62 20
48 75 7
6 78 17
4 5 19
25 64 20
2 80 15
43 81 4
15 19 11
18 24 5
59 62 17
17 65 6
36 78 13
55 91 15
8 16 15
11 21 18
29 75 7
73 81 14
6 91 15
3 22 7
22 35 20
66 78 3
85 91 9
24 81 6
43 94 7
15 32 10
1 97 4
18 37 2
59 75 20
17 78 18
77 92 7
80 97 8
10 38 5
54 81 5
73 94 17
12 84 4
31 97 2
3 35 9
24 94 5
65 95 13
21 25 5
58 92 3
42 84 16
61 97 13
33 35 1
10 51 14
51 52 14
54 94 10
12 97 16
28 41 3
47 54 7
88 92 2
46 95 8
5 57 11
21 38 14
40 51 4
39 55 11
42 97 3
13 39 12
32 52 15
51 65 14
16 44 11
35 57 14
34 98 7
9 41 2
28 54 18
5 70 20
20 55 7
39 68 13
23 60 15
13 52 3
32 65 8
16 57 5
35 70 11
6 12 6
9 54 3
50 55 7
8 58 9
27 71 17
11 63 18
30 76 1
2 14 10
62 65 8
20 68 13
4 60 4
23 73 14
64 74 20
38 58 18
57 71 5
76 84 18
15 74 13
6 25 7
18 79 19
50 68 8
8 71 3
27 84 19
11 76 10
30 89 17
1 31 4
4 73 17
45 74 17
64 87 4
3 77 7
22 90 19
38 71 2
57 84 16
15 87 11
18 92 4
12 18 15
33 77 12
52 90 8
24 28 20
10 93 9
1 44 12
45 87 6
86 88 12
3 90 17
89 93 17
19 34 13
79 85 20
63 77 9
82 90 11
40 93 13
12 31 11
31 44 12
75 87 5
33 90 11
67 88 12
26 50 7
70 93 1
28 96 16
0 34 6
19 47 16
79 98 12
63 90 1
21 93 9
14 53 19
7 50 4
26 63 15
9 96 6
0 47 1
41 48 3
60 61 9
44 53 14
34 45 6
53 58 6
37 50 18
56 63 14
14 66 18
48 64 20
6 67 18
41 61 8
25 53 4
44 66 8
2 69 10
36 67 4
55 80 11
29 64 6
48 77 4
6 80 15
4 7 10
22 24 15
25 66 13
66 67 4
2 82 12
43 83 2
15 21 1
1 86 4
59 64 8
18 26 6
17 67 14
36 80 9
55 93 11
8 18 1
11 23 6
10 27 13
73 83 4
31 86 1
3 24 14
22 37 7
66 80 7
24 83 5
43 96 7
1 99 11
17 80 16
58 81 14
77 94 14
61 86 17
80 99 3
10 40 9
54 83 8
73 96 5
12 86 20
31 99 4
3 37 3
5 46 7
24 96 2
65 97 4
21 27 13
58 94 4
42 86 14
61 99 11
33 37 12
0 89 5
32 41 3
51 54 11
35 46 1
95 97 18
12 99 1
9 30 1
28 43 3
88 94 13
47 56 14
5 59 5
46 97 5
21 40 16
39 57 3
42 99 1
13 41 8
32 54 6
51 67 16
16 46 19
35 59 4
9 43 13
28 56 4
27 60 2
30 65 6
2 3 12
20 57 1
39 70 17
4 49 12
23 62 14
13 54 10
16 59 19
57 60 18
6 14 8
50 57 8
69 70 3
8 60 4
27 73 14
11 65 2
30 78 12
2 16 16
20 70 9
4 62 6
23 75 18
64 76 1
22 79 16
38 60 18
57 73 12
76 86 13
15 76 5
18 81 9
50 70 18
8 73 17
11 78 15
52 79 2
1 33 2
45 76 6
64 89 15
3 79 10
22 92 9
38 73 20
15 89 5
18 94 16
12 20 20
31 33 16
75 76 4
33 79 19
52 92 7
24 30 13
10 95 20
1 46 1
45 89 14
86 90 14
3 92 19
89 95 18
47 98 9
19 36 12
79 87 1
63 79 19
82 92 5
21 82 13
40 95 3
12 33 8
75 89 19
33 92 13
74 93 8
7 39 1
67 90 20
26 52 6
70 95 6
28 98 12
0 36 12
19 49 15
63 92 5
21 95 12
37 39 9
14 55 15
13 96 11
5 6 2
7 52 19
26 65 13
9 98 8
41 50 1
60 63 15
44 55 20
2 58 11
34 47 18
37 52 11
56 65 3
14 68 17
55 69 1
29 53 4
48 66 7
6 69 7
41 63 15
25 55 2
44 68 9
2 71 6
36 69 16
55 82 5
11 12 11
29 66 19
48 79 2
6 82 19
4 9 13
3 13 7
22 26 3
66 69 3
24 72 13
43 85 12
15 23 10
1 88 16
59 66 18
18 28 3
17 69 11
36 82 9
77 83 7
80 88 8
10 29 14
54 72 7
73 85 15
31 88 4
3 26 8
22 39 20
66 82 13
24 85 15
43 98 18
17 82 11
58 83 3
77 96 15
61 88 3
19 91 6
10 42 7
54 85 9
73 98 14
12 88 8
28 32 19
46 86 1
5 48 17
65 99 11
49 91 4
21 29 16
40 42 8
58 96 5
42 88 17
0 91 10
32 43 13
51 56 3
35 48 8
95 99 3
9 32 3
28 45 14
88 96 16
47 58 18
5 61 1
46 99 9
21 42 4
20 46 16
39 59 3
23 51 7
13 43 11
32 56 17
16 48 6
35 61 20
9 45 8
27 62 11
30 67 13
2 5 5
20 59 16
39 72 1
4 51 9
23 64 11
13 56 18
16 61 2
57 62 19
15 65 19
6 16 2
18 70 1
50 59 8
69 72 9
8 62 5
27 75 2
11 67 3
30 80 11
2 18 1
1 22 12
4 64 3
45 65 5
64 78 17
22 81 13
38 62 17
57 75 10
15 78 7
18 83 6
8 75 8
11 80 1
52 81 13
1 35 16
45 78 16
64 91 17
3 81 13
22 94 20
38 75 12
40 84 18
12 22 14
31 35 5
75 78 13
33 81 7
52 94 3
93 95 9
10 97 11
26 41 15
67 79 19
86 92 10
70 84 17
3 94 15
89 97 20
0 25 7
19 38 15
79 89 19
63 81 6
82 94 20
21 84 8
40 97 1
12 35 15
33 94 5
74 95 7
32 98 3
7 41 5
26 54 3
67 92 10
70 97 20
9 87 5
0 38 5
19 51 19
63 94 19
21 97 16
62 98 10
34 36 9
37 41 19
14 57 9
13 98 7
7 54 11
48 55 8
92 98 2
41 52 6
60 65 1
25 44 12
44 57 16
2 60 6
34 49 11
37 54 12
14 70 16
55 71 20
29 55 13
48 68 4
6 71 20
41 65 13
25 57 18
44 70 10
2 73 15
43 74 13
17 58 17
36 71 9
55 84 13
8 9 9
11 14 16
29 68 11
73 74 5
6 84 12
3 15 6
22 28 16
66 71 6
24 74 20
43 87 6
15 25 17
1 90 15
18 30 2
59 68 3
17 71 14
36 84 15
77 85 17
80 90 2
10 31 1
54 74 19
73 87 14
12 77 12
31 90 14
3 28 18
66 84 20
24 87 4
65 88 8
68 93 17
58 85 10
77 98 16
42 77 3
61 90 12
19 93 9
10 44 17
54 87 8
12 90 2
28 34 10
5 50 14
46 88 10
49 93 15
21 31 11
7 96 17
40 44 15
39 48 5
58 98 7
42 90 19
0 93 3
13 32 17
32 45 18
51 58 4
16 37 19
35 50 6
34 91 18
37 96 4
9 34 5
28 47 9
88 98 3
5 63 1
20 48 13
39 61 15
23 53 19
13 45 9
32 58 9
16 50 13
35 63 10
9 47 1
8 51 12
27 64 8
11 56 4
30 69 3
2 7 6
20 61 19
4 53 13
23 66 17
64 67 2
38 51 12
57 64 18
76 77 11
15 67 3
6 18 11
18 72 11
50 61 10
8 64 13
27 77 1
11 69 7
30 82 11
1 24 13
4 66 10
45 67 19
64 80 13
3 70 4
22 83 10
38 64 15
57 77 15
15 80 14
18 85 11
33 70 20
52 83 3
10 86 1
1 37 13
45 80 15
3 83 3
22 96 16
19 27 16
63 70 3
82 83 13
40 86 6
12 24 8
31 37 8
75 80 12
33 83 6
52 96 11
93 97 19
10 99 8
67 81 14
26 43 9
86 94 19
70 86 17
89 99 15
0 27 12
19 40 13
79 91 8
63 83 7
82 96 2
21 86 4
40 99 9
12 37 11
14 46 1
74 97 6
7 43 13
67 94 20
26 56 5
70 99 20
9 89 18
0 40 10
44 46 5
21 99 10
34 38 2
37 43 11
14 59 11
7 56 11
48 57 4
6 60 20
41 54 1
60 67 8
25 46 19
44 59 2
2 62 3
34 51 11
37 56 12
36 60 14
55 73 5
29 57 4
48 70 4
6 73 20
25 59 3
2 75 13
43 76 19
1 79 20
18 19 2
17 60 3
36 73 4
55 86 3
8 11 1
11 16 5
10 20 6
29 70 20
73 76 6
31 79 9
3 17 20
22 30 16
66 73 1
85 86 11
24 76 1
43 89 6
1 92 15
59 70 4
17 73 1
58 74 15
77 87 18
61 79 9
80 92 17
10 33 2
54 76 11
73 89 8
12 79 7
31 92 3
3 30 12
24 89 20
65 90 13
68 95 12
26 98 5
58 87 4
42 79 10
61 92 17
0 82 4
19 95 17
32 34 11
35 39 20
54 89 3
12 92 10
53 93 5
56 98 6
9 23 10
28 36 8
47 49 1
5 52 18
46 90 11
49 95 2
21 33 6
7 98 11
39 50 20
42 92 13
83 93 2
0 95 7
13 34 15
32 47 20
51 60 3
16 39 20
35 52 3
34 93 18
37 98 9
9 36 8
28 49 1
20 50 9
39 63 9
4 42 3
23 55 2
13 47 17
16 52 17
6 7 19
8 53 2
27 66 15
11 58 10
30 71 19
2 9 3
20 63 17
4 55 2
23 68 12
64 69 9
38 53 17
57 66 13
76 79 9
15 69 19
18 74 7
6 20 17
50 63 5
8 66 4
11 71 11
1 26 16
45 69 12
64 82 12
3 72 18
22 85 8
38 66 9
15 82 7
18 87 2
12 13 10
33 72 13
52 85 11
10 88 8
1 39 10
45 82 20
3 85 12
22 98 15
19 29 5
79 80 5
63 72 14
82 85 5
40 88 16
12 26 11
31 39 9
75 82 2
33 85 7
74 86 18
93 99 11
7 32 8
67 83 16
26 45 16
86 96 10
70 88 2
28 91 5
0 29 5
19 42 13
63 85 11
21 88 5
14 48 11
74 99 17
7 45 7
26 58 18
67 96 14
9 91 13
0 42 13
41 43 11
44 48 6
2 51 4
34 40 4
37 45 18
56 58 16
14 61 9
55 62 19
29 46 17
48 59 2
6 62 17
41 56 15
25 48 11
44 61 15
2 64 19
36 62 4
55 75 1
29 59 2
48 72 16
6 75 5
3 6 2
25 61 20
24 65 10
43 78 10
15 16 15
1 81 15
18 21 13
17 62 20
36 75 7
80 81 17
10 22 10
54 65 15
73 78 5
31 81 4
3 19 4
22 32 2
66 75 8
24 78 1
43 91 19
1 94 8
17 75 5
58 76 4
77 89 2
61 81 15
80 94 7
19 84 1
10 35 11
54 78 20
73 91 11
12 81 16
31 94 17
72 95 4
5 41 8
46 79 10
65 92 4
49 84 15
68 97 3
21 22 18
58 89 14
42 81 9
61 94 3
0 84 9
19 97 6
32 36 6
35 41 17
12 94 6
53 95 2
9 25 5
28 38 13
88 89 13
47 51 14
5 54 10
46 92 11
49 97 8
21 35 14
20 39 5
39 52 11
42 94 19
83 95 2
0 97 5
41 98 6
13 36 6
32 49 8
16 41 1
35 54 19
34 95 8
9 38 1
27 55 15
30 60 2
71 98 3
20 52 6
39 65 10
4 44 5
23 57 20
13 49 6
16 54 16
6 9 14
50 52 11
8 55 10
27 68 1
11 60 8
30 73 1
2 11 3
1 15 7
4 57 11
64 71 10
22 74 11
38 55 1
57 68 9
15 71 7
18 76 4
8 68 16
11 73 15
52 74 2
1 28 17
45 71 13
64 84 16
3 74 10
22 87 4
38 68 11
18 89 10
12 15 20
33 74 7
52 87 6
24 25 8
10 90 15
26 34 20
67 72 13
3 87 16
89 90 18
47 93 5
0 18 18
19 31 6
79 82 15
63 74 17
82 87 7
21 77 4
40 90 10
12 28 8
33 87 7
74 88 13
7 34 13
26 47 18
67 85 12
86 98 13
70 90 12
28 93 9
0 31 13
19 44 5
63 87 7
21 90 10
14 50 5
13 91 14
16 96 2
7 47 4
9 93 11
41 45 1
25 37 9
44 50 2
2 53 5
34 42 12
37 47 17
14 63 4
55 64 15
29 48 10
48 61 20
6 64 18
41 58 16
25 50 8
44 63 18
2 66 8
43 67 6
17 51 16
36 64 20
55 77 4
29 61 14
6 77 7
3 8 3
24 67 18
43 80 14
15 18 7
1 83 16
59 61 1
18 23 11
17 64 17
36 77 10
77 78 7
80 83 19
10 24 15
54 67 16
73 80 12
12 70 3
31 83 11
3 21 13
66 77 13
24 80 15
65 81 17
68 86 2
1 96 8
58 78 20
77 91 17
42 70 15
61 83 16
80 96 3
19 86 19
10 37 17
54 80 10
12 83 8
31 96 2
72 97 18
46 81 6
5 43 15
65 94 1
49 86 3
68 99 19
21 24 20
7 89 10
58 91 1
42 83 10
61 96 7
0 86 4
19 99 10
13 25 3
32 38 19
35 43 2
34 84 3
53 97 4
37 89 5
9 27 18
28 40 6
88 91 4
46 94 10
5 56 13
49 99 16
20 41 17
39 54 20
23 46 17
83 97 20
0 99 5
13 38 9
32 51 2
16 43 19
35 56 15
34 97 18
9 40 7
27 57 18
30 62 20
20 54 20
39 67 19
4 46 9
23 59 15
38 44 18
15 60 1
6 11 1
18 65 2
50 54 11
8 57 5
27 70 2
11 62 20
30 75 12
1 17 8
4 59 12
45 60 19
64 73 13
22 76 2
38 57 15
57 70 11
15 73 20
18 78 3
11 75 2
52 76 13
10 79 15
1 30 1
45 73 19
64 86 12
3 76 5
22 89 4
19 20 12
40 79 4
12 17 16
33 76 19
52 89 12
10 92 13
26 36 8
67 74 13
86 87 14
70 79 14
3 89 4
89 92 10
47 95 20
0 20 12
19 33 10
5 98 10
79 84 20
63 76 11
82 89 10
21 79 17
40 92 6
12 30 5
14 39 18
33 89 14
74 90 15
32 93 8
35 98 15
7 36 10
26 49 4
67 87 8
70 92 20
9 82 15
28 95 2
0 33 2
21 92 10
62 93 4
14 52 13
13 93 2
16 98 15
7 49 4
48 50 16
92 93 18
6 53 9
9 95 19
41 47 11
25 39 3
44 52 2
2 55 4
34 44 10
37 49 2
36 53 13
55 66 8
29 50 11
48 63 6
6 66 2
25 52 12
2 68 5
43 69 7
1 72 19
17 53 14
36 66 13
55 79 20
29 63 2
31 72 15
3 10 7
22 23 6
24 69 16
43 82 7
1 85 13
59 63 10
17 66 13
58 67 16
77 80 8
61 72 1
80 85 9
10 26 18
54 69 19
73 82 10
12 72 6
31 85 15
3 23 14
24 82 9
65 83 2
68 88 4
58 80 12
77 93 14
42 72 1
61 85 12
80 98 2
0 75 7
19 88 17
10 39 6
54 82 8
12 85 18
53 86 2
72 99 7
56 91 19
28 29 5
5 45 14
46 83 6
65 96 20
49 88 18
21 26 18
7 91 12
39 43 17
42 85 15
83 86 5
0 88 18
13 27 13
32 40 1
51 53 17
16 32 18
35 45 16
95 96 3
34 86 19
53 99 2
37 91 3
9 29 9
28 42 19
5 58 12
46 96 8
20 43 20
39 56 11
23 48 15
83 99 16
25 94 7
13 40 9
16 45 16
35 58 20
34 99 3
8 46 6
27 59 9
11 51 10
30 64 17
20 56 5
4 48 8
23 61 3
38 46 18
57 59 11
15 62 19
6 13 10
18 67 13
50 56 5
8 59 1
27 72 9
11 64 8
30 77 14
1 19 1
4 61 3
45 62 9
64 75 13
3 65 16
22 78 13
38 59 16
57 72 4
15 75 7
18 80 9
33 65 17
52 78 20
10 81 2
1 32 20
45 75 13
3 78 2
22 91 1
19 22 12
63 65 5
40 81 19
12 19 10
31 32 17
33 78 10
52 91 5
10 94 10
51 95 3
7 25 2
67 76 15
26 38 18
86 89 5
70 81 2
89 94 3
28 84 1
47 97 1
0 22 9
19 35 2
63 78 9
82 91 12
21 81 13
40 94 13
81 95 1
14 41 12
74 92 11
32 95 2
7 38 9
26 51 6
67 89 16
70 94 4
9 84 5
28 97 6
0 35 8
2 44 4
21 94 4
62 95 15
20 98 11
37 38 11
14 54 3
13 95 20
29 39 15
48 52 9
6 55 11
92 95 1
9 97 2
50 98 20
41 49 2
25 41 11
44 54 20
2 57 16
36 55 9
55 68 5
29 52 5
48 65 3
6 68 11
25 54 20
24 58 11
43 71 14
1 74 11
17 55 13
36 68 15
10 15 4
54 58 11
31 74 17
3 12 17
22 25 19
66 68 4
24 71 7
43 84 12
1 87 3
17 68 8
58 69 18
77 82 8
61 74 6
80 87 6
19 77 7
10 28 1
54 71 10
73 84 17
12 74 15
31 87 12
72 88 4
3 25 14
46 72 9
5 34 9
65 85 7
49 77 13
68 90 19
26 93 10
58 82 12
42 74 4
61 87 3
0 77 10
19 90 15
12 87 2
53 88 17
56 93 17
9 18 19
28 31 11
5 47 7
46 85 14
65 98 19
49 90 10
21 28 7
7 93 7
39 45 12
42 87 19
83 88 7
0 90 10
41 91 13
13 29 9
32 42 19
51 55 8
16 34 6
35 47 8
95 98 12
34 88 4
37 93 9
9 31 13
28 44 11
27 48 13
30 53 13
71 91 10
20 45 6
39 58 17
4 37 8
23 50 7
13 42 9
25 96 1
16 47 12
8 48 2
27 61 9
11 53 5
30 66 16
2 4 5
1 8 8
20 58 4
4 50 2
23 63 18
22 67 18
38 48 11
57 61 15
15 64 7
18 69 19
8 61 9
11 66 10
52 67 12
1 21 10
45 64 7
64 77 12
3 67 9
22 80 15
38 61 20
15 77 10
18 82 8
33 67 10
52 80 1
10 83 19
26 27 16
45 77 16
3 80 16
47 86 3
0 11 20
19 24 18
63 67 1
21 70 14
40 83 5
12 21 1
75 77 11
33 80 3
74 81 18
93 94 9
10 96 20
51 97 11
7 27 8
26 40 3
67 78 4
86 91 15
70 83 16
89 96 17
28 86 4
47 99 2
0 24 20
19 37 3
63 80 7
21 83 8
40 96 13
81 97 4
14 43 19
74 94 16
13 84 16
32 97 20
16 89 13
7 40 13
67 91 20
70 96 14
9 86 11
28 99 18
25 30 16
2 46 11
62 97 4
34 35 15
37 40 3
14 56 9
55 57 5
13 97 8
29 41 15
48 54 13
92 97 13
6 57 9
9 99 13
41 51 18
25 43 9
44 56 1
2 59 13
43 60 9
17 44 17
36 57 6
55 70 17
29 54 14
6 70 18
24 60 1
43 73 2
1 76 17
17 57 15
36 70 7
10 17 8
54 60 9
12 63 11
31 76 8
3 14 10
22 27 18
66 70 4
24 73 5
65 74 6
1 89 7
58 71 12
77 84 11
42 63 10
61 76 14
80 89 15
19 79 15
10 30 6
54 73 15
12 76 17
31 89 5
72 90 4
5 36 16
46 74 5
65 87 15
49 79 7
68 92 3
26 95 9
58 84 8
42 76 13
61 89 15
0 79 5
19 92 13
35 36 12
34 77 6
53 90 3
37 82 13
56 95 12
9 20 10
28 33 15
14 98 5
5 49 10
46 87 14
49 92 8
90 93 12
21 30 6
7 95 19
20 34 17
39 47 17
23 39 13
83 90 7
0 92 7
41 93 19
13 31 18
32 44 13
44 98 16
16 36 1
35 49 18
34 90 9
37 95 12
9 33 2
27 50 13
71 93 9
30 55 3
20 47 4
39 60 1
4 39 13
23 52 7
13 44 3
25 98 10
16 49 9
15 53 8
18 58 15
59 96 18
8 50 5
27 63 20
11 55 1
30 68 8
1 10 2
4 52 10
45 53 11
64 66 12
22 69 3
38 50 14
57 63 8
15 66 18
18 71 4
8 63 10
11 68 13
52 69 7
10 72 8
1 23 11
45 66 5
64 79 10
3 69 20
22 82 3
38 63 14
40 72 5
33 69 20
52 82 15
10 85 14
26 29 3
70 72 5
3 82 9
47 88 7
0 13 10
19 26 11
5 91 1
63 69 18
21 72 3
40 85 18
12 23 17
33 82 16
74 83 1
93 96 4
32 86 13
51 99 7
35 91 20
7 29 10
26 42 18
67 80 10
86 93 12
70 85 8
89 98 13
9 75 3
28 88 16
0 26 3
63 82 15
21 85 14
62 86 4
81 99 20
14 45 5
74 96 14
13 86 16
32 99 2
16 91 7
7 42 16
9 88 2
25 32 12
44 45 13
2 48 17
62 99 10
34 37 1
4 94 14
37 42 15
36 46 6
55 59 3
96 97 9
13 99 13
29 43 16
48 56 5
92 99 19
6 59 19
25 45 12
2 61 4
43 62 19
17 46 8
36 59 20
55 72 8
29 56 16
24 62 2
43 75 3
1 78 18
17 59 3
58 60 4
61 65 4
10 19 3
54 62 3
73 75 15
12 65 1
31 78 3
3 16 11
24 75 6
65 76 13
68 81 4
1 91 7
58 73 5
77 86 11
42 65 14
61 78 6
80 91 19
19 81 7
10 32 6
54 75 8
12 78 1
72 92 8
5 38 2
46 76 15
65 89 19
49 81 16
68 94 17
7 84 1
26 97 19
42 78 15
0 81 8
19 94 11
60 95 17
13 20 20
32 33 16
16 25 10
35 38 20
34 79 3
53 92 6
37 84 14
56 97 10
9 22 6
28 35 6
5 51 16
46 89 11
49 94 16
90 95 17
7 97 17
20 36 4
39 49 18
23 41 14
83 92 3
41 95 12
13 33 1
32 46 5
16 38 4
35 51 14
34 92 3
37 97 14
9 35 12
8 39 19
27 52 8
11 44 2
71 95 12
30 57 11
29 98 13
20 49 10
4 41 7
23 54 14
38 39 10
15 55 9
59 98 10
18 60 14
8 52 11
27 65 15
11 57 11
30 70 4
1 12 12
4 54 9
45 55 8
64 68 19
3 58 17
22 71 16
38 52 2
57 65 10
15 68 3
18 73 16
33 58 11
52 71 15
10 74 13
1 25 2
45 68 14
3 71 17
22 84 17
40 74 19
33 71 5
52 84 5
10 87 3
51 88 8
7 18 7
26 31 1
67 69 18
70 74 13
28 77 14
47 90 12
0 15 5
19 28 15
5 93 14
63 71 17
82 84 8
21 74 3
40 87 3
81 88 14
14 34 14
74 85 18
93 98 17
32 88 13
35 93 10
7 31 5
26 44 4
67 82 12
70 87 14
9 77 15
28 90 18
0 28 9
21 87 14
62 88 10
20 91 20
23 96 1
14 47 7
74 98 17
