100 4950 0
13 88 12
16 93 19
29 32 19
6 48 5
9 90 16
50 91 12
41 42 19
25 34 18
44 47 3
2 50 11
4 96 6
36 48 1
55 61 12
96 99 7
29 45 12
48 58 14
6 61 4
25 47 12
43 64 12
1 67 17
17 48 16
36 61 14
31 67 7
3 5 10
24 64 7
43 77 1
1 80 17
17 61 16
58 62 3
61 67 4
10 21 13
54 64 6
73 77 8
12 67 15
31 80 19
3 18 6
5 27 17
65 78 18
68 83 13
26 86 2
58 75 4
42 67 9
61 80 9
80 93 15
0 70 1
19 83 4
12 80 16
53 81 1
72 94 14
56 86 4
9 11 5
5 40 15
46 78 7
65 91 3
49 83 10
68 96 10
7 86 16
26 99 2
42 80 13
0 83 17
19 96 13
60 97 6
13 22 9
32 35 16
16 27 6
35 40 15
34 81 13
53 94 12
37 86 13
56 99 1
9 24 19
28 37 6
27 41 8
30 46 13
90 97 15
7 99 13
20 38 5
39 51 7
4 30 1
23 43 8
83 94 11
41 97 18
13 35 10
25 89 4
16 40 20
34 94 17
37 99 11
8 41 3
27 54 17
11 46 1
30 59 9
71 97 19
20 51 6
4 43 20
23 56 13
22 60 12
38 41 10
15 57 8
18 62 5
50 51 15
8 54 5
11 59 3
52 60 7
1 14 13
45 57 16
64 70 1
3 60 14
22 73 3
38 54 20
15 70 6
18 75 14
33 60 10
52 73 13
10 76 20
45 70 17
3 73 16
47 79 2
0 4 18
21 63 11
40 76 15
12 14 10
33 73 15
10 89 18
51 90 11
7 20 17
26 33 5
67 71 19
70 76 5
28 79 2
47 92 10
0 17 16
19 30 9
5 95 10
63 73 9
21 76 17
40 89 16
81 90 19
39 93 3
14 36 15
74 87 14
13 77 5
32 90 15
16 82 11
35 95 18
7 33 1
67 84 9
26 46 7
70 89 3
9 79 13
28 92 17
69 93 17
2 39 1
62 90 2
20 93 18
23 98 4
14 49 7
13 90 15
16 95 5
29 34 11
6 50 5
9 92 10
50 93 17
41 44 18
8 96 19
25 36 7
44 49 19
2 52 5
4 98 13
36 50 4
55 63 17
38 96 2
29 47 13
6 63 20
24 53 14
43 66 2
1 69 2
17 50 11
36 63 5
31 69 2
3 7 8
24 66 14
43 79 12
1 82 8
58 64 10
61 69 20
80 82 18
19 72 6
10 23 14
54 66 4
12 69 14
31 82 3
72 83 11
5 29 9
46 67 4
65 80 10
49 72 2
68 85 19
26 88 5
58 77 11
42 69 1
61 82 19
0 72 12
19 85 12
12 82 6
53 83 18
72 96 7
56 88 8
9 13 3
14 91 9
46 80 9
5 42 13
65 93 19
49 85 14
68 98 1
21 23 5
7 88 4
20 27 1
39 40 6
23 32 10
0 85 8
41 86 3
60 99 18
13 24 20
44 91 20
32 37 20
16 29 6
35 42 8
34 83 14
53 96 3
37 88 4
9 26 12
27 43 4
71 86 2
30 48 3
90 99 16
20 40 16
39 53 2
4 32 17
23 45 11
83 96 6
41 99 17
13 37 20
25 91 1
16 42 8
15 46 2
34 96 8
18 51 9
8 43 11
27 56 7
11 48 12
30 61 1
71 99 1
1 3 15
4 45 17
45 46 4
22 62 16
38 43 20
15 59 15
18 64 14
8 56 8
11 61 20
52 62 10
10 65 8
1 16 20
45 59 20
64 72 12
3 62 14
22 75 18
38 56 5
40 65 15
33 62 18
52 75 10
10 78 10
3 75 5
47 81 18
0 6 18
21 65 15
40 78 8
12 16 1
33 75 16
74 76 2
32 79 15
51 92 19
35 84 15
7 22 12
26 35 14
67 73 1
70 78 14
89 91 11
9 68 12
28 81 1
47 94 15
0 19 5
5 97 8
63 75 6
21 78 5
62 79 20
81 92 13
39 95 7
14 38 5
74 89 10
13 79 8
32 92 19
16 84 15
35 97 5
7 35 19
9 81 12
28 94 4
69 95 15
2 41 5
62 92 14
20 95 14
4 87 20
14 51 4
13 92 6
16 97 13
57 98 3
29 36 7
48 49 12
6 52 13
50 95 5
8 98 18
25 38 13
44 51 20
2 54 13
84 93 18
43 55 11
87 98 12
17 39 14
36 52 2
55 65 17
38 98 7
29 49 9
6 65 5
24 55 2
43 68 18
1 71 15
17 52 4
36 65 1
10 12 6
54 55 18
12 58 8
31 71 16
3 9 13
24 68 14
65 69 6
68 74 13
1 84 2
58 66 5
77 79 14
42 58 7
61 71 15
80 84 16
19 74 1
10 25 5
54 68 12
12 71 13
31 84 1
72 85 11
46 69 9
5 31 9
65 82 5
49 74 4
68 87 3
7 77 17
26 90 4
58 79 14
42 71 13
61 84 9
0 74 13
19 87 17
60 88 15
16 18 7
34 72 6
53 85 3
72 98 18
37 77 7
56 90 5
9 15 6
14 93 7
46 82 2
5 44 7
49 87 10
7 90 4
20 29 7
39 42 6
23 34 1
83 85 19
0 87 13
41 88 17
13 26 11
32 39 5
44 93 1
16 31 8
35 44 15
2 96 7
34 85 10
53 98 4
37 90 18
9 28 6
8 32 11
27 45 3
11 37 6
30 50 7
71 88 20
29 91 5
20 42 11
4 34 19
23 47 8
83 98 11
25 93 8
15 48 15
59 91 3
18 53 1
8 45 12
27 58 3
11 50 8
30 63 4
1 5 17
4 47 6
45 48 10
3 51 15
22 64 16
38 45 20
57 58 3
15 61 16
18 66 15
33 51 4
52 64 2
10 67 2
1 18 10
45 61 1
3 64 4
22 77 18
40 67 5
33 64 11
52 77 14
10 80 6
28 70 14
47 83 6
0 8 11
19 21 18
5 86 16
63 64 19
21 67 4
40 80 10
14 27 1
74 78 19
32 81 7
51 94 15
35 86 19
7 24 18
67 75 7
26 37 20
70 80 10
9 70 11
28 83 16
47 96 5
0 21 18
5 99 11
21 80 13
62 81 17
81 94 20
20 84 4
39 97 17
14 40 4
74 91 2
13 81 8
32 94 2
16 86 11
35 99 18
7 37 19
6 41 19
9 83 2
50 84 10
69 97 15
25 27 9
2 43 20
62 94 11
20 97 17
4 89 16
36 41 5
13 94 19
16 99 12
29 38 2
48 51 14
92 94 10
6 54 12
50 97 8
25 40 2
2 56 11
84 95 11
43 57 19
1 60 11
17 41 8
36 54 9
55 67 4
29 51 4
31 60 4
24 57 8
43 70 5
1 73 16
17 54 7
10 14 10
54 57 5
12 60 6
31 73 16
3 11 14
5 20 2
24 70 8
65 71 18
68 76 5
26 79 14
58 68 20
77 81 10
42 60 4
61 73 10
80 86 15
0 63 4
19 76 16
54 70 14
12 73 17
53 74 3
72 87 17
56 79 11
5 33 5
46 71 7
65 84 17
49 76 11
68 89 8
7 79 20
26 92 8
42 73 7
0 76 9
19 89 6
60 90 10
13 15 4
16 20 10
34 74 4
53 87 4
37 79 10
56 92 9
9 17 1
28 30 14
14 95 3
27 34 6
46 84 19
30 39 10
49 89 5
7 92 2
48 93 7
20 31 3
39 44 3
4 23 7
23 36 20
83 87 10
41 90 4
13 28 6
25 82 1
44 95 1
16 33 17
2 98 14
34 87 1
37 92 19
78 93 15
8 34 18
27 47 16
11 39 20
30 52 1
71 90 16
29 93 9
20 44 2
4 36 4
23 49 4
25 95 13
15 50 14
18 55 15
59 93 18
17 96 11
8 47 17
11 52 1
52 53 19
1 7 20
45 50 18
3 53 10
22 66 2
38 47 13
15 63 6
18 68 5
33 53 17
52 66 18
10 69 16
1 20 5
45 63 18
3 66 4
21 56 17
40 69 10
33 66 14
10 82 6
51 83 3
7 13 11
28 72 3
47 85 14
0 10 12
19 23 7
5 88 5
63 66 18
21 69 17
40 82 11
81 83 2
14 29 1
74 80 7
13 70 12
32 83 13
51 96 18
35 88 17
7 26 10
67 77 17
26 39 8
70 82 14
9 72 14
28 85 4
0 23 4
2 32 8
62 83 9
81 96 7
20 86 3
39 99 19
23 91 20
14 42 6
13 83 11
32 96 20
16 88 17
6 43 12
9 85 13
50 86 19
69 99 20
25 29 19
2 45 4
62 96 14
20 99 7
4 91 4
36 43 18
55 56 12
38 89 13
29 40 10
48 53 3
92 96 18
6 56 16
50 99 8
25 42 9
24 46 4
43 59 19
84 97 7
1 62 14
17 43 13
36 56 19
31 62 17
24 59 10
43 72 15
1 75 11
17 56 4
61 62 16
19 65 1
10 16 6
54 59 13
12 62 6
31 75 4
72 76 15
5 22 17
46 60 14
65 73 4
49 65 16
68 78 14
26 81 7
58 70 3
42 62 3
61 75 20
0 65 9
19 78 13
12 75 17
53 76 8
72 89 2
56 81 9
14 84 12
5 35 19
46 73 8
65 86 2
49 78 16
68 91 16
7 81 2
26 94 6
23 25 3
42 75 10
0 78 13
41 79 19
60 92 3
13 17 11
44 84 11
16 22 9
34 76 2
53 89 20
37 81 20
56 94 14
9 19 13
14 97 11
27 36 12
30 41 14
71 79 18
90 92 6
7 94 12
48 95 12
20 33 19
6 98 14
39 46 12
4 25 5
23 38 15
83 89 15
41 92 11
13 30 20
25 84 11
44 97 7
16 35 13
34 89 14
37 94 18
78 95 9
36 98 8
8 36 12
27 49 14
11 41 18
30 54 13
71 92 8
29 95 8
4 38 10
22 55 18
25 97 11
66 98 18
15 52 13
18 57 7
59 95 5
17 98 6
8 49 4
11 54 4
52 55 9
1 9 5
45 52 10
64 65 16
3 55 7
22 68 8
38 49 1
33 55 3
52 68 20
10 71 9
3 68 12
47 74 14
21 58 11
40 71 17
33 68 18
10 84 19
51 85 7
7 15 12
26 28 20
70 71 15
28 74 6
47 87 9
0 12 5
19 25 2
5 90 6
63 68 10
21 71 16
62 72 10
81 85 11
39 88 11
14 31 3
74 82 11
13 72 10
32 85 13
51 98 4
16 77 6
35 90 10
7 28 5
9 74 12
28 87 3
69 88 17
2 34 20
62 85 1
81 98 20
20 88 7
23 93 12
14 44 8
13 85 8
16 90 6
6 45 5
50 88 16
8 91 20
25 31 19
11 96 6
2 47 2
43 48 9
84 86 14
4 93 10
17 32 3
36 45 10
55 58 17
38 91 18
29 42 4
6 58 14
24 48 10
84 99 4
43 61 3
1 64 12
17 45 1
36 58 15
12 51 17
31 64 3
24 61 2
1 77 1
58 59 18
42 51 12
61 64 1
19 67 3
10 18 1
54 61 15
12 64 9
31 77 20
72 78 8
46 62 6
5 24 17
65 75 13
49 67 12
68 80 5
7 70 11
26 83 3
58 72 14
42 64 3
61 77 12
0 67 7
19 80 14
60 81 16
34 65 6
53 78 3
72 91 6
37 70 17
56 83 16
14 86 6
5 37 4
46 75 5
49 80 15
7 83 3
26 96 4
20 22 12
23 27 11
0 80 4
41 81 12
60 94 9
13 19 1
44 86 16
16 24 7
2 89 19
35 37 19
34 78 13
53 91 11
37 83 7
56 96 14
9 21 14
14 99 10
8 25 10
27 38 8
71 81 3
30 43 11
90 94 17
29 84 5
48 97 15
20 35 5
4 27 1
23 40 5
83 91 2
41 94 17
25 86 9
44 99 7
15 41 19
18 46 9
59 84 15
78 97 5
8 38 11
27 51 9
11 43 12
71 94 2
30 56 6
29 97 10
4 40 17
22 57 10
25 99 17
15 54 9
59 97 10
18 59 17
52 57 6
10 60 1
1 11 20
45 54 7
3 57 12
22 70 9
40 60 20
33 57 19
52 70 14
10 73 13
47 76 5
0 1 10
5 79 19
21 60 9
40 73 1
14 20 17
32 74 13
51 87 17
35 79 7
7 17 9
26 30 11
67 68 4
70 73 6
9 63 11
28 76 15
47 89 11
0 14 13
5 92 20
21 73 15
62 74 6
81 87 10
39 90 19
14 33 20
74 84 1
13 74 11
32 87 19
16 79 8
35 92 12
7 30 19
6 34 12
9 76 8
28 89 1
69 90 11
27 93 14
30 98 1
2 36 10
62 87 6
20 90 14
4 82 16
23 95 20
13 87 16
16 92 18
57 93 17
29 31 8
6 47 19
50 90 9
8 93 11
25 33 4
11 98 18
2 49 7
43 50 10
84 88 17
87 93 19
1 53 5
4 95 3
17 34 18
36 47 4
55 60 10
96 98 18
38 93 5
29 44 2
31 53 1
24 50 16
43 63 1
1 66 2
17 47 18
12 53 19
31 66 7
3 4 8
24 63 3
68 69 9
26 72 19
58 61 20
42 53 14
61 66 16
0 56 13
19 69 17
54 63 11
12 66 11
53 67 2
72 80 1
56 72 8
46 64 2
5 26 4
65 77 12
49 69 4
68 82 14
7 72 8
26 85 5
42 66 19
0 69 3
19 82 12
60 83 1
34 67 5
53 80 17
72 93 9
37 72 18
56 85 8
9 10 13
14 88 12
46 77 13
5 39 14
49 82 1
7 85 13
48 86 16
20 24 13
23 29 6
41 83 20
60 96 14
25 75 13
13 21 17
44 88 14
16 26 1
2 91 8
34 80 2
37 85 16
78 86 16
97 99 9
8 27 11
27 40 10
11 32 5
30 45 18
71 83 20
90 96 8
29 86 10
48 99 10
20 37 8
4 29 16
23 42 5
41 96 19
25 88 20
15 43 16
18 48 20
59 86 8
78 99 11
17 89 10
8 40 16
27 53 7
11 45 18
30 58 6
71 96 10
29 99 2
3 46 9
22 59 20
38 40 8
15 56 3
18 61 17
59 99 16
33 46 2
52 59 8
10 62 6
1 13 14
45 56 18
3 59 3
22 72 19
40 62 12
33 59 3
52 72 16
10 75 4
51 76 11
28 65 2
47 78 1
0 3 17
5 81 14
21 62 2
40 75 14
14 22 11
32 76 17
51 89 15
35 81 11
7 19 6
26 32 9
67 70 19
70 75 4
9 65 20
28 78 4
47 91 15
0 16 12
5 94 2
2 25 8
21 75 10
62 76 9
81 89 3
20 79 13
39 92 11
23 84 7
14 35 17
13 76 20
32 89 20
16 81 13
35 94 11
76 95 20
6 36 3
9 78 18
50 79 19
69 92 15
27 95 14
2 38 18
62 89 10
20 92 12
4 84 14
23 97 2
13 89 12
16 94 12
57 95 16
29 33 17
15 98 18
6 49 20
50 92 15
8 95 13
25 35 1
24 39 1
84 90 10
43 52 6
1 55 1
87 95 8
4 97 6
45 98 3
17 36 5
36 49 13
38 95 5
31 55 3
75 98 17
24 52 6
43 65 20
1 68 20
17 49 12
19 58 18
12 55 15
31 68 13
5 15 10
46 53 6
65 66 17
49 58 8
68 71 6
26 74 11
58 63 15
42 55 1
61 68 3
0 58 6
19 71 10
12 68 3
53 69 2
72 82 10
56 74 2
46 66 2
5 28 7
65 79 8
49 71 2
68 84 12
7 74 12
26 87 14
42 68 2
0 71 4
41 72 1
60 85 17
44 77 9
34 69 5
53 82 9
37 74 13
56 87 12
9 12 20
14 90 13
27 29 5
71 72 11
30 34 10
7 87 11
48 88 13
20 26 15
4 18 7
23 31 8
41 85 5
60 98 9
13 23 16
25 77 9
44 90 5
16 28 3
2 93 13
34 82 15
37 87 16
78 88 5
36 91 10
8 29 18
27 42 8
11 34 11
30 47 9
71 85 9
90 98 6
29 88 7
4 31 8
23 44 3
22 48 15
25 90 1
66 91 11
15 45 8
59 88 1
18 50 4
17 91 9
8 42 17
11 47 12
1 2 2
3 48 11
22 61 2
38 42 13
15 58 2
18 63 10
33 48 7
52 61 5
10 64 2
45 58 11
3 61 17
47 67 14
21 51 2
40 64 4
33 61 20
10 77 9
51 78 15
7 8 7
28 67 18
47 80 16
0 5 3
5 83 5
21 64 13
40 77 7
39 81 16
14 24 7
74 75 15
13 65 9
32 78 9
51 91 18
16 70 3
35 83 6
7 21 1
70 77 9
9 67 10
28 80 8
69 81 4
5 96 4
2 27 19
62 78 11
81 91 19
20 81 18
39 94 19
23 86 2
14 37 20
13 78 20
32 91 1
16 83 2
35 96 7
76 97 15
6 38 5
9 80 7
50 81 1
69 94 19
8 84 15
27 97 5
11 89 19
2 40 7
62 91 10
20 94 8
4 86 15
23 99 3
17 25 4
36 38 16
38 84 1
57 97 6
29 35 1
6 51 16
50 94 5
91 95 15
8 97 2
24 41 4
43 54 2
84 92 6
87 97 14
1 57 11
4 99 8
17 38 18
36 51 20
38 97 15
12 44 13
31 57 19
24 54 19
1 70 13
42 44 9
19 60 10
10 11 20
12 57 16
31 70 2
46 55 19
5 17 1
65 68 5
49 60 19
68 73 10
7 63 16
26 76 19
58 65 15
42 57 3
61 70 19
0 60 9
19 73 19
60 74 16
34 58 1
53 71 5
72 84 3
37 63 15
56 76 9
14 79 10
5 30 17
46 68 18
49 73 16
7 76 15
26 89 8
0 73 2
41 74 16
60 87 19
44 79 12
16 17 3
34 71 18
53 84 3
37 76 14
56 89 4
9 14 16
14 92 9
27 31 10
30 36 8
71 74 6
29 77 9
48 90 3
20 28 17
6 93 6
39 41 13
4 20 5
23 33 5
83 84 14
41 87 20
25 79 17
44 92 13
85 93 18
16 30 13
2 95 2
15 34 14
18 39 4
59 77 18
78 90 12
36 93 1
8 31 20
27 44 10
11 36 10
30 49 14
71 87 7
29 90 19
4 33 11
22 50 13
25 92 5
66 93 17
15 47 7
59 90 14
18 52 13
17 93 13
8 44 9
11 49 17
10 53 1
54 96 14
1 4 11
45 47 19
3 50 5
22 63 10
40 53 7
33 50 17
52 63 5
10 66 18
3 63 14
47 69 10
5 72 1
21 53 5
40 66 13
33 63 6
32 67 19
51 80 20
35 72 17
7 10 17
9 56 3
28 69 4
47 82 16
0 7 12
5 85 5
21 66 4
62 67 12
39 83 4
14 26 16
74 77 1
13 67 5
32 80 10
51 93 6
16 72 18
35 85 11
7 23 5
6 27 6
9 69 2
28 82 19
69 83 13
27 86 10
30 91 4
2 29 5
62 80 1
81 93 17
20 83 18
39 96 10
4 75 16
23 88 20
13 80 11
16 85 2
57 86 5
76 99 9
6 40 13
50 83 7
69 96 5
8 86 18
27 99 10
25 26 9
11 91 20
2 42 8
20 96 15
4 88 18
17 27 7
36 40 6
38 86 9
57 99 13
29 37 17
31 46 6
50 96 9
91 97 18
8 99 1
24 43 1
43 56 6
84 94 11
1 59 10
87 99 7
17 40 19
38 99 11
12 46 19
31 59 7
24 56 11
42 46 7
0 49 10
19 62 19
10 13 2
54 56 8
12 59 8
53 60 11
72 73 1
5 19 15
46 57 13
65 70 13
49 62 18
68 75 20
7 65 2
26 78 12
42 59 2
0 62 17
19 75 12
60 76 5
34 60 18
53 73 17
72 86 10
37 65 4
56 78 4
14 81 16
46 70 12
5 32 7
49 75 14
7 78 5
26 91 15
41 76 12
60 89 18
13 14 19
25 68 14
44 81 3
16 19 19
2 84 9
34 73 15
37 78 3
78 79 19
9 16 5
14 94 9
55 95 8
8 20 11
27 33 18
11 25 14
30 38 8
71 76 12
29 79 8
48 92 18
20 30 5
6 95 9
4 22 4
23 35 20
41 89 17
25 81 14
44 94 5
85 95 10
2 97 10
15 36 3
59 79 16
18 41 7
78 92 3
36 95 6
8 33 1
27 46 18
11 38 14
30 51 12
71 89 4
29 92 20
4 35 10
3 39 3
22 52 15
66 95 14
24 98 9
15 49 13
59 92 11
18 54 10
17 95 3
33 39 6
10 55 3
54 98 7
1 6 3
45 49 2
3 52 13
22 65 20
40 55 20
33 52 10
52 65 13
10 68 11
51 69 4
28 58 15
47 71 6
5 74 17
21 55 2
40 68 4
14 15 19
32 69 12
51 82 2
35 74 1
7 12 19
9 58 1
28 71 8
47 84 3
0 9 5
5 87 3
21 68 18
62 69 3
81 82 8
20 72 12
39 85 10
23 77 13
14 28 14
74 79 18
13 69 10
32 82 13
16 74 4
35 87 1
76 88 2
6 29 7
9 71 18
50 72 10
69 85 5
27 88 3
30 93 4
2 31 6
62 82 11
20 85 7
39 98 15
4 77 9
23 90 15
13 82 11
16 87 10
57 88 13
15 91 18
18 96 17
6 42 11
50 85 4
69 98 13
8 88 6
25 28 12
11 93 3
24 32 2
43 45 6
1 48 7
87 88 7
4 90 20
45 91 14
17 29 13
36 42 19
38 88 20
31 48 18
91 99 16
75 91 10
24 45 20
43 58 7
84 96 20
1 61 3
17 42 8
12 48 3
31 61 1
5 8 12
49 51 3
26 67 1
42 48 3
0 51 16
19 64 4
12 61 13
53 62 7
72 75 20
56 67 5
5 21 18
46 59 3
65 72 15
49 64 4
68 77 6
7 67 9
26 80 13
42 61 1
0 64 20
60 78 16
34 62 4
53 75 2
37 67 11
56 80 17
14 83 10
7 80 7
48 81 12
4 11 15
23 24 3
41 78 6
60 91 18
13 16 5
25 70 18
44 83 10
16 21 20
2 86 13
34 75 1
37 80 8
78 81 15
14 96 19
55 97 18
8 22 18
27 35 13
11 27 3
30 40 6
71 78 19
90 91 17
29 81 9
48 94 4
20 32 17
6 97 2
4 24 20
23 37 20
22 41 16
25 83 7
44 96 1
85 97 2
2 99 9
15 38 20
59 81 1
18 43 7
78 94 16
17 84 11
36 97 2
8 35 2
11 40 17
29 94 9
3 41 2
22 54 9
66 97 1
15 51 9
18 56 10
59 94 19
17 97 6
33 41 4
52 54 2
10 57 9
45 51 5
3 54 20
47 60 10
21 44 4
40 57 9
33 54 8
10 70 1
51 71 19
28 60 18
47 73 3
5 76 9
21 57 5
40 70 7
39 74 6
14 17 18
13 58 16
32 71 16
51 84 12
16 63 13
35 76 10
7 14 17
9 60 13
28 73 13
69 74 14
5 89 8
2 20 18
62 71 10
81 84 18
20 74 13
39 87 6
23 79 11
14 30 7
13 71 3
32 84 10
16 76 12
35 89 2
76 90 7
6 31 9
9 73 9
50 74 3
69 87 11
8 77 15
27 90 1
11 82 20
30 95 4
2 33 7
62 84 14
20 87 15
4 79 6
23 92 8
64 93 17
17 18 15
38 77 1
57 90 10
15 93 1
18 98 16
6 44 9
50 87 7
8 90 17
11 95 15
24 34 12
84 85 7
43 47 11
87 90 4
1 50 17
4 92 13
45 93 2
17 31 15
3 96 5
36 44 19
38 90 11
31 50 10
75 93 4
33 96 13
24 47 12
84 98 6
1 63 9
19 53 5
63 96 10
12 50 19
31 63 16
46 48 12
5 10 12
49 53 14
26 69 19
42 50 9
61 63 7
0 53 14
19 66 1
53 64 2
72 77 8
56 69 18
14 72 4
5 23 4
46 61 20
49 66 4
68 79 15
7 69 16
26 82 9
0 66 8
41 67 15
60 80 1
44 72 15
34 64 8
53 77 13
37 69 4
56 82 2
14 85 13
7 82 6
48 83 8
20 21 11
6 86 3
4 13 9
23 26 19
41 80 18
60 93 20
25 72 3
13 18 8
44 85 18
16 23 19
2 88 11
15 27 11
18 32 7
78 83 5
36 86 16
55 99 9
8 24 12
27 37 2
11 29 13
30 42 9
71 80 11
29 83 12
48 96 11
6 99 1
4 26 14
22 43 12
25 85 15
66 86 15
85 99 10
15 40 20
59 83 10
18 45 10
78 96 8
17 86 8
36 99 1
8 37 9
11 42 19
10 46 14
29 96 7
3 43 18
22 56 7
66 99 12
40 46 5
17 99 4
33 43 15
52 56 9
10 59 8
3 56 3
47 62 15
5 65 18
21 46 4
40 59 10
33 56 10
32 60 17
51 73 14
35 65 13
9 49 10
28 62 18
47 75 10
5 78 18
21 59 11
39 76 7
14 19 7
13 60 16
32 73 13
51 86 4
16 65 18
35 78 8
7 16 7
9 62 10
28 75 16
69 76 12
27 79 7
30 84 15
2 22 17
62 73 4
81 86 2
20 76 2
39 89 2
4 68 16
23 81 6
14 32 3
13 73 12
16 78 5
57 79 13
76 92 20
6 33 5
50 76 3
69 89 9
8 79 11
27 92 6
11 84 17
30 97 13
2 35 17
20 89 19
4 81 3
23 94 12
64 95 9
17 20 8
38 79 13
57 92 19
29 30 9
15 95 15
6 46 10
50 89 11
8 92 17
94 95 1
11 97 13
52 98 10
24 36 7
43 49 7
84 87 7
87 92 11
1 52 20
45 95 16
17 33 11
3 98 12
38 92 14
79 93 12
82 98 4
12 39 13
31 52 4
75 95 7
33 98 5
24 49 8
1 65 9
19 55 14
63 98 10
12 52 16
31 65 16
46 50 15
5 12 20
49 55 1
7 58 16
26 71 20
42 52 6
0 55 3
19 68 3
60 69 2
34 53 20
53 66 6
72 79 15
37 58 5
56 71 8
14 74 5
46 63 18
5 25 17
49 68 11
7 71 4
26 84 6
0 68 1
41 69 15
60 82 15
44 74 4
2 77 11
34 66 6
53 79 13
37 71 6
56 84 14
14 87 4
55 88 14
8 13 6
11 18 20
30 31 19
29 72 4
48 85 6
20 23 6
6 88 13
4 15 15
23 28 5
41 82 16
25 74 11
44 87 12
85 88 13
2 90 20
15 29 5
18 34 16
59 72 10
78 85 17
97 98 18
36 88 14
8 26 6
27 39 13
11 31 16
30 44 9
71 82 14
29 85 3
48 98 4
4 28 6
3 32 3
22 45 14
25 87 5
66 88 19
24 91 16
15 42 9
18 47 11
59 85 14
78 98 15
17 88 4
10 48 7
54 91 5
3 45 11
22 58 6
40 48 12
33 45 20
52 58 2
10 61 17
51 62 7
28 51 20
47 64 14
5 67 2
21 48 6
40 61 13
32 62 13
51 75 12
35 67 15
9 51 17
28 64 15
47 77 19
0 2 18
5 80 20
21 61 1
20 65 16
39 78 9
23 70 11
14 21 15
13 62 19
32 75 13
16 67 1
35 80 4
76 81 7
6 22 4
9 64 8
50 65 20
69 78 13
27 81 12
30 86 18
2 24 5
62 75 19
20 78 12
39 91 4
4 70 18
23 83 11
13 75 19
16 80 6
57 81 9
76 94 11
15 84 17
6 35 19
50 78 12
69 91 17
8 81 5
27 94 8
11 86 11
30 99 11
2 37 10
1 41 11
4 83 6
45 84 19
64 97 2
17 22 14
38 81 2
57 94 5
15 97 6
31 41 15
91 92 17
75 84 15
8 94 7
94 97 14
11 99 16
24 38 8
84 89 16
43 51 8
1 54 11
87 94 18
45 97 4
17 35 7
38 94 17
79 95 12
12 41 8
31 54 19
75 97 11
24 51 14
26 60 18
67 98 16
0 44 8
19 57 1
12 54 20
53 55 11
56 60 8
5 14 16
46 52 19
49 57 8
68 70 16
7 60 3
26 73 5
42 54 9
0 57 20
19 70 2
60 71 10
34 55 14
53 68 6
72 81 12
37 60 18
56 73 20
14 76 13
46 65 2
49 70 19
7 73 4
48 74 6
41 71 20
60 84 7
25 63 19
44 76 6
2 79 8
34 68 15
37 73 19
14 89 5
55 90 20
8 15 7
27 28 18
11 20 19
30 33 13
29 74 6
48 87 16
20 25 2
6 90 20
4 17 4
23 30 20
22 34 2
41 84 17
25 76 5
44 89 10
85 90 11
2 92 14
43 93 8
15 31 11
18 36 10
59 74 3
78 87 4
17 77 14
36 90 19
8 28 3
11 33 12
71 84 14
29 87 14
73 93 18
3 34 4
22 47 19
66 90 17
24 93 6
15 44 14
18 49 15
59 87 12
17 90 13
33 34 10
10 50 4
54 93 12
12 96 19
3 47 3
47 53 1
21 37 2
40 50 19
42 96 11
33 47 3
10 63 8
51 64 9
28 53 2
47 66 8
5 69 1
21 50 15
40 63 11
13 51 10
32 64 11
51 77 11
16 56 20
35 69 8
9 53 3
28 66 11
5 82 20
2 13 13
62 64 2
20 67 4
39 80 14
23 72 2
14 23 5
13 64 17
32 77 20
16 69 2
35 82 7
76 83 19
6 24 17
9 66 2
50 67 11
69 80 13
8 70 5
27 83 5
30 88 19
2 26 5
62 77 15
20 80 4
4 72 9
23 85 7
38 70 14
57 83 17
76 96 17
15 86 13
6 37 13
18 91 5
50 80 1
8 83 2
27 96 19
11 88 5
24 27 7
1 43 13
4 85 20
45 86 19
64 99 1
17 24 8
36 37 11
38 83 13
57 96 20
15 99 13
31 43 8
91 94 7
75 86 14
94 99 9
24 40 19
84 91 16
43 53 20
1 56 8
87 96 1
45 99 12
17 37 3
19 46 2
79 97 20
63 89 12
12 43 20
31 56 19
75 99 19
26 62 1
42 43 19
0 46 7
19 59 3
12 56 12
53 57 1
56 62 9
14 65 16
5 16 11
46 54 4
65 67 15
49 59 1
68 72 1
7 62 11
26 75 10
42 56 7
0 59 15
41 60 19
60 73 19
44 65 19
34 57 11
53 70 3
37 62 17
56 75 13
14 78 15
7 75 17
48 76 19
6 79 7
4 6 12
41 73 13
60 86 17
25 65 8
44 78 19
2 81 8
15 20 3
34 70 3
18 25 14
37 75 5
36 79 3
55 92 6
8 17 9
27 30 11
11 22 20
30 35 7
71 73 14
29 76 7
48 89 4
6 92 13
4 19 2
22 36 2
25 78 5
66 79 6
85 92 19
2 94 12
43 95 11
15 33 15
1 98 7
59 76 20
18 38 18
78 89 10
17 79 1
36 92 9
8 30 6
11 35 5
29 89 11
73 95 16
31 98 6
3 36 11
22 49 15
66 92 12
24 95 4
59 89 2
17 92 17
58 93 11
61 98 4
33 36 12
10 52 20
54 95 15
12 98 2
3 49 4
47 55 14
88 93 10
21 39 12
40 52 2
42 98 3
33 49 10
32 53 6
51 66 16
9 42 2
28 55 1
47 68 5
5 71 1
21 52 13
39 69 5
13 53 16
32 66 12
51 79 1
16 58 20
35 71 12
7 9 11
9 55 1
28 68 11
5 84 3
2 15 11
62 66 7
20 69 7
39 82 10
23 74 18
14 25 14
13 66 6
16 71 4
76 85 18
6 26 15
50 69 11
69 82 2
8 72 13
27 85 2
11 77 14
30 90 20
2 28 16
20 82 11
4 74 12
23 87 8
64 88 2
38 72 13
57 85 11
76 98 8
15 88 2
6 39 2
18 93 14
50 82 11
8 85 12
27 98 1
11 90 4
24 29 18
1 45 19
45 88 2
17 26 2
36 39 7
3 91 10
38 85 13
79 86 6
98 99 18
12 32 12
31 45 4
91 96 12
75 88 18
33 91 1
24 42 15
1 58 8
19 48 7
79 99 15
63 91 9
12 45 15
31 58 7
7 51 1
26 64 14
42 45 2
0 48 14
19 61 2
60 62 6
34 46 15
53 59 1
37 51 8
56 64 2
14 67 9
5 18 12
46 56 12
49 61 18
7 64 1
26 77 5
0 61 19
41 62 16
60 75 12
44 67 6
2 70 13
34 59 15
53 72 10
37 64 18
56 77 14
14 80 3
55 81 17
29 65 13
48 78 2
6 81 5
4 8 14
41 75 1
25 67 5
44 80 8
2 83 15
15 22 11
59 65 5
18 27 4
36 81 11
55 94 20
8 19 5
27 32 14
11 24 6
30 37 20
71 75 3
29 78 8
48 91 15
6 94 18
4 21 7
22 38 9
25 80 16
66 81 7
85 94 7
24 84 16
43 97 12
15 35 11
59 78 9
18 40 15
78 91 16
17 81 12
36 94 14
77 95 15
10 41 7
54 84 4
73 97 2
3 38 3
22 51 2
66 94 6
24 97 5
40 41 5
17 94 14
58 95 4
33 38 16
10 54 13
54 97 14
47 57 5
88 95 18
46 98 16
5 60 10
21 41 1
40 54 12
32 55 6
51 68 13
35 60 8
9 44 8
28 57 3
47 70 6
5 73 13
21 54 13
39 71 14
13 55 8
32 68 20
51 81 3
16 60 5
35 73 10
7 11 9
6 15 4
9 57 2
50 58 18
69 71 13
27 74 16
30 79 6
2 17 2
62 68 1
20 71 13
39 84 15
4 63 15
23 76 14
13 68 13
16 73 5
57 74 3
76 87 10
6 28 5
50 71 20
69 84 5
8 74 17
27 87 13
11 79 4
30 92 15
2 30 5
1 34 2
4 76 20
23 89 15
64 90 19
22 93 2
38 74 1
57 87 18
15 90 3
18 95 19
31 34 9
8 87 20
11 92 7
52 93 18
24 31 9
43 44 4
1 47 11
45 90 4
17 28 1
3 93 6
38 87 5
79 88 11
82 93 14
12 34 11
31 47 5
91 98 3
75 90 13
33 93 20
24 44 19
26 53 7
0 37 9
19 50 14
63 93 8
21 96 6
12 47 2
5 7 15
49 50 16
7 53 17
26 66 3
42 47 11
0 50 17
19 63 16
60 64 4
34 48 7
53 61 19
72 74 15
37 53 3
56 66 17
14 69 12
46 58 2
49 63 14
7 66 2
48 67 20
41 64 20
60 77 12
25 56 15
44 69 7
2 72 13
34 61 3
37 66 6
14 82 3
55 83 14
11 13 14
29 67 15
48 80 3
6 83 16
4 10 9
41 77 5
25 69 16
44 82 3
2 85 15
43 86 9
15 24 14
18 29 1
59 67 14
78 80 15
17 70 2
36 83 5
55 96 1
8 21 4
11 26 2
71 77 9
29 80 2
73 86 11
6 96 4
3 27 11
22 40 7
66 83 1
85 96 6
24 86 13
43 99 14
15 37 3
18 42 12
59 80 15
17 83 16
36 96 13
77 97 3
10 43 16
54 86 10
73 99 8
12 89 4
3 40 15
22 53 10
66 96 16
24 99 12
40 43 18
58 97 4
42 89 13
33 40 9
10 56 8
51 57 20
54 99 2
28 46 17
47 59 8
88 97 11
5 62 10
21 43 10
40 56 20
32 57 16
51 70 15
35 62 6
9 46 12
28 59 17
47 72 9
5 75 15
2 6 20
20 60 15
39 73 20
23 65 7
14 16 15
13 57 9
32 70 12
16 62 8
35 75 18
6 17 13
9 59 11
50 60 7
69 73 3
27 76 4
30 81 15
2 19 4
62 70 16
20 73 15
39 86 16
4 65 11
23 78 3
16 75 14
57 76 9
76 89 17
15 79 3
18 84 5
6 30 18
50 73 19
69 86 3
8 76 19
27 89 18
11 81 7
30 94 18
1 36 4
4 78 14
45 79 10
64 92 4
22 95 14
38 76 16
57 89 14
15 92 10
18 97 13
31 36 5
75 79 4
8 89 6
11 94 3
52 95 4
24 33 2
10 98 18
43 46 2
87 89 14
1 49 7
45 92 19
17 30 11
3 95 8
19 39 10
79 90 10
82 95 4
40 98 20
12 36 8
31 49 6
75 92 2
33 95 14
67 93 10
26 55 4
70 98 9
0 39 2
19 52 8
63 95 14
21 98 2
12 49 12
14 58 20
5 9 12
46 47 17
49 52 10
7 55 12
26 68 11
42 49 20
0 52 12
41 53 19
60 66 10
44 58 1
34 50 14
53 63 10
37 55 1
56 68 6
14 71 13
7 68 15
48 69 5
6 72 2
41 66 17
60 79 8
25 58 7
44 71 3
2 74 11
34 63 16
37 68 16
36 72 6
55 85 7
8 10 15
11 15 7
29 69 13
48 82 1
6 85 12
4 12 4
22 29 19
25 71 3
66 72 1
2 87 1
43 88 10
15 26 1
18 31 14
59 69 20
78 82 13
17 72 11
36 85 16
55 98 8
8 23 18
11 28 15
29 82 12
73 88 2
31 91 18
3 29 6
22 42 4
66 85 8
85 98 1
24 88 9
15 39 10
18 44 11
59 82 5
17 85 10
58 86 8
77 99 4
61 91 12
10 45 5
54 88 3
12 91 12
3 42 5
47 48 14
21 32 20
40 45 10
58 99 2
42 91 14
33 42 11
0 94 18
10 58 5
51 59 13
28 48 13
88 99 13
47 61 20
5 64 13
21 45 8
40 58 17
39 62 13
13 46 8
32 59 18
51 72 16
16 51 2
35 64 13
9 48 9
28 61 5
5 77 19
2 8 11
20 62 4
39 75 12
23 67 9
14 18 18
13 59 9
32 72 19
16 64 17
35 77 7
76 78 8
6 19 11
9 61 16
50 62 12
69 75 14
8 65 7
27 78 16
11 70 6
30 83 19
2 21 5
20 75 7
4 67 12
23 80 5
64 81 10
38 65 2
57 78 3
76 91 18
15 81 4
18 86 3
6 32 3
50 75 9
8 78 9
27 91 5
11 83 2
30 96 17
1 38 20
4 80 9
45 81 18
64 94 11
17 19 3
3 84 20
22 97 14
38 78 5
57 91 1
15 94 1
18 99 9
12 25 18
31 38 6
75 81 13
33 84 1
52 97 14
24 35 1
1 51 20
87 91 5
45 94 2
86 95 16
3 97 5
19 41 4
79 92 12
63 84 5
82 97 11
12 38 20
31 51 20
75 94 16
33 97 7
7 44 6
67 95 4
26 57 6
0 41 3
19 54 17
63 97 20
34 39 3
37 44 9
56 57 5
14 60 19
46 49 5
5 11 4
49 54 16
7 57 11
26 70 3
0 54 20
41 55 1
60 68 13
44 60 12
2 63 13
34 52 7
53 65 9
37 57 5
56 70 15
14 73 3
55 74 6
29 58 18
48 71 20
6 74 5
41 68 9
25 60 2
44 73 3
2 76 20
18 20 15
36 74 14
55 87 11
8 12 16
11 17 10
29 71 17
48 84 1
6 87 2
4 14 20
22 31 6
25 73 19
66 74 17
85 87 1
24 77 10
43 90 10
15 28 16
1 93 16
18 33 7
59 71 12
78 84 4
17 74 12
36 87 5
77 88 16
11 30 8
10 34 3
54 77 8
73 90 17
31 93 9
3 31 10
22 44 11
66 87 16
24 90 8
17 87 10
58 88 16
61 93 6
10 47 14
54 90 20
12 93 15
3 44 19
47 50 7
46 91 13
5 53 4
49 96 19
21 34 17
40 47 8
42 93 16
0 96 12
33 44 19
32 48 4
51 61 6
35 53 15
9 37 18
28 50 3
47 63 14
5 66 19
21 47 8
39 64 5
13 48 1
32 61 15
51 74 18
16 53 11
35 66 8
6 8 17
9 50 16
28 63 9
27 67 11
30 72 18
2 10 19
20 64 5
39 77 19
4 56 8
23 69 10
13 61 18
16 66 12
57 67 3
76 80 19
6 21 1
50 64 9
69 77 5
8 67 1
27 80 17
11 72 15
30 85 16
2 23 16
1 27 6
20 77 3
4 69 15
23 82 2
64 83 4
22 86 17
38 67 17
57 80 8
76 93 18
15 83 17
18 88 17
50 77 10
8 80 13
11 85 18
52 86 11
1 40 15
45 83 17
64 96 13
17 21 19
3 86 10
22 99 19
38 80 19
79 81 13
82 86 15
15 96 13
12 27 5
31 40 11
75 83 12
94 96 17
33 86 20
52 99 13
24 37 11
45 96 1
86 97 10
3 99 13
0 30 20
19 43 18
79 94 11
63 86 9
82 99 18
21 89 1
12 40 7
75 96 10
33 99 10
7 46 16
26 59 13
67 97 8
0 43 9
19 56 1
63 99 2
34 41 10
53 54 4
37 46 8
56 59 18
14 62 12
5 13 7
46 51 10
49 56 10
7 59 20
48 60 15
41 57 5
60 70 13
25 49 3
44 62 12
2 65 20
34 54 16
37 59 15
14 75 10
55 76 15
29 60 17
48 73 7
6 76 2
41 70 14
25 62 15
44 75 8
2 78 5
15 17 2
59 60 13
18 22 18
17 63 16
36 76 19
55 89 10
8 14 5
11 19 1
30 32 18
29 73 12
73 79 18
6 89 19
4 16 10
3 20 11
22 33 2
66 76 13
85 89 6
24 79 10
43 92 17
15 30 13
1 95 12
59 73 8
18 35 18
17 76 3
36 89 2
77 90 5
80 95 15
10 36 2
54 79 12
73 92 19
31 95 18
3 33 17
22 46 17
66 89 14
24 92 15
58 90 10
42 82 12
61 95 20
19 98 14
10 49 15
54 92 8
12 95 10
28 39 19
47 52 15
88 90 13
46 93 10
5 55 8
49 98 20
21 36 3
40 49 7
42 95 17
0 98 1
32 50 5
51 63 15
35 55 19
9 39 12
28 52 7
47 65 17
5 68 3
21 49 15
20 53 20
39 66 15
23 58 19
13 50 2
32 63 14
16 55 1
35 68 8
6 10 12
9 52 13
50 53 8
27 69 17
30 74 9
2 12 17
62 63 5
20 66 8
39 79 14
4 58 5
23 71 17
13 63 19
16 68 13
57 69 17
76 82 8
15 72 1
6 23 4
18 77 9
50 66 10
69 79 3
8 69 12
27 82 5
11 74 18
30 87 15
1 29 17
4 71 3
45 72 12
64 85 20
22 88 7
38 69 18
57 82 1
15 85 3
18 90 13
8 82 11
11 87 3
52 88 20
24 26 14
10 91 9
1 42 16
45 85 19
64 98 10
17 23 13
3 88 9
19 32 18
38 82 20
79 83 20
82 88 12
40 91 19
12 29 2
31 42 2
91 93 16
75 85 8
94 98 2
33 88 18
67 86 14
26 48 4
86 99 3
70 91 10
0 32 3
19 45 12
79 96 4
63 88 3
21 91 3
12 42 2
7 48 1
67 99 2
26 61 20
9 94 16
0 45 6
41 46 2
34 43 12
53 56 6
37 48 18
56 61 5
14 64 14
7 61 1
48 62 12
41 59 9
60 72 10
25 51 10
44 64 1
2 67 2
34 56 8
37 61 12
14 77 4
55 78 15
29 62 1
48 75 13
6 78 6
4 5 3
25 64 2
2 80 14
43 81 1
15 19 8
59 62 6
18 24 11
17 65 18
36 78 12
55 91 9
8 16 16
11 21 14
29 75 6
73 81 16
6 91 8
3 22 6
22 35 8
66 78 11
85 91 9
24 81 11
43 94 1
15 32 12
1 97 3
59 75 8
18 37 12
17 78 7
77 92 15
80 97 17
10 38 12
54 81 11
73 94 8
12 84 18
31 97 10
3 35 14
24 94 5
65 95 6
21 25 6
58 92 17
42 84 1
61 97 8
33 35 15
10 51 7
51 52 18
54 94 3
12 97 19
28 41 7
88 92 8
47 54 3
46 95 10
5 57 3
21 38 19
40 51 12
39 55 19
42 97 18
13 39 6
32 52 13
51 65 4
16 44 7
35 57 7
34 98 19
9 41 15
28 54 5
5 70 4
20 55 6
39 68 4
23 60 5
13 52 17
32 65 19
16 57 4
35 70 17
6 12 15
9 54 9
50 55 12
8 58 10
27 71 13
11 63 6
30 76 14
2 14 15
62 65 1
20 68 6
4 60 8
23 73 12
64 74 2
38 58 15
57 71 17
76 84 8
15 74 20
6 25 12
18 79 17
50 68 18
8 71 12
27 84 7
11 76 6
30 89 12
1 31 9
4 73 14
45 74 16
64 87 8
3 77 18
22 90 14
38 71 3
57 84 2
15 87 1
18 92 19
12 18 15
33 77 17
52 90 1
24 28 11
10 93 15
1 44 17
45 87 16
86 88 2
3 90 8
89 93 8
19 34 19
79 85 8
63 77 3
82 90 12
40 93 2
12 31 5
31 44 4
75 87 17
33 90 15
26 50 10
67 88 20
70 93 1
28 96 10
0 34 12
19 47 19
79 98 7
63 90 11
21 93 19
14 53 13
7 50 6
26 63 17
9 96 1
0 47 4
41 48 16
60 61 10
44 53 7
34 45 4
53 58 19
37 50 3
56 63 4
14 66 17
48 64 17
6 67 15
41 61 2
25 53 5
44 66 17
2 69 19
36 67 10
55 80 18
29 64 18
48 77 3
6 80 3
4 7 7
22 24 1
25 66 13
66 67 18
2 82 15
43 83 12
15 21 11
1 86 5
59 64 6
18 26 5
17 67 18
36 80 19
55 93 4
8 18 7
11 23 13
10 27 7
73 83 20
31 86 17
3 24 20
22 37 19
66 80 13
24 83 19
43 96 9
1 99 2
17 80 10
58 81 7
77 94 5
61 86 7
80 99 12
10 40 2
54 83 15
73 96 16
12 86 7
31 99 15
3 37 4
5 46 13
24 96 10
65 97 5
21 27 6
58 94 2
42 86 9
61 99 19
33 37 17
0 89 1
32 41 3
51 54 14
35 46 9
95 97 3
12 99 11
9 30 6
28 43 11
47 56 18
88 94 14
46 97 5
5 59 20
21 40 15
39 57 12
42 99 14
13 41 13
32 54 4
51 67 3
16 46 18
35 59 17
9 43 1
28 56 1
27 60 19
30 65 3
2 3 20
20 57 19
39 70 18
4 49 16
23 62 10
13 54 19
16 59 8
57 60 3
6 14 19
50 57 5
69 70 7
8 60 19
27 73 20
11 65 15
30 78 15
2 16 10
20 70 4
4 62 5
23 75 9
64 76 1
22 79 13
38 60 18
57 73 4
76 86 3
15 76 11
18 81 15
50 70 10
8 73 11
11 78 19
52 79 12
1 33 10
45 76 18
64 89 15
3 79 17
22 92 12
38 73 5
15 89 8
18 94 11
12 20 20
31 33 12
75 76 11
33 79 3
52 92 14
24 30 20
10 95 15
1 46 12
45 89 9
86 90 17
3 92 15
89 95 16
47 98 16
19 36 16
79 87 9
63 79 18
82 92 11
21 82 15
40 95 7
12 33 17
75 89 13
33 92 7
74 93 8
7 39 7
67 90 11
26 52 9
70 95 3
28 98 1
0 36 18
19 49 13
63 92 10
21 95 8
37 39 1
14 55 3
13 96 8
5 6 16
7 52 10
26 65 12
9 98 5
41 50 10
60 63 12
44 55 8
2 58 14
34 47 9
37 52 15
56 65 19
14 68 19
55 69 18
29 53 9
48 66 10
6 69 15
41 63 18
25 55 2
44 68 7
2 71 11
36 69 18
55 82 15
11 12 4
29 66 10
48 79 6
6 82 12
4 9 14
3 13 10
22 26 2
66 69 10
24 72 3
43 85 2
15 23 5
1 88 19
18 28 2
59 66 1
17 69 8
36 82 1
77 83 14
80 88 12
10 29 11
54 72 3
73 85 3
31 88 8
3 26 20
22 39 9
66 82 15
24 85 15
43 98 16
17 82 4
58 83 20
77 96 15
61 88 13
19 91 9
10 42 11
54 85 5
73 98 9
12 88 16
28 32 5
46 86 8
5 48 15
65 99 6
49 91 14
21 29 6
40 42 15
58 96 7
42 88 4
0 91 6
32 43 17
51 56 16
35 48 16
95 99 6
9 32 9
28 45 1
88 96 2
47 58 2
46 99 6
5 61 10
21 42 18
20 46 14
39 59 10
23 51 7
13 43 17
32 56 8
16 48 6
35 61 18
9 45 10
27 62 15
30 67 16
2 5 18
20 59 4
39 72 15
4 51 10
23 64 17
13 56 15
16 61 19
57 62 16
15 65 16
6 16 8
18 70 20
50 59 3
69 72 1
8 62 6
27 75 1
11 67 7
30 80 9
2 18 2
1 22 3
4 64 4
45 65 14
64 78 17
22 81 13
38 62 1
57 75 14
15 78 12
18 83 1
8 75 10
11 80 13
52 81 15
1 35 17
45 78 16
64 91 20
3 81 18
22 94 4
38 75 9
40 84 2
12 22 15
31 35 5
75 78 11
33 81 4
52 94 6
93 95 17
10 97 17
26 41 19
67 79 17
86 92 18
70 84 5
3 94 3
89 97 10
0 25 9
19 38 19
79 89 8
63 81 11
82 94 7
21 84 1
40 97 10
12 35 7
33 94 13
74 95 9
32 98 8
7 41 8
67 92 7
26 54 4
70 97 13
9 87 14
0 38 19
19 51 4
63 94 7
21 97 19
62 98 20
34 36 13
37 41 20
14 57 2
13 98 18
7 54 11
48 55 13
92 98 19
41 52 10
60 65 6
25 44 14
44 57 16
2 60 14
34 49 8
37 54 18
14 70 4
55 71 8
29 55 16
48 68 10
6 71 18
41 65 17
25 57 16
44 70 19
2 73 17
43 74 19
17 58 19
36 71 12
55 84 13
8 9 2
11 14 18
29 68 1
73 74 19
6 84 7
3 15 3
22 28 11
66 71 3
24 74 3
43 87 20
15 25 13
1 90 18
18 30 12
59 68 9
17 71 4
36 84 20
77 85 18
80 90 15
10 31 14
54 74 18
73 87 8
12 77 18
31 90 11
3 28 17
66 84 18
24 87 13
65 88 20
68 93 6
58 85 17
77 98 18
42 77 1
61 90 6
19 93 12
10 44 15
54 87 16
12 90 12
28 34 19
46 88 13
5 50 7
49 93 12
21 31 11
7 96 6
40 44 17
39 48 16
58 98 1
42 90 17
0 93 4
13 32 6
32 45 14
51 58 5
16 37 3
35 50 16
34 91 11
37 96 7
9 34 1
28 47 14
88 98 19
5 63 20
20 48 1
39 61 14
23 53 1
13 45 14
32 58 4
16 50 20
35 63 5
9 47 3
8 51 4
27 64 6
11 56 2
30 69 8
2 7 1
20 61 5
4 53 10
23 66 20
64 67 9
38 51 17
57 64 8
76 77 18
15 67 19
18 72 3
6 18 19
50 61 8
8 64 2
27 77 7
11 69 5
30 82 5
1 24 18
4 66 14
45 67 2
64 80 1
3 70 3
22 83 18
38 64 17
57 77 8
15 80 16
18 85 5
33 70 5
52 83 10
10 86 4
1 37 2
45 80 19
3 83 12
22 96 6
19 27 3
63 70 17
82 83 1
40 86 14
12 24 16
31 37 8
75 80 19
33 83 20
52 96 3
93 97 5
10 99 4
67 81 9
26 43 17
86 94 10
70 86 17
89 99 16
0 27 5
19 40 17
79 91 10
63 83 10
82 96 12
21 86 3
40 99 7
12 37 9
14 46 2
74 97 4
7 43 11
67 94 13
26 56 1
70 99 12
9 89 4
0 40 8
44 46 7
21 99 8
34 38 2
37 43 18
14 59 9
7 56 9
48 57 6
6 60 5
41 54 5
60 67 4
25 46 2
44 59 14
2 62 4
34 51 6
37 56 19
36 60 7
55 73 3
29 57 9
48 70 13
6 73 14
25 59 5
2 75 18
43 76 16
1 79 5
18 19 7
17 60 19
36 73 20
55 86 9
8 11 17
11 16 2
10 20 15
29 70 3
73 76 9
31 79 2
3 17 6
22 30 14
66 73 19
85 86 18
24 76 2
43 89 6
1 92 15
59 70 7
17 73 12
58 74 14
77 87 4
61 79 17
80 92 18
10 33 1
54 76 16
73 89 9
12 79 3
31 92 10
3 30 9
24 89 8
65 90 18
68 95 7
26 98 2
58 87 10
42 79 16
61 92 18
0 82 3
19 95 19
32 34 16
35 39 20
54 89 17
12 92 10
53 93 17
56 98 16
9 23 17
28 36 8
47 49 11
5 52 4
46 90 7
49 95 20
21 33 3
7 98 3
39 50 18
42 92 8
83 93 13
0 95 3
13 34 8
32 47 20
51 60 16
16 39 16
35 52 16
34 93 15
37 98 17
9 36 8
28 49 4
20 50 8
39 63 11
4 42 20
23 55 1
13 47 13
16 52 11
6 7 12
8 53 18
27 66 3
11 58 9
30 71 2
2 9 14
20 63 13
4 55 12
23 68 20
64 69 6
38 53 9
57 66 4
76 79 20
15 69 3
6 20 10
18 74 11
50 63 10
8 66 5
11 71 18
1 26 16
45 69 15
64 82 3
3 72 13
22 85 12
38 66 14
15 82 10
18 87 2
12 13 1
33 72 9
52 85 11
10 88 17
1 39 1
45 82 5
3 85 3
22 98 14
19 29 2
79 80 4
63 72 9
82 85 1
40 88 10
12 26 5
31 39 13
75 82 7
33 85 16
74 86 14
93 99 4
7 32 1
26 45 19
67 83 15
86 96 18
70 88 7
28 91 18
0 29 19
19 42 19
63 85 12
21 88 7
14 48 18
74 99 13
7 45 18
26 58 14
67 96 6
9 91 20
0 42 3
41 43 11
44 48 15
2 51 14
34 40 2
37 45 5
56 58 10
14 61 17
55 62 11
29 46 12
48 59 9
6 62 6
41 56 13
25 48 8
44 61 8
2 64 19
36 62 5
55 75 15
29 59 5
48 72 13
6 75 16
3 6 5
25 61 4
24 65 11
43 78 11
15 16 5
1 81 17
18 21 17
17 62 3
36 75 20
80 81 19
10 22 1
54 65 2
73 78 10
31 81 8
3 19 14
22 32 4
66 75 18
24 78 17
43 91 7
1 94 11
17 75 20
58 76 3
77 89 2
61 81 10
80 94 5
19 84 15
10 35 14
54 78 19
73 91 8
12 81 8
31 94 16
72 95 8
46 79 8
5 41 6
65 92 13
49 84 13
68 97 18
21 22 17
58 89 14
42 81 12
61 94 9
0 84 3
19 97 11
32 36 16
35 41 2
12 94 8
53 95 15
9 25 14
28 38 20
88 89 16
47 51 16
5 54 10
46 92 13
49 97 7
21 35 6
20 39 17
39 52 15
42 94 2
83 95 15
0 97 4
41 98 2
13 36 12
32 49 3
16 41 10
35 54 14
34 95 13
9 38 6
27 55 4
30 60 10
71 98 12
20 52 11
39 65 12
4 44 11
23 57 14
13 49 12
16 54 3
6 9 10
50 52 2
8 55 8
27 68 6
11 60 1
30 73 18
2 11 1
1 15 9
4 57 19
64 71 8
22 74 8
38 55 13
57 68 12
15 71 5
18 76 5
8 68 4
11 73 20
52 74 10
1 28 12
45 71 5
64 84 18
3 74 7
22 87 15
38 68 20
18 89 14
12 15 3
33 74 2
52 87 2
24 25 7
10 90 9
67 72 5
26 34 11
3 87 10
89 90 11
47 93 10
0 18 17
19 31 5
79 82 12
63 74 6
82 87 6
21 77 19
40 90 19
12 28 11
33 87 7
74 88 8
7 34 2
67 85 20
26 47 20
86 98 14
70 90 4
28 93 3
0 31 19
19 44 10
63 87 15
21 90 6
14 50 14
13 91 8
16 96 14
7 47 3
9 93 9
41 45 2
25 37 11
44 50 13
2 53 2
34 42 6
37 47 14
14 63 20
55 64 2
29 48 16
48 61 5
6 64 1
41 58 10
25 50 8
44 63 8
2 66 18
43 67 11
17 51 12
36 64 11
55 77 5
29 61 15
6 77 15
3 8 15
24 67 10
43 80 2
15 18 1
1 83 16
59 61 12
18 23 4
17 64 14
36 77 6
77 78 9
80 83 5
10 24 14
54 67 5
73 80 20
12 70 6
31 83 5
3 21 10
66 77 10
24 80 9
65 81 1
68 86 14
1 96 13
58 78 18
77 91 9
42 70 9
61 83 3
80 96 13
19 86 4
10 37 7
54 80 3
12 83 7
31 96 17
72 97 14
46 81 4
5 43 16
65 94 17
49 86 3
68 99 11
21 24 14
7 89 18
58 91 13
42 83 20
61 96 1
0 86 14
19 99 9
13 25 1
32 38 17
35 43 8
34 84 18
53 97 11
37 89 19
9 27 14
28 40 13
88 91 13
46 94 12
5 56 18
49 99 3
20 41 13
39 54 8
23 46 7
83 97 16
0 99 14
13 38 8
32 51 8
16 43 18
35 56 12
34 97 16
9 40 20
27 57 2
30 62 6
20 54 8
39 67 13
4 46 9
23 59 1
38 44 6
15 60 12
6 11 16
18 65 10
50 54 14
8 57 9
27 70 19
11 62 9
30 75 3
1 17 15
4 59 19
45 60 11
64 73 10
22 76 19
38 57 5
57 70 1
15 73 14
18 78 14
11 75 7
52 76 7
10 79 3
1 30 12
45 73 17
64 86 15
3 76 13
22 89 2
19 20 10
40 79 11
12 17 15
33 76 18
52 89 2
10 92 12
26 36 8
67 74 19
86 87 8
70 79 14
3 89 17
89 92 10
47 95 18
0 20 17
19 33 6
5 98 3
79 84 9
63 76 10
82 89 15
21 79 2
40 92 17
12 30 7
14 39 19
33 89 5
74 90 7
32 93 13
35 98 6
7 36 19
67 87 9
26 49 11
70 92 2
9 82 1
28 95 1
0 33 11
21 92 11
62 93 15
14 52 20
13 93 20
16 98 14
7 49 13
48 50 2
6 53 14
92 93 2
9 95 1
41 47 12
25 39 16
44 52 3
2 55 14
34 44 9
37 49 7
36 53 14
55 66 13
29 50 13
48 63 19
6 66 12
25 52 9
2 68 17
43 69 10
1 72 1
17 53 17
36 66 8
55 79 2
29 63 2
31 72 11
3 10 11
22 23 16
24 69 14
43 82 7
1 85 11
59 63 7
17 66 12
58 67 9
77 80 5
61 72 5
80 85 3
10 26 20
54 69 20
73 82 13
12 72 6
31 85 2
3 23 15
24 82 14
65 83 19
68 88 7
58 80 15
77 93 20
42 72 7
61 85 15
80 98 20
0 75 11
19 88 2
10 39 18
54 82 7
12 85 16
53 86 16
72 99 6
56 91 5
28 29 14
46 83 7
5 45 13
65 96 16
49 88 18
21 26 15
7 91 13
39 43 5
42 85 11
83 86 10
0 88 15
13 27 17
32 40 7
51 53 5
16 32 13
35 45 13
95 96 5
34 86 9
53 99 10
37 91 20
9 29 15
28 42 18
5 58 3
46 96 16
20 43 10
39 56 18
23 48 6
83 99 20
13 40 7
25 94 1
16 45 13
35 58 14
34 99 2
8 46 15
27 59 2
11 51 17
30 64 13
20 56 11
4 48 17
23 61 15
38 46 6
57 59 19
15 62 7
6 13 17
18 67 18
50 56 9
8 59 20
27 72 5
11 64 17
30 77 9
1 19 16
4 61 5
45 62 7
64 75 12
3 65 20
22 78 3
38 59 14
57 72 13
15 75 13
18 80 8
33 65 7
52 78 11
10 81 7
1 32 1
45 75 20
3 78 2
22 91 13
19 22 1
63 65 6
40 81 4
12 19 20
31 32 12
33 78 11
52 91 12
10 94 10
51 95 11
7 25 17
26 38 1
67 76 13
86 89 18
70 81 16
89 94 20
28 84 20
47 97 18
0 22 1
19 35 1
63 78 13
82 91 3
21 81 7
40 94 15
81 95 20
14 41 7
74 92 5
32 95 18
7 38 16
67 89 9
26 51 5
70 94 8
9 84 8
28 97 15
0 35 3
2 44 5
21 94 9
62 95 18
20 98 6
37 38 15
14 54 10
13 95 3
29 39 3
48 52 16
92 95 12
6 55 9
9 97 17
50 98 3
41 49 11
25 41 11
44 54 19
2 57 18
36 55 16
55 68 6
29 52 2
48 65 20
6 68 8
25 54 7
24 58 8
43 71 3
1 74 12
17 55 9
36 68 12
10 15 8
54 58 14
31 74 5
3 12 16
22 25 14
66 68 17
24 71 7
43 84 3
1 87 3
17 68 2
58 69 7
77 82 2
61 74 7
80 87 16
19 77 14
10 28 16
54 71 4
73 84 19
12 74 12
31 87 17
72 88 3
3 25 6
5 34 18
46 72 3
65 85 7
49 77 15
68 90 7
26 93 2
58 82 4
42 74 7
61 87 7
0 77 2
19 90 11
12 87 14
53 88 7
56 93 20
9 18 16
28 31 7
5 47 9
46 85 14
65 98 1
49 90 17
21 28 18
7 93 9
39 45 1
42 87 7
83 88 14
0 90 15
41 91 4
13 29 20
32 42 13
51 55 13
16 34 19
35 47 10
95 98 6
34 88 3
37 93 6
9 31 1
28 44 19
27 48 5
30 53 1
71 91 15
20 45 16
39 58 16
4 37 17
23 50 15
25 96 20
13 42 7
16 47 17
8 48 13
27 61 6
11 53 11
30 66 4
2 4 6
1 8 1
20 58 6
4 50 19
23 63 15
22 67 10
38 48 12
57 61 14
15 64 17
18 69 5
8 61 12
11 66 7
52 67 13
1 21 17
45 64 10
64 77 12
3 67 12
22 80 12
38 61 6
15 77 4
18 82 2
33 67 11
52 80 13
10 83 1
26 27 1
45 77 12
3 80 18
47 86 9
0 11 16
19 24 18
63 67 14
21 70 10
40 83 20
12 21 13
75 77 8
33 80 11
74 81 19
93 94 3
10 96 2
51 97 17
7 27 6
67 78 1
26 40 1
86 91 12
70 83 17
89 96 11
28 86 4
47 99 8
0 24 17
19 37 11
63 80 11
21 83 12
40 96 19
81 97 20
14 43 20
74 94 20
13 84 1
32 97 12
16 89 3
7 40 5
67 91 1
70 96 18
9 86 8
28 99 7
25 30 18
2 46 15
62 97 3
34 35 15
37 40 3
14 56 6
55 57 7
13 97 8
29 41 1
48 54 12
92 97 7
6 57 2
9 99 4
41 51 16
25 43 2
44 56 7
2 59 18
43 60 13
17 44 20
36 57 12
55 70 5
29 54 3
6 70 19
24 60 14
43 73 13
1 76 17
17 57 17
36 70 19
10 17 14
54 60 20
12 63 5
31 76 19
3 14 4
22 27 16
66 70 20
24 73 14
65 74 18
1 89 11
58 71 11
77 84 1
42 63 19
61 76 6
80 89 15
19 79 3
10 30 7
54 73 14
12 76 6
31 89 14
72 90 7
46 74 8
5 36 1
65 87 15
49 79 20
68 92 5
26 95 16
58 84 13
42 76 14
61 89 10
0 79 8
19 92 19
35 36 6
34 77 19
53 90 8
37 82 16
56 95 9
9 20 19
28 33 5
14 98 11
5 49 17
46 87 11
49 92 10
90 93 19
21 30 19
7 95 12
20 34 13
39 47 10
23 39 3
83 90 3
0 92 12
41 93 15
13 31 8
32 44 14
44 98 3
16 36 5
35 49 6
34 90 14
37 95 9
9 33 8
27 50 16
71 93 5
30 55 13
20 47 20
39 60 13
4 39 10
23 52 3
13 44 5
25 98 7
16 49 18
15 53 2
18 58 20
59 96 1
8 50 9
27 63 11
11 55 12
30 68 19
1 10 15
4 52 5
45 53 16
64 66 4
22 69 16
38 50 15
57 63 9
15 66 9
18 71 15
8 63 9
11 68 18
52 69 19
10 72 19
1 23 6
45 66 4
64 79 14
3 69 5
22 82 19
38 63 18
40 72 18
33 69 10
52 82 15
10 85 10
26 29 19
70 72 18
3 82 10
47 88 9
0 13 18
19 26 4
5 91 7
63 69 15
21 72 7
40 85 3
12 23 10
33 82 4
74 83 16
93 96 12
32 86 5
51 99 14
35 91 7
7 29 20
26 42 17
67 80 9
86 93 8
70 85 15
89 98 14
9 75 2
28 88 13
0 26 9
63 82 14
21 85 10
62 86 2
81 99 16
14 45 19
74 96 10
13 86 8
32 99 8
16 91 3
7 42 2
9 88 15
25 32 4
44 45 3
2 48 2
62 99 17
34 37 7
37 42 5
4 94 3
36 46 9
96 97 1
55 59 10
13 99 11
29 43 20
48 56 7
92 99 3
6 59 20
25 45 1
2 61 6
43 62 17
17 46 5
36 59 20
55 72 10
29 56 13
24 62 8
43 75 6
1 78 16
17 59 14
58 60 6
61 65 4
10 19 4
54 62 3
73 75 19
12 65 9
31 78 12
3 16 10
24 75 15
65 76 1
68 81 12
1 91 16
58 73 3
77 86 3
42 65 14
61 78 3
80 91 6
19 81 3
10 32 9
54 75 20
12 78 13
72 92 11
5 38 4
46 76 7
65 89 17
49 81 2
68 94 8
7 84 17
26 97 20
42 78 7
0 81 4
19 94 8
60 95 16
13 20 19
32 33 16
16 25 8
35 38 6
34 79 19
53 92 19
37 84 19
56 97 9
9 22 8
28 35 8
46 89 11
5 51 13
49 94 19
90 95 1
7 97 20
20 36 1
39 49 5
23 41 17
83 92 18
41 95 10
13 33 2
32 46 4
16 38 7
35 51 16
34 92 1
37 97 10
9 35 2
8 39 17
27 52 3
11 44 15
30 57 2
71 95 16
29 98 6
20 49 17
4 41 7
23 54 6
38 39 12
15 55 9
59 98 11
18 60 3
8 52 10
27 65 8
11 57 15
30 70 13
1 12 7
4 54 3
45 55 2
64 68 15
3 58 1
22 71 6
38 52 3
57 65 2
15 68 4
18 73 17
33 58 12
52 71 13
10 74 10
1 25 1
45 68 20
3 71 7
22 84 20
40 74 13
33 71 12
52 84 5
10 87 10
51 88 11
7 18 5
26 31 10
67 69 19
70 74 16
28 77 4
47 90 12
0 15 12
19 28 16
5 93 11
63 71 18
82 84 9
21 74 1
40 87 15
81 88 16
14 34 10
74 85 20
93 98 10
32 88 2
35 93 20
7 31 11
26 44 17
67 82 3
70 87 6
9 77 10
28 90 7
0 28 9
21 87 18
62 88 9
20 91 3
23 96 15
14 47 1
74 98 3
