100 200 0
44 91 6
47 53 11
81 85 6
59 64 13
19 55 3
47 71 9
8 18 4
9 17 17
22 99 14
11 14 20
65 79 5
52 79 13
6 57 8
46 75 14
9 35 2
1 15 7
55 59 1
35 90 16
72 84 9
1 97 8
62 83 3
30 48 19
81 96 4
8 57 17
36 82 13
20 31 1
21 48 5
14 97 1
1 72 1
1 17 4
42 89 18
13 19 10
43 96 8
7 76 8
45 60 7
44 95 4
73 76 17
19 50 16
31 79 1
40 91 13
47 84 16
5 23 16
21 50 9
58 99 4
7 14 13
63 86 4
2 45 9
0 57 14
20 35 18
37 85 2
78 86 20
14 37 13
2 82 8
1 67 6
41 85 1
54 58 16
26 84 10
18 80 12
9 44 9
4 11 3
49 98 12
5 73 15
6 38 11
51 61 5
49 52 17
80 85 15
41 69 13
7 46 7
51 79 12
41 78 13
35 62 20
60 91 2
4 29 2
49 61 15
1 60 14
1 78 3
45 57 8
0 89 1
62 73 4
46 86 9
39 80 3
66 98 6
6 86 11
52 53 5
12 17 4
4 13 10
3 23 15
84 97 6
86 94 19
41 71 8
55 97 5
6 58 13
19 77 9
19 22 16
25 81 10
19 95 1
0 27 4
34 59 1
48 76 9
2 88 1
37 55 9
34 68 4
31 78 1
23 28 18
52 64 3
33 69 10
11 20 14
8 88 19
62 68 8
44 96 18
12 67 17
6 81 4
51 58 13
26 38 9
12 85 16
80 82 18
4 81 5
50 78 20
89 94 13
75 77 7
45 91 10
7 52 16
65 69 13
28 29 15
22 43 10
50 96 6
5 91 8
33 89 15
51 97 16
0 40 4
82 91 8
38 88 18
40 85 3
12 14 8
4 46 17
72 83 2
50 62 7
29 94 15
72 92 2
21 26 1
24 43 8
13 52 18
42 67 19
53 97 13
2 85 13
23 62 15
35 91 12
16 32 1
26 97 2
6 39 4
55 87 16
80 86 15
19 67 16
37 82 11
20 41 7
5 22 11
0 72 20
19 21 10
17 97 4
29 71 1
7 13 16
63 82 19
9 47 7
49 83 13
15 90 16
67 73 7
32 51 7
26 99 8
72 96 11
62 95 14
73 95 14
16 52 16
2 62 13
19 23 5
34 42 8
0 19 19
83 90 18
68 71 12
0 28 12
94 99 20
7 70 8
53 67 14
64 67 17
21 78 6
18 24 13
4 16 13
0 49 13
54 84 4
19 62 4
2 55 16
49 51 19
9 24 16
58 93 5
11 21 12
3 38 11
19 89 20
75 79 5
66 85 1
7 63 12
66 94 8
