100 4950 0
13 88 15
16 93 4
29 32 4
6 48 12
9 90 17
50 91 17
41 42 14
25 34 11
44 47 20
2 50 8
4 96 1
36 48 10
96 99 2
55 61 7
29 45 9
48 58 20
6 61 9
25 47 3
43 64 13
1 67 2
17 48 2
36 61 12
31 67 18
3 5 9
24 64 16
43 77 17
1 80 19
17 61 3
58 62 9
61 67 9
10 21 13
54 64 19
73 77 2
12 67 8
31 80 12
3 18 16
5 27 17
65 78 15
68 83 10
26 86 4
58 75 1
42 67 16
61 80 5
80 93 13
0 70 6
19 83 12
12 80 15
53 81 20
72 94 12
56 86 3
9 11 1
46 78 16
5 40 17
65 91 14
49 83 6
68 96 17
7 86 5
26 99 8
42 80 16
0 83 17
19 96 9
60 97 13
13 22 16
32 35 9
16 27 13
35 40 17
34 81 17
53 94 20
37 86 19
56 99 17
9 24 16
28 37 13
27 41 18
30 46 19
90 97 17
7 99 15
20 38 2
39 51 3
4 30 18
23 43 20
83 94 2
41 97 3
25 89 19
13 35 8
16 40 14
34 94 6
37 99 8
8 41 5
27 54 1
11 46 3
71 97 3
30 59 6
20 51 8
4 43 18
23 56 8
22 60 8
38 41 5
15 57 6
18 62 18
50 51 9
8 54 7
11 59 2
52 60 14
1 14 13
45 57 1
64 70 19
3 60 16
22 73 18
38 54 5
15 70 16
18 75 18
33 60 13
52 73 12
10 76 6
45 70 17
3 73 13
47 79 1
0 4 12
21 63 20
40 76 15
12 14 1
33 73 17
10 89 1
51 90 8
7 20 9
67 71 4
26 33 2
70 76 11
28 79 13
47 92 19
0 17 17
19 30 10
5 95 15
63 73 15
21 76 5
40 89 20
81 90 7
39 93 19
14 36 8
74 87 1
13 77 5
32 90 16
16 82 18
35 95 5
7 33 20
26 46 19
67 84 15
70 89 9
9 79 1
28 92 4
69 93 13
2 39 17
62 90 19
20 93 8
23 98 19
14 49 14
13 90 4
16 95 9
29 34 8
6 50 11
9 92 20
50 93 16
8 96 19
41 44 3
25 36 8
44 49 8
2 52 4
4 98 18
36 50 3
55 63 19
38 96 3
29 47 2
6 63 16
24 53 13
43 66 1
1 69 12
17 50 9
36 63 14
31 69 15
3 7 20
24 66 4
43 79 3
1 82 5
58 64 2
61 69 8
80 82 15
19 72 5
10 23 9
54 66 14
12 69 7
31 82 19
72 83 18
5 29 6
46 67 2
65 80 8
49 72 14
68 85 3
26 88 11
58 77 7
42 69 20
61 82 10
0 72 5
19 85 13
12 82 13
53 83 13
72 96 8
56 88 17
9 13 3
14 91 20
5 42 11
46 80 18
65 93 7
49 85 16
68 98 11
21 23 15
7 88 11
20 27 7
39 40 4
23 32 7
0 85 17
41 86 18
60 99 12
13 24 3
32 37 8
44 91 19
16 29 9
35 42 10
34 83 14
53 96 19
37 88 17
9 26 3
27 43 4
71 86 20
30 48 16
90 99 18
20 40 11
39 53 14
4 32 13
23 45 4
83 96 5
41 99 5
25 91 11
13 37 13
16 42 5
15 46 14
34 96 9
18 51 2
8 43 18
27 56 6
11 48 18
30 61 1
71 99 3
1 3 20
4 45 13
45 46 11
22 62 3
38 43 16
15 59 18
18 64 2
8 56 14
11 61 17
52 62 5
10 65 10
1 16 1
45 59 1
64 72 8
3 62 7
22 75 1
38 56 4
40 65 10
33 62 10
52 75 6
10 78 10
3 75 16
47 81 11
0 6 3
21 65 5
40 78 16
12 16 9
33 75 20
74 76 9
32 79 13
51 92 14
35 84 5
7 22 12
67 73 18
26 35 7
70 78 14
89 91 11
9 68 20
28 81 18
47 94 10
0 19 20
5 97 8
63 75 4
21 78 2
62 79 3
81 92 15
39 95 3
14 38 5
74 89 14
13 79 11
32 92 12
16 84 10
35 97 6
7 35 1
9 81 5
28 94 18
69 95 7
2 41 13
62 92 13
20 95 1
4 87 3
14 51 2
13 92 9
16 97 1
57 98 3
29 36 15
48 49 4
6 52 17
50 95 14
8 98 9
25 38 5
44 51 12
2 54 10
84 93 14
43 55 13
87 98 2
17 39 3
36 52 18
55 65 2
38 98 12
29 49 5
6 65 12
24 55 15
43 68 1
1 71 18
17 52 4
36 65 19
10 12 11
54 55 10
12 58 3
31 71 15
3 9 9
24 68 13
65 69 12
68 74 3
1 84 4
58 66 9
77 79 11
42 58 11
61 71 16
80 84 18
19 74 5
10 25 5
54 68 9
12 71 9
31 84 6
72 85 16
5 31 11
46 69 14
65 82 15
49 74 16
68 87 14
7 77 7
26 90 13
58 79 2
42 71 14
61 84 2
0 74 6
19 87 20
60 88 10
16 18 9
34 72 8
53 85 11
72 98 12
37 77 2
56 90 12
9 15 6
14 93 20
46 82 11
5 44 12
49 87 6
7 90 15
20 29 6
39 42 2
23 34 12
83 85 12
0 87 15
41 88 9
13 26 7
44 93 7
32 39 1
16 31 18
2 96 15
35 44 17
34 85 2
53 98 3
37 90 8
9 28 16
8 32 20
27 45 18
11 37 1
30 50 18
71 88 5
29 91 13
20 42 9
4 34 5
23 47 5
83 98 17
25 93 14
15 48 9
59 91 16
18 53 15
8 45 11
27 58 17
11 50 10
30 63 4
1 5 19
4 47 3
45 48 14
3 51 1
22 64 4
38 45 4
57 58 3
15 61 14
18 66 15
33 51 11
52 64 15
10 67 16
1 18 14
45 61 8
3 64 16
22 77 10
40 67 8
33 64 7
52 77 2
10 80 2
28 70 9
47 83 13
0 8 12
19 21 12
5 86 2
63 64 5
21 67 3
40 80 20
14 27 17
74 78 14
32 81 9
51 94 6
35 86 2
7 24 7
67 75 17
26 37 19
70 80 4
9 70 17
28 83 14
47 96 6
0 21 9
5 99 6
21 80 1
62 81 11
81 94 1
20 84 6
39 97 17
14 40 4
74 91 16
13 81 11
32 94 9
16 86 15
35 99 8
7 37 14
6 41 2
9 83 13
50 84 10
69 97 9
25 27 17
2 43 12
62 94 5
20 97 18
4 89 11
36 41 1
13 94 8
16 99 20
29 38 8
48 51 20
6 54 9
92 94 5
50 97 16
25 40 10
2 56 3
84 95 13
43 57 4
1 60 19
17 41 2
36 54 7
55 67 18
29 51 5
31 60 17
24 57 12
43 70 16
1 73 18
17 54 12
10 14 14
54 57 20
12 60 13
31 73 6
3 11 3
5 20 12
24 70 11
65 71 19
68 76 13
26 79 17
58 68 20
77 81 10
42 60 3
61 73 14
80 86 1
0 63 20
19 76 1
54 70 8
12 73 16
53 74 4
72 87 20
56 79 12
5 33 13
46 71 18
65 84 10
49 76 2
68 89 9
7 79 15
26 92 17
42 73 18
0 76 2
19 89 15
60 90 1
13 15 1
16 20 13
34 74 5
53 87 15
37 79 3
56 92 1
9 17 12
28 30 19
14 95 2
27 34 4
46 84 2
30 39 15
49 89 18
7 92 20
48 93 16
20 31 16
39 44 17
4 23 20
23 36 4
83 87 20
41 90 16
25 82 1
13 28 8
44 95 17
16 33 9
2 98 20
34 87 20
37 92 10
78 93 10
8 34 16
27 47 8
11 39 11
30 52 8
71 90 12
29 93 4
20 44 15
4 36 10
23 49 4
25 95 8
15 50 18
59 93 16
18 55 12
17 96 19
8 47 13
11 52 11
52 53 11
1 7 6
45 50 18
3 53 15
22 66 13
38 47 2
15 63 20
18 68 6
33 53 9
52 66 9
10 69 2
1 20 12
45 63 3
3 66 6
21 56 10
40 69 17
33 66 3
10 82 19
51 83 18
7 13 11
28 72 14
47 85 14
0 10 3
19 23 11
5 88 1
63 66 2
21 69 20
40 82 11
81 83 1
14 29 4
74 80 10
13 70 15
32 83 19
51 96 15
35 88 6
7 26 10
26 39 15
67 77 18
70 82 3
9 72 13
28 85 3
0 23 9
2 32 19
62 83 18
81 96 11
20 86 9
39 99 2
23 91 12
14 42 17
13 83 11
32 96 16
16 88 19
6 43 18
9 85 7
50 86 13
69 99 1
25 29 19
2 45 17
62 96 4
20 99 4
4 91 13
36 43 3
55 56 10
38 89 11
29 40 6
48 53 7
92 96 4
6 56 16
50 99 10
25 42 3
24 46 7
84 97 9
43 59 1
1 62 4
17 43 5
36 56 9
31 62 19
24 59 7
43 72 20
1 75 1
17 56 19
61 62 15
19 65 7
10 16 11
54 59 13
12 62 2
31 75 8
72 76 6
46 60 11
5 22 9
65 73 5
49 65 17
68 78 14
26 81 4
58 70 1
42 62 7
61 75 10
0 65 16
19 78 16
12 75 3
53 76 6
72 89 15
56 81 16
14 84 8
5 35 5
46 73 20
65 86 13
49 78 19
68 91 6
7 81 12
26 94 14
23 25 3
42 75 12
0 78 16
41 79 14
60 92 4
13 17 4
44 84 8
16 22 15
34 76 14
53 89 19
37 81 8
56 94 8
9 19 20
14 97 16
27 36 15
30 41 15
71 79 7
90 92 15
7 94 14
48 95 20
20 33 12
6 98 11
39 46 17
4 25 16
23 38 4
83 89 4
41 92 4
13 30 7
25 84 13
44 97 15
16 35 19
34 89 6
37 94 10
78 95 12
36 98 5
8 36 2
27 49 5
11 41 2
71 92 15
30 54 19
29 95 12
4 38 20
22 55 1
25 97 1
66 98 11
15 52 4
59 95 10
18 57 10
17 98 8
8 49 12
11 54 12
52 55 18
1 9 7
45 52 6
64 65 2
3 55 5
22 68 1
38 49 12
33 55 7
52 68 17
10 71 13
3 68 15
47 74 15
21 58 12
40 71 6
33 68 15
10 84 19
51 85 2
7 15 8
26 28 18
70 71 4
28 74 9
47 87 11
0 12 4
19 25 15
5 90 14
63 68 4
21 71 1
62 72 2
81 85 10
39 88 3
14 31 13
74 82 20
13 72 2
32 85 7
51 98 4
16 77 19
35 90 17
7 28 17
9 74 12
28 87 4
69 88 9
2 34 6
62 85 20
81 98 19
20 88 16
23 93 14
14 44 13
13 85 5
16 90 2
6 45 8
50 88 19
8 91 8
25 31 20
11 96 13
2 47 6
84 86 3
43 48 18
4 93 15
17 32 19
36 45 1
55 58 11
38 91 14
29 42 14
6 58 16
24 48 14
43 61 8
84 99 20
1 64 10
17 45 4
36 58 19
12 51 2
31 64 11
24 61 12
1 77 1
58 59 7
42 51 18
61 64 13
19 67 9
10 18 20
54 61 9
12 64 19
31 77 13
72 78 15
5 24 14
46 62 4
65 75 15
49 67 14
68 80 18
7 70 19
26 83 18
58 72 11
42 64 11
61 77 16
0 67 11
19 80 10
60 81 20
34 65 12
53 78 19
72 91 15
37 70 1
56 83 6
14 86 9
46 75 8
5 37 1
49 80 11
7 83 20
26 96 10
20 22 15
23 27 15
0 80 10
41 81 11
60 94 13
13 19 11
44 86 8
16 24 18
35 37 18
2 89 17
34 78 6
53 91 2
37 83 6
56 96 17
9 21 7
14 99 17
8 25 5
27 38 15
30 43 5
71 81 20
90 94 8
29 84 19
48 97 1
20 35 4
4 27 18
23 40 6
83 91 2
41 94 8
25 86 13
44 99 12
15 41 3
59 84 20
18 46 2
78 97 19
8 38 7
27 51 20
11 43 12
30 56 16
71 94 4
29 97 11
4 40 13
22 57 16
25 99 1
15 54 10
18 59 8
59 97 11
52 57 13
10 60 8
1 11 6
45 54 5
3 57 1
22 70 11
40 60 16
33 57 20
52 70 7
10 73 5
47 76 3
0 1 10
5 79 20
21 60 9
40 73 1
14 20 12
32 74 17
51 87 7
35 79 6
7 17 6
67 68 7
26 30 2
70 73 3
9 63 14
28 76 5
47 89 4
0 14 19
5 92 9
21 73 5
62 74 17
81 87 11
39 90 14
14 33 18
74 84 8
13 74 17
32 87 15
16 79 9
35 92 14
7 30 15
6 34 2
9 76 9
28 89 16
69 90 10
27 93 19
30 98 20
2 36 13
62 87 17
20 90 19
4 82 8
23 95 5
13 87 8
16 92 19
57 93 13
29 31 19
6 47 12
50 90 13
8 93 17
25 33 3
11 98 2
2 49 6
84 88 4
43 50 1
1 53 5
87 93 8
4 95 16
17 34 17
36 47 2
55 60 5
96 98 15
38 93 3
29 44 4
31 53 18
24 50 2
43 63 9
1 66 2
17 47 5
12 53 13
31 66 7
3 4 8
24 63 7
68 69 9
26 72 15
58 61 13
42 53 7
61 66 10
0 56 3
19 69 9
54 63 3
12 66 6
53 67 19
72 80 13
56 72 13
5 26 16
46 64 1
65 77 7
49 69 13
68 82 18
7 72 10
26 85 12
42 66 15
0 69 13
19 82 10
60 83 10
34 67 8
53 80 4
72 93 15
37 72 10
56 85 9
9 10 13
14 88 1
5 39 14
46 77 11
49 82 11
7 85 6
48 86 20
20 24 2
23 29 19
41 83 13
60 96 18
13 21 8
25 75 14
44 88 3
16 26 8
2 91 13
34 80 8
37 85 19
78 86 7
97 99 12
8 27 9
27 40 2
11 32 5
30 45 1
71 83 14
90 96 18
29 86 1
48 99 7
20 37 5
4 29 5
23 42 15
41 96 19
25 88 5
15 43 5
18 48 2
59 86 1
78 99 14
17 89 17
8 40 16
27 53 10
11 45 12
30 58 12
71 96 10
29 99 1
3 46 3
22 59 9
38 40 9
15 56 5
18 61 5
59 99 4
33 46 20
52 59 4
10 62 5
1 13 7
45 56 9
3 59 5
22 72 13
40 62 2
33 59 14
52 72 10
10 75 16
51 76 7
28 65 18
47 78 5
0 3 3
5 81 2
21 62 3
40 75 2
14 22 17
32 76 15
51 89 5
35 81 15
7 19 3
67 70 5
26 32 9
70 75 10
9 65 10
28 78 2
47 91 4
0 16 11
5 94 12
2 25 20
21 75 4
62 76 2
81 89 18
20 79 13
39 92 1
23 84 18
14 35 5
13 76 6
32 89 14
16 81 11
35 94 1
76 95 19
6 36 10
9 78 18
50 79 10
69 92 12
27 95 18
2 38 5
62 89 2
20 92 9
4 84 9
23 97 1
13 89 10
16 94 11
57 95 4
29 33 14
15 98 17
6 49 2
50 92 6
8 95 15
25 35 19
24 39 13
43 52 18
84 90 19
87 95 4
1 55 1
4 97 19
45 98 6
17 36 5
36 49 14
38 95 2
31 55 19
75 98 16
24 52 8
43 65 19
1 68 7
17 49 19
19 58 1
12 55 1
31 68 9
46 53 2
5 15 3
65 66 10
49 58 2
68 71 8
26 74 19
58 63 17
42 55 10
61 68 13
0 58 2
19 71 2
12 68 1
53 69 17
72 82 17
56 74 19
46 66 17
5 28 11
65 79 9
49 71 4
68 84 3
7 74 6
26 87 9
42 68 15
0 71 13
41 72 4
60 85 13
44 77 3
34 69 19
53 82 19
37 74 18
56 87 10
9 12 15
14 90 18
27 29 5
30 34 2
71 72 9
7 87 8
48 88 7
20 26 8
4 18 7
23 31 3
41 85 12
60 98 14
13 23 17
25 77 9
44 90 5
16 28 4
2 93 11
34 82 17
37 87 16
78 88 15
36 91 16
8 29 8
27 42 15
11 34 13
71 85 20
30 47 3
90 98 5
29 88 10
4 31 14
23 44 4
22 48 16
25 90 17
66 91 11
15 45 17
18 50 1
59 88 15
17 91 16
8 42 17
11 47 7
1 2 13
3 48 18
22 61 17
38 42 6
15 58 8
18 63 8
33 48 10
52 61 3
10 64 13
45 58 20
3 61 4
47 67 18
21 51 11
40 64 3
33 61 19
10 77 1
51 78 4
7 8 11
28 67 14
47 80 2
0 5 16
5 83 9
21 64 4
40 77 15
39 81 19
14 24 1
74 75 9
13 65 5
32 78 19
51 91 10
16 70 13
35 83 17
7 21 19
70 77 17
9 67 3
28 80 8
69 81 4
5 96 11
2 27 13
62 78 19
81 91 13
20 81 10
39 94 13
23 86 13
14 37 7
13 78 9
32 91 18
16 83 11
35 96 16
76 97 5
6 38 6
9 80 7
50 81 13
69 94 14
8 84 12
27 97 11
11 89 1
2 40 14
62 91 3
20 94 20
4 86 9
23 99 3
17 25 15
36 38 6
38 84 7
57 97 2
29 35 18
6 51 19
50 94 6
91 95 4
8 97 11
24 41 13
84 92 15
43 54 2
87 97 14
1 57 5
4 99 4
17 38 4
36 51 3
38 97 13
12 44 6
31 57 16
24 54 6
1 70 19
42 44 8
19 60 15
10 11 17
12 57 2
31 70 16
5 17 20
46 55 1
65 68 7
49 60 19
68 73 2
7 63 8
26 76 9
58 65 1
42 57 2
61 70 2
0 60 18
19 73 8
60 74 18
34 58 19
53 71 19
72 84 5
37 63 14
56 76 12
14 79 7
5 30 17
46 68 11
49 73 16
7 76 3
26 89 7
0 73 5
41 74 14
60 87 12
44 79 4
16 17 2
34 71 4
53 84 2
37 76 9
56 89 10
9 14 17
14 92 1
27 31 20
71 74 19
30 36 1
29 77 1
48 90 1
20 28 18
39 41 12
6 93 12
4 20 15
23 33 20
83 84 13
41 87 18
25 79 11
44 92 17
85 93 2
16 30 1
2 95 18
15 34 18
18 39 14
59 77 1
78 90 6
36 93 14
8 31 20
27 44 13
11 36 20
30 49 11
71 87 13
29 90 2
4 33 17
22 50 2
25 92 5
66 93 3
15 47 19
59 90 4
18 52 3
17 93 19
8 44 9
11 49 17
10 53 2
1 4 7
54 96 15
45 47 2
3 50 16
22 63 15
40 53 13
33 50 20
52 63 8
10 66 12
3 63 16
47 69 7
5 72 4
21 53 19
40 66 9
33 63 10
32 67 5
51 80 10
35 72 11
7 10 2
9 56 15
28 69 9
47 82 1
0 7 17
5 85 4
21 66 2
62 67 4
39 83 5
14 26 16
74 77 8
13 67 20
32 80 11
51 93 6
16 72 7
35 85 15
7 23 11
6 27 5
9 69 18
28 82 18
69 83 14
27 86 4
30 91 3
2 29 19
62 80 20
81 93 10
20 83 11
39 96 17
4 75 1
23 88 9
13 80 8
16 85 6
57 86 18
76 99 5
6 40 20
50 83 19
69 96 17
8 86 1
27 99 14
25 26 17
11 91 8
2 42 5
20 96 19
4 88 12
17 27 13
36 40 16
38 86 5
57 99 1
29 37 18
31 46 17
50 96 14
91 97 7
8 99 20
24 43 10
43 56 4
84 94 17
1 59 16
87 99 8
17 40 19
38 99 16
12 46 6
31 59 7
24 56 2
42 46 14
0 49 2
19 62 3
10 13 11
54 56 3
12 59 9
53 60 9
72 73 17
5 19 6
46 57 9
65 70 4
49 62 3
68 75 9
7 65 19
26 78 5
42 59 1
0 62 2
19 75 20
60 76 10
34 60 11
53 73 6
72 86 1
37 65 9
56 78 12
14 81 2
5 32 15
46 70 10
49 75 15
7 78 10
26 91 2
41 76 14
60 89 18
25 68 7
13 14 16
44 81 6
16 19 6
2 84 8
34 73 2
37 78 6
78 79 20
9 16 4
14 94 20
55 95 20
8 20 14
27 33 5
11 25 5
30 38 13
71 76 3
29 79 18
48 92 9
20 30 14
6 95 12
4 22 4
23 35 16
41 89 3
25 81 18
44 94 20
85 95 11
2 97 16
15 36 4
18 41 15
59 79 4
78 92 20
36 95 13
8 33 7
27 46 19
11 38 13
71 89 2
30 51 2
29 92 10
4 35 3
3 39 14
22 52 12
66 95 2
24 98 3
15 49 11
18 54 19
59 92 5
17 95 10
33 39 12
10 55 7
1 6 2
54 98 5
45 49 19
3 52 11
22 65 14
40 55 2
33 52 19
52 65 18
10 68 3
51 69 13
28 58 11
47 71 15
5 74 17
21 55 4
40 68 7
14 15 11
32 69 19
51 82 16
35 74 20
7 12 2
9 58 10
28 71 13
47 84 16
0 9 2
5 87 19
21 68 8
62 69 18
81 82 20
20 72 10
39 85 7
23 77 7
14 28 16
74 79 15
13 69 12
32 82 16
16 74 14
35 87 16
76 88 3
6 29 11
9 71 16
50 72 11
69 85 18
27 88 16
30 93 16
2 31 6
62 82 6
20 85 5
39 98 2
4 77 14
23 90 17
13 82 4
16 87 14
57 88 16
15 91 1
6 42 16
18 96 7
50 85 5
69 98 7
8 88 1
25 28 11
11 93 9
24 32 18
43 45 9
1 48 19
87 88 9
4 90 18
45 91 6
17 29 3
36 42 6
38 88 8
31 48 17
91 99 11
75 91 8
24 45 8
84 96 8
43 58 2
1 61 2
17 42 18
12 48 7
31 61 8
5 8 11
49 51 2
26 67 14
42 48 9
0 51 13
19 64 7
12 61 7
53 62 10
72 75 5
56 67 7
5 21 10
46 59 11
65 72 13
49 64 15
68 77 9
7 67 18
26 80 13
42 61 8
0 64 5
60 78 12
34 62 10
53 75 10
37 67 9
56 80 1
14 83 14
7 80 17
48 81 20
4 11 8
23 24 18
41 78 7
60 91 4
25 70 2
13 16 2
44 83 6
16 21 10
2 86 10
34 75 17
37 80 13
78 81 8
14 96 11
55 97 16
8 22 13
27 35 16
11 27 20
71 78 11
30 40 4
90 91 17
29 81 8
48 94 2
20 32 7
6 97 1
4 24 9
23 37 14
22 41 15
25 83 2
44 96 5
85 97 13
2 99 6
15 38 15
18 43 3
59 81 19
78 94 2
17 84 6
36 97 20
8 35 18
11 40 13
29 94 6
3 41 12
22 54 15
66 97 11
15 51 9
18 56 14
59 94 9
17 97 20
33 41 19
52 54 10
10 57 18
45 51 4
3 54 4
47 60 6
21 44 9
40 57 7
33 54 5
10 70 3
51 71 6
28 60 15
47 73 10
5 76 13
21 57 17
40 70 7
39 74 3
14 17 17
13 58 14
32 71 20
51 84 18
16 63 11
35 76 18
7 14 10
9 60 3
28 73 8
69 74 16
5 89 1
2 20 6
62 71 18
81 84 12
20 74 17
39 87 20
23 79 17
14 30 20
13 71 10
32 84 13
16 76 8
35 89 10
76 90 7
6 31 8
9 73 4
50 74 10
69 87 16
8 77 15
27 90 4
11 82 10
30 95 8
2 33 4
62 84 16
20 87 20
4 79 20
23 92 20
64 93 12
17 18 8
38 77 13
57 90 12
15 93 3
18 98 8
6 44 19
50 87 20
8 90 18
11 95 17
24 34 18
84 85 17
43 47 4
1 50 10
87 90 9
4 92 18
45 93 6
17 31 2
3 96 16
36 44 3
38 90 8
31 50 20
75 93 7
33 96 1
24 47 1
84 98 1
1 63 17
19 53 20
63 96 2
12 50 9
31 63 13
5 10 9
46 48 2
49 53 2
26 69 14
42 50 12
61 63 3
0 53 18
19 66 15
53 64 19
72 77 16
56 69 10
14 72 18
46 61 15
5 23 1
49 66 5
68 79 8
7 69 20
26 82 17
0 66 5
41 67 18
60 80 8
44 72 2
34 64 12
53 77 9
37 69 15
56 82 4
14 85 9
7 82 13
48 83 15
20 21 10
6 86 3
4 13 12
23 26 7
41 80 14
60 93 9
13 18 4
25 72 19
44 85 18
16 23 6
2 88 20
15 27 18
18 32 8
78 83 5
36 86 15
55 99 16
8 24 12
27 37 7
11 29 18
30 42 18
71 80 14
29 83 20
48 96 9
6 99 2
4 26 18
22 43 15
25 85 20
66 86 8
85 99 8
15 40 3
18 45 19
59 83 4
78 96 13
17 86 20
36 99 10
8 37 16
11 42 8
10 46 14
29 96 12
3 43 14
22 56 5
66 99 1
40 46 16
17 99 16
33 43 15
52 56 8
10 59 1
3 56 11
47 62 17
5 65 9
21 46 17
40 59 17
33 56 15
32 60 19
51 73 12
35 65 17
9 49 18
28 62 13
47 75 18
5 78 17
21 59 3
39 76 18
14 19 14
13 60 1
32 73 13
51 86 17
16 65 12
35 78 3
7 16 18
9 62 16
28 75 5
69 76 3
27 79 19
30 84 16
2 22 9
62 73 4
81 86 1
20 76 15
39 89 7
4 68 12
23 81 20
14 32 8
13 73 17
16 78 8
57 79 6
76 92 8
6 33 4
50 76 4
69 89 3
8 79 6
27 92 12
11 84 3
30 97 10
2 35 19
20 89 19
4 81 8
23 94 15
64 95 17
17 20 11
38 79 5
57 92 12
29 30 16
15 95 1
6 46 8
50 89 20
8 92 14
94 95 18
11 97 20
52 98 18
24 36 13
84 87 19
43 49 8
87 92 9
1 52 12
45 95 13
17 33 5
3 98 9
38 92 4
79 93 11
82 98 3
12 39 7
31 52 13
75 95 2
33 98 11
24 49 10
1 65 17
19 55 8
63 98 13
12 52 3
31 65 5
5 12 7
46 50 17
49 55 7
7 58 7
26 71 5
42 52 8
0 55 11
19 68 20
60 69 16
34 53 8
53 66 17
72 79 17
37 58 5
56 71 1
14 74 12
46 63 10
5 25 1
49 68 10
7 71 11
26 84 6
0 68 14
41 69 10
60 82 9
44 74 7
2 77 11
34 66 15
53 79 18
37 71 5
56 84 5
14 87 14
55 88 10
8 13 17
11 18 8
30 31 5
29 72 6
48 85 12
20 23 13
6 88 20
4 15 1
23 28 16
41 82 14
25 74 6
44 87 8
85 88 11
2 90 18
15 29 1
18 34 1
59 72 20
78 85 1
97 98 5
36 88 3
8 26 10
27 39 18
11 31 11
30 44 14
71 82 16
29 85 19
48 98 1
4 28 12
3 32 12
22 45 5
25 87 19
66 88 17
24 91 6
15 42 8
59 85 17
18 47 6
78 98 2
17 88 6
10 48 18
54 91 2
3 45 2
22 58 18
40 48 12
33 45 16
52 58 5
10 61 8
51 62 19
28 51 15
47 64 9
5 67 2
21 48 11
40 61 15
32 62 5
51 75 7
35 67 12
9 51 5
28 64 16
47 77 18
0 2 17
5 80 16
21 61 7
20 65 20
39 78 14
23 70 13
14 21 16
13 62 19
32 75 3
16 67 17
35 80 8
76 81 12
6 22 11
9 64 9
50 65 13
69 78 8
27 81 17
30 86 2
2 24 5
62 75 20
20 78 10
39 91 12
4 70 20
23 83 8
13 75 2
16 80 3
57 81 13
76 94 8
15 84 13
6 35 14
50 78 18
69 91 16
8 81 2
27 94 15
11 86 20
30 99 13
2 37 3
1 41 19
4 83 9
45 84 9
64 97 5
17 22 16
38 81 5
57 94 2
15 97 12
31 41 8
91 92 1
75 84 2
8 94 14
94 97 13
11 99 20
24 38 14
84 89 6
43 51 20
87 94 15
1 54 4
45 97 11
17 35 19
38 94 17
79 95 20
12 41 17
31 54 6
75 97 19
24 51 16
67 98 1
26 60 16
0 44 8
19 57 7
12 54 12
53 55 11
56 60 5
46 52 9
5 14 13
49 57 17
68 70 1
7 60 9
26 73 10
42 54 7
0 57 11
19 70 18
60 71 9
34 55 7
53 68 3
72 81 14
37 60 14
56 73 7
14 76 10
46 65 7
49 70 18
7 73 7
48 74 18
41 71 14
60 84 3
25 63 2
44 76 9
2 79 5
34 68 13
37 73 10
14 89 17
55 90 2
8 15 10
27 28 17
11 20 19
30 33 18
29 74 5
48 87 3
20 25 20
6 90 4
4 17 12
23 30 12
22 34 18
41 84 13
25 76 19
44 89 3
85 90 4
2 92 4
43 93 9
15 31 16
18 36 16
59 74 5
78 87 5
17 77 16
36 90 19
8 28 10
11 33 6
71 84 4
29 87 6
73 93 16
3 34 9
22 47 16
66 90 8
24 93 13
15 44 16
59 87 15
18 49 15
17 90 20
33 34 13
10 50 3
54 93 9
12 96 11
3 47 6
47 53 18
21 37 10
40 50 15
42 96 11
33 47 10
10 63 9
51 64 13
28 53 3
47 66 10
5 69 5
21 50 14
40 63 15
13 51 19
32 64 4
51 77 4
16 56 17
35 69 1
9 53 10
28 66 12
5 82 2
2 13 11
62 64 13
20 67 2
39 80 3
23 72 2
14 23 12
13 64 11
32 77 12
16 69 8
35 82 13
76 83 1
6 24 14
9 66 12
50 67 16
69 80 8
8 70 7
27 83 2
30 88 13
2 26 2
62 77 15
20 80 12
4 72 2
23 85 4
38 70 14
57 83 9
76 96 13
15 86 15
6 37 16
18 91 19
50 80 6
8 83 20
27 96 16
11 88 1
24 27 10
1 43 16
4 85 19
45 86 10
64 99 10
17 24 15
36 37 4
38 83 19
57 96 17
15 99 18
31 43 2
91 94 7
75 86 10
94 99 14
24 40 12
84 91 15
43 53 10
87 96 17
1 56 5
45 99 16
17 37 20
19 46 17
79 97 12
63 89 6
12 43 7
31 56 20
75 99 18
26 62 2
42 43 18
0 46 17
19 59 17
12 56 19
53 57 19
56 62 7
14 65 2
5 16 2
46 54 15
65 67 7
49 59 13
68 72 13
7 62 20
26 75 11
42 56 13
0 59 3
41 60 10
60 73 4
44 65 13
34 57 18
53 70 2
37 62 11
56 75 19
14 78 8
7 75 18
48 76 3
6 79 14
4 6 3
41 73 19
60 86 8
25 65 14
44 78 10
2 81 20
15 20 10
34 70 8
18 25 10
37 75 11
36 79 20
55 92 3
8 17 8
27 30 1
11 22 10
71 73 9
30 35 7
29 76 18
48 89 13
6 92 3
4 19 2
22 36 9
25 78 1
66 79 11
85 92 6
2 94 1
43 95 13
15 33 9
1 98 7
18 38 1
59 76 17
78 89 20
17 79 13
36 92 20
8 30 14
11 35 3
29 89 19
73 95 13
31 98 2
3 36 12
22 49 20
66 92 3
24 95 5
59 89 3
17 92 13
58 93 1
61 98 16
33 36 2
10 52 13
54 95 11
12 98 4
3 49 7
88 93 4
47 55 18
21 39 6
40 52 10
42 98 19
33 49 19
32 53 8
51 66 10
9 42 6
28 55 7
47 68 12
5 71 18
21 52 12
39 69 5
13 53 7
32 66 4
51 79 17
16 58 5
35 71 19
7 9 20
9 55 3
28 68 6
5 84 5
2 15 4
62 66 1
20 69 20
39 82 17
23 74 17
14 25 12
13 66 11
16 71 20
76 85 11
6 26 9
50 69 16
69 82 15
8 72 4
27 85 6
11 77 18
30 90 11
2 28 1
20 82 10
4 74 19
23 87 1
64 88 15
38 72 19
57 85 4
76 98 16
15 88 9
18 93 12
6 39 12
50 82 5
8 85 9
27 98 20
11 90 17
24 29 19
1 45 20
45 88 1
17 26 8
36 39 5
3 91 9
38 85 20
79 86 9
98 99 5
12 32 6
31 45 7
91 96 12
75 88 8
33 91 3
24 42 12
1 58 4
19 48 19
79 99 8
63 91 2
12 45 6
31 58 16
7 51 5
26 64 7
42 45 5
0 48 6
19 61 19
60 62 17
34 46 12
53 59 8
37 51 7
56 64 10
14 67 11
5 18 14
46 56 2
49 61 16
7 64 5
26 77 8
0 61 17
41 62 18
60 75 2
44 67 20
2 70 4
34 59 7
53 72 18
37 64 10
56 77 13
14 80 20
55 81 7
29 65 7
48 78 9
6 81 5
4 8 14
41 75 16
25 67 15
44 80 9
2 83 5
15 22 12
59 65 14
18 27 1
36 81 5
55 94 5
8 19 5
27 32 4
11 24 18
71 75 8
30 37 4
29 78 16
48 91 6
6 94 15
4 21 19
22 38 5
25 80 12
66 81 16
85 94 20
24 84 12
43 97 12
15 35 6
18 40 16
59 78 10
78 91 6
17 81 12
36 94 12
77 95 18
10 41 7
54 84 9
73 97 8
3 38 19
22 51 19
66 94 9
24 97 13
40 41 9
17 94 12
58 95 20
33 38 8
10 54 1
54 97 20
47 57 5
88 95 19
5 60 20
46 98 3
21 41 15
40 54 5
32 55 6
51 68 20
35 60 5
9 44 12
28 57 2
47 70 15
5 73 13
21 54 9
39 71 4
13 55 17
32 68 20
51 81 12
16 60 5
35 73 19
7 11 14
6 15 10
9 57 7
50 58 4
69 71 3
27 74 12
30 79 8
2 17 2
62 68 3
20 71 2
39 84 8
4 63 14
23 76 5
13 68 18
16 73 9
57 74 1
76 87 2
6 28 11
50 71 19
69 84 13
8 74 20
27 87 3
11 79 15
30 92 5
2 30 5
1 34 13
4 76 8
23 89 16
64 90 13
22 93 3
38 74 18
57 87 14
15 90 19
18 95 20
31 34 19
8 87 4
11 92 17
52 93 18
24 31 18
43 44 7
1 47 13
45 90 4
17 28 6
3 93 3
38 87 11
79 88 5
82 93 6
12 34 4
31 47 5
91 98 6
75 90 2
33 93 13
24 44 14
26 53 15
0 37 20
19 50 18
63 93 6
21 96 4
12 47 13
5 7 13
49 50 10
7 53 18
26 66 17
42 47 16
0 50 14
19 63 1
60 64 19
34 48 5
53 61 11
72 74 20
37 53 4
56 66 20
14 69 14
46 58 6
49 63 16
7 66 13
48 67 19
41 64 3
60 77 3
25 56 13
44 69 5
2 72 10
34 61 6
37 66 14
14 82 3
55 83 12
11 13 20
29 67 4
48 80 7
6 83 20
4 10 19
41 77 7
25 69 10
44 82 13
2 85 10
43 86 4
15 24 8
18 29 8
59 67 9
78 80 5
17 70 12
36 83 6
55 96 10
8 21 14
11 26 11
71 77 10
29 80 3
73 86 18
6 96 6
3 27 16
22 40 14
66 83 13
85 96 1
24 86 9
43 99 10
15 37 11
18 42 10
59 80 11
17 83 15
36 96 8
77 97 9
10 43 11
54 86 1
73 99 16
12 89 9
3 40 11
22 53 11
66 96 18
24 99 1
40 43 3
58 97 2
42 89 7
33 40 13
10 56 11
51 57 11
54 99 7
28 46 6
47 59 9
88 97 17
5 62 13
21 43 19
40 56 14
32 57 12
51 70 1
35 62 20
9 46 1
28 59 14
47 72 5
5 75 17
2 6 13
20 60 17
39 73 11
23 65 8
14 16 9
13 57 20
32 70 19
16 62 5
35 75 19
6 17 5
9 59 12
50 60 16
69 73 6
27 76 17
30 81 10
2 19 19
62 70 19
20 73 11
39 86 16
4 65 6
23 78 9
16 75 16
57 76 11
76 89 11
15 79 6
6 30 4
18 84 9
50 73 19
69 86 16
8 76 19
27 89 19
11 81 13
30 94 15
1 36 10
4 78 8
45 79 9
64 92 18
22 95 12
38 76 7
57 89 6
15 92 2
18 97 20
31 36 5
75 79 7
8 89 9
11 94 18
52 95 9
24 33 7
43 46 6
10 98 15
87 89 20
1 49 3
45 92 10
17 30 11
3 95 15
19 39 16
79 90 14
82 95 3
40 98 2
12 36 19
31 49 13
75 92 12
33 95 17
26 55 8
67 93 11
70 98 19
0 39 12
19 52 14
63 95 10
21 98 20
12 49 17
14 58 12
46 47 15
5 9 19
49 52 3
7 55 12
26 68 19
42 49 15
0 52 3
41 53 8
60 66 2
44 58 4
34 50 16
53 63 7
37 55 2
56 68 17
14 71 16
7 68 4
48 69 14
6 72 2
41 66 10
60 79 7
25 58 5
44 71 11
2 74 20
34 63 8
37 68 15
36 72 19
55 85 3
8 10 1
11 15 10
29 69 3
48 82 4
6 85 6
4 12 19
22 29 7
25 71 19
66 72 18
2 87 16
43 88 19
15 26 19
59 69 11
18 31 11
78 82 14
17 72 18
36 85 9
55 98 7
8 23 10
11 28 20
29 82 10
73 88 2
31 91 1
3 29 20
22 42 16
66 85 10
85 98 18
24 88 19
15 39 17
18 44 4
59 82 14
17 85 6
58 86 18
77 99 18
61 91 10
10 45 8
54 88 14
12 91 17
3 42 13
47 48 10
21 32 6
40 45 7
58 99 15
42 91 16
33 42 8
0 94 2
10 58 19
51 59 17
28 48 13
47 61 5
88 99 1
5 64 18
21 45 11
40 58 20
39 62 10
13 46 17
32 59 3
51 72 2
16 51 18
35 64 13
9 48 12
28 61 19
5 77 9
2 8 6
20 62 7
39 75 10
23 67 12
14 18 1
13 59 17
32 72 17
16 64 15
35 77 5
76 78 18
6 19 10
9 61 2
50 62 12
69 75 8
8 65 13
27 78 13
11 70 4
30 83 6
2 21 19
20 75 13
4 67 12
23 80 5
64 81 16
38 65 4
57 78 17
76 91 3
15 81 20
18 86 6
6 32 7
50 75 13
8 78 6
27 91 13
11 83 3
30 96 20
1 38 5
4 80 11
45 81 7
64 94 12
17 19 16
3 84 3
22 97 11
38 78 18
57 91 17
15 94 20
18 99 11
12 25 18
31 38 17
75 81 13
33 84 11
52 97 9
24 35 1
1 51 4
87 91 8
45 94 9
86 95 8
3 97 7
19 41 15
79 92 14
63 84 4
82 97 9
12 38 2
31 51 9
75 94 6
33 97 13
7 44 1
67 95 7
26 57 2
0 41 18
19 54 14
63 97 19
34 39 18
37 44 10
56 57 18
14 60 8
46 49 15
5 11 13
49 54 4
7 57 11
26 70 7
0 54 17
41 55 2
60 68 7
44 60 20
2 63 7
34 52 19
53 65 19
37 57 4
56 70 11
14 73 20
55 74 9
29 58 18
48 71 8
6 74 17
41 68 19
25 60 5
44 73 10
2 76 3
18 20 16
36 74 4
55 87 6
8 12 8
11 17 14
29 71 7
48 84 15
6 87 11
4 14 15
22 31 1
25 73 17
66 74 6
85 87 2
24 77 16
43 90 9
15 28 15
1 93 14
18 33 19
59 71 11
78 84 1
17 74 19
36 87 2
77 88 3
11 30 4
10 34 11
54 77 3
73 90 11
31 93 11
3 31 10
22 44 12
66 87 17
24 90 10
17 87 18
58 88 13
61 93 9
10 47 10
54 90 14
12 93 18
3 44 15
47 50 14
46 91 9
5 53 9
49 96 19
21 34 6
40 47 7
42 93 9
0 96 12
33 44 11
32 48 4
51 61 13
35 53 5
9 37 9
28 50 5
47 63 12
5 66 4
21 47 8
39 64 15
13 48 14
32 61 16
51 74 9
16 53 9
35 66 13
6 8 7
9 50 14
28 63 7
27 67 7
30 72 12
2 10 5
20 64 5
39 77 8
4 56 10
23 69 11
13 61 1
16 66 12
57 67 17
76 80 9
6 21 4
50 64 17
69 77 16
8 67 20
27 80 4
11 72 4
30 85 4
2 23 14
1 27 8
20 77 1
4 69 1
23 82 1
64 83 17
22 86 20
38 67 9
57 80 16
76 93 11
15 83 1
18 88 10
50 77 8
8 80 15
11 85 6
52 86 12
1 40 7
45 83 9
64 96 8
17 21 9
3 86 6
22 99 11
38 80 4
79 81 5
82 86 3
15 96 8
12 27 15
31 40 13
75 83 18
94 96 15
33 86 2
52 99 18
24 37 10
45 96 5
86 97 14
3 99 18
0 30 12
19 43 14
79 94 5
63 86 5
82 99 11
21 89 2
12 40 15
75 96 18
33 99 2
7 46 6
26 59 5
67 97 15
0 43 7
19 56 16
63 99 4
34 41 4
53 54 20
37 46 7
56 59 7
14 62 12
5 13 7
46 51 9
49 56 2
7 59 18
48 60 7
41 57 2
60 70 9
25 49 5
44 62 13
2 65 13
34 54 12
37 59 18
14 75 11
55 76 18
29 60 2
48 73 2
6 76 13
41 70 2
25 62 7
44 75 16
2 78 19
15 17 4
18 22 20
59 60 4
17 63 9
36 76 11
55 89 18
8 14 11
11 19 8
30 32 19
29 73 15
73 79 3
6 89 18
4 16 1
3 20 14
22 33 14
66 76 10
85 89 16
24 79 13
43 92 17
15 30 6
1 95 8
59 73 11
18 35 12
17 76 17
36 89 9
77 90 16
80 95 10
10 36 10
54 79 17
73 92 12
31 95 18
3 33 15
22 46 17
66 89 4
24 92 11
58 90 5
42 82 20
61 95 5
19 98 20
10 49 8
54 92 6
12 95 18
28 39 7
47 52 3
88 90 18
5 55 3
46 93 20
49 98 3
21 36 17
40 49 1
42 95 18
0 98 3
32 50 7
51 63 20
35 55 9
9 39 3
28 52 3
47 65 4
5 68 12
21 49 18
20 53 4
39 66 11
23 58 14
13 50 4
32 63 7
16 55 3
35 68 16
6 10 8
9 52 17
50 53 3
27 69 12
30 74 5
2 12 10
62 63 14
20 66 1
39 79 16
4 58 18
23 71 8
13 63 18
16 68 10
57 69 3
76 82 19
15 72 7
18 77 4
6 23 1
50 66 15
69 79 6
8 69 11
27 82 17
11 74 20
30 87 16
1 29 9
4 71 16
45 72 3
64 85 20
22 88 11
38 69 20
57 82 9
15 85 4
18 90 17
8 82 2
11 87 16
52 88 16
24 26 17
10 91 9
1 42 4
45 85 18
64 98 7
17 23 18
3 88 8
19 32 19
38 82 14
79 83 19
82 88 7
40 91 20
12 29 1
31 42 5
91 93 18
75 85 2
94 98 2
33 88 14
26 48 12
67 86 4
86 99 2
70 91 18
0 32 14
19 45 1
79 96 5
63 88 6
21 91 7
12 42 19
7 48 17
67 99 17
26 61 14
9 94 2
0 45 7
41 46 9
34 43 9
53 56 19
37 48 11
56 61 4
14 64 19
7 61 4
48 62 5
41 59 15
60 72 11
25 51 11
44 64 5
2 67 7
34 56 13
37 61 12
14 77 3
55 78 5
29 62 5
48 75 4
6 78 16
4 5 7
25 64 10
2 80 3
43 81 8
15 19 8
59 62 15
18 24 17
17 65 18
36 78 12
55 91 19
8 16 7
11 21 10
29 75 3
73 81 10
6 91 5
3 22 14
22 35 7
66 78 10
85 91 11
24 81 12
43 94 20
15 32 8
1 97 13
18 37 16
59 75 7
17 78 17
77 92 4
80 97 16
10 38 5
54 81 2
73 94 6
12 84 20
31 97 17
3 35 7
24 94 5
65 95 16
21 25 8
58 92 16
42 84 6
61 97 6
33 35 16
10 51 3
51 52 18
54 94 12
12 97 15
28 41 1
88 92 4
47 54 8
46 95 16
5 57 13
21 38 9
40 51 7
39 55 11
42 97 4
13 39 11
32 52 15
51 65 12
16 44 19
35 57 17
34 98 12
9 41 9
28 54 12
5 70 15
20 55 16
39 68 17
23 60 16
13 52 13
32 65 11
16 57 5
35 70 14
6 12 17
9 54 3
50 55 17
8 58 20
27 71 6
11 63 8
30 76 15
2 14 10
62 65 17
20 68 20
4 60 14
23 73 3
64 74 12
38 58 19
57 71 15
76 84 2
15 74 18
18 79 6
6 25 1
50 68 6
8 71 2
27 84 15
11 76 15
30 89 13
1 31 15
4 73 12
45 74 7
64 87 14
3 77 13
22 90 4
38 71 15
57 84 4
15 87 3
18 92 19
12 18 7
33 77 4
52 90 16
24 28 15
10 93 16
1 44 8
45 87 18
86 88 8
3 90 6
89 93 14
19 34 9
79 85 15
63 77 15
82 90 18
40 93 20
12 31 11
31 44 15
75 87 12
33 90 4
26 50 11
67 88 1
70 93 20
28 96 18
0 34 7
19 47 10
79 98 5
63 90 20
21 93 12
14 53 6
7 50 15
26 63 8
9 96 4
0 47 18
41 48 1
60 61 14
44 53 14
34 45 14
53 58 17
37 50 19
56 63 16
14 66 11
48 64 8
6 67 11
41 61 9
25 53 4
44 66 4
2 69 10
36 67 3
55 80 2
29 64 13
48 77 16
6 80 18
4 7 2
22 24 4
25 66 9
66 67 11
2 82 18
43 83 3
15 21 1
1 86 9
18 26 19
59 64 1
17 67 7
36 80 14
55 93 18
8 18 12
11 23 7
10 27 18
73 83 5
31 86 2
3 24 15
22 37 3
66 80 14
24 83 2
43 96 14
1 99 9
17 80 8
58 81 8
77 94 3
61 86 18
80 99 1
10 40 9
54 83 20
73 96 8
12 86 8
31 99 14
3 37 20
5 46 13
24 96 19
65 97 16
21 27 12
58 94 5
42 86 8
61 99 20
0 89 7
33 37 12
32 41 19
51 54 20
35 46 17
95 97 1
12 99 16
9 30 13
28 43 1
47 56 18
88 94 16
46 97 1
5 59 14
21 40 9
39 57 2
42 99 12
13 41 9
32 54 18
51 67 9
16 46 19
35 59 19
9 43 5
28 56 1
27 60 14
30 65 10
2 3 2
20 57 11
39 70 10
4 49 10
23 62 13
13 54 5
16 59 7
57 60 2
6 14 17
50 57 8
69 70 4
8 60 8
27 73 16
11 65 5
30 78 12
2 16 11
20 70 9
4 62 8
23 75 4
64 76 13
22 79 4
38 60 6
57 73 3
76 86 11
15 76 5
18 81 12
50 70 20
8 73 7
11 78 4
52 79 10
1 33 14
45 76 20
64 89 15
3 79 16
22 92 16
38 73 6
15 89 14
18 94 16
12 20 7
31 33 17
75 76 11
33 79 6
52 92 2
24 30 9
10 95 7
1 46 18
45 89 1
86 90 19
3 92 15
89 95 1
47 98 4
19 36 2
79 87 5
63 79 1
82 92 9
21 82 11
40 95 1
12 33 8
75 89 7
33 92 1
74 93 13
7 39 4
67 90 8
26 52 8
70 95 3
28 98 2
0 36 9
19 49 14
63 92 9
21 95 15
37 39 17
14 55 7
5 6 1
13 96 16
7 52 13
26 65 1
9 98 10
41 50 19
60 63 14
44 55 8
2 58 14
34 47 4
37 52 7
56 65 15
14 68 8
55 69 4
29 53 11
48 66 12
6 69 8
41 63 19
25 55 6
44 68 14
2 71 11
36 69 9
55 82 11
11 12 7
29 66 20
48 79 1
6 82 14
4 9 8
3 13 5
22 26 10
66 69 2
24 72 6
43 85 14
15 23 12
1 88 4
18 28 20
59 66 10
17 69 12
36 82 16
77 83 12
80 88 1
10 29 11
54 72 4
73 85 4
31 88 10
3 26 3
22 39 19
66 82 6
24 85 5
43 98 18
17 82 9
58 83 19
77 96 4
61 88 4
19 91 12
10 42 11
54 85 3
73 98 14
12 88 15
28 32 14
46 86 8
5 48 15
65 99 17
49 91 12
21 29 19
40 42 9
58 96 9
42 88 8
0 91 10
32 43 5
51 56 8
35 48 5
95 99 7
9 32 7
28 45 14
88 96 19
47 58 9
5 61 7
46 99 16
21 42 4
20 46 19
39 59 16
23 51 19
13 43 16
32 56 6
16 48 10
35 61 16
9 45 19
27 62 13
30 67 19
2 5 6
20 59 15
39 72 1
4 51 12
23 64 2
13 56 13
16 61 3
57 62 16
15 65 1
18 70 2
6 16 13
50 59 7
69 72 10
8 62 15
27 75 15
11 67 14
30 80 20
2 18 16
1 22 13
4 64 10
45 65 13
64 78 13
22 81 8
38 62 10
57 75 15
15 78 5
18 83 20
8 75 19
11 80 19
52 81 16
1 35 10
45 78 7
64 91 2
3 81 6
22 94 10
38 75 12
40 84 1
12 22 6
31 35 6
75 78 2
33 81 12
52 94 8
93 95 15
10 97 13
67 79 17
26 41 3
86 92 2
70 84 12
3 94 12
89 97 3
0 25 16
19 38 16
79 89 20
63 81 18
82 94 7
21 84 1
40 97 14
12 35 1
33 94 7
74 95 3
32 98 8
7 41 14
26 54 17
67 92 9
70 97 12
9 87 19
0 38 7
19 51 13
63 94 18
21 97 14
62 98 20
34 36 14
37 41 18
14 57 17
13 98 7
7 54 15
48 55 9
92 98 18
41 52 20
60 65 12
25 44 2
44 57 16
2 60 12
34 49 11
37 54 11
14 70 17
55 71 12
29 55 19
48 68 16
6 71 15
41 65 17
25 57 11
44 70 1
2 73 19
43 74 4
17 58 7
36 71 20
55 84 6
8 9 4
11 14 5
29 68 20
73 74 10
6 84 5
3 15 14
22 28 9
66 71 20
24 74 19
43 87 13
15 25 7
1 90 5
59 68 1
18 30 12
17 71 10
36 84 16
77 85 8
80 90 5
10 31 14
54 74 5
73 87 1
12 77 16
31 90 6
3 28 4
66 84 4
24 87 10
65 88 4
68 93 12
58 85 4
77 98 1
42 77 10
61 90 15
19 93 15
10 44 19
54 87 17
12 90 19
28 34 19
46 88 5
5 50 20
49 93 10
21 31 1
40 44 19
7 96 8
39 48 11
58 98 14
42 90 16
0 93 13
13 32 19
32 45 17
51 58 19
16 37 18
35 50 19
34 91 20
37 96 13
9 34 5
28 47 14
88 98 5
5 63 4
20 48 8
39 61 15
23 53 16
13 45 17
32 58 12
16 50 18
35 63 15
9 47 18
8 51 8
27 64 12
11 56 2
30 69 20
2 7 15
20 61 15
4 53 7
23 66 14
64 67 14
38 51 19
57 64 19
76 77 7
15 67 15
18 72 19
6 18 4
50 61 15
8 64 14
27 77 2
11 69 8
30 82 7
1 24 8
4 66 7
45 67 16
64 80 7
3 70 3
22 83 15
38 64 17
57 77 9
15 80 20
18 85 17
33 70 18
52 83 17
10 86 1
1 37 8
45 80 16
3 83 13
22 96 14
19 27 12
63 70 17
82 83 18
40 86 9
12 24 19
31 37 2
75 80 9
33 83 11
52 96 12
93 97 16
10 99 12
67 81 5
26 43 7
86 94 13
70 86 3
89 99 7
0 27 8
19 40 1
79 91 7
63 83 5
82 96 11
21 86 8
40 99 5
12 37 14
14 46 10
74 97 17
7 43 2
26 56 13
67 94 15
70 99 7
9 89 6
0 40 10
44 46 11
21 99 7
34 38 20
37 43 6
14 59 12
7 56 18
48 57 7
6 60 18
41 54 10
60 67 8
25 46 6
44 59 13
2 62 5
34 51 4
37 56 12
36 60 16
55 73 13
29 57 13
48 70 2
6 73 14
25 59 8
2 75 5
43 76 9
1 79 19
18 19 4
17 60 11
36 73 14
55 86 14
8 11 11
11 16 1
10 20 11
29 70 12
73 76 15
31 79 19
3 17 8
22 30 14
66 73 10
85 86 15
24 76 20
43 89 20
1 92 15
59 70 16
17 73 4
58 74 13
77 87 2
61 79 7
80 92 20
10 33 15
54 76 20
73 89 11
12 79 19
31 92 4
3 30 9
24 89 12
65 90 10
68 95 11
26 98 7
58 87 17
42 79 2
61 92 14
0 82 11
19 95 19
32 34 8
35 39 2
54 89 5
12 92 7
53 93 6
56 98 13
9 23 7
28 36 16
47 49 14
46 90 10
5 52 5
49 95 6
21 33 2
7 98 12
39 50 20
42 92 12
83 93 17
0 95 18
13 34 16
32 47 2
51 60 13
16 39 11
35 52 7
34 93 6
37 98 12
9 36 8
28 49 4
20 50 19
39 63 1
4 42 13
23 55 3
13 47 12
16 52 17
6 7 20
8 53 3
27 66 9
11 58 14
30 71 16
2 9 17
20 63 2
4 55 10
23 68 1
64 69 12
38 53 3
57 66 15
76 79 1
15 69 6
6 20 12
18 74 8
50 63 15
8 66 16
11 71 14
1 26 5
45 69 16
64 82 10
3 72 2
22 85 17
38 66 9
15 82 18
18 87 13
12 13 15
33 72 4
52 85 14
10 88 14
1 39 7
45 82 12
3 85 2
22 98 11
19 29 20
79 80 14
63 72 15
82 85 15
40 88 13
12 26 17
31 39 18
75 82 1
33 85 17
74 86 17
93 99 18
7 32 14
26 45 2
67 83 13
86 96 1
70 88 2
28 91 11
0 29 19
19 42 4
63 85 17
21 88 4
14 48 1
74 99 19
7 45 11
67 96 5
26 58 4
9 91 12
0 42 11
41 43 6
44 48 18
2 51 1
34 40 20
37 45 17
56 58 16
14 61 10
55 62 14
29 46 13
48 59 11
6 62 19
41 56 11
25 48 14
44 61 7
2 64 18
36 62 20
55 75 3
29 59 9
48 72 5
6 75 15
3 6 8
25 61 20
24 65 20
43 78 8
15 16 8
1 81 6
18 21 6
17 62 19
36 75 18
80 81 3
10 22 8
54 65 11
73 78 4
31 81 19
3 19 18
22 32 7
66 75 4
24 78 4
43 91 7
1 94 4
17 75 1
58 76 14
77 89 10
61 81 14
80 94 11
19 84 1
10 35 5
54 78 8
73 91 17
12 81 13
31 94 14
72 95 9
5 41 4
46 79 16
65 92 2
49 84 14
68 97 9
21 22 5
58 89 20
42 81 11
61 94 14
0 84 2
19 97 18
32 36 18
35 41 8
12 94 9
53 95 18
9 25 18
28 38 3
47 51 18
88 89 20
5 54 17
46 92 19
49 97 20
21 35 18
20 39 1
39 52 5
42 94 6
83 95 16
0 97 16
41 98 5
13 36 18
32 49 15
16 41 2
35 54 20
34 95 5
9 38 5
27 55 16
71 98 2
30 60 6
20 52 13
39 65 15
4 44 6
23 57 7
13 49 1
16 54 14
6 9 14
50 52 11
8 55 11
27 68 16
11 60 2
30 73 1
2 11 18
1 15 16
4 57 14
64 71 5
22 74 16
38 55 14
57 68 8
15 71 4
18 76 8
8 68 8
11 73 10
52 74 9
1 28 9
45 71 13
64 84 3
3 74 20
22 87 4
38 68 18
18 89 11
12 15 4
33 74 14
52 87 5
24 25 19
10 90 17
26 34 14
67 72 6
3 87 18
89 90 15
47 93 4
0 18 4
19 31 12
79 82 9
63 74 7
82 87 18
21 77 4
40 90 19
12 28 2
33 87 4
74 88 17
7 34 14
67 85 2
26 47 2
86 98 12
70 90 19
28 93 13
0 31 3
19 44 14
63 87 7
21 90 6
14 50 9
13 91 1
16 96 5
7 47 19
9 93 9
41 45 12
25 37 9
44 50 19
2 53 4
34 42 6
37 47 3
14 63 14
55 64 15
29 48 12
48 61 16
6 64 4
41 58 16
25 50 11
44 63 7
2 66 10
43 67 19
17 51 1
36 64 6
55 77 1
29 61 13
6 77 16
3 8 10
24 67 15
43 80 20
15 18 16
1 83 10
59 61 17
18 23 19
17 64 18
36 77 13
77 78 16
80 83 7
10 24 18
54 67 18
73 80 13
12 70 5
31 83 8
3 21 15
66 77 3
24 80 17
65 81 16
68 86 14
1 96 9
58 78 1
77 91 20
42 70 10
61 83 13
80 96 1
19 86 14
10 37 2
54 80 10
12 83 13
31 96 6
72 97 15
5 43 19
46 81 5
65 94 7
49 86 6
68 99 3
21 24 1
7 89 14
58 91 1
42 83 2
61 96 2
0 86 3
19 99 13
13 25 20
32 38 17
35 43 19
34 84 18
53 97 13
37 89 13
9 27 8
28 40 20
88 91 8
46 94 16
5 56 9
49 99 15
20 41 8
39 54 2
23 46 9
83 97 15
0 99 19
13 38 10
32 51 15
16 43 15
35 56 5
34 97 5
9 40 11
27 57 11
30 62 10
20 54 3
39 67 14
4 46 4
23 59 20
38 44 6
15 60 18
6 11 9
18 65 8
50 54 17
8 57 11
27 70 9
11 62 18
30 75 13
1 17 4
4 59 7
45 60 18
64 73 11
22 76 16
38 57 7
57 70 5
15 73 8
18 78 10
11 75 6
52 76 20
10 79 12
1 30 9
45 73 18
64 86 1
3 76 15
22 89 16
19 20 9
40 79 1
12 17 16
33 76 1
52 89 15
10 92 16
26 36 11
67 74 7
86 87 3
70 79 19
3 89 4
89 92 4
47 95 8
0 20 15
19 33 1
79 84 10
5 98 18
63 76 16
82 89 8
21 79 4
40 92 13
12 30 16
14 39 19
33 89 18
74 90 12
32 93 4
35 98 8
7 36 9
26 49 20
67 87 7
70 92 4
9 82 15
28 95 15
0 33 15
21 92 9
62 93 2
14 52 14
13 93 11
16 98 11
7 49 2
48 50 5
6 53 10
92 93 20
9 95 3
41 47 20
25 39 18
44 52 5
2 55 10
34 44 6
37 49 13
36 53 17
55 66 16
29 50 8
48 63 18
6 66 15
25 52 6
2 68 19
43 69 6
1 72 3
17 53 5
36 66 12
55 79 4
29 63 2
31 72 12
3 10 17
22 23 20
24 69 12
43 82 13
1 85 20
59 63 6
17 66 13
58 67 8
77 80 3
61 72 3
80 85 6
10 26 6
54 69 3
73 82 18
12 72 3
31 85 5
3 23 9
24 82 12
65 83 9
68 88 17
58 80 4
77 93 10
42 72 5
61 85 17
80 98 15
0 75 2
19 88 18
10 39 15
54 82 6
12 85 10
53 86 19
72 99 13
56 91 5
28 29 14
46 83 20
5 45 12
65 96 12
49 88 13
21 26 12
7 91 4
39 43 1
42 85 1
83 86 19
0 88 5
13 27 15
32 40 19
51 53 7
16 32 3
35 45 6
95 96 12
34 86 8
53 99 3
37 91 3
9 29 4
28 42 11
5 58 9
46 96 9
20 43 5
39 56 12
23 48 13
83 99 11
25 94 16
13 40 13
16 45 2
35 58 4
34 99 2
8 46 9
27 59 6
11 51 19
30 64 15
20 56 17
4 48 16
23 61 16
38 46 20
57 59 4
15 62 2
6 13 16
18 67 4
50 56 12
8 59 9
27 72 15
11 64 2
30 77 8
1 19 15
4 61 4
45 62 20
64 75 15
3 65 6
22 78 18
38 59 10
57 72 13
15 75 14
18 80 7
33 65 18
52 78 6
10 81 12
1 32 20
45 75 19
3 78 14
22 91 15
19 22 10
63 65 5
40 81 12
12 19 2
31 32 2
33 78 13
52 91 13
10 94 12
51 95 17
7 25 8
26 38 7
67 76 2
86 89 6
70 81 5
89 94 9
28 84 11
47 97 12
0 22 14
19 35 19
63 78 20
82 91 2
21 81 11
40 94 17
81 95 12
14 41 15
74 92 18
32 95 16
7 38 17
67 89 18
26 51 14
70 94 13
9 84 19
28 97 18
0 35 9
2 44 9
21 94 15
62 95 1
20 98 12
37 38 5
14 54 18
13 95 14
29 39 12
48 52 14
92 95 17
6 55 20
9 97 20
50 98 14
41 49 5
25 41 9
44 54 19
2 57 14
36 55 19
55 68 14
29 52 9
48 65 7
6 68 9
25 54 9
24 58 15
43 71 11
1 74 18
17 55 3
36 68 12
10 15 3
54 58 6
31 74 7
3 12 19
22 25 8
66 68 1
24 71 11
43 84 12
1 87 17
17 68 20
58 69 4
77 82 6
61 74 13
80 87 5
19 77 11
10 28 18
54 71 4
73 84 2
12 74 2
31 87 16
72 88 8
3 25 10
46 72 1
5 34 6
65 85 18
49 77 17
68 90 6
26 93 19
58 82 14
42 74 14
61 87 13
0 77 10
19 90 1
12 87 14
53 88 2
56 93 19
9 18 3
28 31 12
5 47 2
46 85 9
65 98 16
49 90 11
21 28 11
7 93 7
39 45 20
42 87 19
83 88 15
0 90 13
41 91 19
13 29 16
32 42 9
51 55 10
16 34 18
35 47 10
95 98 6
34 88 9
37 93 3
9 31 8
28 44 1
27 48 9
30 53 14
71 91 13
20 45 13
39 58 11
4 37 20
23 50 10
13 42 6
25 96 13
16 47 14
8 48 1
27 61 11
11 53 16
30 66 18
2 4 8
1 8 10
20 58 13
4 50 4
23 63 15
22 67 9
38 48 7
57 61 6
15 64 17
18 69 18
8 61 16
11 66 14
52 67 5
1 21 2
45 64 18
64 77 16
3 67 14
22 80 16
38 61 16
15 77 13
18 82 15
33 67 1
52 80 12
10 83 6
26 27 15
45 77 8
3 80 2
47 86 17
0 11 7
19 24 19
63 67 5
21 70 15
40 83 8
12 21 13
75 77 9
33 80 7
74 81 12
93 94 14
10 96 14
51 97 5
7 27 7
26 40 2
67 78 10
86 91 13
70 83 10
89 96 10
28 86 11
47 99 4
0 24 3
19 37 17
63 80 17
21 83 6
40 96 10
81 97 2
14 43 5
74 94 14
13 84 19
32 97 11
16 89 20
7 40 11
67 91 12
70 96 14
9 86 1
28 99 3
25 30 20
2 46 16
62 97 7
34 35 1
37 40 19
14 56 11
55 57 16
13 97 11
29 41 15
48 54 14
92 97 5
6 57 15
9 99 17
41 51 4
25 43 2
44 56 17
2 59 4
43 60 15
17 44 18
36 57 20
55 70 19
29 54 16
6 70 19
24 60 20
43 73 3
1 76 10
17 57 8
36 70 11
10 17 10
54 60 14
12 63 13
31 76 6
3 14 11
22 27 9
66 70 19
24 73 9
65 74 14
1 89 11
58 71 6
77 84 16
42 63 20
61 76 20
80 89 14
19 79 13
10 30 10
54 73 10
12 76 20
31 89 20
72 90 8
46 74 1
5 36 3
65 87 5
49 79 13
68 92 2
26 95 15
58 84 17
42 76 10
61 89 7
0 79 20
19 92 6
35 36 4
34 77 6
53 90 4
37 82 5
56 95 7
9 20 9
28 33 10
14 98 5
46 87 2
5 49 17
49 92 1
90 93 18
21 30 6
7 95 15
20 34 19
39 47 9
23 39 15
83 90 12
0 92 17
41 93 2
13 31 15
44 98 11
32 44 1
16 36 17
35 49 20
34 90 11
37 95 3
9 33 9
27 50 3
71 93 13
30 55 17
20 47 6
39 60 8
4 39 5
23 52 16
13 44 13
25 98 20
16 49 5
15 53 9
18 58 8
59 96 1
8 50 5
27 63 16
11 55 13
30 68 16
1 10 9
4 52 19
45 53 14
64 66 16
22 69 8
38 50 14
57 63 9
15 66 5
18 71 5
8 63 16
11 68 2
52 69 16
10 72 20
1 23 14
45 66 3
64 79 17
3 69 1
22 82 3
38 63 7
40 72 13
33 69 2
52 82 17
10 85 15
26 29 5
70 72 20
3 82 4
47 88 14
0 13 5
19 26 8
5 91 19
63 69 4
21 72 14
40 85 20
12 23 10
33 82 10
74 83 2
93 96 14
32 86 6
51 99 15
35 91 15
7 29 11
67 80 7
26 42 5
86 93 1
70 85 2
89 98 6
9 75 7
28 88 7
0 26 12
63 82 5
21 85 9
62 86 18
81 99 11
14 45 15
74 96 5
13 86 19
32 99 2
16 91 4
7 42 17
9 88 12
25 32 15
44 45 20
2 48 11
62 99 6
34 37 15
37 42 17
4 94 10
36 46 10
55 59 17
96 97 8
13 99 14
29 43 12
48 56 6
92 99 16
6 59 16
25 45 7
2 61 17
43 62 12
17 46 4
36 59 15
55 72 15
29 56 18
24 62 5
43 75 2
1 78 16
17 59 5
58 60 14
61 65 3
10 19 19
54 62 17
73 75 12
12 65 9
31 78 12
3 16 16
24 75 9
65 76 16
68 81 9
1 91 5
58 73 2
77 86 12
42 65 9
61 78 6
80 91 11
19 81 6
10 32 17
54 75 6
12 78 4
72 92 14
5 38 10
46 76 9
65 89 1
49 81 8
68 94 7
7 84 10
26 97 19
42 78 6
0 81 1
19 94 8
60 95 6
13 20 9
32 33 5
16 25 16
35 38 12
34 79 18
53 92 19
37 84 5
56 97 2
9 22 1
28 35 15
46 89 4
5 51 10
49 94 19
90 95 6
7 97 6
20 36 19
39 49 7
23 41 11
83 92 3
41 95 17
13 33 4
32 46 13
16 38 10
35 51 3
34 92 11
37 97 3
9 35 17
8 39 3
27 52 16
11 44 6
71 95 4
30 57 7
29 98 10
20 49 18
4 41 9
23 54 19
38 39 19
15 55 9
59 98 2
18 60 19
8 52 12
27 65 2
11 57 9
30 70 6
1 12 12
4 54 15
45 55 8
64 68 14
3 58 2
22 71 6
38 52 15
57 65 3
15 68 20
18 73 7
33 58 17
52 71 6
10 74 3
1 25 5
45 68 3
3 71 15
22 84 2
40 74 15
33 71 14
52 84 14
10 87 8
51 88 11
7 18 12
26 31 20
67 69 5
70 74 19
28 77 20
47 90 7
0 15 16
19 28 15
5 93 10
63 71 10
82 84 10
21 74 2
40 87 3
81 88 16
14 34 13
74 85 4
93 98 16
32 88 9
35 93 16
7 31 19
26 44 20
67 82 16
70 87 3
9 77 3
28 90 19
0 28 11
21 87 20
62 88 14
20 91 5
23 96 10
14 47 12
74 98 17
