100 2475 0
13 88 6
24 97 17
16 93 3
17 58 18
36 71 1
55 84 2
29 32 10
8 9 19
0 5 2
5 83 12
40 77 8
6 84 16
2 50 20
22 28 20
54 97 7
66 71 17
13 65 17
43 87 16
16 70 10
35 83 11
36 48 20
55 61 5
15 25 3
47 57 16
5 60 18
70 77 14
77 85 13
9 67 15
48 58 6
21 41 13
40 54 9
5 96 12
6 61 18
2 27 5
62 78 1
81 91 1
54 74 1
12 77 13
32 55 11
3 28 10
35 60 3
14 37 2
66 84 7
13 78 13
32 91 13
24 87 6
35 96 7
36 61 18
68 93 4
6 38 9
58 85 20
77 98 3
50 81 7
61 90 16
21 54 9
11 89 7
31 67 16
54 87 15
20 94 15
12 90 16
4 86 8
51 81 5
28 34 6
1 80 2
7 11 8
5 50 3
46 88 16
57 97 9
58 62 1
49 93 11
21 31 18
40 44 14
7 96 18
27 74 10
39 48 5
58 98 20
30 79 8
42 90 6
2 17 5
62 68 10
8 97 7
54 64 11
73 77 17
0 93 15
20 71 13
31 80 12
4 63 2
51 58 15
24 41 4
84 92 10
3 18 15
35 50 1
87 97 19
34 91 9
5 27 8
65 78 16
16 73 3
17 38 13
36 51 14
68 83 11
28 47 16
88 98 6
38 97 7
58 75 8
50 71 20
69 84 16
42 67 4
80 93 6
20 48 6
39 61 3
12 44 17
23 53 12
4 76 1
23 89 15
35 63 11
9 11 5
46 78 14
65 91 14
57 87 11
15 90 11
8 51 13
27 64 9
19 60 19
30 69 15
31 34 17
42 80 5
19 96 20
11 92 15
4 53 14
23 66 17
64 67 5
43 44 15
16 27 12
1 47 5
34 81 11
53 94 13
65 68 19
37 86 18
57 64 20
3 93 18
9 24 10
49 60 20
38 87 3
79 88 11
30 46 4
90 97 5
42 57 19
82 93 4
61 70 4
7 99 7
8 64 4
19 73 3
60 74 13
20 38 19
11 69 19
39 51 19
31 47 17
4 30 4
83 94 8
75 90 5
1 24 19
33 93 8
25 89 11
24 44 10
64 80 12
16 40 11
3 70 17
14 79 12
26 53 2
46 68 7
7 76 14
8 41 2
27 54 9
11 46 7
71 97 20
30 59 13
63 93 8
41 74 8
33 70 14
52 83 14
12 47 6
4 43 16
23 56 1
10 86 16
22 60 20
38 41 3
3 83 16
49 50 16
9 14 18
27 31 2
18 62 18
71 74 7
50 51 10
63 70 2
29 77 17
8 54 15
40 86 19
0 50 4
60 64 12
20 28 11
39 41 9
12 24 9
52 60 14
4 20 12
23 33 6
75 80 6
1 14 8
34 48 13
93 97 1
44 92 16
72 74 5
45 57 2
37 53 10
16 30 20
56 66 14
22 73 19
14 69 19
26 43 6
46 58 12
18 39 16
59 77 17
49 63 9
36 93 13
15 70 5
48 67 20
0 27 12
19 40 12
11 36 4
63 83 15
82 96 18
29 90 20
21 86 2
52 73 6
25 56 15
2 72 5
22 50 10
14 46 11
34 61 2
74 97 6
3 73 12
55 83 8
67 94 16
0 4 12
70 99 5
9 89 14
8 44 8
48 80 4
6 83 12
12 14 11
11 49 20
4 10 7
21 99 11
33 73 19
34 38 18
45 47 6
51 90 15
2 85 19
22 63 15
14 59 12
7 20 8
67 71 11
26 33 3
18 29 5
78 80 12
70 76 12
17 70 19
40 53 19
0 17 8
19 30 18
5 95 13
11 26 6
6 60 17
63 73 11
40 89 17
41 54 18
60 67 16
33 50 3
6 96 7
39 93 20
10 66 14
3 27 4
22 40 18
14 36 13
66 83 11
24 86 20
3 63 14
16 82 17
43 99 10
15 37 17
55 73 2
7 33 16
5 72 18
17 83 1
36 96 8
77 97 12
28 92 9
29 57 17
48 70 7
6 73 9
10 43 4
54 86 6
33 63 10
73 99 19
20 93 10
32 67 4
51 80 9
23 98 16
2 75 18
3 40 4
22 53 17
35 72 9
14 49 18
1 79 20
66 96 9
24 99 11
16 95 20
17 60 14
36 73 1
28 69 10
47 82 8
8 11 17
0 7 5
40 43 8
5 85 6
11 16 20
6 50 19
9 92 20
42 89 8
62 67 7
33 40 18
73 76 13
25 36 18
39 83 18
44 49 2
51 57 14
54 99 15
14 26 10
74 77 3
85 86 2
13 67 4
32 80 16
51 93 7
24 76 4
16 72 4
7 23 7
88 97 7
47 59 7
59 70 6
5 62 14
6 27 12
58 74 17
9 69 2
29 47 16
69 83 15
61 79 11
40 56 8
80 92 8
27 86 15
6 63 4
30 91 17
62 80 4
81 93 19
54 76 8
73 89 4
20 83 1
12 79 6
31 92 14
32 57 18
51 70 10
24 53 19
23 88 6
3 30 20
43 66 18
35 62 19
24 89 14
57 86 9
17 50 6
9 46 11
47 72 15
26 98 14
5 75 18
6 40 15
50 83 18
69 96 14
61 92 17
0 82 1
19 95 1
25 26 13
20 60 11
39 73 15
31 69 8
32 34 17
2 42 20
3 7 13
13 57 3
53 93 3
4 88 7
32 70 4
24 66 11
35 75 12
9 23 7
28 36 15
1 82 10
47 49 18
38 86 6
57 99 1
19 72 20
39 50 1
50 96 19
10 23 20
83 93 18
62 70 14
8 99 14
0 95 13
12 69 6
13 34 3
32 47 6
72 83 6
23 78 19
24 43 11
43 56 16
84 94 17
1 59 2
34 93 10
46 67 20
37 98 3
76 89 2
68 85 14
28 49 19
15 79 3
38 99 4
58 77 13
50 73 16
42 69 16
61 82 13
8 76 14
27 89 6
19 85 13
20 50 15
12 46 9
31 59 14
1 36 12
12 82 7
13 47 7
53 83 14
24 56 6
56 88 2
9 13 2
22 95 7
14 91 10
5 42 13
6 7 10
65 93 19
38 76 3
57 89 17
49 85 17
42 46 6
15 92 10
7 88 16
8 53 2
18 97 8
39 40 4
10 13 20
23 32 17
2 9 2
75 79 19
8 89 12
54 56 11
60 99 1
20 63 13
11 94 13
53 60 14
13 24 1
72 73 10
44 91 19
32 37 4
24 33 5
64 69 7
43 46 6
1 49 7
53 96 1
45 92 11
49 62 5
9 26 2
68 75 3
15 69 11
26 78 19
6 20 5
18 74 13
79 90 18
71 86 7
90 99 12
82 95 18
42 59 2
8 66 9
40 98 19
19 75 16
60 76 16
11 71 4
12 36 11
39 53 4
23 45 17
83 96 6
75 92 5
41 99 2
1 26 15
33 95 1
34 60 16
13 37 19
53 73 16
25 91 4
45 69 1
72 86 15
56 78 9
3 72 16
22 85 1
67 93 3
18 51 8
70 98 4
49 75 2
8 43 17
71 99 15
63 95 1
41 76 10
60 89 14
33 72 6
52 85 6
44 81 10
10 88 1
2 84 17
34 73 5
49 52 3
22 98 13
7 55 3
8 20 9
26 68 8
18 64 8
71 76 20
30 38 12
63 72 8
82 85 19
48 92 20
40 88 7
0 52 12
60 66 17
11 61 17
6 95 9
31 39 9
44 58 19
10 65 18
75 82 9
74 86 8
34 50 17
53 63 14
64 72 1
37 55 17
56 68 1
14 71 6
15 36 20
7 32 17
26 45 8
86 96 19
18 41 20
59 79 5
70 88 5
7 68 11
8 33 19
48 69 18
40 65 6
6 72 2
11 38 2
71 89 15
30 51 15
63 85 5
60 79 9
52 75 3
4 35 3
44 71 2
10 78 14
3 39 15
22 52 20
14 48 14
37 68 18
3 75 19
36 72 4
55 85 20
15 49 16
7 45 1
17 95 5
48 82 4
40 78 6
41 43 2
4 12 8
54 98 1
74 76 11
66 72 5
37 45 18
56 58 16
51 92 17
3 52 3
43 88 3
7 22 14
26 35 5
18 31 18
70 78 18
17 72 18
55 98 3
28 81 5
47 94 8
40 55 2
5 97 3
11 28 17
6 62 16
63 75 20
21 78 17
81 92 18
52 65 19
25 48 3
44 61 20
39 95 19
31 91 9
51 69 4
3 29 7
22 42 2
14 38 2
74 89 1
32 92 5
35 97 9
36 62 12
55 75 5
7 35 1
18 44 14
59 82 6
5 74 8
28 94 2
29 59 10
14 15 6
25 61 15
20 95 6
12 91 4
4 87 16
32 69 11
51 82 18
3 42 17
43 78 11
14 51 3
1 81 20
7 12 10
13 92 11
28 71 15
29 36 8
48 49 12
21 32 19
40 45 1
6 52 1
58 99 15
21 68 12
62 69 17
81 82 10
73 78 3
0 94 20
44 51 3
23 77 18
3 19 4
14 28 7
74 79 7
87 98 10
16 74 11
17 39 2
35 87 16
55 65 15
28 48 18
1 94 18
47 61 8
17 75 14
21 45 16
80 94 2
30 93 2
2 31 10
62 82 6
39 98 15
31 94 19
51 72 8
23 90 16
43 68 20
35 64 9
1 71 13
65 92 15
16 87 7
17 52 6
57 88 17
68 97 5
15 91 15
21 22 3
58 89 13
10 12 5
2 8 14
0 84 6
39 75 19
11 93 17
23 67 3
14 18 3
87 88 10
13 59 11
53 95 20
32 72 20
35 77 12
36 42 7
9 25 12
28 38 1
88 89 16
47 51 1
5 54 2
6 19 10
38 88 12
58 66 14
77 79 7
49 97 9
9 61 11
50 62 9
42 58 2
61 71 5
21 35 15
80 84 4
27 78 11
11 70 20
39 52 8
30 83 2
31 48 2
42 94 20
2 21 3
0 97 15
13 36 12
32 49 12
4 67 18
72 85 3
43 58 1
16 41 9
35 54 12
1 61 6
34 95 18
46 69 18
65 82 16
9 38 17
68 87 18
15 81 20
7 77 13
18 86 18
58 79 15
50 75 9
42 71 7
8 78 3
27 91 16
0 74 9
19 87 1
12 48 5
30 96 16
31 61 13
4 44 10
23 57 1
1 38 13
34 72 4
53 85 17
72 98 10
37 77 3
17 19 1
3 84 20
14 93 16
46 82 16
38 78 8
50 52 8
7 90 9
8 55 2
27 68 11
0 51 18
39 42 17
11 60 7
31 38 20
83 85 19
1 15 14
13 26 8
32 39 16
4 57 11
24 35 16
16 31 3
2 96 2
35 44 5
22 74 12
34 85 6
46 59 12
5 21 8
37 90 9
38 55 9
65 72 14
57 68 15
49 64 2
68 77 19
15 71 2
8 32 7
26 80 11
79 92 12
71 88 2
42 61 19
0 64 3
20 42 2
52 74 20
4 34 11
23 47 5
83 98 8
1 28 5
33 97 18
25 93 20
53 75 7
3 74 19
22 87 5
7 44 1
67 95 19
38 68 12
48 81 12
27 58 9
18 89 3
12 15 16
1 5 8
60 91 19
52 87 9
4 47 18
37 44 20
16 21 6
56 57 17
3 51 2
26 34 6
5 11 14
78 81 5
3 87 6
89 90 3
49 54 1
47 93 12
8 22 9
26 70 10
27 35 6
0 18 17
7 57 2
19 31 4
79 82 6
90 91 20
29 81 8
48 94 15
21 77 13
0 54 19
40 90 2
41 55 8
60 68 15
6 97 16
52 64 8
12 28 17
23 37 1
2 63 1
22 41 16
1 18 4
53 65 14
25 83 16
44 96 18
85 97 7
2 99 4
3 64 8
22 77 7
7 34 17
26 47 8
67 85 12
86 98 18
59 81 17
78 94 2
70 90 3
36 97 1
48 71 2
8 35 14
0 31 9
6 74 8
29 94 13
21 90 19
41 68 1
33 64 19
25 60 2
44 73 16
2 76 19
3 41 17
22 54 10
14 50 3
66 97 20
18 20 17
36 74 17
55 87 14
28 70 20
8 12 5
59 94 13
19 21 19
17 97 20
41 45 11
33 41 13
52 54 2
44 50 12
4 14 4
22 31 12
34 42 1
74 78 14
25 73 8
66 74 11
85 87 9
45 51 2
51 94 6
24 77 7
43 90 4
14 63 4
55 64 18
47 60 2
59 71 12
70 80 3
9 70 8
28 83 3
48 61 4
40 57 14
5 99 16
11 30 4
6 64 6
25 50 2
20 84 4
44 63 5
10 70 6
51 71 7
2 66 7
3 31 11
16 86 6
17 51 20
35 99 17
36 64 11
55 77 13
47 73 5
17 87 17
58 88 13
29 61 4
61 93 14
40 70 3
10 47 3
2 43 7
3 8 20
54 90 9
12 93 2
13 58 5
4 89 7
24 67 8
3 44 10
16 63 7
43 80 19
15 18 4
47 50 9
18 23 16
5 53 19
16 99 16
17 64 3
36 77 2
49 96 18
9 60 8
29 38 3
48 51 7
80 83 8
50 97 17
2 20 15
62 71 10
33 44 5
73 80 4
39 87 3
12 70 12
31 83 16
23 79 20
84 95 10
43 57 1
14 30 11
66 77 2
13 71 14
16 76 9
17 41 8
76 90 16
9 37 10
55 67 13
47 63 5
5 66 12
9 73 1
69 87 6
61 83 12
21 47 13
80 96 11
8 77 12
27 90 5
19 86 19
11 82 7
2 33 12
54 80 12
12 83 17
4 79 11
32 61 6
23 92 4
64 93 5
24 57 1
43 70 16
51 74 8
17 18 1
16 53 16
1 73 3
5 43 6
46 81 10
6 8 7
38 77 6
17 54 5
9 50 11
15 93 4
21 24 7
7 89 2
6 44 8
42 83 18
2 10 4
61 96 1
8 90 19
54 57 14
0 86 17
20 64 2
31 73 8
4 56 14
32 38 12
23 69 10
24 34 17
43 47 20
1 50 4
53 97 13
13 61 20
4 92 14
45 93 16
5 20 5
16 66 6
17 31 3
68 76 13
28 40 8
88 91 7
26 79 6
46 94 16
6 21 1
58 68 17
77 81 13
69 77 2
61 73 15
80 86 3
27 80 20
19 76 20
11 72 3
30 85 1
31 50 14
83 97 7
2 23 3
75 93 19
54 70 11
20 77 1
13 38 3
53 74 11
72 87 13
56 79 9
16 43 7
35 56 8
1 63 3
46 71 13
65 84 13
38 67 17
76 93 13
49 76 14
15 83 11
7 79 12
26 92 5
30 62 12
63 96 4
20 54 3
11 85 5
52 86 9
31 63 18
23 59 6
1 40 16
34 74 19
53 87 13
45 83 6
5 10 20
64 96 19
38 44 9
3 86 7
9 17 17
22 99 20
18 65 4
79 81 4
30 39 3
48 93 14
27 70 5
0 53 16
19 66 1
39 44 8
30 75 17
4 23 6
23 36 16
75 83 20
41 90 11
52 99 10
4 59 6
72 77 8
45 60 11
56 69 19
2 98 6
22 76 19
46 61 4
86 97 18
37 92 6
38 57 14
78 93 4
57 70 20
49 66 13
68 79 10
8 34 14
27 47 1
71 90 3
30 52 5
63 86 14
0 66 18
60 80 11
20 44 13
52 76 8
12 40 17
4 36 18
75 96 19
33 99 7
45 73 13
3 76 11
14 85 12
26 59 2
19 20 5
17 96 15
19 56 18
6 86 14
23 26 11
1 7 9
34 41 12
52 89 11
53 54 10
44 85 11
45 50 19
10 92 6
16 23 19
22 66 19
67 74 19
86 87 17
78 83 8
70 79 8
49 56 16
55 99 15
15 63 11
8 24 9
48 60 17
27 37 4
18 68 10
5 98 15
11 29 18
30 42 17
71 80 19
63 76 7
82 89 11
48 96 6
40 92 6
60 70 3
12 30 6
25 49 12
10 69 13
2 65 19
22 43 3
14 39 8
34 54 2
45 63 15
37 59 4
32 93 15
35 98 6
14 75 17
7 36 14
26 49 4
18 45 8
78 96 15
9 82 18
29 60 16
48 73 18
21 56 4
0 33 12
40 69 1
6 76 20
10 46 4
62 93 9
41 70 7
33 66 7
2 78 5
22 56 17
14 52 4
15 17 16
7 13 3
66 99 4
13 93 6
18 22 7
59 60 20
17 63 18
36 76 5
55 89 3
7 49 11
5 88 6
11 19 1
92 93 5
30 32 9
17 99 2
9 95 20
29 73 12
21 69 5
40 82 10
81 83 19
33 43 12
6 89 11
25 39 3
44 52 18
10 59 12
2 55 5
3 20 10
22 33 18
34 44 15
66 76 19
13 70 6
37 49 11
51 96 10
24 79 7
43 92 2
35 88 3
36 53 3
15 30 2
1 95 9
26 39 19
67 77 1
70 82 13
17 76 8
36 89 1
9 72 12
77 90 3
29 50 8
21 46 19
10 36 12
54 79 7
25 52 11
20 86 1
23 91 18
51 73 12
2 68 10
43 69 3
22 46 14
14 42 4
32 96 11
24 92 15
16 88 20
36 66 11
9 49 7
55 79 9
28 62 9
47 75 16
5 78 8
9 85 3
50 86 13
69 99 19
42 82 13
25 29 3
2 45 4
22 23 10
14 19 14
12 95 3
4 91 8
51 86 1
24 69 14
43 82 5
36 43 14
55 56 5
1 85 17
7 16 16
88 90 2
59 63 16
5 55 12
38 89 4
17 66 12
49 98 5
77 80 15
28 75 14
69 76 9
29 40 10
9 62 11
61 72 9
40 49 8
92 96 6
6 56 12
30 84 9
50 99 13
10 26 17
20 76 3
12 72 17
31 85 14
24 46 16
3 23 15
14 32 3
1 62 12
65 83 17
36 56 2
28 52 18
68 88 20
77 93 3
50 76 5
21 49 6
61 85 14
27 92 9
0 75 20
19 88 17
20 53 17
11 84 12
39 66 11
30 97 20
23 58 2
54 82 1
23 94 10
24 59 20
56 91 20
35 68 7
28 29 10
5 45 2
6 10 11
38 79 19
17 56 20
57 92 7
50 53 5
15 95 18
21 26 18
7 91 2
27 69 1
19 65 11
30 74 2
50 89 18
10 16 15
8 92 15
54 59 3
94 95 2
39 79 4
52 98 3
4 58 9
72 76 5
51 53 9
23 71 4
24 36 9
43 49 13
16 32 1
84 87 18
35 45 14
95 96 12
1 52 10
87 92 11
53 99 7
13 63 14
46 60 2
5 22 16
37 91 4
65 73 17
16 68 8
57 69 7
17 33 15
68 78 13
28 42 10
26 81 11
5 58 18
38 92 9
79 93 1
50 66 4
69 79 12
82 98 9
27 82 16
0 65 10
11 74 15
39 56 17
31 52 7
1 29 7
33 98 17
13 40 20
25 94 20
4 71 5
72 89 9
35 58 10
22 88 16
1 65 3
14 84 15
5 35 15
46 73 1
49 78 9
68 91 7
15 85 12
7 81 13
27 59 15
18 90 5
23 25 14
8 82 16
0 78 4
41 79 15
60 92 9
20 56 4
31 65 2
4 48 6
16 22 7
34 76 14
46 50 13
64 98 19
38 46 16
56 94 18
57 59 10
3 88 13
49 55 14
14 97 9
15 62 16
7 58 10
6 13 6
18 67 18
19 32 18
79 83 13
71 79 1
90 92 4
82 88 15
42 52 12
7 94 11
48 95 2
8 59 18
27 72 6
0 55 10
19 68 17
60 69 14
20 33 1
31 42 5
83 89 11
33 88 12
25 84 18
53 66 3
72 79 5
4 61 9
44 97 11
64 75 8
37 58 11
56 71 12
22 78 13
14 74 5
34 89 20
26 48 14
86 99 19
37 94 18
78 95 3
57 72 10
36 98 10
15 75 2
8 36 17
26 84 6
0 32 1
18 80 8
19 45 12
79 96 9
11 41 12
71 92 7
30 54 2
63 88 12
0 68 14
41 69 12
60 82 13
33 65 3
12 42 5
52 78 10
44 74 1
10 81 7
2 77 1
34 66 9
45 75 8
37 71 1
56 84 4
3 78 4
22 91 8
14 87 20
55 88 19
15 52 9
7 48 20
11 18 6
30 31 6
9 94 11
29 72 8
48 85 16
20 23 9
11 54 13
52 55 20
23 28 18
1 9 10
33 78 12
34 43 12
53 56 2
45 52 13
64 65 13
37 48 18
10 94 2
56 61 3
2 90 20
3 55 2
14 64 15
7 25 10
18 34 14
38 49 1
97 98 16
70 81 6
89 94 9
28 84 11
7 61 13
47 97 7
27 39 20
0 22 7
19 35 13
71 82 6
30 44 6
82 91 7
29 85 9
41 59 15
81 95 11
33 55 7
52 68 15
25 51 13
2 67 18
3 32 2
25 87 18
66 88 17
37 61 5
32 95 19
24 91 16
3 68 2
14 77 19
15 42 1
7 38 4
47 74 8
67 89 1
26 51 17
18 47 10
59 85 19
17 88 6
29 62 8
0 35 17
6 78 13
4 5 17
21 94 16
54 91 13
33 68 15
37 38 12
10 84 3
51 85 9
43 81 10
13 95 12
17 65 10
28 74 19
29 39 7
48 52 4
8 16 11
0 12 7
19 25 4
6 55 17
9 97 10
50 98 16
29 75 12
21 71 4
62 72 6
81 85 5
73 81 16
52 58 4
2 57 14
14 31 16
85 91 3
51 98 4
24 81 3
43 94 12
16 77 10
15 32 3
55 68 11
18 37 15
5 67 10
17 78 7
77 92 14
29 52 9
80 97 15
6 68 3
62 85 6
73 94 11
12 84 3
31 97 17
32 62 14
51 75 14
24 58 1
43 71 4
3 35 6
35 67 1
14 44 12
24 94 6
65 95 18
9 51 13
47 77 9
21 25 11
0 2 10
6 45 18
58 92 18
50 88 4
21 61 1
8 91 1
54 58 17
25 31 18
39 78 13
10 51 10
23 70 18
2 47 9
43 48 4
22 25 2
54 94 20
14 21 15
66 68 1
12 97 1
24 71 1
76 81 13
1 87 18
47 54 5
38 91 13
17 68 5
21 38 19
80 87 16
40 51 8
19 77 3
30 86 4
10 28 5
2 24 17
62 75 2
54 71 2
39 91 1
12 74 5
13 39 4
31 87 15
4 70 19
72 88 13
23 83 5
51 65 14
24 48 1
3 25 10
16 44 14
35 57 2
1 64 6
34 98 4
46 72 5
5 34 8
16 80 10
57 81 13
76 94 2
49 77 7
36 58 20
28 54 2
5 70 15
6 35 16
69 91 19
42 74 11
61 87 5
39 68 14
12 87 17
53 88 13
13 52 15
32 65 5
45 84 7
4 83 4
24 61 20
16 57 6
35 70 12
28 31 11
46 85 14
65 98 20
49 90 4
9 54 6
15 97 3
7 93 14
27 71 8
19 67 6
39 45 19
30 76 3
31 41 12
10 18 8
83 88 13
2 14 5
75 84 12
8 94 1
94 97 1
11 99 7
13 29 15
32 42 1
4 60 19
23 73 16
64 74 18
43 51 13
35 47 19
87 94 17
1 54 14
46 62 2
5 24 20
37 93 9
38 58 19
65 75 12
17 35 13
57 71 4
76 84 18
15 74 6
7 70 5
26 83 18
27 48 1
18 79 14
6 25 9
38 94 11
79 95 11
58 72 8
30 53 14
71 91 9
42 64 5
8 71 14
27 84 2
20 45 6
30 89 10
31 54 11
23 50 7
75 97 12
34 65 20
53 78 6
72 91 14
45 74 4
24 51 16
37 70 1
64 87 10
3 77 7
22 90 3
14 86 20
57 84 18
15 87 14
7 83 8
19 57 4
20 22 10
11 53 10
12 18 20
23 27 6
0 80 6
41 81 4
1 8 13
20 58 7
33 77 14
13 19 12
53 55 4
44 86 6
24 28 3
10 93 15
56 60 9
2 89 6
22 67 9
1 44 16
53 91 6
5 14 5
86 88 1
9 21 18
49 57 15
68 70 15
14 99 9
15 64 18
8 25 19
26 73 12
27 38 12
18 69 17
71 81 18
63 77 10
48 97 12
0 57 13
60 71 18
20 35 8
11 66 16
31 44 20
4 27 7
75 87 20
41 94 3
33 90 20
34 55 11
53 68 20
44 99 2
64 77 17
56 73 2
15 41 11
67 88 14
59 84 13
38 61 10
70 93 15
15 77 17
7 73 12
48 74 17
0 34 10
18 82 3
79 98 1
30 56 17
63 90 11
29 97 3
52 80 12
25 63 3
4 40 14
25 99 16
55 90 12
7 50 15
26 63 19
19 24 3
30 33 18
63 67 17
0 47 19
41 48 6
12 21 18
52 57 2
10 60 13
75 77 3
1 11 17
53 58 19
93 94 12
44 89 3
25 76 7
37 50 9
10 96 19
56 63 4
2 92 3
3 57 9
14 66 2
15 31 4
26 40 17
18 36 2
70 83 9
17 77 9
36 90 2
8 28 14
48 64 18
0 24 2
21 83 7
40 96 2
81 97 12
41 61 6
73 93 20
52 70 1
25 53 11
44 66 20
10 73 11
2 69 17
3 34 4
22 47 16
66 90 18
16 89 10
36 67 5
15 44 9
47 76 4
0 1 16
59 87 11
70 96 2
17 90 1
48 77 6
40 73 2
33 34 19
25 30 15
4 7 20
10 50 7
22 24 15
54 93 5
34 35 2
66 67 2
12 96 6
2 82 5
7 17 17
26 30 14
70 73 13
17 67 1
9 63 15
28 76 1
5 92 1
92 97 5
9 99 4
10 27 13
42 96 20
21 73 8
62 74 12
81 87 18
33 47 20
73 83 20
31 86 12
51 64 13
2 59 20
43 60 3
66 80 3
32 87 3
24 83 4
16 79 5
17 44 1
47 66 5
17 80 14
9 76 9
77 94 13
28 89 9
69 90 13
21 50 18
80 99 20
27 93 11
6 70 5
30 98 5
10 40 17
2 36 17
54 83 17
13 51 1
31 99 3
32 64 18
51 77 12
24 60 16
43 73 14
3 37 10
13 87 18
9 53 10
28 66 16
29 31 4
21 27 2
6 47 11
50 90 18
10 17 15
42 86 5
2 13 12
61 99 19
8 93 11
33 37 10
20 67 7
32 41 18
51 54 16
84 88 10
43 50 18
22 27 4
3 14 9
35 46 5
95 97 9
1 53 17
13 64 15
32 77 20
4 95 8
24 73 10
65 74 13
17 34 17
35 82 18
55 60 5
96 98 2
88 94 16
5 59 10
38 93 13
58 71 15
9 66 2
42 63 4
61 76 13
21 40 5
39 57 4
42 99 6
62 77 19
54 73 1
13 41 20
24 50 4
43 63 15
46 74 16
38 70 1
17 47 9
9 43 9
28 56 11
68 92 13
26 95 10
27 60 9
6 37 10
58 84 15
50 80 9
12 53 11
31 66 12
4 49 1
53 90 4
13 54 12
24 63 17
64 99 5
16 59 8
36 37 13
9 20 17
46 87 20
5 49 2
38 83 17
58 61 12
50 57 14
90 93 20
69 70 3
42 53 10
21 30 5
0 56 4
19 69 19
30 78 14
31 43 15
91 94 11
75 86 15
54 63 1
41 93 2
20 70 15
12 66 10
4 62 11
44 98 13
23 75 12
64 76 6
32 44 9
84 91 3
16 36 6
22 79 3
87 96 1
34 90 5
45 99 14
46 64 4
38 60 8
17 37 13
76 86 3
49 69 9
7 72 18
26 85 2
27 50 2
18 81 10
19 46 11
79 97 7
71 93 3
42 66 10
0 69 13
20 47 6
60 83 7
39 60 5
11 78 3
31 56 1
4 39 14
34 67 10
13 44 6
72 93 15
45 76 15
64 89 14
37 72 16
16 49 9
56 85 12
9 10 8
22 92 1
26 62 4
18 58 17
59 96 14
49 82 14
42 43 7
15 89 12
8 50 15
20 24 6
12 20 6
30 68 6
31 33 7
75 76 17
41 83 16
1 10 13
60 96 3
52 92 10
53 57 16
12 56 17
44 88 11
24 30 15
64 66 2
56 62 4
2 91 6
22 69 20
14 65 1
34 80 2
86 90 20
5 16 4
37 85 2
38 50 13
65 67 11
97 99 6
3 92 15
89 95 9
49 59 3
47 98 3
8 27 3
19 36 6
79 87 12
11 32 4
30 45 1
90 96 10
63 79 19
82 92 2
29 86 3
48 99 6
41 60 16
60 73 13
4 29 7
41 96 11
1 23 13
34 57 4
25 88 1
64 79 14
56 75 16
3 69 3
14 78 1
15 43 9
59 86 7
78 99 18
17 89 16
7 75 13
8 40 9
0 36 10
19 49 5
11 45 19
6 79 20
30 58 13
63 92 17
21 95 18
41 73 7
25 65 5
37 39 3
10 85 2
2 81 19
22 59 13
13 96 8
38 40 5
3 82 14
36 79 13
15 56 2
47 88 12
27 30 14
19 26 1
5 91 5
71 73 11
30 35 13
9 98 5
48 89 15
40 85 6
60 63 19
33 46 6
6 92 3
4 19 3
10 62 16
2 58 13
33 82 9
34 47 4
25 78 14
66 79 9
85 92 9
32 86 19
51 99 8
56 65 20
3 59 12
35 91 9
1 98 9
26 42 9
86 93 15
70 85 15
89 98 8
17 79 8
36 92 6
9 75 10
29 53 14
40 62 17
11 35 18
6 69 2
29 89 13
21 85 12
81 99 19
73 95 11
33 59 12
52 72 3
44 68 17
31 98 19
2 71 9
3 36 14
22 49 3
66 92 18
32 99 10
16 91 5
36 69 15
28 65 3
47 78 19
17 92 4
58 93 8
9 88 20
29 66 10
61 98 3
33 36 4
10 52 5
3 13 7
62 99 9
22 26 17
14 22 17
34 37 1
4 94 1
37 42 17
51 89 19
3 49 9
36 46 20
96 97 17
1 88 19
26 32 6
18 28 7
17 69 8
9 65 16
47 91 9
21 39 19
80 88 19
92 99 15
10 29 5
42 98 17
2 25 10
62 76 15
81 89 12
73 85 6
20 79 18
39 92 5
31 88 17
3 26 1
14 35 8
66 82 5
32 89 12
24 85 5
43 98 4
16 81 5
17 46 20
5 71 18
58 83 18
9 78 14
50 79 18
29 56 20
69 92 9
61 88 12
2 38 1
54 85 19
13 53 16
32 66 16
4 84 13
23 97 13
24 62 3
5 48 12
65 99 11
28 68 13
61 65 10
21 29 14
40 42 1
6 49 15
10 19 8
62 66 13
8 95 15
54 62 11
20 69 12
39 82 11
12 65 11
35 48 11
95 99 1
1 55 2
13 66 6
4 97 10
36 49 5
76 85 4
9 32 12
68 81 11
5 61 14
38 95 3
58 73 6
50 69 18
69 82 14
42 65 7
80 91 3
39 59 16
11 77 6
23 51 4
2 28 13
75 98 4
54 75 7
12 78 20
13 43 9
4 74 14
24 52 15
5 38 1
38 72 9
9 45 19
49 81 16
26 97 13
6 39 1
19 58 3
50 82 19
42 78 19
2 5 3
60 95 18
12 55 4
13 20 14
4 51 2
35 38 5
1 45 4
34 79 6
53 92 14
45 88 11
46 53 20
37 84 17
16 61 19
17 26 10
3 91 1
9 22 3
36 39 17
28 35 10
68 71 20
26 74 7
6 16 9
38 85 18
58 63 19
98 99 16
49 94 10
69 72 20
61 68 8
7 97 7
27 75 11
20 36 5
11 67 19
30 80 4
91 96 19
83 92 7
2 18 15
33 91 1
12 68 16
53 69 9
4 64 9
72 82 9
32 46 11
24 42 16
35 51 10
1 58 17
34 92 11
5 28 8
37 97 15
38 62 4
15 78 19
8 39 3
26 87 5
18 83 11
79 99 15
8 75 14
41 72 5
20 49 17
31 58 4
44 77 7
23 54 10
1 35 9
34 69 6
45 78 7
64 91 19
37 74 20
9 12 2
22 94 6
27 29 16
59 98 17
18 60 19
38 75 17
30 34 1
42 45 5
48 88 7
27 65 3
0 48 10
40 84 9
19 61 3
60 62 6
11 57 18
12 22 3
30 70 15
31 35 13
23 31 5
75 78 18
1 12 10
33 81 2
25 77 1
93 95 15
45 55 11
37 51 4
16 28 15
2 93 5
14 67 1
26 41 3
67 79 10
86 92 15
46 56 16
57 65 5
15 68 3
7 64 12
0 25 19
18 73 8
79 89 10
11 34 9
30 47 7
71 85 14
63 81 19
82 94 9
21 84 15
40 97 8
41 62 10
60 75 2
12 35 3
4 31 16
23 44 19
10 74 13
25 90 1
37 64 12
56 77 12
3 71 6
22 84 18
14 80 11
15 45 2
18 50 9
29 65 19
8 42 9
0 38 9
11 47 18
6 81 14
63 94 3
21 97 7
41 75 20
34 36 20
52 84 19
25 67 3
44 80 5
37 41 19
10 87 1
2 83 10
26 31 15
13 98 8
70 74 17
36 81 15
15 58 11
28 77 8
7 54 17
8 19 3
27 32 17
30 37 7
82 84 19
41 52 7
60 65 3
33 48 16
6 94 5
25 44 11
4 21 5
14 34 13
45 58 16
32 88 9
35 93 9
14 70 9
7 31 1
59 78 18
18 40 19
70 87 16
9 77 6
77 95 2
48 68 7
21 51 2
21 87 7
73 97 13
25 57 10
20 91 7
44 70 6
23 96 7
51 78 1
2 73 9
3 38 11
43 74 13
14 47 18
7 8 7
