1000 2000 1
762 206 11
63 434 10
271 612 11
768 515 10
778 937 18
720 209 12
953 560 15
154 701 10
169 335 16
972 21 15
882 356 20
945 821 19
743 723 2
67 589 18
929 59 6
122 259 17
519 978 6
417 967 6
90 572 18
186 280 15
694 421 17
206 109 16
10 957 12
778 420 7
619 18 6
924 474 11
173 197 9
428 158 17
509 3 3
491 772 13
385 196 1
184 63 8
84 125 18
240 781 1
236 73 20
972 178 15
606 695 8
163 534 12
835 667 3
930 935 4
869 22 12
62 222 16
709 707 10
565 513 18
147 674 12
533 975 6
423 465 4
896 160 20
747 940 14
640 319 14
686 286 19
999 517 16
460 654 3
372 770 19
461 204 5
851 359 15
688 252 7
954 222 4
377 210 14
1 862 8
330 809 13
454 695 3
797 689 5
558 752 18
595 145 9
792 839 3
308 726 3
320 62 16
390 386 4
50 58 17
382 302 4
89 574 15
486 130 11
181 168 15
466 646 18
362 854 3
12 67 3
447 669 11
921 817 19
710 899 17
172 958 3
836 858 5
266 742 7
729 503 6
831 142 19
710 81 8
817 881 9
629 681 5
442 940 9
731 814 6
489 118 3
284 94 11
206 583 11
641 511 17
329 919 2
515 26 16
916 41 3
48 411 1
557 517 2
336 140 4
760 95 4
133 720 6
159 629 8
610 910 5
755 510 7
986 263 8
193 361 9
650 722 10
722 827 4
187 174 20
679 865 11
518 539 12
232 590 11
884 516 19
986 155 4
621 142 5
222 396 4
920 438 17
664 369 3
939 982 17
57 185 2
842 146 12
448 744 6
136 249 16
596 350 4
517 206 15
4 969 6
533 150 7
932 304 6
18 229 15
236 537 12
444 486 11
687 64 7
964 638 14
841 796 6
809 435 10
517 821 3
139 869 13
716 801 20
665 835 5
815 514 4
929 536 7
525 532 4
658 567 5
883 505 10
240 319 9
137 572 3
729 38 2
868 382 15
519 228 2
509 709 5
133 687 14
497 326 3
338 827 13
540 696 3
146 922 17
757 810 5
706 356 17
870 836 14
451 889 3
895 371 14
939 972 17
558 48 19
592 864 19
55 479 8
617 777 16
666 669 8
258 286 20
347 809 6
364 38 15
763 458 1
632 792 19
465 764 16
624 528 9
367 723 9
462 466 14
97 633 14
922 716 14
591 387 2
89 894 20
213 521 8
931 163 7
716 238 18
279 237 7
439 375 4
450 384 19
940 477 5
626 201 5
756 576 7
266 532 2
624 11 17
904 145 15
84 412 7
601 638 1
253 449 13
684 672 9
898 781 7
132 195 18
793 435 12
188 361 1
53 810 4
75 191 13
72 823 18
119 755 16
926 326 4
428 458 12
270 21 17
602 760 18
525 656 1
462 191 18
902 234 3
355 739 4
399 171 12
904 423 6
896 568 16
113 159 10
325 78 11
354 779 1
894 909 14
92 221 1
34 954 7
380 953 7
974 343 17
257 208 15
325 837 9
162 56 4
809 392 7
797 158 16
483 636 9
17 83 12
296 401 14
18 536 14
770 549 18
846 50 9
746 866 20
603 817 13
549 846 12
719 354 9
605 747 13
695 820 12
238 581 15
206 628 7
282 358 7
629 173 2
614 459 8
522 461 13
533 241 10
830 842 13
94 953 12
543 785 4
371 35 19
890 600 8
711 103 8
537 970 19
760 490 6
386 163 5
3 282 1
67 303 7
997 582 7
862 766 6
471 652 20
559 356 9
859 468 6
784 703 3
658 69 18
546 831 17
567 216 5
124 958 18
31 730 6
442 301 17
865 404 1
397 824 20
749 372 11
89 671 18
615 228 13
422 99 16
445 491 19
663 979 4
141 903 3
335 997 6
223 527 7
662 80 11
538 310 10
146 689 7
606 36 20
18 503 4
134 77 20
541 693 7
311 676 6
298 557 15
124 441 15
603 784 18
161 817 14
782 526 20
625 808 8
75 521 5
350 231 7
192 926 13
89 10 15
436 383 19
953 264 3
711 996 8
320 208 9
264 685 10
425 410 9
81 600 14
241 180 7
287 296 7
657 881 7
470 646 6
652 394 10
151 371 9
753 705 18
309 994 3
937 148 5
365 480 20
411 596 8
94 102 8
701 551 19
246 236 16
957 211 3
891 940 5
62 335 3
771 615 6
901 990 3
276 35 5
924 299 11
217 474 16
745 68 19
537 564 20
112 12 6
564 29 7
567 592 11
364 492 13
638 881 12
386 22 19
806 465 6
329 391 7
484 414 10
147 5 20
648 107 20
165 813 1
285 878 5
583 163 5
340 930 12
859 592 19
173 673 19
520 488 4
388 189 1
373 438 6
372 330 10
162 520 1
685 561 5
344 2 9
952 267 19
553 670 6
660 504 6
395 987 16
240 704 18
467 603 8
78 413 10
876 393 7
249 789 19
198 149 6
417 602 3
586 65 14
466 494 19
904 82 11
34 986 20
229 667 19
230 632 10
220 618 20
407 673 4
965 592 9
851 606 4
581 602 13
433 438 4
533 296 13
938 610 2
539 721 5
453 681 14
894 689 11
20 570 9
889 610 12
224 156 13
243 843 17
320 538 10
908 708 7
572 759 11
980 584 14
354 42 13
460 289 10
222 231 18
185 349 4
344 522 8
972 994 6
496 885 13
476 678 12
53 724 6
126 528 19
132 459 8
14 732 17
379 336 19
700 571 11
589 820 2
387 834 13
606 909 6
19 932 1
567 163 11
270 285 2
677 151 20
332 525 1
418 714 20
485 475 4
513 802 14
146 371 6
904 278 15
580 483 17
779 692 9
980 682 9
746 515 6
920 551 15
408 785 6
886 409 5
540 1 5
92 665 10
100 260 13
762 230 3
550 51 16
349 964 1
470 616 10
18 715 12
655 927 10
474 586 19
553 879 19
854 578 2
967 375 5
558 27 5
910 744 6
471 962 14
972 81 16
914 485 15
607 68 18
44 336 7
986 101 19
935 544 13
280 204 14
328 15 19
690 596 14
45 566 20
47 81 13
639 896 8
470 184 4
512 446 12
617 877 13
450 471 16
52 461 15
138 879 11
649 716 6
971 587 16
647 792 17
531 172 3
285 668 5
879 95 2
899 827 5
137 132 20
448 811 10
720 861 11
493 819 17
834 883 2
693 615 16
254 802 3
892 415 3
587 862 2
250 948 5
127 203 11
656 324 17
412 601 8
942 272 4
523 697 19
80 536 2
881 33 17
347 657 2
525 743 15
523 962 9
82 582 18
525 514 17
659 743 5
29 576 5
203 463 19
543 797 9
423 57 17
770 430 12
113 17 2
403 902 13
394 853 19
203 90 11
730 659 10
643 511 11
540 498 15
291 288 1
893 393 3
681 888 14
359 459 1
90 563 7
868 485 2
461 735 13
823 828 20
22 693 18
657 121 10
984 287 7
722 138 4
13 730 4
934 286 15
490 245 6
991 676 11
781 839 7
160 226 18
47 843 19
519 164 3
641 535 20
75 798 17
360 256 10
18 901 18
572 441 20
796 823 13
557 312 8
80 238 3
689 697 9
513 880 10
500 681 19
443 147 18
337 803 12
328 80 16
866 509 9
202 349 15
362 338 12
938 534 7
445 372 17
676 125 7
803 983 11
274 719 4
770 806 8
30 767 17
670 310 14
933 311 13
75 137 19
586 87 2
966 308 3
708 458 15
343 711 5
208 666 8
120 782 4
785 827 3
668 242 8
687 929 7
214 71 20
175 754 14
992 747 14
17 582 8
499 585 17
90 157 14
775 80 1
874 202 18
87 88 6
742 577 4
439 805 12
485 772 3
207 153 13
664 923 7
491 586 6
217 54 4
713 141 12
857 643 17
993 424 15
47 954 4
713 406 1
778 535 17
265 624 16
994 770 20
327 190 18
733 649 12
830 173 7
144 105 9
483 703 18
35 427 3
570 442 4
197 345 6
26 643 13
993 810 18
328 685 11
663 526 3
887 154 18
524 102 20
191 567 20
498 867 20
19 869 6
38 739 10
825 215 19
717 124 14
944 23 17
719 542 8
102 494 2
995 217 2
597 64 16
0 977 12
377 698 11
174 784 20
928 163 15
401 683 18
473 522 10
83 602 7
178 116 10
996 303 8
911 641 9
891 546 1
728 668 9
697 272 20
874 722 12
532 464 17
666 693 14
643 72 1
329 779 20
417 254 6
179 691 13
378 900 18
936 819 7
601 420 16
984 221 5
731 795 2
533 285 19
309 806 4
429 722 3
624 552 14
262 990 2
662 435 9
363 898 12
529 930 3
732 386 13
672 192 5
329 118 9
567 584 14
921 667 7
193 751 6
760 161 15
473 656 17
620 675 17
826 780 1
196 613 17
500 350 6
329 648 1
911 595 6
432 889 14
649 329 8
328 14 4
746 527 2
135 373 19
363 237 4
231 984 8
124 629 2
683 327 8
726 963 11
742 413 2
822 113 12
498 281 1
96 158 7
309 302 7
971 766 14
107 661 17
862 859 3
550 364 1
825 532 2
209 71 18
318 881 3
857 106 16
947 674 17
965 54 12
16 250 18
568 763 3
394 610 12
653 721 2
882 693 8
548 933 13
837 398 7
166 230 2
3 581 12
703 663 1
502 35 3
170 56 19
924 667 2
918 215 5
390 962 20
528 703 13
461 613 17
441 784 10
49 934 13
411 38 11
11 413 3
202 947 10
695 965 5
422 169 10
412 613 1
568 223 17
298 362 19
841 381 18
268 748 9
692 667 16
235 162 6
789 456 15
551 664 13
830 228 19
251 143 6
977 18 18
450 352 6
514 782 17
330 27 9
555 145 17
999 301 5
509 523 18
335 370 2
340 336 19
446 503 3
610 871 8
921 467 11
842 94 8
437 274 8
331 781 16
911 310 11
60 287 9
634 410 15
967 619 10
705 470 9
360 844 3
100 625 16
741 801 8
524 952 19
606 613 10
892 790 13
346 128 7
350 363 7
168 386 1
434 771 20
536 373 4
854 799 12
720 719 15
298 581 15
394 289 11
268 967 3
111 117 19
86 847 20
799 603 13
582 605 6
752 299 17
279 604 5
740 962 7
82 584 18
391 665 5
749 373 12
517 890 18
199 86 20
946 658 16
1 479 8
991 809 3
415 613 12
924 490 17
178 557 17
144 415 3
176 633 11
338 366 2
43 103 10
504 843 12
723 887 18
257 68 20
750 346 2
992 108 16
470 32 15
415 999 18
735 223 19
860 483 1
537 58 2
590 213 1
178 125 18
347 986 6
149 98 10
715 738 2
355 432 18
580 550 18
601 344 12
705 810 17
544 856 3
556 867 18
978 968 16
436 685 16
904 790 3
617 846 18
98 955 10
48 280 11
9 734 7
717 820 15
417 299 18
189 26 20
326 526 17
299 572 1
673 224 17
769 314 16
795 186 18
178 138 18
723 841 15
379 393 17
189 412 9
731 552 4
706 150 18
537 192 7
102 758 15
533 307 16
696 859 17
549 431 9
777 295 19
585 619 8
24 57 10
153 696 3
73 587 3
152 880 18
564 416 5
931 618 10
634 740 7
185 648 16
598 63 14
725 104 7
964 386 5
913 978 9
383 749 11
574 200 12
779 340 18
456 473 13
674 403 2
909 77 5
531 540 4
165 791 17
743 539 18
970 959 10
960 128 8
453 211 12
891 931 3
812 0 14
56 740 15
573 621 6
883 289 1
553 563 1
279 31 13
477 653 1
904 757 18
969 69 17
480 695 8
938 490 20
774 876 8
641 612 9
824 239 2
399 770 4
28 943 11
643 313 16
1 580 12
838 668 14
914 398 11
506 158 9
890 715 5
848 44 14
897 345 15
922 667 14
620 445 17
812 615 11
189 258 16
114 493 2
614 816 15
401 34 16
570 709 18
39 813 8
790 861 3
853 14 15
445 714 6
313 415 12
894 726 18
489 497 19
494 426 17
809 209 4
914 640 3
260 933 4
130 186 4
838 501 6
294 437 9
511 106 19
152 582 20
840 727 13
214 148 4
298 901 20
718 212 20
375 367 18
920 984 19
309 687 18
197 854 17
700 837 2
917 277 8
524 840 2
651 652 3
189 477 2
397 363 7
47 393 9
22 220 12
188 518 18
810 681 12
387 498 16
482 241 15
685 12 18
41 993 2
48 623 1
993 802 4
305 136 3
444 214 6
72 571 13
22 979 13
207 652 10
980 984 2
786 853 17
25 203 5
750 113 8
565 476 15
849 384 2
229 527 9
100 791 11
148 602 20
636 685 7
274 269 4
613 638 8
758 876 7
700 297 1
592 206 16
324 126 1
204 884 13
629 353 9
371 732 7
889 578 19
363 877 11
635 24 8
962 827 1
289 927 15
282 659 20
547 850 5
448 462 6
151 584 11
833 389 9
422 675 10
130 912 19
796 507 14
160 934 18
376 824 2
759 625 2
170 81 5
224 955 17
917 653 17
643 270 2
591 897 7
347 802 7
196 978 12
136 847 13
928 518 18
83 463 13
569 994 5
722 41 14
460 41 16
985 271 17
548 153 8
891 901 20
319 675 19
580 307 11
637 612 9
62 381 9
221 554 17
800 984 7
801 720 14
787 785 17
245 502 18
346 405 12
273 155 16
588 167 19
308 558 16
270 266 9
110 48 11
136 186 13
902 888 2
365 683 9
875 754 7
332 506 19
66 881 3
313 84 14
510 778 13
285 165 18
576 723 3
590 392 18
286 246 13
135 751 19
642 259 12
765 509 20
76 256 11
396 383 13
384 0 14
84 791 1
592 932 6
280 208 2
564 870 11
168 375 12
185 693 20
321 474 9
543 29 1
11 19 1
660 56 6
469 488 17
201 36 14
841 216 20
165 607 8
431 52 8
918 436 5
838 327 17
556 349 2
686 687 14
945 44 17
666 629 17
688 159 14
588 975 9
651 357 16
675 714 19
439 852 2
112 457 3
672 645 9
734 211 12
312 747 19
342 281 20
152 529 16
903 577 20
547 241 5
694 174 6
800 421 19
607 700 14
392 632 9
690 963 4
529 637 2
68 13 7
599 961 7
457 877 18
375 844 15
432 295 18
93 829 6
95 381 4
131 712 16
681 627 8
771 26 16
978 993 8
869 40 2
396 494 2
316 385 17
237 92 10
666 992 9
970 729 14
192 435 6
405 579 5
441 236 8
545 702 18
718 401 1
226 842 8
731 191 17
946 902 8
555 114 19
445 242 18
821 758 18
29 678 19
505 378 5
234 180 9
626 933 7
906 84 18
786 656 10
43 203 8
93 698 20
891 678 16
458 976 11
703 249 16
212 655 11
774 803 3
554 391 2
980 499 20
237 46 11
802 349 14
268 527 18
572 566 17
148 647 16
436 376 4
403 199 6
719 844 9
197 768 2
74 60 1
557 28 17
247 217 17
23 323 11
564 418 1
792 196 11
411 59 20
74 145 14
79 934 8
890 704 5
211 824 14
901 862 16
943 450 12
207 36 11
71 148 19
440 997 3
33 530 1
631 485 10
600 906 6
683 266 15
457 677 3
761 185 14
458 4 17
973 41 12
997 398 13
595 912 10
487 821 13
880 407 10
392 998 9
476 174 9
576 935 5
116 505 17
410 228 2
586 45 11
331 838 17
926 1 15
818 59 7
704 37 1
594 165 15
381 924 19
153 688 20
296 328 18
553 807 2
495 308 3
963 413 15
70 281 10
826 673 9
364 233 12
516 596 7
801 91 13
407 689 10
955 823 15
512 482 19
503 662 5
805 326 1
466 631 2
731 413 16
901 973 4
669 321 16
227 879 10
89 271 17
276 512 18
838 395 11
283 142 3
791 283 11
203 787 4
653 349 18
601 159 14
501 221 1
839 625 14
149 407 9
84 198 2
80 307 1
684 193 12
134 809 1
349 846 12
215 617 3
20 707 11
363 143 16
353 587 10
160 43 2
902 537 10
823 393 12
101 631 6
676 868 2
604 434 2
451 341 5
265 739 12
688 842 17
104 413 14
819 624 15
928 265 4
791 525 10
736 589 1
913 142 17
321 267 14
589 18 20
737 819 9
409 496 1
804 500 3
815 509 20
597 552 6
144 835 10
340 481 19
64 317 13
783 4 6
42 415 16
866 38 9
807 626 2
498 694 10
101 91 13
363 97 9
462 219 18
897 147 18
51 239 14
355 767 11
29 337 12
821 8 2
295 307 12
642 680 10
430 123 11
69 818 5
250 192 1
309 656 18
789 61 11
295 343 6
627 673 7
771 192 3
181 61 19
466 984 1
467 949 6
258 955 16
941 194 1
989 616 8
121 986 18
813 948 12
281 938 17
16 375 1
762 982 7
153 609 9
205 656 18
160 239 7
392 811 19
724 52 19
97 448 8
798 941 10
51 252 1
163 430 19
821 250 6
15 186 13
192 722 20
728 845 5
930 193 12
876 222 5
254 553 9
184 754 7
478 935 5
272 458 7
157 620 10
448 9 4
336 478 18
420 886 17
811 591 11
545 63 18
626 582 5
796 993 1
393 496 15
398 803 15
106 137 6
261 834 1
568 842 18
191 855 6
27 932 2
137 246 10
121 567 3
333 566 13
899 977 14
890 111 3
205 8 8
712 333 2
536 665 17
356 289 8
121 14 17
223 699 2
245 458 1
729 13 8
930 677 20
675 716 3
584 40 15
279 307 15
593 274 16
148 381 9
725 164 1
726 129 11
947 622 4
106 909 14
365 266 18
988 623 12
870 896 9
573 789 9
554 547 5
923 530 8
168 102 20
258 670 3
270 873 7
585 247 5
211 823 18
735 829 20
212 788 9
228 9 12
392 755 16
586 620 8
223 568 6
493 923 1
663 431 14
477 978 12
356 14 20
771 113 9
218 309 10
546 440 13
442 728 2
60 775 11
127 307 14
363 175 14
465 860 1
736 271 12
268 166 17
304 763 7
270 621 14
61 627 14
635 225 9
381 717 8
665 247 17
979 672 8
567 764 11
216 915 8
572 699 17
344 426 15
331 78 17
284 3 20
687 765 12
502 490 16
857 538 11
828 511 6
625 826 19
960 816 9
716 684 6
849 719 7
166 397 6
272 909 10
944 435 15
19 234 5
119 321 2
399 604 2
357 229 7
696 189 7
135 530 7
420 699 8
510 184 14
286 61 16
436 5 19
568 390 17
719 702 4
209 866 11
852 823 20
20 850 4
740 7 2
191 439 6
896 111 7
194 593 17
137 962 11
776 540 11
619 885 20
288 902 20
142 668 20
823 163 7
284 114 16
785 545 6
643 461 1
112 416 17
683 268 13
122 838 20
472 579 13
539 340 12
599 354 20
141 708 6
30 871 9
710 487 5
435 282 6
496 527 1
979 495 2
792 31 16
349 773 13
752 489 19
146 530 2
550 354 17
899 767 2
410 230 8
566 743 8
246 473 15
147 85 9
287 919 2
595 626 18
646 708 12
168 818 12
28 286 4
387 862 9
722 703 17
430 37 13
794 728 1
332 517 2
515 144 5
548 406 12
787 688 8
830 12 11
68 214 10
582 26 2
981 675 1
289 941 10
312 961 11
987 196 15
926 631 8
383 697 2
815 125 7
994 213 18
43 777 7
775 848 12
101 983 10
216 970 6
602 139 14
916 149 14
549 621 5
957 824 18
415 541 3
404 877 6
12 273 8
261 74 6
344 746 6
800 468 8
705 496 11
661 947 10
716 654 13
365 805 1
335 144 7
869 460 6
288 823 10
461 894 6
304 422 18
364 58 12
10 878 9
2 874 4
829 652 8
805 66 13
833 622 8
57 172 13
552 114 6
284 974 2
593 826 19
680 565 15
99 25 20
721 337 11
477 614 16
491 140 12
734 801 9
325 602 20
419 380 17
680 421 1
491 634 4
29 460 11
741 251 2
367 864 12
75 198 15
120 349 12
132 552 15
108 869 8
540 526 16
403 786 3
211 207 13
461 498 10
301 366 15
272 568 13
171 665 15
810 243 8
977 420 13
514 101 8
666 378 13
967 226 1
158 582 10
863 663 14
293 361 20
90 447 10
394 858 13
133 674 15
123 889 20
466 819 8
358 877 6
507 362 2
15 803 10
795 765 5
609 495 1
306 457 12
299 189 4
738 496 10
58 657 3
805 792 10
596 798 11
960 586 7
420 47 15
333 833 13
136 288 6
528 663 6
951 766 5
596 389 11
941 981 13
533 369 15
624 865 14
984 125 13
938 912 17
328 494 16
444 31 15
750 303 1
492 453 12
880 598 11
964 3 20
59 571 19
405 570 1
231 417 13
0 521 7
430 105 1
663 456 4
618 799 6
27 623 2
365 618 15
927 916 1
834 459 19
293 858 13
795 467 4
142 582 8
433 874 1
55 168 15
302 454 17
30 749 12
797 433 6
669 247 18
372 406 8
366 475 1
70 184 2
148 252 18
43 724 19
268 168 6
57 479 14
63 410 10
806 603 20
262 210 11
237 37 2
703 361 8
738 993 1
165 48 11
266 100 20
429 917 15
508 127 14
911 777 7
745 628 14
637 537 15
840 79 11
472 61 18
480 181 9
775 98 12
770 657 10
825 364 2
31 583 12
479 859 17
724 806 3
227 903 2
489 6 14
835 414 8
826 445 19
40 668 3
867 446 18
210 850 6
578 608 10
670 691 1
742 42 12
879 456 3
747 157 10
5 566 19
685 182 12
890 551 3
714 883 17
356 6 19
263 718 20
692 715 2
594 143 8
102 355 6
40 380 11
177 794 12
749 611 7
173 909 6
2 124 6
815 821 15
579 56 6
256 40 7
161 297 16
844 476 15
795 434 11
227 736 5
683 787 11
342 494 4
599 644 2
470 908 19
626 518 13
320 591 18
946 199 13
554 349 3
82 619 13
262 586 10
375 792 8
185 631 6
481 364 20
144 221 16
726 991 17
107 424 11
9 154 7
253 743 4
411 197 3
712 125 20
817 556 4
339 28 4
782 454 8
434 302 17
894 552 18
566 192 14
55 125 11
607 867 11
398 873 13
19 59 6
874 573 14
617 14 20
358 428 1
217 160 5
579 396 12
542 365 15
292 748 8
340 230 17
689 384 20
523 989 4
863 420 13
161 902 13
701 358 12
167 982 16
533 136 17
156 149 14
20 554 2
941 110 6
823 878 11
17 665 12
411 30 4
162 0 13
298 269 6
215 729 16
375 867 16
383 313 12
541 670 9
275 142 12
106 184 16
316 143 4
552 679 13
910 244 2
990 124 2
632 379 19
931 941 13
135 476 2
784 284 3
155 82 14
409 981 11
518 659 19
842 374 16
126 921 17
683 875 9
886 151 14
364 829 19
474 472 15
767 725 10
540 8 19
606 219 7
133 444 3
394 219 8
210 398 11
217 294 17
593 56 10
750 119 2
175 791 16
410 428 20
709 990 8
342 559 11
135 983 5
689 374 16
793 611 3
752 579 10
762 852 19
703 128 4
564 873 4
471 416 15
33 599 18
417 445 12
697 499 1
569 313 14
364 698 15
358 395 5
365 254 20
449 513 10
834 998 17
39 498 14
714 853 12
642 419 4
990 608 17
423 640 14
10 62 11
478 167 10
464 269 18
130 15 16
569 205 7
896 420 18
189 329 8
423 990 1
877 443 5
496 77 9
607 847 7
869 295 18
919 561 3
746 224 19
79 584 3
353 558 11
821 663 3
86 214 4
496 198 11
656 187 12
751 833 9
718 18 16
847 657 11
131 221 11
559 110 5
36 972 3
8 7 7
23 624 7
604 935 4
731 976 13
46 119 2
6 720 19
474 825 8
3 831 18
687 789 11
222 869 3
106 249 9
544 740 6
549 855 5
134 613 6
745 650 10
941 67 9
163 2 16
557 41 3
767 525 10
959 875 13
838 585 17
950 646 8
531 25 17
121 944 4
202 752 1
257 459 19
48 285 15
594 718 18
714 411 15
459 795 12
774 541 5
562 807 9
440 781 17
703 517 5
253 546 15
959 214 3
179 368 19
945 279 2
546 539 12
799 719 6
415 873 11
845 457 9
841 78 18
686 55 8
607 814 8
341 286 14
805 12 17
386 437 18
722 243 13
840 235 13
683 809 17
576 683 5
744 410 2
180 454 19
835 943 13
534 686 11
637 958 9
641 254 15
180 45 12
388 339 2
433 261 4
484 721 18
922 309 11
574 120 20
703 759 15
493 132 14
804 811 1
13 727 10
149 93 2
711 354 18
76 517 13
24 327 3
66 818 11
732 413 9
301 721 6
456 249 2
319 360 12
77 338 18
265 654 13
466 644 18
806 749 4
816 942 5
854 905 15
947 315 11
389 582 9
660 896 6
755 410 8
260 22 15
868 436 16
22 379 16
953 623 9
960 519 6
850 647 13
529 332 11
785 932 6
752 755 2
313 973 16
309 594 17
968 1 5
168 963 4
230 795 19
766 918 16
123 174 8
795 832 2
585 205 8
746 567 8
472 184 20
880 387 15
252 818 7
103 875 3
10 647 12
32 177 2
388 41 1
101 536 7
145 54 14
955 188 10
65 619 19
381 410 9
61 994 5
253 261 4
284 743 6
907 376 18
813 369 5
432 232 12
401 690 6
581 886 16
118 301 19
671 550 3
798 591 16
530 511 12
582 292 14
791 57 4
655 282 2
10 889 20
61 971 16
823 540 4
943 456 1
296 236 20
362 181 7
631 226 11
23 715 14
16 447 5
376 839 12
764 835 16
387 94 7
256 19 14
376 695 2
38 965 5
0 444 6
678 13 16
385 514 14
812 996 2
900 471 2
484 413 15
42 68 12
986 925 13
336 514 20
92 828 11
568 119 7
0 830 18
320 17 11
279 919 4
525 157 17
863 36 6
113 478 8
480 680 12
870 340 17
529 950 8
787 162 14
265 840 3
77 560 4
378 488 9
839 883 7
390 462 10
793 852 20
307 55 20
650 49 6
682 755 3
73 382 19
361 440 7
75 837 3
266 288 17
100 930 6
910 655 15
339 537 6
344 881 14
998 359 8
600 578 14
859 689 3
865 769 9
269 329 6
479 288 15
563 812 2
397 600 12
700 521 16
700 786 11
56 306 11
684 549 19
445 941 6
956 599 10
738 785 15
396 676 7
712 238 14
975 877 17
331 546 11
214 110 20
74 890 17
717 847 18
882 389 4
160 664 4
280 995 13
655 792 1
705 55 10
847 813 13
707 802 6
409 996 2
239 139 11
638 330 8
735 757 1
619 954 2
306 988 16
709 884 16
780 270 17
89 990 11
617 392 5
604 44 20
817 682 14
519 988 18
992 125 18
810 5 11
769 727 13
189 969 16
186 555 17
985 122 14
174 172 10
315 556 1
704 108 3
141 31 16
867 660 3
449 492 14
45 817 9
459 951 2
191 871 9
918 333 19
320 527 13
908 23 13
320 756 13
344 704 18
852 882 16
485 451 12
395 786 1
971 982 7
170 30 20
761 89 15
438 604 14
672 542 7
242 549 10
534 986 13
79 671 17
567 754 4
