1000 2000 1
962 609 9
81 860 12
612 267 5
664 543 6
360 540 17
313 465 17
59 994 15
169 600 8
701 955 1
504 32 11
379 675 14
135 952 16
190 659 19
709 321 17
852 895 3
959 841 10
836 96 3
361 806 15
920 95 1
966 62 13
15 663 13
614 205 16
131 200 18
580 966 10
830 323 8
29 454 7
840 224 6
330 302 10
446 742 16
393 587 6
46 363 14
48 961 20
780 996 19
21 715 3
231 408 13
516 657 3
373 83 12
961 141 19
330 387 5
310 143 18
982 838 20
161 200 5
968 903 16
165 170 13
597 767 3
160 729 17
559 246 14
297 475 9
805 387 1
293 355 2
464 997 17
204 692 8
718 10 16
414 93 20
115 434 19
65 762 11
273 382 1
983 429 10
147 651 19
963 945 18
649 669 19
835 945 6
574 495 5
667 394 6
11 89 15
822 188 8
764 592 16
968 13 5
46 641 20
208 145 1
984 106 17
857 819 7
596 635 8
924 729 8
614 15 4
330 256 12
765 327 8
502 591 13
12 584 1
910 422 14
852 826 11
196 521 6
250 263 20
922 396 13
610 655 18
21 31 19
161 154 9
322 108 16
824 89 15
410 629 9
266 621 3
426 610 11
874 620 4
621 31 8
746 965 20
128 543 9
812 501 15
683 536 7
412 567 16
942 467 20
618 672 9
828 890 10
809 468 8
547 468 18
645 774 20
786 484 7
339 173 8
448 116 11
614 414 5
381 26 2
779 975 18
868 824 2
165 258 6
402 759 14
769 818 9
974 167 17
697 533 19
787 835 3
496 808 14
533 955 18
831 240 1
434 424 3
238 549 10
957 199 12
882 434 6
720 143 12
44 763 17
981 184 9
610 128 6
638 604 7
229 27 3
78 532 13
409 223 16
11 442 8
369 415 1
593 574 12
431 246 3
211 917 8
825 322 2
8 594 4
435 661 19
759 642 3
984 989 11
258 705 3
122 844 8
846 646 14
648 890 5
911 483 14
415 279 12
451 876 14
347 181 9
633 129 19
158 739 13
645 103 6
851 437 13
326 997 8
922 762 6
621 505 1
959 909 11
130 304 12
201 822 19
61 433 5
195 662 12
611 311 4
419 815 10
22 999 20
736 342 9
434 306 7
990 344 9
496 366 9
660 734 2
293 37 13
379 226 11
176 541 16
444 584 13
680 303 3
401 888 13
152 821 7
696 656 17
692 277 17
953 52 10
717 715 13
555 802 20
17 898 18
441 551 14
40 207 14
907 875 16
697 248 18
549 84 5
857 200 20
253 616 14
348 359 1
55 106 5
931 451 3
977 567 2
279 116 13
871 894 1
206 769 19
687 584 8
413 875 18
677 18 16
777 105 6
603 706 18
620 121 2
983 847 9
208 33 2
337 592 13
982 330 8
539 169 10
266 797 6
820 825 2
554 297 20
276 847 9
371 212 2
63 999 19
556 114 3
79 189 13
162 861 19
93 761 4
163 942 6
961 922 3
523 839 10
880 588 5
516 571 12
24 783 15
931 670 6
818 384 17
956 434 1
449 517 19
540 110 17
786 696 18
486 404 15
593 387 16
921 332 17
519 172 18
425 165 13
32 728 15
44 553 12
287 51 14
559 101 20
503 349 6
51 368 19
759 720 1
517 778 20
42 256 17
477 67 11
236 615 17
306 185 18
624 760 8
869 973 14
791 379 4
526 719 9
129 265 12
117 965 12
40 187 1
754 582 6
820 527 2
52 835 14
675 963 10
868 869 14
406 429 11
309 762 8
128 421 13
134 352 14
20 479 18
175 124 3
334 526 15
464 901 1
110 781 9
641 268 19
435 837 7
196 412 14
76 1 16
361 628 4
660 812 1
44 543 4
264 695 18
111 224 19
599 536 9
860 577 19
275 597 7
670 43 13
414 877 9
379 16 12
323 264 6
16 867 9
252 469 10
546 687 8
71 165 17
697 856 6
887 571 3
40 177 5
643 476 15
674 543 12
271 604 19
231 531 3
32 996 11
229 49 7
512 666 15
244 586 20
825 897 2
406 10 3
774 931 16
243 886 18
220 265 6
630 249 13
615 349 8
249 966 1
963 803 13
646 867 8
568 539 15
769 974 15
113 669 1
956 800 11
802 742 20
395 467 18
963 659 13
728 676 9
117 788 1
146 28 10
158 2 8
794 249 12
800 143 8
954 201 6
511 40 4
36 799 17
809 228 16
201 903 11
730 84 13
781 395 3
317 440 4
219 17 16
623 595 5
557 686 1
510 840 19
821 961 9
877 633 6
922 784 14
640 540 11
532 449 10
0 854 6
908 211 8
510 467 2
862 769 19
360 522 18
148 114 11
45 632 6
668 760 10
490 982 13
799 834 6
539 237 2
344 290 10
431 258 8
830 678 19
617 305 3
246 478 5
149 954 18
862 481 10
196 657 15
407 166 9
3 262 15
507 24 15
869 642 13
341 257 3
744 116 3
834 684 10
588 363 15
966 574 14
570 345 17
393 798 20
171 870 9
25 487 6
48 125 20
788 280 15
859 569 14
242 521 12
329 489 9
676 862 9
513 835 10
72 338 3
445 291 3
187 670 10
654 321 5
799 559 1
273 858 4
582 561 18
166 503 7
362 149 15
720 531 16
668 341 18
65 191 13
271 296 7
627 160 20
720 122 7
366 942 15
210 545 14
704 34 9
545 764 6
224 71 15
245 243 1
171 65 2
301 669 8
651 144 5
309 264 12
620 565 7
914 783 13
961 715 7
747 755 6
178 189 17
166 889 10
576 644 6
534 647 17
63 504 2
310 753 18
481 226 15
224 421 12
749 571 8
561 371 11
332 139 6
865 639 1
35 32 7
895 890 9
105 771 12
11 169 15
769 378 8
107 816 2
616 693 4
320 780 15
361 552 18
860 910 19
583 107 8
521 132 19
703 926 5
84 280 6
133 810 19
50 138 19
437 318 2
262 811 13
293 124 4
305 135 8
476 282 7
714 977 2
517 54 8
965 330 20
448 183 12
251 20 10
199 647 20
239 948 9
805 542 11
691 291 16
252 658 3
238 760 5
729 174 16
276 872 6
164 136 9
46 266 9
169 745 11
620 123 15
575 875 2
897 517 19
370 97 10
941 852 10
136 833 10
772 931 9
218 228 6
950 34 11
726 555 17
495 622 11
890 514 7
908 940 7
223 837 5
256 605 3
16 889 16
102 403 15
455 707 11
239 408 5
271 626 16
570 773 13
604 686 20
258 278 11
803 895 16
618 441 12
44 843 2
565 694 14
194 787 1
121 574 10
132 812 9
524 433 8
447 824 8
702 705 8
380 425 8
626 566 16
652 704 3
258 170 18
581 6 17
778 434 11
339 652 1
216 667 13
27 651 12
45 785 12
88 109 5
136 823 7
154 54 11
590 764 14
902 707 9
478 788 14
241 732 1
339 858 8
299 822 6
31 742 19
77 629 2
930 167 17
980 662 1
998 42 15
840 359 10
112 852 5
97 952 5
227 424 8
670 356 14
275 321 13
915 947 15
738 985 16
632 738 10
216 680 13
65 776 18
940 73 7
271 881 8
287 331 4
24 366 2
703 883 15
58 773 1
214 346 4
236 859 15
838 61 9
342 123 10
988 643 2
727 459 3
450 559 1
681 83 18
298 461 14
565 396 18
208 653 4
309 476 10
460 874 10
539 789 13
270 484 1
360 786 7
313 711 20
135 30 8
438 742 4
756 234 12
427 961 12
870 893 18
567 892 4
784 332 14
860 62 14
117 921 12
354 110 2
988 476 13
519 177 20
216 405 11
485 386 14
65 995 2
887 429 1
145 875 14
477 36 3
852 853 19
606 532 18
296 635 20
328 996 2
360 799 11
159 895 10
408 696 2
24 850 17
570 200 1
10 686 11
853 143 2
356 11 8
158 292 7
899 784 16
290 560 20
684 752 2
894 711 3
479 203 13
424 267 20
11 623 4
573 884 18
982 302 10
882 327 20
212 798 9
309 322 12
647 955 10
909 726 19
536 364 4
867 958 5
697 318 20
827 19 10
813 758 15
526 436 4
364 337 5
869 775 4
169 692 14
107 717 6
358 299 8
125 851 6
770 652 20
142 940 15
526 557 15
365 194 16
142 302 6
342 476 13
677 317 1
222 819 8
345 481 12
480 791 18
364 759 8
148 201 5
351 826 7
97 644 7
646 594 4
603 632 9
375 774 19
804 542 20
981 849 1
430 417 17
499 925 2
695 720 14
249 899 8
289 706 7
121 750 20
867 948 4
755 478 14
896 602 20
475 51 14
942 569 8
560 424 8
461 790 7
128 995 12
65 301 10
58 707 4
753 674 8
675 346 13
143 485 11
700 439 7
287 795 18
591 532 14
949 585 1
733 472 11
337 243 1
638 91 16
422 287 11
496 236 6
72 317 18
787 973 10
413 732 8
567 790 19
270 683 20
941 622 15
997 145 12
435 341 19
349 603 7
267 650 4
512 975 18
135 759 11
829 273 17
141 839 6
984 67 1
418 330 17
977 931 10
52 352 10
357 808 5
669 320 19
47 911 18
108 369 6
520 951 9
417 450 10
699 19 19
50 284 19
697 769 15
728 82 3
742 511 1
145 292 19
226 366 9
649 54 10
413 192 9
681 946 1
43 509 15
631 945 20
488 896 13
507 500 5
349 63 9
832 31 9
839 601 2
78 588 8
669 418 3
3 594 12
775 436 7
52 41 2
395 789 9
28 358 3
115 97 20
439 78 2
933 55 8
33 64 7
653 266 5
17 205 18
350 265 10
526 756 2
563 0 3
975 582 19
653 796 2
853 741 9
62 477 12
434 794 4
277 810 18
410 665 2
568 56 14
780 384 17
179 769 2
910 759 16
181 204 17
501 560 11
370 894 7
180 770 20
858 568 9
704 510 16
650 539 8
578 105 16
584 939 7
758 746 8
284 189 17
753 222 1
389 885 15
989 206 10
262 515 14
519 320 2
764 762 19
187 750 4
546 194 9
790 783 12
916 630 13
226 598 9
400 485 7
33 54 3
605 774 10
983 576 6
912 107 12
126 775 4
337 321 6
896 922 9
784 223 15
889 654 7
105 200 10
122 661 13
380 139 8
842 313 10
525 228 17
115 64 15
213 227 7
890 97 3
312 120 15
465 362 6
478 381 8
485 277 15
418 287 10
830 869 10
859 109 17
388 344 12
745 236 4
314 129 14
806 777 19
282 362 18
979 439 18
463 294 9
742 612 19
965 132 1
571 730 10
339 78 12
58 739 3
925 324 4
304 651 6
451 441 19
214 577 6
395 360 4
71 565 3
528 395 5
519 575 10
368 34 13
340 15 7
31 83 19
18 409 3
403 894 1
996 505 15
81 843 15
756 115 18
518 323 14
314 407 12
979 43 9
742 216 13
762 948 7
263 447 13
394 930 5
496 569 19
616 485 6
458 48 16
601 442 10
786 487 9
764 585 2
599 23 12
549 431 12
177 559 15
121 664 17
83 143 7
655 863 1
961 906 11
73 178 1
404 543 10
323 618 20
17 54 2
679 253 12
286 816 19
240 620 18
756 622 14
68 773 3
823 303 11
245 820 13
932 209 12
74 35 10
811 148 7
671 928 10
221 319 19
212 270 9
548 39 18
622 779 7
211 125 9
762 902 10
887 408 18
897 718 3
989 801 11
23 599 19
988 985 19
979 936 8
429 878 2
794 482 4
543 900 7
729 990 15
864 806 14
648 916 8
441 852 7
878 475 12
639 50 2
214 315 4
235 109 1
447 374 11
978 827 12
751 785 3
81 545 13
289 345 7
616 331 3
459 384 15
52 109 6
344 546 18
90 401 7
28 655 17
235 639 9
786 333 2
926 493 10
174 629 1
796 792 13
135 143 6
589 350 1
97 525 6
882 306 3
205 998 13
450 420 13
655 35 1
192 799 9
970 684 17
706 382 18
173 785 13
331 813 14
430 972 8
74 25 2
336 928 9
171 223 12
759 622 13
50 162 7
805 360 5
983 775 4
565 607 15
990 262 14
900 597 10
485 355 10
807 140 12
609 799 4
103 173 15
858 600 1
59 512 11
272 656 7
913 307 10
726 72 6
433 344 20
425 489 19
524 202 3
243 448 14
690 908 7
629 520 20
321 782 8
574 962 1
864 243 12
42 580 6
487 27 1
174 884 9
421 612 7
71 728 9
557 127 19
299 735 5
116 879 1
869 70 15
877 748 5
375 501 7
145 533 13
637 766 6
773 547 15
993 779 15
263 296 17
839 492 7
148 458 6
159 998 3
726 291 15
592 62 8
616 419 3
433 563 10
711 162 18
999 974 12
544 659 6
522 3 12
307 194 12
741 535 13
10 465 19
548 140 8
348 869 12
39 937 19
182 199 2
183 164 2
77 411 17
363 625 18
140 467 2
272 623 2
772 6 11
518 764 15
628 370 12
148 965 5
304 575 16
748 323 7
864 763 9
667 972 15
302 385 15
869 469 14
513 276 3
500 77 3
41 466 14
227 556 9
586 674 3
121 840 9
41 731 4
705 482 3
704 666 9
21 344 5
517 431 18
898 617 13
375 347 5
6 858 6
203 91 6
953 323 12
744 329 8
897 508 20
755 424 9
172 103 20
465 505 5
170 179 2
120 587 10
82 66 9
903 587 13
504 698 19
861 590 2
904 668 4
492 989 15
461 98 11
903 443 17
551 666 15
34 705 19
872 721 16
294 744 2
104 211 5
412 98 17
726 294 1
871 383 10
232 396 11
706 172 15
335 408 3
25 39 20
616 98 5
364 142 19
178 955 14
272 819 10
177 172 12
579 481 12
405 36 9
66 341 10
759 942 16
676 270 16
46 777 15
693 704 10
384 772 20
743 67 15
436 553 3
979 572 6
201 507 18
431 703 7
923 793 18
204 23 16
937 282 16
946 22 15
950 401 12
800 542 16
835 191 20
602 972 19
76 776 17
999 787 18
193 952 2
734 224 8
819 448 8
826 307 18
19 507 3
762 551 14
220 268 3
115 969 19
625 582 8
517 640 15
27 367 19
99 472 5
622 513 19
835 806 11
699 796 16
828 352 7
341 5 17
76 259 10
978 705 15
382 451 17
717 292 14
420 563 12
296 793 20
891 822 11
917 960 4
301 499 17
725 152 6
224 215 17
374 568 5
413 825 12
866 621 14
74 721 9
127 547 18
838 559 12
809 761 9
747 706 9
828 365 12
296 770 13
113 914 9
934 532 19
200 802 10
53 374 14
503 165 1
280 273 17
861 547 13
894 352 9
349 143 17
887 47 9
379 660 14
954 711 11
701 567 1
237 432 7
40 412 19
527 679 3
843 507 20
717 102 9
929 21 18
188 432 9
347 605 16
647 717 1
803 61 1
471 491 6
50 318 5
10 245 2
345 86 19
104 963 16
707 996 9
234 929 3
336 302 4
775 987 17
751 401 2
225 291 18
308 734 18
70 942 18
819 392 20
874 62 18
331 717 18
224 591 16
664 109 4
240 190 20
185 254 11
460 230 19
650 619 1
671 4 10
104 302 6
523 743 8
655 145 7
605 324 2
384 176 16
933 763 19
715 46 13
780 441 2
536 718 5
65 724 11
728 659 3
288 998 13
979 12 10
896 243 13
948 290 5
555 853 11
470 400 2
178 866 17
232 428 10
887 917 12
655 302 11
79 106 20
576 912 11
668 92 14
907 108 5
476 416 4
261 491 5
957 603 5
746 685 19
148 879 1
653 457 2
474 900 6
615 610 10
537 776 20
704 953 20
669 995 3
583 663 10
697 685 6
455 743 15
782 872 12
292 456 10
18 970 13
866 313 1
31 680 5
186 474 11
933 259 6
88 24 1
682 268 8
2 509 1
189 335 14
737 469 12
277 39 17
117 761 3
682 124 20
399 330 6
113 727 5
98 747 18
58 302 11
416 764 20
999 590 14
102 79 20
750 380 12
274 271 3
915 862 20
788 263 16
77 400 16
212 216 4
665 421 4
34 475 1
269 192 10
131 636 8
78 481 14
495 275 17
102 200 5
806 173 19
211 601 14
555 182 11
366 395 5
979 64 16
261 867 2
916 798 18
69 782 16
687 337 3
574 280 10
518 910 20
101 850 2
177 580 5
263 540 18
201 565 17
110 181 20
445 22 19
778 460 18
227 437 12
169 87 1
747 738 11
857 869 20
770 721 2
189 181 15
339 534 19
999 135 9
626 713 1
807 230 8
809 914 17
443 448 8
983 721 14
49 817 6
13 226 13
625 604 13
453 3 15
844 419 2
654 667 4
347 516 20
545 989 8
194 8 11
647 628 2
715 497 13
296 550 5
708 903 20
964 829 19
691 176 6
424 964 8
533 642 18
801 722 7
501 430 19
729 962 17
51 638 2
697 112 6
558 671 19
131 109 10
891 880 20
999 678 8
76 258 10
475 758 5
85 752 5
837 765 13
453 919 5
436 192 11
717 62 9
248 895 3
832 12 3
391 535 16
894 747 18
372 293 3
805 31 11
20 484 1
976 672 2
72 939 18
712 333 19
345 805 20
58 632 19
686 689 6
940 871 19
579 483 18
537 337 2
106 379 6
644 957 4
145 227 16
324 229 1
721 14 17
945 396 10
503 200 19
149 462 20
720 314 18
461 728 7
467 808 13
87 258 7
921 978 1
885 238 10
657 114 3
728 174 15
932 498 7
672 804 15
594 439 20
983 400 20
118 101 14
783 900 13
492 199 14
463 779 7
705 837 10
5 80 19
978 995 13
954 229 3
295 264 4
617 464 16
895 817 8
309 348 6
709 547 8
624 94 13
348 10 4
273 245 14
767 259 5
727 43 9
91 799 20
925 436 11
591 856 13
994 652 7
652 543 2
602 951 1
582 478 6
506 339 13
431 574 6
681 606 5
867 467 11
586 188 20
415 486 14
66 189 16
162 800 8
155 532 12
738 209 8
675 647 13
443 32 13
124 544 13
137 105 20
322 416 9
542 10 12
800 534 4
722 206 17
489 4 19
522 855 20
544 199 8
48 261 4
799 309 8
532 719 6
623 83 8
886 722 19
849 166 19
360 792 1
110 92 20
781 822 11
396 306 1
444 117 4
933 16 13
88 190 1
569 148 6
731 821 11
37 489 18
371 514 1
306 268 12
212 261 16
529 871 10
213 751 7
744 121 8
370 963 15
330 747 12
139 801 6
214 715 16
267 578 6
785 424 6
926 134 1
172 160 1
687 346 17
407 966 7
125 988 11
873 473 2
60 513 10
754 27 17
600 872 18
949 611 11
314 100 18
298 421 12
977 450 7
659 549 7
183 211 16
321 410 11
96 966 8
521 700 8
403 70 1
399 594 14
906 956 4
115 277 2
825 473 19
412 649 10
714 233 4
708 418 4
954 559 16
391 482 20
762 883 9
237 15 5
591 247 17
9 273 14
28 286 10
730 707 2
204 777 4
326 474 12
55 797 13
87 866 13
851 179 3
750 801 14
45 869 18
610 498 12
548 815 8
883 656 12
828 720 5
41 81 7
270 578 15
517 455 16
356 995 12
21 633 20
911 467 18
163 982 3
876 509 10
176 921 9
484 808 4
414 829 17
840 34 20
573 736 16
180 253 6
281 973 16
298 388 16
567 433 11
67 641 18
9 142 16
864 656 18
91 998 6
341 615 17
82 620 7
99 35 15
815 354 3
93 778 1
924 935 12
135 366 6
450 378 20
476 287 4
708 264 16
247 55 14
935 163 11
49 70 6
849 797 13
948 102 16
898 281 14
833 789 3
624 535 9
873 718 17
619 685 9
734 294 9
872 493 14
859 145 5
341 448 5
758 242 14
820 711 7
405 469 16
980 291 3
786 160 10
148 318 14
498 925 5
415 253 2
733 828 8
849 365 2
277 319 13
960 498 9
463 860 7
161 638 5
826 354 8
774 981 3
773 119 10
214 384 2
524 52 6
453 666 20
634 449 12
917 621 15
417 829 19
326 153 11
734 127 5
739 242 11
163 46 9
130 772 5
981 907 12
155 865 20
722 9 10
957 958 14
270 257 4
852 384 17
24 790 16
328 118 8
819 472 11
850 459 10
194 154 1
675 198 11
980 654 1
622 946 5
346 782 1
266 264 6
879 607 19
895 57 10
451 346 19
107 127 16
47 750 7
607 184 1
131 75 2
851 810 18
638 437 4
737 559 4
808 848 18
387 446 12
353 304 7
432 597 3
828 268 17
331 365 9
541 95 5
866 380 19
242 64 10
536 245 17
894 893 13
670 999 11
636 103 12
713 323 9
276 700 7
159 560 16
807 595 16
6 875 11
614 731 4
166 46 18
808 416 3
886 744 9
158 716 6
561 166 19
759 825 8
191 75 8
96 481 17
318 36 8
214 207 20
927 903 2
906 880 2
695 251 5
754 337 15
303 401 9
901 127 20
321 455 7
634 537 11
994 929 5
824 252 14
825 217 9
18 942 11
11 903 14
861 319 6
491 228 11
930 535 9
839 8 16
408 50 15
224 903 9
567 897 6
486 643 4
995 520 12
963 159 11
827 564 19
477 823 18
387 786 17
790 416 14
670 436 17
103 883 8
223 799 19
249 937 6
652 833 4
153 591 18
230 286 5
131 981 5
264 836 13
863 607 19
387 269 16
144 362 13
817 756 16
628 969 17
413 672 5
64 518 11
134 61 15
939 229 20
490 891 3
845 939 11
727 575 4
665 105 1
580 641 2
380 387 3
582 866 16
121 657 11
755 120 1
699 368 18
658 187 16
567 743 9
544 839 3
422 96 19
156 205 11
326 882 2
708 947 1
883 799 10
606 33 20
698 790 18
185 268 10
2 412 14
946 775 7
597 478 12
945 401 1
475 452 16
176 570 3
669 731 7
42 835 5
581 475 19
393 46 13
791 464 5
141 468 11
441 580 4
341 264 3
729 489 13
522 425 4
43 570 11
900 865 18
716 290 15
150 144 8
769 418 14
605 50 5
453 590 5
260 949 9
817 49 3
516 875 20
961 359 6
166 762 7
880 25 15
447 223 1
560 429 15
136 510 9
777 543 19
346 585 3
854 726 4
682 125 10
210 395 12
882 299 10
784 667 3
63 907 17
25 651 10
869 518 2
770 130 17
891 914 9
829 36 7
87 482 8
33 511 13
440 749 9
646 854 18
223 900 16
479 597 15
719 658 12
887 800 14
121 889 14
431 520 16
336 368 10
26 471 20
28 23 17
870 567 14
475 154 17
963 237 9
930 60 5
35 147 3
519 754 18
282 927 10
538 395 17
872 649 11
524 460 18
763 742 15
79 375 6
709 362 4
984 566 19
735 392 17
546 605 15
980 568 15
466 203 5
274 298 1
202 13 17
558 322 6
548 686 4
446 904 5
402 74 3
905 286 19
479 443 20
7 713 3
734 404 16
111 541 9
935 659 15
250 327 14
182 192 6
532 799 2
724 66 6
793 840 17
674 245 16
595 101 6
169 487 13
322 208 20
128 77 7
279 475 18
374 218 12
571 912 12
749 15 17
539 816 17
597 3 17
203 601 11
711 662 13
63 69 13
137 921 1
487 625 8
464 4 12
763 300 3
285 410 18
849 897 11
596 159 19
363 631 17
625 451 10
224 552 1
791 928 10
215 732 8
582 754 13
422 393 12
962 666 5
143 712 2
75 694 2
574 32 20
940 355 17
120 436 10
45 442 16
771 317 2
792 111 16
683 204 18
991 320 3
858 56 12
945 24 9
593 396 18
972 572 8
849 730 20
383 931 12
966 757 7
710 917 1
394 860 7
99 534 1
195 471 18
936 771 9
100 90 5
965 160 17
667 317 6
558 675 2
266 387 5
960 984 11
424 595 7
321 997 4
316 653 4
702 51 7
473 42 13
625 176 20
401 468 5
505 934 17
258 419 6
473 78 13
798 778 18
576 585 9
856 868 11
602 314 12
656 56 17
718 934 11
568 846 8
988 120 6
575 476 1
669 403 16
572 965 13
989 201 16
739 584 11
370 192 13
230 972 17
642 242 5
981 382 4
664 675 16
423 54 4
294 318 4
321 866 11
806 386 18
280 685 7
230 684 10
242 429 2
141 526 8
189 8 7
681 885 20
587 283 6
126 891 9
776 744 9
657 527 6
815 555 3
594 178 9
753 351 19
322 659 9
577 354 4
501 810 10
663 543 15
721 813 3
161 67 20
923 390 10
425 671 20
162 935 17
177 420 2
932 996 16
418 632 16
751 921 2
488 956 19
353 911 6
193 284 9
721 669 10
975 256 6
601 869 11
606 804 9
356 921 18
549 4 8
81 573 7
350 60 16
486 887 7
721 790 9
411 893 6
672 785 4
573 397 1
225 65 13
154 679 15
857 650 1
12 595 6
524 132 8
295 654 16
77 315 14
656 553 16
557 165 15
689 550 5
699 743 3
470 920 17
641 918 9
891 46 10
190 493 13
567 71 12
105 800 16
30 620 7
655 449 8
433 107 11
279 543 19
225 163 2
271 50 15
26 362 19
843 621 19
764 328 8
364 766 7
751 129 12
363 807 14
283 698 15
499 402 16
687 373 16
409 136 1
821 718 17
737 230 10
753 812 16
797 101 11
342 460 18
774 871 16
649 382 4
946 754 18
967 548 3
103 214 20
131 950 2
501 898 9
350 171 4
855 343 3
606 133 6
720 118 2
703 474 1
107 449 14
784 548 18
999 207 6
662 442 10
31 310 16
270 592 4
342 617 4
938 462 16
559 960 10
26 231 2
544 831 5
273 337 8
731 923 6
165 17 14
464 579 2
305 177 13
61 454 10
119 544 11
794 719 18
163 587 11
287 128 18
10 228 3
422 847 13
997 669 14
952 109 13
439 527 13
97 3 2
150 918 16
911 193 2
120 746 16
827 379 2
4 571 3
392 945 6
297 973 13
748 580 5
210 639 4
891 134 4
911 723 19
587 253 6
37 195 19
748 207 15
970 283 13
314 732 9
55 392 8
810 267 4
993 797 17
379 80 9
451 334 5
813 192 19
726 947 16
627 38 13
799 522 15
696 775 7
885 562 3
437 206 8
960 247 6
123 913 7
445 555 17
735 888 9
397 371 19
116 92 20
309 407 1
643 661 11
243 950 14
366 532 11
487 264 1
348 743 12
589 397 7
431 777 5
916 297 15
635 284 1
28 509 9
595 885 16
399 156 19
108 883 2
180 908 12
94 310 19
199 741 3
395 158 7
110 583 9
936 253 6
931 812 10
630 555 14
585 175 11
201 149 9
822 496 11
660 434 13
466 303 1
525 389 16
813 941 8
752 28 11
576 885 9
246 830 2
494 666 18
451 710 12
981 381 18
696 657 17
736 693 14
948 204 14
982 871 1
516 955 1
351 479 3
983 161 12
837 781 2
38 693 10
456 6 5
619 558 16
269 525 19
39 657 8
916 781 1
970 901 7
291 958 3
988 132 9
932 380 12
544 909 8
302 887 2
544 500 6
813 545 9
774 59 2
906 593 13
990 214 15
897 889 20
470 327 6
248 214 13
454 319 18
