1000 2000 1
370 325 18
945 147 17
865 978 5
811 741 20
162 332 4
512 36 19
369 216 10
773 77 3
257 978 16
684 264 5
734 759 10
746 733 6
466 41 2
336 834 16
336 605 16
588 152 12
608 884 11
744 399 8
765 867 7
245 837 12
962 743 3
126 242 7
513 359 4
433 250 20
376 619 1
56 937 10
612 221 10
684 97 9
50 225 1
121 285 11
818 362 19
78 552 10
104 690 19
978 314 7
404 573 6
204 139 7
201 250 16
961 383 10
17 169 17
90 153 14
243 246 19
614 159 5
775 521 17
538 923 9
477 827 15
200 964 8
399 90 10
986 561 15
791 465 19
509 258 19
192 551 13
559 344 12
792 695 13
673 100 8
735 835 13
185 282 18
447 139 17
943 226 1
647 84 16
517 877 2
135 546 14
257 163 16
917 438 11
360 255 11
79 13 7
507 948 10
939 462 9
749 710 6
1 996 20
234 152 15
108 830 18
870 856 4
125 739 15
640 839 6
968 870 17
404 10 5
279 424 3
769 288 8
84 334 19
378 137 6
676 883 18
951 822 15
962 602 14
471 450 3
367 658 7
315 202 13
929 690 17
817 220 18
275 166 20
13 166 19
327 176 3
993 711 2
37 639 16
303 84 1
307 234 20
738 12 20
492 545 10
568 275 1
985 972 9
792 806 15
663 921 1
555 979 12
138 956 10
254 493 5
732 117 9
811 410 2
941 785 2
471 607 7
902 385 6
133 877 13
897 715 19
62 179 4
173 504 19
888 895 15
388 200 2
765 824 1
388 694 10
688 726 8
465 797 3
908 729 7
50 555 8
953 880 1
538 229 7
941 88 11
915 890 3
160 48 12
245 421 5
594 160 9
121 880 5
551 464 10
422 728 18
633 237 8
295 358 19
877 634 7
400 825 7
56 606 17
186 721 19
839 234 9
137 716 2
116 922 8
546 884 13
304 978 15
610 118 8
11 167 9
588 99 18
416 481 8
395 458 17
461 632 17
662 313 9
957 310 12
625 740 16
678 895 13
118 149 2
875 277 17
58 958 20
891 895 4
201 76 20
633 865 18
161 906 11
677 5 15
855 420 1
422 44 2
72 977 17
764 418 20
347 773 16
19 184 18
414 305 17
969 707 1
32 123 6
431 128 4
658 256 4
530 107 3
495 378 3
91 703 8
122 16 11
141 295 12
287 614 16
201 53 18
520 178 7
892 724 10
609 930 13
289 165 11
26 429 8
674 730 9
960 190 17
754 759 14
851 283 20
644 887 2
648 183 13
323 801 15
186 158 10
314 603 8
410 540 12
729 931 9
252 103 17
492 875 16
295 855 19
361 275 8
656 80 4
720 473 13
279 996 5
498 280 6
719 773 2
377 664 9
350 647 17
861 368 3
754 242 2
777 491 15
433 681 3
663 60 10
143 582 11
533 359 18
96 278 7
530 470 3
485 993 9
407 628 2
810 524 15
827 842 10
446 476 12
1 763 8
108 597 8
362 742 8
949 44 6
0 655 1
103 402 13
663 361 4
750 329 8
703 662 14
472 241 19
479 774 17
172 208 20
192 223 10
552 120 16
399 27 3
294 728 10
575 598 14
453 492 16
971 863 15
903 54 10
521 663 17
786 817 1
753 640 10
599 582 20
417 691 14
590 762 15
872 188 7
864 184 8
707 794 17
608 114 5
35 481 5
449 615 14
731 450 2
472 784 18
746 758 17
683 967 9
344 189 18
428 448 3
653 795 8
65 365 4
525 237 20
6 724 11
649 681 12
592 821 4
747 844 1
521 123 19
698 430 9
219 953 9
114 113 6
92 211 20
499 449 20
518 319 11
21 187 8
230 855 15
873 812 16
765 833 4
653 363 8
180 854 11
375 684 14
211 841 1
199 458 10
562 281 15
300 132 7
872 852 6
16 193 11
792 563 5
609 478 1
279 423 12
470 957 4
197 533 7
457 838 11
996 478 6
501 127 3
943 997 13
339 473 20
17 459 3
904 102 16
584 915 13
393 301 20
356 791 5
515 964 7
684 364 1
220 903 17
388 716 12
966 198 20
239 98 13
643 862 6
594 820 20
4 497 14
885 511 2
274 357 15
165 679 6
777 160 11
70 298 17
400 173 16
878 471 8
293 455 17
544 711 8
622 896 16
296 237 3
169 16 6
414 494 18
276 264 10
573 630 5
540 453 12
443 786 6
573 486 11
930 760 14
722 731 10
67 391 16
240 462 4
910 522 4
690 253 11
856 322 4
448 985 2
315 721 4
599 251 9
430 330 4
858 740 15
207 550 7
243 961 14
758 15 4
908 597 7
53 986 17
125 862 11
321 657 5
445 952 12
225 311 7
356 385 3
902 675 2
430 945 14
476 158 19
561 116 5
834 540 16
875 312 12
362 401 2
331 184 5
188 779 20
729 459 6
758 931 20
691 612 5
551 309 17
914 132 11
623 477 2
511 7 3
964 627 16
850 376 1
975 636 16
632 791 4
720 495 10
424 124 5
52 481 14
325 905 17
384 991 6
107 188 4
954 698 19
849 416 17
872 665 15
700 293 16
584 198 6
569 218 15
161 918 10
318 493 12
402 715 14
489 869 12
928 910 13
318 758 15
987 587 18
48 259 19
807 656 7
732 891 20
506 399 12
531 758 12
676 93 1
209 707 15
130 679 12
934 882 14
835 760 9
639 556 5
988 444 4
279 887 18
846 360 14
350 44 5
841 919 11
825 157 12
480 10 12
122 414 3
741 14 10
441 805 2
241 896 20
218 238 7
139 848 12
291 79 1
39 681 13
803 110 6
339 155 19
232 29 7
934 221 4
118 681 20
154 375 2
120 233 6
792 366 8
297 15 7
882 439 17
465 645 20
571 663 19
56 971 10
631 305 18
766 84 11
276 77 18
789 104 5
451 603 7
739 103 7
843 569 9
376 51 3
405 752 10
4 408 10
677 802 12
330 578 12
61 798 11
215 856 15
511 360 6
815 97 1
653 709 3
134 1 8
152 427 7
451 989 14
933 992 1
788 116 8
107 541 17
616 418 12
553 856 3
685 109 7
272 465 6
657 190 18
23 398 17
615 44 6
856 256 9
527 983 2
942 933 9
882 802 6
375 68 4
213 6 2
216 569 11
734 266 13
309 617 3
861 190 14
917 616 10
5 385 10
470 76 7
361 169 1
362 888 1
821 270 5
712 592 4
922 322 11
330 447 20
562 833 19
422 530 20
26 938 10
819 611 15
211 611 10
977 379 7
736 841 14
611 172 1
142 862 3
673 641 7
550 836 20
56 35 12
297 247 9
24 762 14
217 748 4
112 466 19
689 69 3
135 449 10
330 545 4
846 461 18
371 168 1
781 826 12
587 466 8
637 961 3
38 144 10
814 365 16
714 427 11
744 678 8
39 746 11
598 889 3
346 116 3
7 650 6
505 518 14
571 463 17
18 659 3
342 411 7
508 443 3
58 243 17
904 788 13
289 484 2
679 261 13
653 123 12
654 762 15
855 752 8
862 153 17
622 28 20
873 513 7
488 851 19
840 107 3
335 492 20
814 872 18
374 191 14
389 994 13
706 521 5
292 158 7
109 302 18
826 208 13
380 765 6
555 388 17
416 538 13
959 557 18
213 624 13
805 270 18
970 486 6
578 865 15
774 511 13
944 959 20
99 867 16
671 684 11
105 947 20
240 726 6
245 841 1
872 710 15
979 427 1
143 829 18
669 121 19
296 370 18
370 319 2
227 270 16
538 132 19
89 565 17
596 518 4
939 332 6
890 327 17
929 547 5
465 592 3
389 948 14
355 577 1
522 574 9
588 519 5
156 596 6
368 107 13
739 688 17
900 376 7
588 375 10
973 711 5
743 514 11
788 436 5
696 173 15
152 109 2
908 501 16
624 742 1
561 802 20
641 502 4
383 881 20
628 303 6
217 440 14
873 516 11
360 897 6
545 305 17
978 681 5
686 15 6
770 652 14
990 921 9
817 584 9
20 340 20
683 504 6
436 892 14
523 402 2
519 23 5
555 849 8
107 573 19
561 514 6
658 38 12
712 912 10
769 171 9
197 466 11
270 78 18
525 942 10
654 598 15
475 38 7
106 55 18
955 675 7
834 385 19
422 477 16
549 252 17
919 200 13
612 866 8
628 316 9
513 186 3
224 83 1
637 630 1
925 917 7
477 412 19
167 601 6
751 243 6
134 949 15
320 285 1
854 106 19
373 31 20
848 32 2
508 750 14
925 135 16
826 538 12
637 751 4
768 188 10
275 664 15
607 908 5
392 840 15
747 888 6
215 878 6
480 166 15
267 696 14
893 304 16
65 710 15
33 349 10
764 190 10
322 897 4
229 669 12
482 998 20
872 137 7
56 597 9
235 977 11
501 230 11
93 893 15
776 923 10
168 429 19
389 663 17
191 678 12
115 539 4
35 430 18
968 455 9
282 307 8
200 503 1
918 225 4
309 1 15
190 309 10
269 44 19
786 599 5
43 375 1
202 548 1
48 81 13
774 481 15
726 819 9
448 954 1
388 531 9
941 69 15
406 728 1
464 32 20
145 544 16
332 779 6
35 672 13
517 187 2
976 966 20
551 939 15
347 535 5
925 920 1
309 279 14
528 546 19
531 63 3
79 311 17
682 640 16
421 456 4
217 806 7
645 84 18
292 720 2
606 767 15
536 406 7
199 263 15
6 97 17
766 868 4
553 495 3
559 426 14
841 224 11
230 107 4
503 494 20
345 811 2
834 859 11
911 176 10
616 142 20
207 617 4
831 332 12
487 522 4
244 764 6
508 465 8
373 420 8
717 984 6
363 901 18
247 955 13
416 498 6
62 235 16
705 192 10
448 450 11
680 693 7
550 992 9
615 792 15
975 955 12
870 673 10
512 965 7
836 531 2
977 656 18
41 971 14
241 996 13
949 408 8
342 819 10
433 937 11
571 233 8
580 727 13
303 827 16
916 267 15
529 7 20
377 367 1
8 12 18
550 969 14
198 926 19
502 663 20
753 919 1
563 121 10
323 926 6
773 345 5
898 376 15
724 74 8
891 71 19
721 334 3
597 793 15
960 436 17
461 194 6
376 910 14
768 531 10
733 573 12
885 787 7
90 58 4
668 938 8
427 466 20
645 954 4
968 412 14
186 31 2
455 830 13
379 17 18
248 351 1
347 888 20
584 157 5
334 540 19
472 919 2
817 279 6
241 83 2
487 224 2
145 115 7
176 368 4
628 757 4
784 367 13
826 858 9
844 238 8
633 463 16
130 337 14
786 376 18
693 185 9
606 302 2
526 193 1
684 401 1
805 282 1
906 334 5
530 163 18
912 228 3
526 49 2
129 4 5
777 979 12
52 803 6
651 574 18
484 317 6
184 730 6
366 590 1
527 278 5
658 469 16
656 545 3
892 901 19
557 831 20
938 114 16
248 570 18
775 7 20
875 94 15
795 739 14
330 151 2
38 388 13
544 748 12
971 147 5
534 66 1
297 468 4
231 28 19
4 740 11
212 918 4
449 187 12
523 136 15
772 877 6
634 269 10
525 591 11
595 161 8
134 706 16
670 829 7
861 954 17
916 332 1
901 618 1
485 411 18
857 920 3
484 595 11
311 258 16
957 778 10
4 632 19
582 572 19
617 450 18
274 227 18
441 224 14
359 271 19
396 747 9
278 346 4
842 159 8
88 222 20
444 149 19
497 12 10
834 829 3
97 270 16
881 123 16
229 197 9
226 686 9
386 0 20
635 741 15
672 888 4
571 985 12
856 480 7
708 316 18
570 840 20
726 370 16
617 463 7
24 443 19
989 945 11
995 85 16
671 290 16
577 97 3
893 339 4
272 257 7
370 563 1
735 167 19
665 331 19
999 585 15
584 114 20
73 47 20
163 615 6
616 969 19
362 415 5
800 3 17
700 65 12
79 621 15
742 556 3
278 601 5
167 96 19
55 672 12
863 208 14
956 781 1
149 981 7
76 731 15
752 871 1
852 580 8
221 597 2
68 89 7
94 227 14
329 130 12
956 637 18
672 878 13
650 185 7
377 435 17
287 807 2
443 237 12
72 473 8
572 122 6
210 523 8
29 139 13
691 338 7
95 84 11
354 573 6
737 225 18
312 427 17
547 330 8
619 498 4
274 809 14
668 885 1
263 162 4
496 513 18
833 952 12
660 472 7
395 955 13
578 582 3
444 502 11
729 980 12
601 831 7
887 25 17
836 962 16
795 781 15
938 192 11
632 674 7
869 358 6
231 479 15
606 393 8
130 284 3
307 734 2
761 150 15
768 949 7
996 956 19
238 640 17
950 431 4
384 694 5
326 195 18
898 686 15
411 302 14
740 212 2
51 813 10
195 269 18
718 81 13
400 409 7
37 357 7
43 400 5
278 303 12
79 997 3
362 382 20
853 125 3
559 667 5
26 841 17
267 904 8
290 542 1
347 30 19
666 384 13
439 113 9
355 379 5
752 344 11
379 736 17
727 516 10
396 825 14
593 436 15
594 889 19
879 384 1
918 83 7
615 719 9
833 124 15
500 509 14
154 775 5
852 668 16
291 106 1
83 342 3
787 278 17
802 932 5
667 972 18
613 772 15
260 239 7
167 426 3
547 418 15
309 546 18
864 619 8
606 998 18
698 178 12
443 891 10
742 104 3
79 843 13
255 282 3
343 889 20
224 294 19
588 82 4
559 284 1
915 297 8
963 862 17
930 685 15
16 759 20
111 502 10
453 531 8
613 520 5
668 456 5
394 445 11
519 476 2
353 35 13
126 401 9
959 110 5
965 419 20
468 138 9
625 988 16
289 773 17
872 865 15
611 415 18
207 740 11
557 444 9
897 629 8
407 536 4
419 739 5
704 908 10
126 931 1
263 528 6
130 264 7
695 185 16
52 982 5
10 347 10
814 258 7
780 265 9
110 25 18
108 855 20
990 340 2
899 710 12
871 877 6
430 497 14
531 549 20
291 338 15
77 872 10
154 189 2
879 99 10
572 851 17
163 274 2
875 214 3
117 801 6
232 144 19
396 890 1
937 799 12
272 976 1
702 709 15
50 783 9
123 587 13
75 547 12
904 923 20
0 782 11
924 901 13
912 518 1
531 418 20
410 765 20
338 139 15
610 418 5
527 941 10
457 59 13
210 447 2
711 878 9
648 709 15
855 779 4
543 284 16
575 316 14
37 412 14
101 805 2
962 990 17
671 289 8
743 165 19
260 160 1
977 481 20
591 854 2
92 878 14
5 464 19
416 709 19
691 648 7
442 209 20
892 0 5
718 787 20
163 385 18
199 716 15
258 622 5
142 856 16
239 788 8
230 151 16
114 119 3
126 322 17
614 442 8
425 655 11
72 122 15
94 635 9
409 418 13
459 913 16
794 0 6
743 263 14
811 52 10
528 109 14
55 563 7
768 356 15
241 690 9
301 741 7
303 256 3
299 780 18
160 472 10
846 131 19
437 112 4
720 400 20
132 904 12
26 477 11
571 951 9
129 755 14
716 960 12
549 783 13
644 526 8
970 696 8
387 3 11
439 279 5
850 896 1
542 780 13
606 127 7
106 478 6
610 277 4
498 99 14
573 767 2
285 858 10
560 196 13
584 224 8
192 294 12
649 124 2
959 924 16
965 101 12
848 190 3
525 174 16
705 370 14
928 33 10
964 630 8
133 473 16
117 794 19
407 447 6
562 470 7
647 694 8
734 433 18
271 443 1
396 65 3
319 190 3
171 212 2
59 416 19
209 95 5
628 536 16
330 879 15
678 802 2
639 173 15
323 345 16
375 392 1
132 485 2
760 957 13
29 887 12
40 896 10
783 940 11
43 821 10
942 475 13
584 767 8
519 112 1
876 795 13
688 973 9
170 898 16
166 110 14
773 788 18
12 955 10
83 341 15
776 564 12
198 407 7
209 193 13
910 649 3
513 684 7
665 323 8
229 287 9
585 974 15
173 126 5
89 621 17
633 376 17
378 86 14
336 269 16
671 259 19
492 782 15
454 261 4
383 466 3
450 376 3
486 707 10
723 391 12
748 564 11
265 330 18
884 79 1
544 419 10
651 631 3
334 695 4
449 267 1
716 531 17
878 264 2
200 386 11
286 389 19
187 941 13
269 565 10
180 902 14
900 468 8
596 322 13
372 843 1
456 311 5
357 943 1
727 662 2
814 401 9
663 906 11
659 527 9
528 681 8
630 320 7
478 860 18
842 648 8
137 567 19
124 368 11
463 966 11
160 550 13
884 730 1
249 219 13
370 774 2
383 335 6
544 252 14
975 704 17
148 846 2
192 215 19
655 799 3
378 750 12
576 97 12
560 9 18
177 845 1
227 208 5
565 841 1
532 664 1
117 342 16
741 20 18
194 296 14
673 788 6
850 192 16
751 973 13
672 451 15
353 963 15
474 844 16
640 876 9
732 56 6
798 38 8
813 804 19
719 382 19
938 835 15
330 427 11
562 584 18
264 890 20
945 56 17
468 922 2
997 103 6
659 373 14
994 214 16
41 180 6
145 646 3
427 215 20
767 400 5
156 246 4
951 666 5
889 920 14
700 904 11
255 899 16
597 928 19
999 907 13
314 804 4
31 781 20
133 649 18
968 956 20
308 272 13
489 433 13
240 366 3
612 683 6
544 628 5
491 622 6
765 596 10
751 469 15
711 396 14
875 913 16
267 356 5
199 715 6
194 142 1
533 740 1
60 556 17
784 587 10
562 165 4
716 223 8
786 776 17
695 20 7
116 164 17
868 851 4
682 840 3
145 83 19
333 399 3
642 251 11
500 841 6
9 869 3
119 475 12
99 88 11
899 666 12
114 625 19
196 286 2
936 96 20
351 80 10
395 760 13
426 110 10
68 365 12
993 715 16
978 586 16
328 590 8
359 694 15
585 103 18
636 477 19
586 885 1
741 759 8
444 801 11
191 737 9
113 409 4
880 285 15
165 190 8
895 444 7
718 259 20
82 915 11
306 543 20
804 411 18
770 40 4
836 214 1
982 305 8
517 763 17
886 709 8
326 903 3
31 869 20
37 800 10
491 216 3
116 10 5
69 981 4
775 649 10
394 283 20
610 698 13
541 976 7
519 399 13
767 92 12
338 998 15
722 615 9
478 892 3
208 888 1
596 884 11
430 443 15
460 880 13
750 304 8
46 337 5
218 443 11
786 635 19
794 496 7
651 447 3
417 280 16
721 17 12
798 466 13
718 357 15
504 19 10
341 370 2
988 855 2
84 485 20
145 315 2
727 442 8
278 350 17
566 488 11
374 812 18
504 284 6
320 841 18
869 791 18
151 654 9
711 317 18
752 355 18
806 97 9
722 363 18
956 121 4
212 526 10
828 200 16
201 633 3
162 525 7
514 684 2
722 484 7
249 529 1
203 4 14
53 474 7
112 560 7
669 477 10
646 610 6
52 100 11
944 124 8
545 527 13
566 92 15
298 686 3
811 417 18
885 74 11
615 213 18
894 946 3
257 654 11
213 993 2
172 955 15
305 173 1
92 703 7
278 304 7
232 862 16
375 273 15
312 153 18
525 297 1
754 40 1
308 448 9
829 708 16
966 268 1
105 763 15
524 975 17
475 970 8
324 392 19
948 256 5
785 378 2
64 581 6
602 293 13
680 441 8
390 373 14
625 505 14
710 729 18
727 144 18
815 665 4
996 826 4
583 544 2
671 248 6
502 290 17
906 151 11
275 19 16
306 235 1
349 871 1
288 712 16
725 713 15
744 726 8
445 21 18
9 659 15
202 937 10
49 466 1
805 858 2
246 77 17
960 652 20
526 131 3
594 674 13
104 667 7
149 818 4
199 1 20
248 531 9
704 402 13
321 112 19
390 471 5
260 770 2
619 214 18
724 990 18
389 777 3
539 572 16
793 488 10
591 502 11
638 205 5
690 215 4
219 895 6
880 232 2
695 824 4
353 566 8
124 743 10
847 809 13
182 684 5
461 773 20
984 963 6
52 345 8
831 312 16
483 123 18
541 393 17
995 563 16
594 219 6
629 622 4
506 780 18
628 626 15
863 529 15
944 225 5
413 329 7
189 435 13
606 86 13
27 787 6
88 654 12
7 845 19
982 458 10
668 182 6
499 898 7
303 843 11
729 48 2
663 597 6
987 837 2
566 664 4
892 685 10
763 949 20
898 765 12
856 768 12
723 504 3
107 909 7
441 31 10
620 262 4
54 525 19
501 985 11
523 558 5
736 702 2
288 54 2
2 334 7
107 765 20
58 6 19
913 111 13
207 214 9
396 904 14
949 293 12
316 386 13
72 663 15
117 851 8
796 465 2
65 395 2
4 236 14
543 959 6
467 820 20
425 414 1
569 687 3
443 319 6
543 406 18
145 396 7
322 29 14
57 283 6
950 235 12
811 485 10
224 396 8
294 869 11
694 839 11
929 333 12
796 334 12
326 156 2
132 25 8
620 337 10
118 90 9
204 50 7
979 455 10
381 320 17
500 457 15
702 412 3
799 753 11
423 582 5
427 881 15
363 79 4
223 822 13
436 557 16
790 789 1
893 918 18
440 118 9
619 269 3
895 24 20
359 804 12
861 31 18
509 254 6
899 30 11
352 126 8
163 641 6
198 333 5
920 732 9
60 777 6
908 120 2
322 405 17
79 647 9
126 758 2
140 513 16
507 715 15
317 411 5
466 125 5
675 155 13
84 245 13
177 781 9
771 357 9
528 221 1
912 67 4
670 979 13
737 480 13
438 858 8
596 212 15
803 425 3
545 804 14
686 514 15
642 99 18
970 193 19
273 790 12
128 143 19
979 278 14
606 298 5
581 125 12
152 994 4
884 800 10
294 669 4
736 636 13
972 504 17
470 257 2
391 867 7
345 342 9
437 754 2
862 223 10
309 834 16
994 150 18
533 578 5
97 276 6
264 273 19
236 62 6
813 897 18
756 363 1
373 216 3
878 468 14
336 5 10
634 602 5
307 207 1
947 833 12
183 586 17
356 657 8
905 836 12
815 942 16
353 359 12
518 692 17
937 904 7
790 625 4
955 958 2
589 343 1
342 206 12
542 231 3
852 164 5
656 109 7
4 448 5
985 284 11
189 493 1
744 486 6
143 117 6
464 60 7
818 292 12
573 604 13
558 741 2
781 490 18
517 709 6
220 602 13
706 87 18
696 531 13
372 736 5
607 602 10
826 677 5
6 498 3
857 255 10
769 673 10
232 962 2
487 694 5
22 69 14
943 794 8
724 112 8
863 456 14
905 947 1
289 678 7
631 564 15
751 480 16
21 226 4
697 509 2
320 522 5
235 69 12
718 74 1
123 273 7
615 964 11
79 990 7
91 964 5
199 268 3
366 265 14
526 254 2
324 119 10
677 423 16
513 809 16
578 35 9
494 301 15
391 703 20
916 259 3
634 52 11
699 181 1
725 319 12
146 234 2
794 455 19
786 185 10
382 510 7
396 939 14
667 350 16
717 845 20
69 135 4
220 304 15
373 546 10
87 943 10
13 11 7
858 969 8
473 978 14
280 849 19
478 684 18
403 919 7
319 956 1
749 689 13
318 997 12
110 702 20
627 520 8
305 240 16
477 86 18
180 245 20
300 390 13
709 100 3
983 977 4
35 6 7
950 800 11
168 764 1
642 46 14
223 471 11
583 863 8
525 364 7
899 425 13
223 62 12
714 974 19
810 124 1
181 968 20
521 21 17
350 368 20
71 953 8
707 934 17
900 17 1
65 384 19
816 432 2
69 534 8
325 231 14
987 430 9
167 926 15
893 423 12
855 131 6
479 783 18
192 461 3
447 422 6
601 251 1
144 155 11
698 449 10
353 823 18
480 864 9
226 868 15
476 485 13
849 730 9
430 634 1
731 711 2
411 504 5
162 474 1
413 56 10
167 818 3
242 174 8
973 918 9
940 741 10
827 455 7
71 966 17
448 687 19
627 775 16
70 592 11
263 907 3
174 978 4
460 109 1
180 500 12
914 50 14
654 648 6
906 195 4
757 66 6
457 857 8
244 484 20
86 950 6
915 280 19
412 742 2
562 12 7
722 1 3
98 960 5
535 669 13
635 527 3
195 75 17
975 675 16
711 894 14
143 293 11
167 687 1
382 575 6
452 490 12
377 725 5
424 428 3
369 492 9
31 991 9
219 962 17
149 754 4
937 275 17
41 812 1
754 568 2
637 837 19
257 436 16
15 265 17
270 491 2
395 751 17
929 950 9
597 248 11
105 954 18
568 715 13
216 376 11
358 496 1
935 99 12
4 758 19
854 928 9
513 864 12
948 941 12
80 896 10
197 398 11
429 641 3
724 409 16
311 11 16
422 602 6
742 872 20
650 609 14
905 341 16
41 7 13
678 33 1
739 803 16
521 86 13
112 67 9
933 439 14
640 186 9
25 673 10
986 680 7
717 406 2
46 616 6
867 988 6
870 239 15
199 71 16
640 945 16
669 105 1
308 737 10
899 418 1
499 39 8
790 889 18
677 985 15
563 734 13
778 771 11
16 601 13
843 379 11
903 393 20
308 858 4
80 585 20
445 189 6
53 259 15
778 663 5
377 319 6
535 613 10
938 243 13
517 70 4
93 151 16
467 478 15
205 100 10
693 412 16
20 841 12
922 649 20
6 942 16
572 536 2
461 699 8
533 50 5
429 487 12
963 537 15
6 124 1
315 501 19
396 575 9
623 617 18
481 762 20
990 905 4
472 161 5
507 527 1
640 153 14
532 965 3
907 762 4
377 453 3
302 688 19
591 382 2
308 439 8
688 351 19
24 42 19
436 624 20
824 849 12
905 694 13
241 156 1
367 381 6
546 761 11
105 381 14
766 764 6
526 410 20
999 184 7
282 49 14
506 431 16
986 925 13
9 385 7
964 83 2
103 312 2
473 519 2
345 599 4
721 770 4
795 161 16
13 949 14
913 302 6
909 677 7
28 928 4
10 385 16
676 66 4
958 718 15
506 817 17
48 88 20
968 848 18
845 777 7
938 187 5
337 492 13
641 983 2
792 627 3
663 513 3
490 850 14
872 98 7
551 537 11
114 419 16
381 125 9
631 831 14
825 925 8
242 461 4
950 547 12
149 907 8
369 910 17
860 510 9
686 208 10
123 131 1
541 793 8
74 95 6
488 229 2
107 946 16
552 393 6
302 367 5
568 374 16
861 739 5
615 40 7
783 936 4
899 473 20
353 943 1
677 546 19
407 685 1
373 692 13
128 187 12
983 966 16
645 333 12
898 370 17
166 335 3
946 181 19
170 979 6
597 149 17
675 477 15
463 69 6
823 232 6
267 359 6
111 520 3
862 568 7
660 699 5
993 908 1
843 146 12
718 789 17
464 415 10
385 85 13
792 509 12
566 920 18
255 12 1
638 42 7
694 202 18
662 893 18
182 292 18
630 568 5
356 328 20
930 680 5
727 995 8
784 217 20
890 235 2
517 776 7
771 54 18
928 117 19
358 904 17
914 39 7
799 646 14
291 176 7
211 67 11
760 246 2
334 403 15
742 606 12
