100 200 1
21 71 5
78 13 8
34 65 14
34 10 2
59 9 4
72 27 16
53 87 20
24 51 4
64 32 17
47 80 20
3 77 10
25 59 1
29 41 17
74 73 15
61 27 9
49 7 1
66 23 9
50 91 19
12 52 2
75 90 1
4 48 20
78 61 17
88 38 19
17 51 3
80 67 15
26 96 10
93 61 11
39 90 19
59 75 19
37 72 6
36 18 18
39 35 4
15 62 18
26 7 15
90 10 18
67 54 12
1 81 14
73 67 9
62 67 3
16 79 8
89 63 18
88 40 3
71 88 19
62 30 19
90 46 19
56 78 8
97 24 17
63 93 4
28 71 12
56 32 5
14 81 5
32 7 5
92 28 10
52 74 1
55 36 16
4 34 18
42 18 16
49 75 16
53 57 1
55 54 4
87 4 20
24 85 19
19 34 8
50 49 13
22 5 15
64 20 20
16 35 5
27 65 3
23 77 6
86 26 2
54 92 18
14 19 11
26 48 19
32 64 10
94 27 5
51 22 3
33 72 12
23 49 5
62 53 9
25 13 20
96 30 17
81 75 15
79 32 9
93 49 12
85 45 6
14 58 19
76 51 17
17 66 4
91 70 10
69 12 16
37 78 7
89 24 14
92 32 15
59 84 10
27 24 19
6 1 1
96 23 18
93 33 7
64 61 18
98 93 18
47 63 19
50 1 2
78 17 9
6 31 8
14 32 1
42 15 6
73 57 6
16 14 12
17 98 2
48 12 3
19 40 9
93 62 14
71 96 7
97 78 20
23 74 7
89 74 12
86 32 9
33 5 9
42 17 7
59 97 4
44 23 10
73 4 9
53 1 6
54 55 18
70 51 8
60 43 14
97 62 9
15 20 3
48 87 13
46 90 10
54 82 11
40 28 3
63 30 13
84 28 10
6 35 13
92 75 8
95 46 2
1 2 2
89 39 2
71 55 19
61 32 3
42 83 9
2 65 19
25 12 8
16 64 20
70 99 9
39 4 7
68 19 6
86 55 7
32 93 17
62 27 18
76 62 8
96 77 14
88 73 17
48 0 18
99 82 9
68 76 5
99 91 1
41 34 2
80 50 18
3 59 7
49 26 14
59 76 20
62 93 19
65 0 5
17 33 2
48 66 14
38 10 19
69 52 12
75 47 7
57 96 6
38 92 5
61 2 3
58 70 2
88 59 20
54 36 19
46 53 12
19 23 20
14 91 20
88 77 17
84 55 5
9 31 17
84 0 3
86 61 16
15 83 11
61 50 11
6 80 18
70 62 14
61 59 5
55 82 19
4 80 3
94 10 11
74 7 1
34 90 19
71 54 8
36 32 5
57 9 6
6 55 9
92 40 8
43 83 3
