100 200 1
78 4 2
10 34 13
97 72 19
43 46 1
79 33 20
55 20 6
39 33 7
94 3 20
76 52 10
65 52 6
74 9 2
51 7 17
64 41 20
51 71 9
0 78 4
84 59 18
13 81 14
47 64 13
28 5 1
48 38 15
36 18 15
90 53 15
40 34 1
37 72 10
29 43 20
0 7 15
43 78 8
20 58 15
69 42 17
81 7 12
15 71 20
23 54 1
7 67 6
16 88 5
91 57 20
18 94 12
42 61 3
57 98 14
58 81 6
85 77 3
0 73 14
84 54 7
9 85 19
23 47 10
86 60 1
18 5 8
27 38 6
54 1 12
81 82 10
2 27 17
31 8 11
82 26 3
36 4 20
37 3 18
19 70 12
20 35 11
29 38 15
74 70 3
69 19 7
74 15 2
34 89 14
84 47 14
59 27 1
61 24 7
44 72 17
24 69 3
1 67 16
33 72 20
55 47 1
27 31 19
35 69 4
18 7 4
79 78 15
89 58 2
30 91 9
65 88 14
71 19 20
10 33 17
85 45 17
40 31 20
71 3 1
90 16 3
1 23 20
99 37 10
29 79 7
8 56 5
39 89 2
9 55 12
63 90 20
77 18 4
26 98 4
37 80 13
52 62 20
6 95 12
43 59 19
92 25 15
35 55 15
61 10 9
67 35 17
28 25 11
71 60 11
30 31 2
36 47 11
0 82 10
27 99 17
90 27 13
16 23 20
71 23 8
71 32 10
29 81 16
40 81 19
75 57 17
12 92 5
21 49 8
16 7 7
24 75 11
61 39 1
90 20 17
76 85 16
77 50 1
76 94 5
82 25 15
74 42 3
30 51 14
14 0 15
51 49 12
54 82 9
38 31 19
48 96 6
69 73 7
83 72 17
92 20 14
27 67 13
30 8 18
4 90 12
19 72 18
61 23 2
90 86 14
10 96 4
13 25 3
39 22 17
6 19 20
94 1 12
6 37 13
86 91 14
33 0 4
67 87 8
45 29 8
91 81 11
25 60 16
28 31 3
85 28 19
5 93 9
48 9 7
9 27 19
32 22 9
75 91 17
60 65 11
61 64 12
93 7 10
71 41 8
55 32 1
62 47 20
73 47 14
91 28 15
56 40 15
74 76 4
49 65 13
4 42 11
92 45 2
43 88 10
21 67 9
81 17 16
96 36 2
59 60 18
17 8 14
90 56 20
8 69 19
7 49 3
74 5 17
9 13 9
16 61 15
36 94 11
65 11 10
22 95 12
57 62 15
58 54 9
72 80 19
7 24 16
42 0 12
39 31 2
91 78 10
91 23 2
94 19 10
94 83 18
77 42 18
76 22 19
74 89 4
43 28 1
1 22 5
