100 4950 1
71 29 18
29 32 14
48 45 14
6 48 12
83 39 8
50 91 18
41 42 7
44 47 14
85 48 11
2 50 4
4 96 9
78 45 15
36 48 18
55 61 9
29 45 5
48 58 3
6 61 19
64 2 6
22 5 14
25 47 12
66 48 15
43 64 1
15 2 5
59 45 19
18 7 1
17 48 14
36 61 18
94 2 5
54 51 17
73 64 12
31 67 18
64 15 5
3 5 4
66 61 2
79 0 18
24 64 2
43 77 5
82 5 8
1 80 2
17 61 15
77 75 2
75 2 8
10 21 11
73 77 15
67 3 15
12 67 12
86 16 18
31 80 9
3 18 18
89 21 16
47 24 20
65 78 17
63 5 8
68 83 9
26 86 7
58 75 2
74 19 18
19 83 20
51 35 18
35 27 1
95 78 10
67 16 14
56 86 15
89 34 2
9 11 15
46 78 19
62 22 18
7 86 17
26 99 9
83 81 18
0 83 8
74 32 16
60 97 9
51 48 6
16 27 13
95 91 10
34 81 8
53 94 4
92 22 2
37 86 18
62 35 14
20 38 18
4 30 6
13 35 1
99 38 15
76 54 13
34 94 15
92 35 18
37 99 2
27 54 11
87 41 18
20 51 1
23 56 13
64 57 2
55 8 19
22 60 8
96 46 4
99 51 15
15 57 4
31 1 20
91 52 15
94 57 13
43 11 6
84 49 10
87 54 6
3 60 15
22 73 12
61 1 10
82 60 19
15 70 17
31 14 14
91 65 9
75 57 6
33 60 12
52 73 2
3 73 15
77 22 18
89 76 19
47 79 9
19 17 7
82 73 18
21 63 4
54 11 20
12 14 13
33 73 7
93 87 13
46 12 19
65 25 4
67 71 7
70 76 7
42 14 15
19 30 2
60 31 6
40 89 2
34 15 15
53 28 6
72 41 18
56 33 9
14 36 13
13 77 20
46 25 4
32 90 14
90 31 5
7 33 4
26 46 17
28 92 19
41 31 14
60 44 7
2 39 14
62 90 15
34 28 14
37 33 1
78 34 20
23 98 18
14 49 13
96 88 7
13 90 1
99 93 3
71 31 11
92 90 11
9 92 4
50 93 14
41 44 11
25 36 2
44 49 18
85 50 2
76 1 14
4 98 1
78 47 15
55 63 6
27 1 6
30 6 14
38 96 12
29 47 20
6 63 3
22 7 2
85 63 1
98 2 16
15 4 3
1 69 7
18 9 20
17 50 14
77 64 15
87 1 11
73 66 10
86 5 1
3 7 19
89 10 15
22 20 3
24 66 20
98 15 6
43 79 17
40 10 13
58 64 17
75 4 19
61 69 15
19 72 1
93 21 9
52 20 5
10 23 13
67 5 13
72 83 1
70 10 4
89 23 16
88 64 3
5 29 4
46 67 13
79 15 9
82 20 19
68 85 8
21 10 18
81 24 4
26 88 16
58 77 13
0 72 5
19 85 9
32 24 6
51 37 4
35 29 9
9 13 20
14 91 5
46 80 14
49 85 12
68 98 4
21 23 16
20 27 3
23 32 17
41 86 14
60 99 11
32 37 15
35 42 13
34 83 11
37 88 5
9 26 10
27 43 9
62 37 18
39 53 9
83 96 4
25 91 11
99 40 20
57 43 9
92 37 5
30 61 14
71 99 12
84 38 7
87 43 7
1 3 17
96 48 15
22 62 10
99 53 1
38 43 12
57 56 14
15 59 7
31 3 3
91 54 3
8 56 14
94 59 11
11 61 1
52 62 1
24 0 20
10 65 20
43 13 18
1 16 1
87 56 9
45 59 17
77 11 1
61 3 16
98 70 5
82 62 12
73 13 18
31 16 3
94 72 19
52 75 15
65 14 6
10 78 19
49 6 3
67 60 13
86 73 9
42 3 9
79 70 2
82 75 19
21 65 6
12 16 19
53 17 20
88 11 12
33 75 5
74 76 12
46 14 12
32 79 15
65 27 10
7 22 18
26 35 15
70 78 17
89 91 19
83 17 5
60 33 14
63 75 18
95 27 15
37 22 16
32 92 16
35 97 9
7 35 14
92 79 16
9 81 20
69 95 5
44 38 4
2 41 10
34 30 20
20 95 20
4 87 7
14 51 7
55 52 8
13 92 14
71 33 6
16 97 8
90 46 17
57 98 2
29 36 9
6 52 8
25 38 17
85 52 19
2 54 2
84 93 6
87 98 7
59 36 4
36 52 9
6 65 8
64 6 15
22 9 5
66 52 5
85 65 6
24 55 2
43 68 18
1 71 18
18 11 3
17 52 8
36 65 2
77 66 19
80 71 5
54 55 3
73 68 20
12 58 2
86 7 13
45 6 10
3 9 2
89 12 15
47 15 7
79 4 4
24 68 20
58 66 15
77 79 1
42 58 17
61 71 9
74 10 5
93 23 20
51 26 4
54 68 14
67 7 6
12 71 9
86 20 18
31 84 10
72 85 19
70 12 18
89 25 1
65 82 20
68 87 8
21 12 11
40 25 5
81 26 19
39 29 17
42 71 2
61 84 13
0 74 13
19 87 16
60 88 15
51 39 16
16 18 13
35 31 3
34 72 12
37 77 4
9 15 20
69 29 17
46 82 3
7 90 20
39 42 10
41 88 2
32 39 11
16 31 8
35 44 13
2 96 16
53 98 3
37 90 3
9 28 17
50 29 13
27 45 9
30 50 7
62 39 12
29 91 18
64 48 15
83 98 14
96 37 12
99 42 9
57 45 16
15 48 8
18 53 14
59 91 17
27 58 17
11 50 10
1 5 15
87 45 19
4 47 11
64 61 4
3 51 16
22 64 5
38 45 5
98 59 13
91 56 1
75 48 6
94 61 15
24 2 2
10 67 18
87 58 18
45 61 12
86 62 16
3 64 6
22 77 15
80 18 19
98 72 8
82 64 19
40 67 15
12 5 8
88 0 16
93 78 2
65 16 17
49 8 13
67 62 5
70 67 10
58 13 10
89 80 4
42 5 13
61 18 1
0 8 9
5 86 2
79 72 14
63 64 15
21 67 1
95 16 12
40 80 3
53 19 14
72 32 19
88 13 19
74 78 10
93 91 14
32 81 16
68 34 4
26 37 12
67 75 13
70 80 17
9 70 14
47 96 10
0 21 8
41 22 10
60 35 9
5 99 7
44 27 18
81 94 7
34 19 15
53 32 11
37 24 5
56 37 13
74 91 13
13 81 7
16 86 5
90 35 5
7 37 9
48 38 6
9 83 13
50 84 18
69 97 5
41 35 12
60 48 13
2 43 8
62 94 12
36 41 4
96 92 13
13 94 9
99 97 9
71 35 19
29 38 18
48 51 9
6 54 19
85 54 19
84 95 8
43 57 20
78 51 18
17 41 7
10 1 8
29 51 7
31 60 3
66 54 9
1 73 18
17 54 2
91 3 9
58 55 19
77 68 18
61 60 1
80 73 15
52 11 14
10 14 5
12 60 6
31 73 14
3 11 4
89 14 8
47 17 1
5 20 15
79 6 19
65 71 10
21 1 5
42 60 10
80 86 8
32 15 20
95 71 7
67 9 20
12 73 12
72 87 9
70 14 16
56 79 16
28 17 3
88 68 2
5 33 2
46 71 10
65 84 11
63 11 18
39 31 2
42 73 15
0 76 14
60 90 16
13 15 16
34 74 6
53 87 18
27 34 18
46 84 8
30 39 18
62 28 16
7 92 15
48 93 13
20 31 17
39 44 17
4 23 6
23 36 17
76 47 6
34 87 7
37 92 17
8 34 11
71 90 14
84 29 6
23 49 9
64 50 6
96 39 18
55 1 20
25 95 1
99 44 12
38 34 18
15 50 9
59 93 8
17 96 5
50 44 13
8 47 4
52 53 16
43 4 11
22 66 17
80 7 2
38 47 8
79 48 12
98 61 9
82 53 3
75 50 16
24 4 20
65 5 16
10 69 4
68 10 11
45 63 11
3 66 5
89 69 12
77 15 20
80 20 12
79 61 9
98 74 8
82 66 13
95 5 7
72 21 20
75 63 7
88 2 15
74 67 19
93 80 7
46 5 16
65 18 11
68 23 8
86 77 2
70 69 10
42 7 15
0 10 19
19 23 20
63 66 17
40 82 10
56 26 9
14 29 6
13 70 12
46 18 1
49 23 19
70 82 12
9 72 12
28 85 13
0 23 19
41 24 12
60 37 7
44 29 3
2 32 20
56 39 15
55 43 11
13 83 5
99 86 16
71 24 14
29 27 2
48 40 17
6 43 13
50 86 9
69 99 10
41 37 5
25 29 13
44 42 11
85 43 17
62 96 10
59 27 1
78 40 18
36 43 15
48 53 4
6 56 18
92 96 11
50 99 4
22 0 3
25 42 12
66 43 15
85 56 19
43 59 20
59 40 16
78 53 2
10 3 15
73 59 8
24 59 16
43 72 13
82 0 8
40 3 12
77 70 16
61 62 6
80 75 2
33 0 9
52 13 6
10 16 6
54 59 16
86 11 18
70 3 18
89 16 2
88 57 10
46 60 1
65 73 11
82 13 4
68 78 11
26 81 18
58 70 10
61 75 8
0 65 4
74 14 12
93 27 9
32 17 18
35 22 11
95 73 19
67 11 8
12 75 8
53 76 13
56 81 9
14 84 3
5 35 14
68 91 14
62 17 6
42 75 1
83 76 18
60 92 3
32 30 10
44 84 5
76 36 7
95 86 20
53 89 4
92 17 5
97 95 15
9 19 4
50 20 5
69 33 1
30 41 19
90 92 5
62 30 18
7 94 17
20 33 20
23 38 16
83 89 10
96 28 16
44 97 10
16 35 18
57 36 4
76 49 7
34 89 7
69 46 5
8 36 15
27 49 5
71 92 7
84 31 11
45 39 2
55 3 14
22 55 1
66 98 5
99 46 6
38 36 5
98 50 8
15 52 14
59 95 2
75 39 20
11 54 20
52 55 9
84 44 10
43 6 1
87 49 14
64 65 16
3 55 20
22 68 5
80 9 3
38 49 10
98 63 11
82 55 16
73 6 1
91 60 16
75 52 8
94 65 16
67 53 5
70 58 4
3 68 11
77 17 18
89 71 10
80 22 18
79 63 2
63 55 3
21 58 14
95 7 5
56 15 1
33 68 2
74 69 3
65 20 16
10 84 10
51 85 20
49 12 19
68 25 15
7 15 20
67 66 19
26 28 2
86 79 17
89 84 13
42 9 13
83 10 3
19 25 4
60 26 17
5 90 10
63 68 12
81 85 6
34 10 13
53 23 20
39 88 1
37 15 12
56 28 14
32 85 6
49 25 10
90 26 3
35 90 3
7 28 11
92 72 17
9 74 18
28 87 18
25 18 17
2 34 1
20 88 17
37 28 4
97 42 17
13 85 8
71 26 14
16 90 2
50 88 10
41 39 11
25 31 4
85 45 12
43 48 10
78 42 12
17 32 9
36 45 3
38 91 4
29 42 14
73 48 11
6 58 12
22 2 9
66 45 17
85 58 1
43 61 19
84 99 6
1 64 9
73 61 18
86 0 3
47 8 3
66 58 7
98 10 3
65 62 1
82 2 9
68 67 19
40 5 10
58 59 2
42 51 18
80 77 4
33 2 11
74 3 14
93 16 15
10 18 18
67 0 19
12 64 10
31 77 20
72 78 6
88 59 6
47 21 8
65 75 11
63 2 9
49 67 11
68 80 12
21 5 16
40 18 10
81 19 3
26 83 6
7 70 4
42 64 13
61 77 2
74 16 17
19 80 4
60 81 6
32 19 1
16 11 7
95 75 16
56 83 10
28 21 13
69 22 5
46 75 3
5 37 10
7 83 1
81 32 7
83 78 1
96 17 20
41 81 16
16 24 2
35 37 17
76 38 11
34 78 3
53 91 20
92 19 16
9 21 20
50 22 13
8 25 7
30 43 11
90 94 13
29 84 19
48 97 20
4 27 15
23 40 1
96 30 6
25 86 6
99 35 11
38 25 13
76 51 2
50 35 8
8 38 14
94 41 16
27 51 10
30 56 10
71 94 14
84 33 14
29 97 17
87 38 9
4 40 4
45 41 2
64 54 7
57 51 19
98 52 16
15 54 15
59 97 16
18 59 7
75 41 5
84 46 7
10 60 20
86 55 10
80 11 1
19 1 3
79 52 19
98 65 1
82 57 6
33 57 8
65 9 19
49 1 14
68 14 13
67 55 17
86 68 17
58 6 16
89 73 16
47 76 7
19 14 6
21 60 17
14 20 19
74 71 17
32 74 17
51 87 2
7 17 15
67 68 5
9 63 5
0 14 15
5 92 12
44 20 9
62 74 19
95 22 11
34 12 20
53 25 14
97 31 6
13 74 17
48 31 17
6 34 19
83 25 13
28 89 14
69 90 20
41 28 13
27 93 18
60 41 11
44 33 15
2 36 4
4 82 20
78 31 9
23 95 12
97 44 20
36 34 10
99 90 17
16 92 14
92 87 18
8 93 16
85 47 17
2 49 10
84 88 12
1 53 15
87 93 19
59 31 14
55 60 6
38 93 3
64 1 17
85 60 16
24 50 17
1 66 18
59 44 7
17 47 5
77 61 15
61 53 13
80 66 4
52 4 16
93 5 20
73 63 4
31 66 14
3 4 16
24 63 3
40 7 20
26 72 18
77 74 17
80 79 3
33 4 5
19 69 1
93 18 19
51 21 12
54 63 5
95 64 2
53 67 13
56 72 8
28 10 19
88 61 19
65 77 20
68 82 20
21 7 5
62 8 2
26 85 11
42 66 7
60 83 9
51 34 16
35 26 2
95 77 5
34 67 5
53 80 20
72 93 18
9 10 15
69 24 13
14 88 13
5 39 4
46 77 11
49 82 8
90 83 15
39 37 1
23 29 1
83 80 18
96 19 6
41 83 18
44 88 3
34 80 15
97 99 14
50 24 5
69 37 17
27 40 18
11 32 11
30 45 13
48 99 19
87 27 8
23 42 17
76 53 2
18 48 7
78 99 19
17 89 10
91 38 9
8 40 20
27 53 3
30 58 12
71 96 2
84 35 8
29 99 1
87 40 15
1 0 18
45 43 1
64 56 7
38 40 6
15 56 15
59 99 5
31 0 8
91 51 8
75 43 13
94 56 8
52 59 12
68 3 4
86 57 9
3 59 5
89 62 5
77 8 8
80 13 13
98 67 19
63 46 1
82 59 11
12 0 17
33 59 7
65 11 16
10 75 5
68 16 1
7 6 19
89 75 7
28 65 3
61 13 3
5 81 17
21 62 11
95 11 17
40 75 18
81 76 13
53 14 15
88 8 4
74 73 7
93 86 4
32 76 18
51 89 8
49 16 8
90 17 18
35 81 1
26 32 14
67 70 4
83 14 11
47 91 5
0 16 12
41 17 12
60 30 9
5 94 1
2 25 6
21 75 5
62 76 1
81 89 12
53 27 18
20 79 20
56 32 7
23 84 3
55 36 4
71 17 7
16 81 1
48 33 18
6 36 10
9 78 3
50 79 9
69 92 5
27 95 2
25 22 14
44 35 1
62 89 12
78 33 10
23 97 12
97 46 6
55 49 17
16 94 12
57 95 1
29 33 4
48 46 1
92 89 13
6 49 18
8 95 6
80 55 12
73 52 6
31 55 15
75 98 1
66 49 2
98 1 4
1 68 5
17 49 2
58 50 11
80 68 16
93 7 13
10 9 2
72 69 9
88 50 6
47 12 12
79 1 16
5 15 1
65 66 16
40 9 5
26 74 16
61 68 4
74 7 17
93 20 10
51 23 3
35 15 17
95 66 20
12 68 5
53 69 11
56 74 4
5 28 7
46 66 13
65 79 6
49 71 18
68 84 9
21 9 12
7 74 6
81 23 2
41 72 6
60 85 17
44 77 6
32 23 9
16 15 15
95 79 13
92 10 1
56 87 18
50 13 20
69 26 5
62 23 2
96 21 1
13 23 8
44 90 3
16 28 10
76 42 3
92 23 6
37 87 9
78 88 6
50 26 19
69 39 1
36 91 16
8 29 19
11 34 10
71 85 11
30 47 16
29 88 7
64 45 14
22 48 19
99 39 5
18 50 18
8 42 1
94 45 3
52 48 8
87 42 16
80 2 9
38 42 16
98 56 7
82 48 16
15 58 2
18 63 9
91 53 18
94 58 19
33 48 8
10 64 20
45 58 17
47 67 18
19 5 19
79 56 8
82 61 14
40 64 8
12 2 10
53 3 7
72 16 12
33 61 8
46 0 8
65 13 19
49 5 5
68 18 16
7 8 19
86 72 12
70 64 6
89 77 16
42 2 7
28 67 7
47 80 11
19 18 11
60 19 14
5 83 6
53 16 16
72 29 3
32 78 17
49 18 6
35 83 6
9 67 2
69 81 5
60 32 7
5 96 1
25 11 10
44 24 1
2 27 16
62 78 16
81 91 10
34 16 20
39 94 12
37 21 11
78 22 3
23 86 9
97 35 14
14 37 11
96 76 5
55 38 8
13 78 10
99 81 6
71 19 9
29 22 10
48 35 15
92 78 1
6 38 13
8 84 17
41 32 13
27 97 18
85 38 10
2 40 3
62 91 3
4 86 15
23 99 3
36 38 17
55 51 14
96 89 16
99 94 18
71 32 4
57 97 7
29 35 12
50 94 14
91 95 12
24 41 6
84 92 7
87 97 11
59 35 20
4 99 4
77 52 4
38 97 7
54 41 17
24 54 16
98 3 2
68 60 10
1 70 8
58 52 6
77 65 3
42 44 20
80 70 7
19 60 13
93 9 12
10 11 19
86 6 11
89 11 6
28 1 4
88 52 5
47 14 19
65 68 10
26 76 10
58 65 1
61 70 1
0 60 11
74 9 11
93 22 20
60 74 17
35 17 3
95 68 14
34 58 12
67 6 5
9 1 16
28 14 18
88 65 14
46 68 16
49 73 15
62 12 2
81 25 19
26 89 12
20 15 17
39 28 5
23 20 18
96 10 19
0 73 8
60 87 14
13 12 2
32 25 3
16 17 5
76 31 16
9 14 19
27 31 9
71 74 19
30 36 19
90 87 17
20 28 19
39 41 9
96 23 9
41 87 13
99 28 7
44 92 3
76 44 11
15 34 18
18 39 5
92 25 17
78 90 13
69 41 13
36 93 3
8 31 4
27 44 20
11 36 16
71 87 17
4 33 8
45 34 6
64 47 20
25 92 3
38 31 7
57 44 16
98 45 15
59 90 11
18 52 14
17 93 13
91 42 1
75 34 7
8 44 6
52 50 18
84 39 20
87 44 18
54 96 11
45 47 20
3 50 17
22 63 5
98 58 11
82 50 14
31 4 10
75 47 8
94 60 18
33 50 18
52 63 7
93 64 5
10 66 4
67 48 16
86 61 12
3 63 14
47 69 9
19 7 16
79 58 8
82 63 9
56 10 19
33 63 5
74 64 7
46 2 3
65 15 6
68 20 13
67 61 15
86 74 8
70 66 14
89 79 20
42 4 2
9 56 11
28 69 17
41 8 14
60 21 19
5 85 9
44 13 8
21 66 2
39 83 7
37 10 6
97 24 1
14 26 13
74 77 15
32 80 10
51 93 9
90 21 4
48 24 12
6 27 10
9 69 5
83 18 7
69 83 13
41 21 16
27 86 3
25 13 12
30 91 3
2 29 14
62 80 4
20 83 7
23 88 13
36 27 20
55 40 1
96 78 7
13 80 20
99 83 12
71 21 16
16 85 2
76 99 1
92 80 8
8 86 15
25 26 11
66 27 15
85 40 13
2 42 19
20 96 5
59 24 6
4 88 10
55 53 7
99 96 1
91 97 4
8 99 6
85 53 5
24 43 2
43 56 2
84 94 19
87 99 10
59 37 10
73 56 20
12 46 7
31 59 12
65 57 19
68 62 19
40 0 8
0 49 17
51 14 7
95 57 12
70 0 20
89 13 13
28 3 19
47 16 13
5 19 20
65 70 12
49 62 18
68 75 19
7 65 2
26 78 11
39 17 20
0 62 6
19 75 4
93 24 3
13 1 15
32 14 7
51 27 19
16 6 17
35 19 4
53 73 19
37 65 16
9 3 5
28 16 7
69 17 2
14 81 17
5 32 13
46 70 1
90 76 10
81 27 1
20 17 9
83 73 19
96 12 8
25 68 13
99 17 20
32 27 9
2 84 1
76 33 9
34 73 8
37 78 4
9 16 7
55 95 18
27 33 17
90 89 4
29 79 8
48 92 7
6 95 3
23 35 3
96 25 3
44 94 13
57 33 3
2 97 16
15 36 13
18 41 16
78 92 6
8 33 15
94 36 5
27 46 19
11 38 14
30 51 16
29 92 12
3 39 9
66 95 10
38 33 16
24 98 11
15 49 14
17 95 18
94 49 9
87 46 12
1 6 2
54 98 11
45 49 10
3 52 5
77 1 18
22 65 3
79 47 11
40 55 13
72 7 14
75 49 4
93 66 2
51 69 20
70 55 12
89 68 13
47 71 13
79 60 18
53 7 14
14 15 12
74 66 17
32 69 9
49 9 15
7 12 16
9 58 18
83 7 14
0 9 17
41 10 18
44 15 5
62 69 5
34 7 20
39 85 12
97 26 6
55 29 13
13 69 15
71 10 17
16 74 17
35 87 19
48 26 8
6 29 7
92 69 18
83 20 10
41 23 4
25 15 18
62 82 1
20 85 2
39 98 5
78 26 20
23 90 5
97 39 4
55 42 16
99 85 14
71 23 8
57 88 16
15 91 16
18 96 1
92 82 6
6 42 9
69 98 5
8 88 2
25 28 5
43 45 5
84 83 7
1 48 4
4 90 9
17 29 18
36 42 16
96 93 20
99 98 14
38 88 17
31 48 16
91 99 7
75 91 17
66 42 2
24 45 18
84 96 6
43 58 2
1 61 19
17 42 5
58 43 5
10 2 8
54 45 16
73 58 13
12 48 1
47 5 2
5 8 13
49 51 2
68 64 11
26 67 12
42 48 18
19 64 5
93 13 14
32 3 19
51 16 5
35 8 2
95 59 19
72 75 14
88 56 15
65 72 18
21 2 3
7 67 4
39 19 10
60 78 2
51 29 13
35 21 20
95 72 14
34 62 12
92 3 8
56 80 17
28 18 16
69 19 7
27 22 18
71 65 13
90 78 7
96 14 7
25 70 19
57 22 9
2 86 14
76 35 8
34 75 4
92 16 15
97 94 4
50 19 13
69 32 9
71 78 9
30 40 6
29 81 8
20 32 5
6 97 13
23 37 4
64 38 12
22 41 7
96 27 11
25 83 3
99 32 5
44 96 4
85 97 20
2 99 17
76 48 17
15 38 19
18 43 16
78 94 17
91 33 3
52 41 8
29 94 10
45 38 9
3 41 8
22 54 14
38 35 12
98 49 2
82 41 16
59 94 16
17 97 16
94 51 19
33 41 6
52 54 15
45 51 11
86 52 1
77 3 16
89 57 19
80 8 20
47 60 5
72 9 1
75 51 12
10 70 15
68 11 3
26 14 20
86 65 16
70 57 15
19 11 4
60 12 1
21 57 16
81 71 9
53 9 13
37 1 20
93 81 4
46 6 5
51 84 14
49 11 18
35 76 11
7 14 1
48 15 10
28 73 19
69 74 6
41 12 8
25 4 2
81 84 12
20 74 14
39 87 10
78 15 19
96 69 4
99 74 9
90 25 12
35 89 8
9 73 12
50 74 15
69 87 6
41 25 10
85 31 4
30 95 6
2 33 11
62 84 4
20 87 19
4 79 14
23 92 10
64 93 7
17 18 10
36 31 4
29 28 5
15 93 8
73 34 3
6 44 11
92 84 13
50 87 16
24 34 11
1 50 1
59 28 20
45 93 19
17 31 9
3 96 5
38 90 1
54 34 6
31 50 11
22 1 1
24 47 19
1 63 20
77 58 10
42 37 12
80 63 15
52 1 2
51 5 15
31 63 7
72 64 18
89 4 1
47 7 6
5 10 19
65 61 2
82 1 20
40 4 7
74 2 3
32 5 10
51 18 18
70 4 20
56 69 19
28 7 8
47 20 3
14 72 1
88 58 10
46 61 6
21 4 8
62 5 1
81 18 5
20 8 11
39 21 10
23 13 15
83 64 13
0 66 3
41 67 6
60 80 12
44 72 7
16 10 4
53 77 2
92 5 1
37 69 14
56 82 3
50 8 11
69 21 3
14 85 2
30 29 19
90 80 1
62 18 20
7 82 19
6 86 3
41 80 9
25 72 7
16 23 16
15 27 8
92 18 16
78 83 18
97 96 6
50 21 8
69 34 19
55 99 8
11 29 16
30 42 9
84 19 18
64 40 10
96 29 6
25 85 20
66 86 20
57 37 20
15 40 20
78 96 4
91 35 18
36 99 9
75 27 13
11 42 12
45 40 11
38 37 8
98 51 8
82 43 12
40 46 10
75 40 7
93 57 14
10 59 11
26 3 12
86 54 14
70 46 3
3 56 2
89 59 15
79 51 4
5 65 18
63 43 10
82 56 18
40 59 7
56 3 16
65 8 15
49 0 9
68 13 10
70 59 1
63 56 2
21 59 12
62 60 3
81 73 8
53 11 17
37 3 12
90 14 10
9 62 9
83 11 7
60 27 6
30 84 20
2 22 2
39 89 6
97 30 8
14 32 16
96 71 15
76 92 17
29 17 17
92 73 12
50 76 9
8 79 17
11 84 3
2 35 11
43 36 6
87 79 14
59 17 1
78 30 12
64 95 11
17 20 3
36 33 17
96 84 10
57 92 19
29 30 2
73 36 19
6 46 5
8 92 7
94 95 11
66 33 18
52 98 17
85 46 2
24 36 8
84 87 1
87 92 18
1 52 20
59 30 17
17 33 8
3 98 17
77 47 10
79 93 11
54 36 7
12 39 6
75 95 4
24 49 7
65 50 13
1 65 15
58 47 19
77 60 8
42 39 15
61 52 3
80 65 5
63 98 5
51 7 9
10 6 17
95 50 14
31 65 13
72 66 6
89 6 10
5 12 5
46 50 6
65 63 11
40 6 10
81 7 12
26 71 8
39 10 14
42 52 2
19 68 4
60 69 11
32 7 11
51 20 1
67 1 19
53 66 5
70 6 4
37 58 6
28 9 6
69 10 1
14 74 3
46 63 11
5 25 11
49 68 2
90 69 7
62 7 15
20 10 6
83 66 18
96 5 10
41 69 19
99 10 5
76 26 8
34 66 4
53 79 18
50 10 12
69 23 9
14 87 18
8 13 5
27 26 11
11 18 14
71 69 9
4 15 19
23 28 5
96 18 16
25 74 10
99 23 8
85 88 11
38 13 16
2 90 12
76 39 15
15 29 19
92 20 17
59 72 10
97 98 11
91 24 10
36 88 18
8 26 9
27 39 3
11 31 5
71 82 12
84 21 6
48 98 18
64 42 19
22 45 8
25 87 15
57 39 12
98 40 11
18 47 13
78 98 16
94 42 10
52 45 4
84 34 8
87 39 19
54 91 8
45 42 9
86 43 11
89 48 1
22 58 18
98 53 18
33 45 9
51 62 17
67 43 9
26 5 5
47 64 17
19 2 11
63 45 11
82 58 17
40 61 13
53 0 12
56 5 16
14 8 7
74 59 16
32 62 4
51 75 4
49 2 10
90 3 12
70 61 5
9 51 10
83 0 10
41 3 17
60 16 7
5 80 19
44 8 3
97 19 5
14 21 8
76 81 12
6 22 9
92 62 17
50 65 12
69 78 3
30 86 3
59 6 4
78 19 19
23 83 11
97 32 6
36 22 4
55 35 19
96 73 5
71 16 17
16 80 3
57 81 20
76 94 5
15 84 10
48 32 4
50 78 5
66 22 15
11 86 12
30 99 4
87 81 1
36 35 10
55 48 20
99 91 7
38 81 11
57 94 17
31 41 1
94 97 5
66 35 17
24 38 11
84 89 8
1 54 10
45 97 17
17 35 16
77 49 6
61 41 3
80 54 5
38 94 2
79 95 11
12 41 2
31 54 14
24 51 18
65 52 3
67 98 14
26 60 6
58 49 12
77 62 3
42 41 2
61 54 6
80 67 7
0 44 4
93 6 17
51 9 20
35 1 12
95 52 12
12 54 8
53 55 10
56 60 3
88 49 14
49 57 9
26 73 2
39 12 12
0 57 4
19 70 2
51 22 16
16 1 15
35 14 10
95 65 16
72 81 5
37 60 19
56 73 10
28 11 2
49 70 7
62 9 5
7 73 15
48 74 4
81 22 5
39 25 4
25 63 7
13 9 16
44 76 4
2 79 6
76 28 19
92 9 20
37 73 3
78 74 4
97 87 5
69 25 15
14 89 11
55 90 12
27 28 4
90 84 3
84 10 1
48 87 14
87 15 13
64 31 4
22 34 18
41 84 6
96 20 20
44 89 16
38 15 12
57 28 12
2 92 7
43 93 9
76 41 1
15 31 18
18 36 9
59 74 14
50 25 20
36 90 12
8 28 12
94 31 12
71 84 20
73 93 13
45 31 19
64 44 19
66 90 10
79 29 6
98 42 16
82 34 1
18 49 7
91 39 14
75 31 3
94 44 4
10 50 17
54 93 10
45 44 12
86 45 6
12 96 5
98 55 9
82 47 19
21 37 2
40 50 13
75 44 14
10 63 13
51 64 16
68 4 3
26 7 6
67 45 17
86 58 13
89 63 16
47 66 11
60 5 5
5 69 19
40 63 9
53 2 9
72 15 8
56 7 19
74 61 9
13 51 12
32 64 5
51 77 2
16 56 3
35 69 20
70 63 9
9 53 6
83 2 7
28 66 5
5 82 4
2 13 14
62 64 19
81 77 1
34 2 12
20 67 6
39 80 7
56 20 19
55 24 8
96 62 9
13 64 6
99 67 1
32 77 9
71 5 15
16 69 15
90 18 3
48 21 11
92 64 17
69 80 1
41 18 13
25 10 14
44 23 1
30 88 7
59 8 4
4 72 13
78 21 12
97 34 2
55 37 5
96 75 4
99 80 4
71 18 8
38 70 11
57 83 8
76 96 14
15 86 3
6 37 15
91 81 13
8 83 18
94 86 14
85 37 10
24 27 18
43 40 16
1 43 19
59 21 8
45 86 9
17 24 1
80 43 2
57 96 2
54 27 14
73 40 2
75 86 15
94 99 8
66 37 19
43 53 4
1 56 5
87 96 11
45 99 4
17 37 16
58 38 11
80 56 15
19 46 10
79 97 12
73 53 6
5 3 11
68 59 2
26 62 17
53 57 14
72 70 16
28 0 1
88 51 13
47 13 14
46 54 5
68 72 8
7 62 11
81 11 8
26 75 7
39 14 1
42 56 2
74 8 11
41 60 19
32 11 15
35 16 1
76 17 11
34 57 2
56 75 20
97 76 1
9 0 17
69 14 17
14 78 15
30 22 17
7 75 8
39 27 3
83 70 6
96 9 16
25 65 1
44 78 2
2 81 16
76 30 11
15 20 1
34 70 12
78 76 2
8 17 14
27 30 3
30 35 5
84 12 3
29 76 1
45 20 5
25 78 18
66 79 9
85 92 13
38 17 10
2 94 2
98 31 14
43 95 11
1 98 14
17 79 7
36 92 14
8 30 9
84 25 3
73 95 16
3 36 13
38 30 4
40 39 7
17 92 16
91 41 3
58 93 16
75 33 2
94 46 13
52 49 16
10 52 16
67 34 13
12 98 17
70 39 15
3 49 2
89 52 5
79 44 4
82 49 11
21 39 18
32 53 11
51 66 16
68 6 7
67 47 1
86 60 15
89 65 10
60 7 4
5 71 17
63 49 19
21 52 20
95 1 4
81 66 16
53 4 12
39 69 4
56 9 14
74 63 3
13 53 12
16 58 7
35 71 10
7 9 16
9 55 5
28 68 9
2 15 20
62 66 18
20 69 19
96 64 15
55 26 15
29 10 20
50 69 7
69 82 20
25 12 7
11 77 3
30 90 8
2 28 4
84 67 16
43 29 19
20 82 17
59 10 3
4 74 8
78 23 13
17 13 12
36 26 11
55 39 12
96 77 16
99 82 16
38 72 15
73 29 1
18 93 10
6 39 16
50 82 6
91 83 13
66 26 18
85 39 1
84 80 10
1 45 17
59 23 18
17 26 3
36 39 17
77 40 6
3 91 15
38 85 12
73 42 18
31 45 13
75 88 15
65 43 16
58 40 20
42 32 15
61 45 4
80 58 2
19 48 18
51 0 19
54 42 20
12 45 17
31 58 6
72 59 10
88 40 15
65 56 20
49 48 19
68 61 11
81 0 20
26 64 16
58 53 11
42 45 20
61 58 3
0 48 6
19 61 4
93 10 6
34 46 8
53 59 4
37 51 18
56 64 3
69 3 9
90 62 13
62 0 1
7 64 10
81 13 4
39 16 15
23 8 19
0 61 5
41 62 18
60 75 19
13 0 13
99 3 15
44 67 6
32 13 16
2 70 11
76 19 12
53 72 8
9 2 8
14 80 9
30 24 15
90 75 15
48 78 18
6 81 3
23 21 4
64 22 10
96 11 2
41 75 9
99 16 18
85 81 13
57 19 10
76 32 10
59 65 2
36 81 9
8 19 17
94 22 14
11 24 10
30 37 13
71 75 8
84 14 17
29 78 2
48 91 14
87 19 19
6 94 10
4 21 1
45 22 1
64 35 7
85 94 7
24 84 14
98 33 18
43 97 3
15 35 5
59 78 11
17 81 19
75 22 17
52 38 13
45 35 8
22 51 13
79 33 1
82 38 16
58 95 12
75 35 9
33 38 20
67 36 18
86 49 5
70 41 15
89 54 8
88 95 16
47 57 4
46 98 5
79 46 7
82 51 11
72 6 19
74 52 15
93 65 11
51 68 4
68 8 8
67 49 2
70 54 19
28 57 19
47 70 16
21 54 2
53 6 19
39 71 8
97 12 17
90 9 8
6 15 12
50 58 20
69 71 6
60 22 4
25 1 17
2 17 14
62 68 1
20 71 20
37 11 19
23 76 4
36 15 1
96 66 13
16 73 19
57 74 14
92 68 11
69 84 4
27 87 19
66 15 20
85 28 9
2 30 1
43 31 20
1 34 4
87 74 12
59 12 11
78 25 7
64 90 13
22 93 20
55 41 19
99 84 20
29 25 18
18 95 16
31 34 11
91 85 15
8 87 13
11 92 6
85 41 15
1 47 15
59 25 9
45 90 3
17 28 11
58 29 17
3 93 20
77 42 20
61 34 11
82 93 2
73 44 3
12 34 19
91 98 15
88 29 13
33 93 5
24 44 5
68 50 10
26 53 20
58 42 10
42 34 9
80 60 16
0 37 10
63 93 11
51 2 17
54 44 11
21 96 14
72 61 9
56 53 16
46 45 7
65 58 8
7 53 7
81 2 15
42 47 6
60 64 20
95 58 5
34 48 9
37 53 7
69 5 13
14 69 2
46 58 11
7 66 13
81 15 2
48 67 2
83 61 2
41 64 14
60 77 9
25 56 11
13 2 1
44 69 1
16 7 11
57 8 5
2 72 16
76 21 11
34 61 3
92 2 11
37 66 11
78 67 2
69 18 8
14 82 7
55 83 3
27 21 11
11 13 9
30 26 6
84 3 3
29 67 17
4 10 9
41 77 6
99 18 9
57 21 12
2 85 2
17 70 7
55 96 15
94 24 7
29 80 5
45 24 9
64 37 20
85 96 10
38 21 12
24 86 16
98 35 5
43 99 3
82 27 11
18 42 11
91 32 4
36 96 8
77 97 2
75 24 13
94 37 19
86 38 20
3 40 15
89 43 2
22 53 20
40 43 9
58 97 12
75 37 13
42 89 6
33 40 4
51 57 15
54 99 5
67 38 9
70 43 2
63 40 16
40 56 16
81 57 12
74 54 5
32 57 19
67 51 9
28 59 1
60 11 3
62 57 20
81 70 20
20 60 18
56 13 6
14 16 20
55 17 8
32 70 16
29 1 4
92 57 11
6 17 15
9 59 7
69 73 17
41 11 6
44 16 6
85 17 7
2 19 5
62 70 4
59 1 2
78 14 1
97 27 8
96 68 15
99 73 11
16 75 10
48 27 14
92 70 12
18 84 3
69 86 14
27 89 6
66 17 12
11 81 4
85 30 11
24 20 15
43 33 15
84 71 20
87 76 2
59 14 7
4 78 4
78 27 13
36 30 20
77 31 14
15 92 13
54 20 15
11 94 10
52 95 11
1 49 15
87 89 7
45 92 15
3 95 19
77 44 17
19 39 8
54 33 3
40 98 14
12 36 15
72 50 17
88 31 17
65 47 14
26 55 13
67 93 16
70 98 20
42 36 17
0 39 9
19 52 18
63 95 20
21 98 11
95 47 18
47 6 18
46 47 10
5 9 14
68 65 12
81 4 2
26 68 4
39 7 14
0 52 12
74 1 18
32 4 5
95 60 6
53 63 15
56 68 20
97 69 2
69 7 16
14 71 7
62 4 19
48 69 13
6 72 14
39 20 11
41 66 1
13 4 12
34 63 10
37 68 16
78 69 3
50 7 17
69 20 4
27 23 15
11 15 19
30 28 7
71 66 13
90 79 17
48 82 17
4 12 20
22 29 8
96 15 1
25 71 7
99 20 8
66 72 18
57 23 17
2 87 12
43 88 13
59 69 19
78 82 7
17 72 7
55 98 20
75 13 9
8 23 14
11 28 8
52 29 4
84 18 16
29 82 9
87 23 10
73 88 12
64 39 4
31 91 15
82 29 2
59 82 20
17 85 9
58 86 15
77 99 14
75 26 16
52 42 3
54 88 14
86 40 9
79 37 11
63 29 4
82 42 5
21 32 11
40 45 18
42 91 2
33 42 12
0 94 15
67 40 17
28 48 17
88 99 17
5 64 9
63 42 2
21 45 11
81 59 17
39 62 17
56 2 9
14 5 1
32 59 9
51 72 3
7 2 4
48 3 6
28 61 11
69 62 19
41 0 13
44 5 11
62 59 19
20 62 19
39 75 7
37 2 3
78 3 2
97 16 10
55 19 2
99 62 4
32 72 6
71 0 19
90 13 13
76 78 15
29 3 17
92 59 7
9 61 7
50 62 8
69 75 18
41 13 9
8 65 7
27 78 5
11 70 19
44 18 15
30 83 3
2 21 13
20 75 5
59 3 20
97 29 9
17 6 12
96 70 15
55 32 11
99 75 20
71 13 8
29 16 3
15 81 5
18 86 19
8 78 11
94 81 17
27 91 12
11 83 5
30 96 3
24 22 11
43 35 10
84 73 20
87 78 19
1 38 8
3 84 17
22 97 5
18 99 13
12 25 13
52 97 16
24 35 4
65 36 1
68 41 11
1 51 16
45 94 3
86 95 17
58 33 10
61 38 3
80 51 17
19 41 14
63 84 13
54 35 19
31 51 15
33 97 11
46 36 3
65 49 12
68 54 15
26 57 20
42 38 9
19 54 14
51 6 15
53 52 11
72 65 14
37 44 16
56 57 12
88 46 2
14 60 4
46 49 15
90 55 1
39 9 6
83 52 11
41 55 20
44 60 7
32 6 13
34 52 3
56 70 12
97 71 1
27 12 18
90 68 2
62 6 19
29 58 6
48 71 12
20 9 20
6 74 13
39 22 11
23 14 13
83 65 1
96 4 18
25 60 19
85 74 18
57 12 12
92 6 15
59 58 15
97 84 20
50 9 5
91 10 18
36 74 5
55 87 6
8 12 12
27 25 13
11 17 5
48 84 2
6 87 14
4 14 8
45 15 7
25 73 14
85 87 16
38 12 3
24 77 2
1 93 9
18 33 8
36 87 8
77 88 20
75 15 6
10 34 4
84 20 9
87 25 20
73 90 20
45 28 1
64 41 4
31 93 7
79 26 17
24 90 12
17 87 7
75 28 4
33 31 5
93 45 13
54 90 2
86 42 3
70 34 7
3 44 2
5 53 3
79 39 9
46 91 19
49 96 11
40 47 4
0 96 8
74 45 18
93 58 14
51 61 5
26 4 5
67 42 7
70 47 14
89 60 12
28 50 3
47 63 10
21 47 13
39 64 8
97 5 12
14 7 1
16 53 9
90 2 3
6 8 3
9 50 9
28 63 1
69 64 4
60 15 12
44 7 13
30 72 13
62 61 18
20 64 3
39 77 5
4 56 17
36 8 7
96 59 13
13 61 18
99 64 5
57 67 19
76 80 1
48 18 14
92 61 13
8 67 13
25 7 12
11 72 9
2 23 15
43 24 19
1 27 19
20 77 15
87 67 18
59 5 17
4 69 9
78 18 8
23 82 11
64 83 5
17 8 6
96 72 1
55 34 18
38 67 15
57 80 12
76 93 3
73 24 10
18 88 12
31 27 5
50 77 9
91 78 9
8 80 11
66 21 18
85 34 11
84 75 14
43 37 12
1 40 17
87 80 2
59 18 1
45 83 9
58 22 17
80 40 17
38 80 6
79 81 19
98 94 13
73 37 6
75 83 13
88 22 10
33 86 13
52 99 12
45 96 19
58 35 8
3 99 2
42 27 2
80 53 1
0 30 7
54 37 18
95 38 9
12 40 20
53 41 11
56 46 8
75 96 6
7 46 3
26 59 4
67 97 12
42 40 19
0 43 16
19 56 5
60 57 9
63 99 20
34 41 15
53 54 9
14 62 10
46 51 10
5 13 20
90 57 15
7 59 11
81 8 19
48 60 11
83 54 8
60 70 4
25 49 7
44 62 15
16 0 3
35 13 11
37 59 2
78 60 16
97 73 16
69 11 5
30 19 4
29 60 16
48 73 3
6 76 11
4 3 5
96 6 11
41 70 13
25 62 19
2 78 2
18 22 13
78 73 1
50 11 11
91 12 6
36 76 20
8 14 11
94 17 5
71 70 8
87 14 2
73 79 9
45 17 20
64 30 13
3 20 2
22 33 2
57 27 4
24 79 13
59 73 2
18 35 11
77 90 9
94 30 2
73 92 16
45 30 17
89 36 20
22 46 3
66 89 11
98 41 6
58 90 7
93 47 8
10 49 18
54 92 1
95 93 14
67 31 3
70 36 5
89 49 15
28 39 10
47 52 6
88 90 12
46 93 1
5 55 4
49 98 4
21 36 8
81 50 20
72 1 14
0 98 8
74 47 7
32 50 18
51 63 9
35 55 15
70 49 4
9 39 12
28 52 9
47 65 11
5 68 8
21 49 15
62 50 1
81 63 4
39 66 7
56 6 4
97 7 19
14 9 18
32 63 7
16 55 3
90 4 3
35 68 17
6 10 18
92 50 12
9 52 10
50 53 6
83 1 19
69 66 10
41 4 8
27 69 9
44 9 12
2 12 6
39 79 18
4 58 4
78 7 11
23 71 2
97 20 15
36 10 15
99 66 13
71 4 5
16 68 7
48 20 6
15 72 17
18 77 20
69 79 3
25 9 5
11 74 16
85 23 9
24 13 5
84 64 8
1 29 6
59 7 19
4 71 12
45 72 9
64 85 3
17 10 19
22 88 17
57 82 17
98 83 15
15 85 7
54 13 12
73 26 5
18 90 7
75 72 14
8 82 9
11 87 14
52 88 7
24 26 7
87 82 18
64 98 3
58 24 4
77 37 20
19 32 4
38 82 17
98 96 15
82 88 20
73 39 18
40 91 1
72 43 1
91 93 4
94 98 19
88 24 1
33 88 8
26 48 19
58 37 14
70 91 20
42 29 3
61 42 7
0 32 13
19 45 6
63 88 15
95 40 14
72 56 8
56 48 20
49 45 19
26 61 8
39 0 6
9 94 5
83 43 7
0 45 7
60 59 13
35 2 7
56 61 14
97 62 16
27 3 18
48 62 5
81 10 8
20 0 13
23 5 4
83 56 10
41 59 6
60 72 20
78 62 14
69 13 2
14 77 15
55 78 20
11 8 17
87 3 17
20 13 6
6 78 10
23 18 13
64 19 11
96 8 17
66 65 3
85 78 7
59 62 13
91 14 10
36 78 10
8 16 11
94 19 7
11 21 5
52 22 17
29 75 19
87 16 17
73 81 8
6 91 3
22 35 16
66 78 11
85 91 16
38 16 17
79 17 5
43 94 19
82 22 3
15 32 2
59 75 14
17 78 6
77 92 6
75 19 10
94 32 2
33 22 2
52 35 2
10 38 16
12 84 8
86 33 5
45 32 8
89 38 17
79 30 11
82 35 8
40 38 1
42 84 19
93 49 18
67 33 6
86 46 20
70 38 15
89 51 2
28 41 12
88 92 7
47 54 17
46 95 4
5 57 16
63 35 8
21 38 16
40 51 10
72 3 10
93 62 10
13 39 19
16 44 9
35 57 2
70 51 16
9 41 16
69 55 12
60 6 6
5 70 7
62 52 10
20 55 11
23 60 13
96 50 9
55 12 12
99 55 13
48 9 12
6 12 11
9 54 9
50 55 8
69 68 7
30 76 15
43 15 9
4 60 5
97 22 11
36 12 1
96 63 20
99 68 12
38 58 2
71 6 15
57 71 16
76 84 3
73 15 7
18 79 5
92 65 17
6 25 17
91 69 13
8 71 15
94 74 17
27 84 8
66 12 10
11 76 7
84 66 9
59 9 11
64 87 14
17 12 17
36 25 13
77 26 7
22 90 7
98 85 15
15 87 8
18 92 20
91 82 6
94 87 16
24 28 14
65 29 9
84 79 2
10 93 7
87 84 6
1 44 5
58 26 17
77 39 14
61 31 14
79 85 4
82 90 2
54 28 3
12 31 5
88 26 9
46 29 9
65 42 14
49 34 19
68 47 7
67 88 15
70 93 2
58 39 18
42 31 3
61 44 17
0 34 13
19 47 15
53 45 13
72 58 10
56 50 1
47 1 8
14 53 18
88 39 15
5 4 7
39 2 6
83 45 3
53 58 2
37 50 19
27 5 5
30 10 4
90 61 2
48 64 5
6 67 2
23 7 17
25 53 20
44 66 14
16 4 8
57 5 2
76 18 19
18 13 11
97 77 5
36 67 5
55 80 20
27 18 9
84 0 19
29 64 9
87 5 6
64 21 9
25 66 9
57 18 12
98 19 6
2 82 4
18 26 4
78 77 19
17 67 15
91 16 20
94 21 15
11 23 20
52 24 6
73 83 5
45 21 12
64 34 10
31 86 17
3 24 7
66 80 4
82 24 6
1 99 19
40 27 6
91 29 8
58 81 20
94 34 15
61 86 1
33 24 12
52 37 5
93 38 1
10 40 10
54 83 16
12 86 9
70 27 11
88 81 7
65 97 2
21 27 6
42 86 3
61 99 2
0 89 14
74 38 19
93 51 14
32 41 3
35 46 12
47 56 14
88 94 15
46 97 13
21 40 8
62 41 19
39 57 9
32 54 5
9 43 12
69 57 5
27 60 20
30 65 8
2 3 6
81 67 11
4 49 13
96 52 11
13 54 11
16 59 4
57 60 5
76 73 11
92 54 10
6 14 3
50 57 17
69 70 11
66 1 10
11 65 4
85 14 9
30 78 7
4 62 18
78 11 8
23 75 3
64 76 10
17 1 15
36 14 5
55 27 10
96 65 13
99 70 8
57 73 15
91 71 16
8 73 18
94 76 16
11 78 19
24 17 14
84 68 9
87 73 16
1 33 19
45 76 11
64 89 9
17 14 17
58 15 9
3 79 14
22 92 2
61 20 7
79 74 11
98 87 11
82 79 14
15 89 5
18 94 19
31 33 12
91 84 4
75 76 20
94 89 4
52 92 4
24 30 1
68 36 11
1 46 6
45 89 10
86 90 16
3 92 19
89 95 14
77 41 12
42 20 5
80 46 18
19 36 15
79 87 17
54 30 12
21 82 8
40 95 14
12 33 10
88 28 1
74 93 10
46 31 15
68 49 6
83 34 9
0 36 16
19 49 11
60 50 17
72 60 16
37 39 5
5 6 15
46 44 11
39 4 7
9 98 20
83 47 14
32 1 7
44 55 16
2 58 3
76 7 3
34 47 5
37 52 14
56 65 12
69 4 20
14 68 15
55 69 4
27 7 10
6 69 3
23 9 3
64 10 11
41 63 20
25 55 10
99 4 16
85 69 5
2 71 2
92 1 6
50 4 17
55 82 15
8 7 4
94 10 17
11 12 17
30 25 13
48 79 12
66 69 9
38 7 16
98 21 17
43 85 11
18 28 17
91 18 13
36 82 6
77 83 15
75 10 5
33 13 4
84 15 6
10 29 15
87 20 8
54 72 1
45 23 13
86 24 20
31 88 3
79 21 2
24 85 5
98 34 17
17 82 18
61 88 19
19 91 4
93 40 3
73 98 7
67 24 9
12 88 15
86 37 2
70 29 7
88 83 11
5 48 10
46 86 6
49 91 18
40 42 14
81 43 20
0 91 19
32 43 20
95 99 18
67 37 10
9 32 7
28 45 14
5 61 18
81 56 11
39 59 12
97 0 15
14 2 8
74 53 15
13 43 15
16 48 5
35 61 20
48 0 14
6 3 17
92 43 20
50 46 7
27 62 6
44 2 17
85 3 5
2 5 19
62 56 12
20 59 10
39 72 9
78 0 19
23 64 18
36 3 3
13 56 15
99 59 3
16 61 17
57 62 9
48 13 11
6 16 6
92 56 12
50 59 1
27 75 13
25 2 19
66 3 18
11 67 1
30 80 1
1 22 18
87 62 18
59 0 2
45 65 7
64 78 20
22 81 20
99 72 14
38 62 17
57 75 4
15 78 19
54 6 1
73 19 2
31 22 18
8 75 2
66 16 15
11 80 15
52 81 13
24 19 18
84 70 11
45 78 19
17 16 6
58 17 12
61 22 11
79 76 4
98 89 3
82 81 4
73 32 12
40 84 16
12 22 6
75 78 11
88 17 17
52 94 10
93 95 4
10 97 12
26 41 12
58 30 1
89 97 7
42 22 6
61 35 4
79 89 17
95 33 17
40 97 4
53 36 9
72 49 1
56 41 7
88 30 20
33 94 14
46 33 9
32 98 1
49 38 15
67 92 17
9 87 11
83 36 20
0 38 18
51 3 16
21 97 10
53 49 14
72 62 17
56 54 2
13 98 2
7 54 1
92 98 10
39 6 14
34 49 14
97 68 14
69 6 8
27 9 1
29 55 8
48 68 13
20 6 18
23 11 13
64 12 14
41 65 19
25 57 20
44 70 7
76 22 7
15 12 19
59 55 10
78 68 1
97 81 19
17 58 15
91 7 9
50 6 3
84 4 8
29 68 19
73 74 20
64 25 19
38 9 8
79 10 19
98 23 7
15 25 11
1 90 3
59 68 4
18 30 2
75 12 3
80 90 13
52 28 4
54 74 16
12 77 6
31 90 13
47 34 12
66 84 15
68 93 17
40 31 17
77 98 6
75 25 20
61 90 7
33 28 13
74 29 17
19 93 19
10 44 13
51 45 14
67 26 17
86 39 15
28 34 1
88 85 13
5 50 14
46 88 16
40 44 10
81 45 4
39 48 5
58 98 8
42 90 6
0 93 17
74 42 16
13 32 20
32 45 13
51 58 12
35 50 14
26 1 3
67 39 11
37 96 2
9 34 11
69 48 10
88 98 9
62 45 17
81 58 6
20 48 10
23 53 2
97 2 13
96 43 17
13 45 14
32 58 14
35 63 7
76 64 2
50 48 11
69 61 12
8 51 7
27 64 1
11 56 14
85 5 9
30 69 6
20 61 3
78 2 13
96 56 14
38 51 4
76 77 16
15 67 14
18 72 5
92 58 12
6 18 10
91 62 13
8 64 6
94 67 5
66 5 1
11 69 16
85 18 12
30 82 17
43 21 3
87 64 11
1 24 1
80 24 19
38 64 3
57 77 13
54 8 20
73 21 12
18 85 5
31 24 2
75 67 20
52 83 10
84 72 15
86 81 15
58 19 2
77 32 15
22 96 17
80 37 18
79 78 12
63 70 1
12 24 9
31 37 4
88 19 3
52 96 4
93 97 4
46 22 9
65 35 6
49 27 16
70 86 18
58 32 14
42 24 1
63 83 20
82 96 10
21 86 3
40 99 17
12 37 4
53 38 16
14 46 10
46 35 8
68 53 17
70 99 12
0 40 1
34 38 15
14 59 14
30 3 20
7 56 3
48 57 8
6 60 18
41 54 16
60 67 7
25 46 11
44 59 13
34 51 2
78 57 3
97 70 17
69 8 7
55 73 10
27 11 14
30 16 9
90 67 18
48 70 16
45 1 8
96 3 12
22 17 9
99 8 3
85 73 4
57 11 15
43 76 4
15 14 13
18 19 8
78 70 2
91 9 3
36 73 13
75 1 8
94 14 19
84 6 7
64 27 9
31 79 3
3 17 7
22 30 2
43 89 18
59 70 11
17 73 2
91 22 8
77 87 19
75 14 15
61 79 1
94 27 10
80 92 9
33 17 1
52 30 20
73 89 20
67 15 7
12 79 16
86 28 2
31 92 15
70 20 2
89 33 2
47 36 14
24 89 10
65 90 3
63 17 14
68 95 6
40 33 2
26 98 15
61 92 9
33 30 4
0 82 1
19 95 13
32 34 8
51 47 8
35 39 5
12 92 19
86 41 9
89 46 18
9 23 16
47 49 10
7 98 11
39 50 7
83 93 11
74 44 6
32 47 9
16 39 19
92 34 17
9 36 5
69 50 14
62 47 15
39 63 13
14 6 14
13 47 8
16 52 1
76 66 17
48 4 1
92 47 13
8 53 11
11 58 10
85 7 1
84 48 18
43 10 8
20 63 12
4 55 14
78 4 3
97 17 14
96 58 13
55 20 8
99 63 14
38 53 12
57 66 10
76 79 17
15 69 6
6 20 8
18 74 17
50 63 19
91 64 18
94 69 3
66 7 13
43 23 16
59 4 4
45 69 8
64 82 17
36 20 11
22 85 1
98 80 6
82 72 17
73 23 7
31 26 15
75 69 19
94 82 20
52 85 16
24 23 1
65 24 15
68 29 9
45 82 6
86 83 7
61 26 2
82 85 17
54 23 20
72 40 9
65 37 18
49 29 13
7 32 1
26 45 7
67 83 15
86 96 17
58 34 19
61 39 5
28 91 15
19 42 2
60 43 18
95 37 14
72 53 14
56 45 5
14 48 20
74 99 19
49 42 5
26 58 9
9 91 3
0 42 6
60 56 8
44 48 15
2 51 8
76 0 11
34 40 2
97 59 10
55 62 14
71 43 9
29 46 10
48 59 12
83 53 11
41 56 9
85 62 9
57 0 17
2 64 18
59 46 20
78 59 11
36 62 17
55 75 3
27 13 12
71 56 8
87 0 5
4 2 13
3 6 1
38 0 17
24 65 10
98 14 19
43 78 13
15 16 18
78 72 16
17 62 1
36 75 8
75 3 4
80 81 3
52 19 20
87 13 6
54 65 20
73 78 10
89 22 17
79 14 5
63 6 13
82 19 18
1 94 1
58 76 19
75 16 14
61 81 9
80 94 15
52 32 5
93 33 11
12 81 11
31 94 9
72 95 4
47 38 20
5 41 5
46 79 4
65 92 3
49 84 7
82 32 5
61 94 9
74 33 9
32 36 15
51 49 16
95 92 5
67 30 1
12 94 6
53 95 20
70 35 15
9 25 19
28 38 15
5 54 8
49 97 10
21 35 18
62 36 17
81 49 14
39 52 8
42 94 11
0 97 1
13 36 8
32 49 14
27 55 9
30 60 19
62 49 14
20 52 8
4 44 14
97 6 16
99 52 7
16 54 13
48 6 18
6 9 9
50 52 13
69 65 13
85 9 20
30 73 3
2 11 4
84 50 11
43 12 1
87 55 20
1 15 7
4 57 14
64 71 14
36 9 5
38 55 11
73 12 3
18 76 15
91 66 5
75 58 13
8 68 19
94 71 16
11 73 18
85 22 3
84 63 5
87 68 19
45 71 20
64 84 4
17 9 12
58 10 9
38 68 1
73 25 20
18 89 12
12 15 3
31 28 17
94 84 9
52 87 8
24 25 20
65 26 15
10 90 7
58 23 11
42 15 14
61 28 1
80 41 20
63 74 7
21 77 4
12 28 4
53 29 8
56 34 14
88 23 9
33 87 2
74 88 8
65 39 1
49 31 3
68 44 20
26 47 4
86 98 6
83 29 14
28 93 2
19 44 1
60 45 12
21 90 14
95 39 1
34 29 4
53 42 13
37 34 4
56 47 19
14 50 16
13 91 3
46 39 10
49 44 1
92 91 2
9 93 6
83 42 6
60 58 8
44 50 17
2 53 14
76 2 5
34 42 14
14 63 5
55 64 19
27 2 15
71 45 10
23 4 5
64 5 4
25 50 7
44 63 7
85 64 4
57 2 4
43 67 20
59 48 2
18 10 15
97 74 3
17 51 3
36 64 20
55 77 12
8 2 11
52 8 2
29 61 6
87 2 1
6 77 10
45 5 2
64 18 9
22 21 16
66 64 14
38 2 5
24 67 9
43 80 15
82 8 11
59 61 12
17 64 1
36 77 12
75 5 9
94 18 4
52 21 4
54 67 2
45 18 7
86 19 3
31 83 20
3 21 14
66 77 19
79 16 19
24 80 9
98 29 10
65 81 4
21 11 16
75 18 8
42 70 11
80 96 20
74 22 9
19 86 1
93 35 5
54 80 7
95 81 1
70 24 2
89 37 2
88 78 3
5 43 18
63 21 18
49 86 16
21 24 19
40 37 15
81 38 8
58 91 11
0 86 17
93 48 5
13 25 1
32 38 5
35 43 5
95 94 18
70 37 17
81 51 16
20 41 12
23 46 13
83 97 15
0 99 3
13 38 15
99 41 17
35 56 7
34 97 2
92 38 17
9 40 1
50 41 15
30 62 14
39 67 11
4 46 1
97 8 12
55 11 10
99 54 9
6 11 20
92 51 2
91 55 2
27 70 12
85 11 18
30 75 18
24 1 4
87 57 16
1 17 3
4 59 3
78 8 1
64 73 8
36 11 1
80 17 10
15 73 5
18 78 2
91 68 2
75 60 1
66 11 5
11 75 16
52 76 15
24 14 15
10 79 3
1 30 17
17 11 4
77 25 14
22 89 2
61 17 7
19 20 4
54 14 13
40 79 9
31 30 4
72 31 17
75 73 2
88 12 6
52 89 2
65 28 17
49 20 2
26 36 13
67 74 13
86 87 16
70 79 14
3 89 17
89 92 18
42 17 3
61 30 13
47 95 4
0 20 11
79 84 10
63 76 9
21 79 6
95 28 6
40 92 15
14 39 20
33 89 13
32 93 2
49 33 5
68 46 5
7 36 5
67 87 15
70 92 5
0 33 4
41 34 20
60 47 10
44 39 8
21 92 4
62 93 18
34 31 14
37 36 5
56 49 6
14 52 5
13 93 10
71 34 1
6 53 16
92 93 15
41 47 6
2 55 1
34 44 11
78 50 4
36 53 12
55 66 12
22 10 3
25 52 1
57 4 18
15 7 11
59 50 13
18 12 11
78 63 18
17 53 17
91 2 3
94 7 7
11 9 12
52 10 7
64 20 14
85 79 12
38 4 1
79 5 2
24 69 16
43 82 4
59 63 10
17 66 8
77 80 17
75 7 4
80 85 17
33 10 14
52 23 12
54 69 7
73 82 17
67 8 8
31 85 14
70 13 19
89 26 3
79 18 2
65 83 5
63 10 18
82 23 7
68 88 14
21 13 14
40 26 5
61 85 7
80 98 15
33 23 7
0 75 2
74 24 12
93 37 6
10 39 14
51 40 14
54 82 6
53 86 4
89 39 13
56 91 13
28 29 1
88 80 15
46 83 12
5 45 10
65 96 9
63 23 3
49 88 10
21 26 5
62 27 17
7 91 2
81 40 4
39 43 18
42 85 1
83 86 3
74 37 17
32 40 8
51 53 7
16 32 19
95 96 8
53 99 3
37 91 17
28 42 11
69 43 19
62 40 18
23 48 2
55 0 13
96 38 19
35 58 2
6 0 19
50 43 20
69 56 18
27 59 8
11 51 15
85 0 16
30 64 4
84 41 8
43 3 1
23 61 12
55 13 10
57 59 2
76 72 16
15 62 14
73 3 6
91 57 4
94 62 11
27 72 4
11 64 18
24 3 15
1 19 9
64 75 11
17 0 15
3 65 15
77 14 2
57 72 8
15 75 3
54 3 20
73 16 12
18 80 20
91 70 5
75 62 8
24 16 5
65 17 13
10 81 2
86 76 7
58 14 2
42 6 9
82 78 9
54 16 19
40 81 19
12 19 6
72 33 20
33 78 3
52 91 6
93 92 9
46 17 19
65 30 19
68 35 16
67 76 5
26 38 20
58 27 17
28 84 13
0 22 6
60 36 8
82 91 17
21 81 19
34 20 10
14 41 20
74 92 17
32 95 14
49 35 9
7 38 2
67 89 12
9 84 16
28 97 11
2 44 8
21 94 6
62 95 5
53 46 9
20 98 9
56 51 10
97 52 5
71 36 2
90 49 5
92 95 15
50 98 9
83 46 11
76 6 4
18 1 9
78 52 8
97 65 7
36 55 7
27 6 12
30 11 5
71 49 5
6 68 5
25 54 20
66 55 10
85 68 15
24 58 7
15 9 17
18 14 1
91 4 19
36 68 7
94 9 19
52 12 13
84 1 20
10 15 7
87 6 10
54 58 12
73 71 11
45 9 12
86 10 19
3 12 16
43 84 13
1 87 8
58 69 4
73 84 14
67 10 9
31 87 5
3 25 20
89 28 14
5 34 19
46 72 8
82 25 14
21 15 12
40 28 1
42 74 3
61 87 5
0 77 4
19 90 15
32 29 13
35 34 19
12 87 8
53 88 1
47 44 17
88 82 19
5 47 12
46 85 20
62 29 20
39 45 19
74 39 13
16 34 5
95 98 19
28 44 7
27 48 17
30 53 20
62 42 20
81 55 1
4 37 12
25 96 9
99 45 10
13 42 19
57 48 3
92 42 20
8 48 9
85 2 12
30 66 11
2 4 2
43 5 9
23 63 12
36 2 4
22 67 9
55 15 7
96 53 2
99 58 5
38 48 13
57 61 16
73 5 7
18 69 18
31 8 1
91 59 12
8 61 18
66 2 13
52 67 5
43 18 19
84 56 14
45 64 16
3 67 5
77 16 14
22 80 2
79 62 10
98 75 9
15 77 17
73 18 20
12 8 15
91 72 10
75 64 18
94 77 3
88 3 5
33 67 16
52 80 13
65 19 19
10 83 7
45 77 13
86 78 2
3 80 4
77 29 15
42 8 14
61 21 11
79 75 20
54 18 8
21 70 9
12 21 19
53 22 3
72 35 10
75 77 12
88 16 19
33 80 15
93 94 8
46 19 8
10 96 3
51 97 9
7 27 18
26 40 14
67 78 10
86 91 14
42 21 14
19 37 19
60 38 6
95 32 9
40 96 7
81 97 7
34 22 8
53 35 10
14 43 5
74 94 18
46 32 20
32 97 5
49 37 19
90 38 5
48 41 4
83 35 12
28 99 7
41 38 3
60 51 7
25 30 2
62 97 7
37 40 12
14 56 6
55 57 19
96 95 13
13 97 6
30 0 18
90 51 13
48 54 9
9 99 7
25 43 20
44 56 2
18 3 2
78 54 10
97 67 15
17 44 15
55 70 13
11 0 8
71 51 18
30 13 18
73 60 20
22 14 19
66 57 15
85 70 10
98 9 19
1 76 18
77 71 6
80 76 18
10 17 18
54 60 15
12 63 4
3 14 5
89 17 12
22 27 15
79 9 8
24 73 3
82 14 18
58 71 19
77 84 5
80 89 17
19 79 19
93 28 14
10 30 10
12 76 7
70 17 17
89 30 3
28 20 4
47 33 9
63 14 15
68 92 12
26 95 18
58 84 13
74 28 3
19 92 3
93 41 7
67 25 4
34 77 12
53 90 4
37 82 20
56 95 13
14 98 16
90 93 11
21 30 20
62 31 10
7 95 20
39 47 17
23 39 7
83 90 17
0 92 18
41 93 10
16 36 2
35 49 7
34 90 6
92 31 8
37 95 18
69 47 20
27 50 4
30 55 4
62 44 5
39 60 16
4 39 12
23 52 17
55 4 17
16 49 5
57 50 3
15 53 2
92 44 19
50 47 17
8 50 17
27 63 4
85 4 3
43 7 12
84 45 13
1 10 8
4 52 11
45 53 18
64 66 3
36 4 15
22 69 12
38 50 4
15 66 14
73 7 16
18 71 13
31 10 13
75 53 12
66 4 6
52 69 14
24 7 17
10 72 17
45 66 19
58 5 8
77 18 11
38 63 18
98 77 4
82 69 10
40 72 2
12 10 8
31 23 7
72 24 19
75 66 3
33 69 1
65 21 7
10 85 15
49 13 20
86 80 17
58 18 13
3 82 17
42 10 7
61 23 6
0 13 8
79 77 14
63 69 4
21 72 13
40 85 10
53 24 6
56 29 6
33 82 1
51 99 9
49 26 15
35 91 14
7 29 13
67 80 13
26 42 5
70 85 13
42 23 8
9 75 1
28 88 4
60 40 10
95 34 13
37 29 18
14 45 16
74 96 18
13 86 5
32 99 11
16 91 20
90 40 19
7 42 19
48 43 5
92 86 5
60 53 17
25 32 1
4 94 8
37 42 1
78 43 1
36 46 15
71 40 2
30 2 1
92 99 18
6 59 7
64 0 3
2 61 4
43 62 17
15 0 5
18 5 14
17 46 17
36 59 11
55 72 15
11 2 3
64 13 8
22 16 15
15 13 17
59 56 19
91 8 12
75 0 9
61 65 12
80 78 7
52 16 7
54 62 13
12 65 18
86 14 11
89 19 10
47 22 7
79 11 17
68 81 13
1 91 16
21 6 17
40 19 16
58 73 13
77 86 7
80 91 14
33 16 6
74 17 10
93 30 6
10 32 20
54 75 7
67 14 8
89 32 20
28 22 9
47 35 16
65 89 9
49 81 10
68 94 13
21 19 12
81 33 10
42 78 14
74 30 13
19 94 14
60 95 19
32 33 13
51 46 1
35 38 12
95 89 8
53 92 4
56 97 14
28 35 20
5 51 20
90 95 12
81 46 19
39 49 11
83 92 1
41 95 1
13 33 15
99 36 15
76 52 3
34 92 16
92 33 19
9 35 16
50 36 20
27 52 5
11 44 3
30 57 8
29 98 19
4 41 15
23 54 6
64 55 14
57 52 4
91 50 5
8 52 19
94 55 3
11 57 3
43 9 10
4 54 6
77 7 12
80 12 17
38 52 9
57 65 1
15 68 8
18 73 4
75 55 4
94 68 9
33 58 18
66 6 14
24 9 15
84 60 4
68 15 7
1 25 8
87 65 7
45 68 3
86 69 10
58 7 3
89 74 14
61 12 18
80 25 19
19 15 15
79 66 9
98 79 4
63 58 18
82 71 18
54 9 9
95 10 5
40 74 18
72 26 20
33 71 17
52 84 1
46 10 4
51 88 16
26 31 13
67 69 19
86 82 19
70 74 9
42 12 8
28 77 1
0 15 13
19 28 6
60 29 5
5 93 14
63 71 5
21 74 6
95 23 15
40 87 12
34 13 14
53 26 5
37 18 14
56 31 16
46 23 20
32 88 19
26 44 12
9 77 3
28 90 1
0 28 14
41 29 8
21 87 6
62 88 18
34 26 13
37 31 4
23 96 11
97 45 15
