100 9900 1
13 88 18
71 29 11
16 93 14
90 42 9
29 32 9
48 45 11
92 88 15
6 48 6
9 90 8
83 39 15
50 91 15
41 42 11
25 34 6
44 47 14
85 48 1
2 50 18
59 32 4
4 96 3
78 45 7
97 58 20
36 48 5
96 99 15
55 61 19
30 4 9
71 42 13
29 45 17
48 58 7
6 61 13
64 2 12
22 5 2
25 47 12
66 48 18
85 61 15
98 0 15
43 64 12
15 2 17
1 67 11
18 7 14
59 45 18
78 58 13
17 48 18
36 61 15
94 2 18
11 4 2
52 5 18
10 8 18
54 51 16
73 64 3
45 2 15
31 67 12
64 15 19
3 5 20
22 18 8
66 61 20
79 0 14
24 64 1
98 13 9
43 77 15
82 5 13
1 80 16
40 8 6
17 61 18
58 62 15
77 75 17
75 2 1
94 15 15
61 67 20
33 5 19
52 18 15
93 19 15
10 21 20
54 64 5
73 77 14
67 3 17
12 67 15
86 16 20
31 80 15
70 8 5
3 18 18
89 21 6
88 62 9
47 24 11
5 27 2
79 13 3
65 78 11
63 5 14
82 18 5
68 83 11
21 8 9
40 21 11
26 86 6
58 75 17
42 67 7
61 80 19
80 93 5
0 70 9
74 19 14
19 83 8
93 32 4
33 18 5
32 22 7
51 35 9
35 27 6
95 78 8
67 16 6
12 80 12
86 29 1
53 81 10
72 94 5
70 21 20
89 34 5
56 86 7
9 11 13
28 24 1
88 75 4
47 37 20
5 40 20
46 78 7
65 91 16
63 18 15
49 83 3
68 96 12
62 22 16
7 86 6
81 35 7
26 99 1
39 38 14
42 80 10
83 81 14
0 83 2
74 32 17
19 96 18
60 97 8
13 22 10
32 35 14
51 48 17
16 27 18
35 40 5
95 91 13
34 81 11
53 94 7
92 22 9
37 86 8
56 99 3
9 24 5
28 37 12
69 38 18
27 41 20
30 46 11
90 97 17
62 35 3
7 99 3
81 48 17
20 38 7
39 51 7
4 30 14
23 43 5
83 94 1
96 33 6
41 97 14
13 35 4
25 89 18
99 38 1
16 40 10
57 41 4
76 54 14
34 94 15
92 35 16
37 99 18
50 38 17
69 51 9
8 41 8
27 54 9
11 46 20
71 97 13
30 59 4
84 36 20
87 41 19
20 51 17
4 43 1
23 56 13
64 57 18
55 8 11
22 60 18
96 46 16
99 51 7
38 41 11
57 54 9
76 67 3
15 57 5
18 62 1
31 1 7
50 51 2
91 52 20
8 54 12
94 57 4
11 59 8
52 60 10
85 8 3
84 49 15
43 11 18
87 54 4
1 14 1
45 57 7
64 70 18
3 60 18
77 9 1
22 73 13
61 1 9
80 14 7
38 54 18
79 55 18
98 68 12
82 60 20
15 70 9
73 11 16
18 75 13
12 1 4
31 14 5
91 65 12
75 57 5
94 70 14
33 60 9
52 73 3
24 11 10
65 12 12
10 76 16
68 17 4
45 70 12
86 71 16
58 9 12
3 73 14
89 76 9
77 22 13
42 1 4
61 14 19
47 79 15
80 27 12
0 4 11
19 17 15
79 68 10
98 81 20
63 60 18
82 73 5
21 63 15
54 11 2
40 76 12
95 12 8
12 14 17
53 15 14
72 28 6
75 70 10
88 9 4
33 73 8
93 87 6
46 12 8
65 25 10
10 89 6
51 90 3
49 17 6
68 30 17
7 20 2
67 71 13
26 33 2
86 84 10
70 76 8
42 14 3
83 15 17
28 79 7
47 92 19
0 17 10
19 30 3
60 31 2
5 95 8
63 73 1
21 76 19
95 25 1
40 89 9
81 90 13
34 15 12
53 28 7
39 93 16
72 41 2
37 20 15
56 33 18
14 36 11
74 87 16
46 25 11
13 77 5
32 90 18
49 30 11
90 31 3
16 82 11
35 95 8
7 33 16
67 84 17
26 46 8
70 89 7
9 79 10
83 28 10
28 92 3
69 93 13
41 31 14
60 44 13
25 23 8
44 36 6
2 39 7
62 90 11
34 28 11
20 93 17
37 33 17
78 34 2
23 98 9
97 47 2
14 49 12
55 50 4
96 88 5
13 90 12
99 93 6
71 31 16
16 95 5
90 44 6
29 34 15
48 47 4
6 50 9
92 90 2
9 92 5
50 93 14
8 96 5
41 44 10
25 36 12
44 49 14
85 50 15
2 52 7
76 1 18
59 34 4
4 98 8
78 47 14
97 60 20
36 50 10
55 63 5
27 1 2
38 96 2
71 44 4
30 6 11
29 47 12
6 63 17
64 4 7
22 7 3
66 50 2
85 63 20
24 53 9
57 1 9
43 66 13
98 2 16
15 4 4
1 69 16
18 9 4
59 47 16
17 50 20
36 63 12
77 64 1
94 4 8
80 69 14
52 7 18
54 53 9
87 1 6
73 66 4
45 4 18
86 5 16
31 69 3
3 7 6
89 10 5
22 20 13
66 63 7
79 2 10
24 66 18
98 15 19
43 79 13
82 7 14
1 82 7
40 10 8
58 64 16
75 4 20
61 69 14
80 82 11
33 7 12
19 72 17
93 21 13
52 20 9
10 23 20
51 24 9
54 66 20
67 5 4
12 69 11
86 18 6
31 82 8
72 83 4
70 10 3
89 23 20
28 13 12
47 26 9
88 64 7
5 29 20
46 67 4
65 80 2
79 15 13
63 7 14
82 20 17
49 72 11
68 85 14
21 10 7
40 23 12
81 24 3
26 88 9
58 77 9
42 69 16
61 82 7
0 72 2
74 21 17
19 85 8
93 34 9
32 24 20
51 37 10
35 29 3
95 80 2
67 18 4
12 82 14
53 83 6
72 96 6
70 23 13
56 88 10
9 13 12
28 26 20
47 39 11
88 77 3
14 91 11
46 80 18
5 42 9
65 93 10
49 85 6
68 98 14
21 23 16
62 24 4
7 88 15
81 37 15
20 27 10
39 40 6
23 32 3
0 85 16
41 86 5
74 34 8
60 99 2
13 24 5
32 37 19
44 91 1
16 29 9
35 42 1
76 43 16
34 83 8
53 96 9
92 24 12
37 88 20
9 26 7
50 27 6
69 40 16
27 43 15
71 86 15
30 48 9
90 99 19
62 37 12
20 40 4
39 53 4
4 32 8
23 45 9
83 96 3
96 35 12
41 99 2
13 37 7
25 91 20
99 40 12
16 42 14
57 43 15
76 56 9
15 46 8
34 96 15
18 51 8
92 37 20
50 40 17
69 53 7
8 43 11
27 56 7
11 48 14
71 99 7
30 61 20
43 0 14
84 38 3
87 43 2
1 3 5
4 45 3
45 46 16
64 59 18
22 62 7
96 48 20
99 53 14
38 43 2
57 56 20
98 57 18
15 59 7
73 0 9
18 64 8
31 3 14
91 54 8
75 46 16
8 56 13
94 59 19
11 61 7
52 62 18
24 0 13
10 65 7
43 13 13
84 51 13
87 56 19
1 16 15
45 59 17
64 72 6
3 62 12
77 11 18
22 75 2
61 3 20
80 16 6
38 56 9
79 57 11
98 70 6
82 62 2
54 0 1
73 13 19
40 65 2
12 3 2
31 16 4
91 67 5
75 59 1
94 72 12
33 62 6
52 75 17
93 76 3
46 1 17
65 14 10
10 78 7
49 6 16
68 19 16
67 60 20
26 22 6
86 73 10
70 65 12
3 75 5
58 11 2
89 78 7
42 3 1
61 16 20
47 81 17
0 6 5
79 70 12
63 62 19
82 75 11
21 65 5
95 14 3
40 78 5
12 16 1
53 17 1
72 30 2
56 22 13
88 11 9
33 75 20
74 76 4
93 89 12
46 14 3
65 27 3
32 79 9
51 92 2
49 19 13
68 32 13
35 84 16
7 22 15
26 35 2
67 73 16
70 78 20
89 91 14
9 68 12
83 17 5
28 81 14
42 16 14
47 94 11
0 19 1
60 33 20
5 97 15
63 75 15
21 78 15
62 79 10
95 27 18
81 92 16
34 17 2
53 30 17
39 95 10
37 22 4
56 35 2
14 38 18
74 89 7
13 79 15
32 92 16
71 20 10
16 84 14
90 33 9
35 97 10
7 35 17
48 36 12
92 79 14
9 81 15
83 30 7
28 94 2
69 95 1
41 33 10
60 46 11
44 38 2
2 41 19
62 92 17
34 30 10
20 95 19
4 87 14
37 35 14
78 36 7
97 49 20
14 51 6
96 90 8
55 52 12
13 92 9
99 95 11
71 33 1
16 97 10
57 98 4
90 46 15
29 36 1
48 49 11
6 52 17
50 95 15
8 98 10
25 38 13
44 51 16
85 52 15
2 54 12
84 93 2
76 3 7
43 55 10
87 98 9
59 36 12
78 49 1
17 39 14
36 52 17
55 65 4
38 98 14
29 49 14
73 55 6
6 65 12
64 6 20
22 9 11
66 52 2
85 65 18
24 55 7
98 4 8
43 68 15
15 6 20
1 71 1
59 49 11
18 11 9
17 52 13
91 1 13
36 65 15
77 66 6
94 6 15
80 71 1
52 9 16
10 12 13
54 55 5
73 68 5
45 6 18
86 7 1
31 71 5
12 58 10
3 9 6
89 12 8
47 15 3
79 4 12
24 68 20
98 17 10
65 69 8
82 9 19
68 74 7
1 84 1
40 12 20
58 66 3
77 79 17
42 58 10
75 6 14
61 71 10
80 84 17
33 9 1
74 10 17
19 74 10
93 23 5
10 25 8
51 26 9
54 68 6
95 69 9
67 7 10
12 71 5
86 20 19
31 84 19
72 85 16
70 12 4
89 25 18
28 15 17
47 28 20
88 66 12
5 31 15
46 69 12
65 82 15
63 9 20
49 74 17
68 87 18
21 12 16
7 77 11
81 26 14
26 90 14
40 25 8
39 29 14
58 79 7
42 71 11
61 84 14
0 74 12
74 23 13
19 87 12
93 36 19
60 88 6
32 26 14
51 39 14
16 18 17
35 31 18
95 82 6
34 72 20
67 20 1
53 85 4
72 98 11
37 77 11
70 25 12
56 90 13
9 15 2
69 29 7
14 93 5
46 82 2
5 44 8
49 87 16
90 88 5
62 26 8
7 90 6
81 39 16
20 29 9
39 42 14
23 34 12
83 85 11
96 24 1
0 87 17
41 88 4
13 26 5
99 29 19
44 93 19
32 39 1
16 31 13
35 44 10
76 45 20
2 96 12
34 85 18
53 98 16
92 26 14
37 90 17
9 28 10
50 29 6
69 42 8
8 32 6
27 45 18
11 37 11
71 88 9
30 50 8
62 39 12
29 91 20
20 42 20
4 34 8
23 47 11
64 48 5
83 98 9
96 37 20
25 93 3
99 42 4
38 32 8
57 45 6
76 58 19
15 48 8
59 91 20
92 39 1
18 53 17
50 42 15
91 43 14
8 45 9
94 48 7
27 58 11
11 50 8
30 63 19
43 2 2
84 40 17
1 5 14
87 45 3
4 47 10
45 48 3
64 61 2
3 51 9
77 0 14
22 64 20
80 5 16
38 45 13
57 58 4
98 59 12
15 61 18
73 2 17
18 66 17
31 5 3
91 56 9
75 48 17
94 61 14
33 51 3
52 64 13
24 2 5
10 67 7
84 53 15
87 58 18
1 18 17
45 61 9
86 62 14
58 0 2
3 64 9
77 13 12
22 77 6
89 67 3
61 5 20
80 18 2
19 8 1
79 59 9
98 72 6
63 51 15
82 64 5
54 2 11
95 3 15
40 67 11
12 5 4
31 18 4
72 19 12
75 61 6
88 0 5
33 64 10
52 77 16
93 78 7
46 3 19
65 16 4
10 80 9
49 8 9
68 21 3
26 24 6
67 62 11
86 75 12
58 13 10
70 67 4
89 80 6
42 5 2
61 18 7
28 70 6
47 83 12
0 8 5
19 21 1
79 72 15
5 86 16
63 64 18
82 77 5
21 67 5
95 16 4
40 80 2
53 19 19
72 32 13
56 24 13
88 13 7
14 27 10
74 78 20
93 91 12
46 16 11
32 81 18
51 94 5
49 21 19
35 86 6
68 34 1
7 24 13
26 37 11
67 75 15
70 80 1
9 70 20
83 19 5
28 83 14
47 96 1
0 21 8
41 22 13
60 35 18
5 99 16
44 27 7
21 80 16
62 81 18
81 94 4
34 19 13
20 84 15
53 32 5
39 97 18
37 24 5
56 37 2
97 38 1
14 40 7
74 91 14
13 81 13
32 94 14
71 22 10
16 86 20
90 35 3
35 99 2
7 37 1
48 38 11
92 81 20
6 41 2
9 83 17
50 84 14
83 32 7
69 97 13
41 35 5
60 48 17
25 27 2
44 40 14
2 43 6
62 94 14
20 97 16
4 89 18
78 38 18
97 51 5
36 41 6
55 54 14
96 92 9
13 94 19
99 97 9
71 35 12
16 99 7
29 38 12
48 51 5
6 54 20
92 94 19
50 97 12
25 40 14
66 41 10
85 54 20
2 56 19
43 57 2
84 95 13
1 60 3
18 0 11
59 38 7
78 51 17
17 41 10
36 54 7
55 67 10
10 1 16
29 51 15
73 57 19
64 8 16
31 60 14
22 11 7
66 54 15
85 67 6
24 57 12
98 6 12
43 70 17
1 73 3
40 1 18
17 54 13
91 3 3
58 55 15
77 68 15
94 8 13
61 60 2
80 73 16
52 11 11
93 12 10
10 14 10
54 57 9
73 70 3
12 60 5
86 9 1
31 73 20
70 1 5
3 11 9
89 14 3
88 55 3
47 17 2
5 20 16
24 70 5
65 71 3
79 6 17
82 11 3
68 76 5
21 1 17
40 14 4
26 79 14
58 68 15
77 81 7
42 60 18
61 73 12
80 86 5
0 63 2
74 12 19
33 11 1
93 25 7
19 76 3
32 15 7
51 28 12
35 20 15
54 70 15
95 71 13
67 9 12
12 73 15
53 74 5
86 22 7
72 87 3
70 14 9
56 79 2
89 27 4
9 4 15
28 17 12
88 68 3
47 30 20
46 71 2
5 33 19
65 84 13
63 11 18
49 76 15
68 89 11
21 14 18
62 15 6
7 79 12
81 28 2
26 92 2
39 31 18
42 73 8
83 74 2
0 76 1
74 25 12
19 89 3
60 90 19
13 15 5
32 28 3
51 41 19
16 20 16
35 33 10
95 84 4
34 74 4
53 87 17
92 15 16
37 79 13
56 92 16
9 17 4
28 30 13
69 31 7
14 95 9
27 34 16
46 84 14
30 39 13
49 89 15
62 28 15
7 92 18
48 93 17
81 41 13
20 31 2
39 44 12
4 23 5
23 36 5
83 87 3
96 26 11
41 90 18
25 82 18
99 31 12
13 28 19
44 95 2
16 33 1
57 34 13
2 98 13
76 47 3
34 87 16
92 28 8
37 92 11
78 93 1
50 31 4
69 44 20
8 34 5
27 47 2
11 39 16
71 90 5
30 52 1
84 29 4
29 93 20
87 34 5
20 44 14
4 36 15
23 49 13
64 50 4
55 1 16
96 39 10
25 95 5
99 44 13
38 34 12
57 47 9
76 60 12
15 50 15
6 1 9
59 93 1
18 55 9
17 96 2
91 45 2
50 44 13
8 47 2
94 50 9
11 52 7
52 53 5
85 1 8
43 4 4
84 42 13
1 7 19
87 47 19
45 50 14
64 63 9
3 53 16
77 2 7
22 66 8
80 7 6
38 47 15
79 48 12
98 61 14
82 53 19
15 63 18
73 4 7
18 68 9
31 7 7
91 58 14
75 50 20
94 63 16
33 53 1
52 66 14
24 4 15
65 5 17
10 69 6
68 10 2
1 20 15
45 63 17
86 64 5
58 2 14
3 66 4
77 15 8
89 69 12
61 7 15
80 20 9
19 10 2
79 61 16
98 74 10
63 53 6
82 66 19
54 4 20
95 5 14
40 69 19
21 56 11
12 7 9
31 20 17
72 21 15
75 63 20
88 2 9
33 66 9
74 67 4
93 80 15
46 5 4
65 18 9
10 82 19
51 83 6
49 10 17
68 23 4
7 13 3
67 64 16
86 77 9
70 69 11
89 82 16
42 7 8
28 72 3
47 85 11
0 10 10
19 23 8
60 24 16
5 88 20
63 66 8
21 69 9
95 18 11
40 82 10
81 83 15
34 8 20
53 21 18
72 34 5
37 13 12
56 26 12
14 29 2
74 80 5
46 18 11
13 70 4
32 83 6
51 96 11
49 23 2
90 24 7
35 88 5
7 26 13
67 77 2
26 39 6
70 82 2
9 72 18
83 21 5
28 85 17
0 23 16
41 24 16
60 37 5
44 29 20
2 32 12
62 83 13
81 96 10
34 21 19
20 86 16
53 34 7
39 99 8
37 26 18
56 39 11
97 40 15
23 91 2
14 42 6
55 43 16
96 81 12
13 83 13
99 86 12
32 96 18
71 24 3
16 88 10
90 37 16
29 27 4
48 40 4
92 83 7
6 43 9
9 85 10
50 86 19
69 99 4
41 37 8
25 29 20
44 42 11
85 43 13
2 45 14
62 96 19
20 99 5
59 27 20
4 91 9
78 40 9
97 53 6
36 43 17
55 56 18
96 94 16
71 37 17
38 89 4
29 40 15
48 53 19
6 56 19
92 96 11
50 99 19
22 0 8
25 42 11
66 43 15
85 56 1
24 46 4
84 97 3
43 59 12
1 62 6
59 40 11
18 2 20
78 53 6
17 43 8
36 56 10
77 57 8
80 62 2
52 0 14
10 3 6
54 46 20
73 59 6
31 62 14
3 0 19
89 3 10
22 13 14
66 56 20
24 59 19
98 8 13
43 72 16
82 0 5
1 75 14
40 3 7
17 56 19
58 57 12
77 70 20
61 62 15
80 75 19
33 0 5
52 13 11
93 14 18
19 65 20
10 16 12
51 17 18
54 59 16
73 72 7
12 62 15
86 11 14
31 75 9
72 76 8
70 3 4
89 16 18
28 6 1
88 57 7
47 19 18
79 8 3
5 22 14
65 73 1
46 60 7
63 0 2
49 65 15
82 13 13
68 78 20
21 3 5
40 16 9
81 17 2
26 81 19
58 70 7
42 62 1
61 75 3
0 65 8
74 14 5
19 78 20
93 27 20
32 17 3
51 30 14
35 22 10
95 73 13
67 11 7
12 75 17
53 76 20
72 89 20
70 16 13
56 81 16
9 6 12
28 19 5
47 32 15
88 70 5
14 84 17
5 35 14
46 73 13
65 86 11
49 78 18
68 91 18
21 16 1
62 17 2
7 81 9
81 30 15
26 94 11
39 33 8
23 25 2
42 75 20
83 76 6
0 78 5
74 27 5
41 79 15
60 92 4
13 17 5
32 30 12
44 84 10
16 22 10
76 36 13
95 86 5
34 76 12
53 89 12
92 17 15
37 81 5
56 94 16
97 95 10
9 19 10
50 20 2
69 33 5
14 97 3
27 36 7
71 79 3
30 41 7
90 92 20
62 30 2
7 94 9
48 95 11
20 33 13
39 46 1
6 98 20
4 25 5
23 38 19
83 89 12
96 28 6
41 92 19
25 84 14
13 30 14
44 97 15
99 33 13
16 35 3
57 36 12
76 49 12
34 89 20
92 30 2
37 94 14
78 95 1
50 33 11
69 46 13
36 98 9
8 36 7
27 49 3
11 41 10
71 92 6
30 54 17
84 31 19
29 95 20
87 36 15
4 38 17
45 39 8
64 52 2
55 3 14
96 41 4
22 55 14
25 97 15
66 98 5
99 46 16
38 36 14
57 49 13
98 50 12
15 52 13
59 95 3
18 57 13
17 98 4
91 47 15
75 39 8
8 49 6
94 52 15
11 54 3
52 55 17
43 6 15
84 44 8
87 49 8
1 9 8
45 52 15
64 65 20
3 55 9
77 4 19
22 68 19
80 9 20
38 49 14
79 50 12
98 63 2
82 55 13
73 6 1
31 9 10
91 60 17
75 52 4
94 65 8
33 55 14
52 68 4
24 6 13
65 7 15
10 71 20
68 12 3
67 53 5
26 15 2
86 66 8
70 58 19
3 68 14
77 17 3
89 71 16
58 4 20
61 9 12
80 22 18
47 74 4
19 12 8
79 63 20
63 55 13
82 68 13
21 58 19
95 7 15
40 71 13
12 9 9
53 10 15
72 23 10
56 15 2
88 4 6
33 68 5
74 69 10
93 82 6
46 7 6
65 20 8
10 84 5
51 85 8
49 12 18
68 25 19
7 15 16
67 66 9
26 28 15
86 79 5
70 71 18
89 84 19
42 9 5
83 10 13
28 74 2
47 87 7
0 12 17
19 25 2
60 26 15
5 90 6
63 68 7
21 71 15
95 20 17
62 72 6
81 85 3
34 10 14
53 23 3
39 88 3
72 36 14
37 15 18
56 28 15
14 31 9
74 82 13
13 72 15
46 20 2
32 85 3
51 98 18
49 25 5
16 77 4
90 26 12
35 90 12
7 28 2
48 29 19
92 72 2
9 74 15
83 23 8
28 87 11
69 88 3
41 26 8
60 39 5
25 18 13
44 31 16
2 34 14
62 85 5
81 98 3
34 23 14
20 88 8
37 28 2
78 29 12
23 93 15
97 42 19
14 44 20
96 83 20
55 45 1
13 85 10
99 88 13
71 26 19
16 90 13
90 39 15
48 42 2
6 45 7
92 85 9
50 88 15
8 91 4
41 39 17
25 31 19
11 96 14
85 45 7
2 47 16
43 48 10
84 86 17
59 29 10
4 93 17
78 42 5
97 55 20
17 32 19
36 45 4
55 58 8
71 39 9
38 91 5
29 42 5
73 48 3
6 58 17
22 2 20
66 45 4
85 58 1
24 48 17
84 99 16
43 61 17
1 64 4
18 4 12
59 42 1
17 45 6
36 58 5
77 59 6
80 64 10
52 2 6
10 5 10
54 48 16
73 61 3
12 51 19
86 0 10
31 64 18
3 2 6
89 5 15
47 8 5
66 58 6
24 61 10
65 62 4
98 10 20
82 2 12
68 67 13
1 77 14
40 5 7
58 59 7
77 72 2
42 51 15
61 64 5
80 77 2
33 2 14
74 3 2
19 67 9
93 16 16
10 18 17
51 19 13
54 61 3
95 62 18
67 0 11
12 64 1
86 13 10
31 77 19
72 78 8
70 5 2
89 18 7
28 8 2
47 21 11
88 59 14
46 62 17
5 24 4
65 75 15
63 2 18
49 67 8
68 80 10
21 5 9
40 18 7
81 19 7
26 83 16
7 70 4
58 72 6
42 64 9
61 77 9
0 67 5
74 16 20
19 80 3
93 29 14
60 81 6
13 6 11
32 19 10
51 32 17
16 11 11
35 24 16
95 75 8
67 13 11
34 65 7
53 78 18
72 91 10
70 18 18
37 70 14
56 83 12
9 8 9
28 21 6
69 22 5
14 86 13
88 72 2
46 75 13
5 37 4
49 80 17
90 81 18
62 19 20
7 83 14
81 32 19
26 96 16
20 22 9
39 35 10
23 27 6
83 78 8
0 80 1
41 81 9
96 17 3
60 94 2
13 19 3
99 22 5
44 86 3
16 24 14
35 37 3
76 38 17
2 89 4
34 78 19
53 91 18
92 19 5
37 83 18
56 96 3
9 21 19
50 22 19
69 35 19
14 99 1
8 25 1
27 38 11
71 81 9
30 43 3
90 94 11
29 84 8
62 32 2
48 97 7
20 35 7
4 27 16
23 40 12
83 91 7
96 30 6
41 94 7
25 86 16
99 35 6
44 99 5
38 25 19
57 38 1
76 51 17
15 41 3
18 46 13
92 32 14
78 97 3
59 84 5
50 35 8
91 36 17
8 38 20
94 41 18
27 51 15
11 43 2
71 94 3
30 56 14
84 33 16
29 97 4
87 38 6
4 40 8
45 41 17
64 54 1
22 57 1
25 99 4
57 51 13
98 52 2
15 54 14
18 59 16
59 97 13
91 49 10
75 41 16
94 54 8
52 57 14
84 46 19
10 60 16
43 8 11
1 11 4
87 51 9
45 54 13
86 55 20
3 57 3
77 6 13
22 70 20
80 11 1
19 1 17
79 52 3
98 65 2
63 44 13
82 57 18
40 60 15
73 8 8
31 11 16
72 12 14
75 54 12
33 57 9
52 70 13
93 71 13
65 9 11
10 73 12
49 1 8
68 14 10
67 55 20
26 17 4
86 68 20
70 60 6
58 6 7
89 73 4
61 11 12
47 76 19
0 1 15
19 14 6
5 79 19
79 65 4
63 57 16
82 70 5
21 60 1
95 9 6
40 73 7
12 11 11
53 12 2
72 25 18
56 17 11
14 20 12
88 6 8
74 71 18
93 84 19
46 9 15
32 74 11
65 22 3
51 87 2
49 14 13
35 79 4
68 27 4
7 17 16
67 68 15
26 30 9
70 73 3
42 11 8
9 63 18
28 76 15
83 12 6
47 89 11
0 14 5
41 15 10
60 28 17
5 92 12
44 20 1
21 73 18
62 74 5
95 22 9
81 87 14
34 12 18
53 25 8
39 90 2
37 17 8
56 30 17
97 31 6
14 33 14
74 84 10
13 74 2
32 87 17
71 15 11
16 79 6
90 28 1
35 92 7
7 30 3
48 31 6
6 34 2
92 74 9
9 76 2
83 25 3
28 89 17
69 90 5
41 28 18
60 41 18
27 93 18
25 20 10
44 33 18
30 98 12
2 36 17
62 87 17
34 25 11
20 90 17
37 30 2
4 82 17
23 95 10
97 44 9
78 31 14
36 34 18
55 47 11
96 85 9
13 87 9
99 90 2
71 28 6
16 92 13
57 93 5
90 41 11
29 31 2
48 44 16
6 47 18
92 87 2
50 90 10
8 93 11
25 33 18
66 34 5
11 98 11
85 47 17
2 49 11
43 50 15
84 88 4
1 53 16
87 93 20
59 31 10
4 95 10
78 44 5
17 34 18
36 47 10
96 98 13
55 60 9
38 93 7
29 44 8
73 50 5
64 1 1
31 53 10
22 4 14
66 47 17
85 60 17
24 50 2
43 63 17
1 66 2
59 44 19
17 47 13
58 48 11
77 61 8
94 1 1
61 53 14
80 66 11
52 4 1
93 5 15
10 7 18
54 50 5
73 63 17
12 53 15
86 2 9
31 66 1
3 4 9
89 7 8
47 10 5
88 48 8
24 63 16
65 64 18
82 4 11
68 69 20
40 7 18
26 72 6
58 61 1
77 74 12
42 53 16
61 66 10
80 79 2
33 4 8
74 5 8
0 56 14
93 18 15
19 69 15
32 8 16
51 21 20
54 63 19
95 64 13
67 2 10
12 66 16
53 67 19
86 15 8
72 80 20
70 7 16
89 20 8
56 72 3
28 10 15
47 23 11
88 61 4
5 26 12
46 64 16
65 77 14
63 4 2
49 69 14
68 82 17
21 7 6
62 8 19
7 72 3
81 21 2
26 85 12
39 24 19
42 66 18
83 67 14
0 69 12
74 18 12
19 82 16
60 83 11
13 8 5
32 21 20
51 34 7
16 13 12
35 26 9
95 77 12
34 67 14
53 80 11
72 93 6
92 8 9
37 72 5
56 85 18
9 10 3
28 23 4
69 24 2
14 88 12
5 39 19
46 77 18
49 82 1
90 83 3
62 21 4
7 85 4
81 34 20
48 86 19
20 24 20
39 37 11
23 29 19
83 80 6
96 19 1
41 83 6
60 96 9
13 21 20
99 24 13
44 88 11
25 75 6
16 26 20
2 91 3
76 40 1
34 80 17
92 21 3
37 85 19
78 86 1
97 99 17
50 24 6
69 37 3
8 27 7
27 40 1
11 32 20
71 83 19
30 45 15
90 96 12
84 22 15
29 86 14
48 99 5
87 27 15
20 37 20
4 29 12
23 42 12
64 43 2
96 32 15
41 96 2
25 88 14
99 37 20
38 27 1
57 40 2
76 53 3
15 43 20
59 86 12
18 48 14
78 99 5
50 37 11
91 38 10
17 89 18
8 40 6
94 43 20
27 53 9
11 45 5
71 96 17
30 58 10
84 35 9
29 99 13
87 40 19
1 0 8
45 43 18
64 56 12
3 46 2
22 59 20
80 0 18
38 40 6
79 41 11
98 54 15
15 56 1
18 61 10
59 99 13
31 0 14
91 51 18
75 43 11
94 56 17
33 46 17
52 59 15
10 62 13
68 3 2
1 13 3
45 56 17
86 57 18
3 59 15
77 8 4
89 62 18
22 72 3
61 0 18
80 13 16
19 3 6
79 54 17
98 67 13
63 46 15
82 59 2
40 62 3
12 0 18
31 13 17
72 14 12
75 56 15
33 59 4
52 72 13
93 73 6
65 11 5
10 75 4
51 76 3
49 3 10
68 16 5
7 6 2
67 57 16
26 19 8
86 70 3
70 62 1
58 8 7
89 75 18
42 0 17
28 65 13
61 13 3
47 78 16
0 3 18
19 16 6
60 17 10
5 81 6
63 59 12
21 62 11
95 11 17
40 75 8
81 76 18
34 1 3
53 14 13
72 27 10
37 6 6
56 19 16
88 8 11
14 22 19
74 73 1
93 86 3
46 11 1
32 76 18
51 89 20
49 16 15
90 17 5
35 81 13
7 19 5
67 70 2
26 32 12
70 75 6
9 65 12
83 14 9
28 78 20
47 91 7
0 16 10
41 17 3
60 30 4
5 94 9
44 22 9
2 25 6
21 75 4
62 76 3
81 89 19
34 14 17
20 79 10
53 27 19
39 92 2
37 19 1
23 84 15
97 33 15
56 32 8
14 35 2
55 36 10
13 76 8
32 89 1
71 17 5
16 81 19
90 30 9
35 94 9
76 95 8
29 20 19
48 33 4
6 36 10
92 76 5
9 78 2
50 79 18
83 27 4
69 92 20
41 30 8
27 95 4
25 22 1
44 35 5
85 36 15
2 38 9
62 89 17
20 92 13
59 20 7
4 84 8
78 33 16
23 97 1
97 46 3
96 87 4
55 49 4
13 89 20
99 92 18
71 30 7
16 94 13
57 95 5
29 33 14
48 46 18
15 98 10
92 89 8
6 49 15
50 92 15
8 95 10
25 35 3
66 36 1
85 49 7
24 39 11
84 90 5
43 52 3
87 95 1
1 55 20
59 33 1
4 97 12
45 98 6
78 46 14
17 36 13
36 49 3
77 50 6
80 55 1
38 95 10
54 39 12
73 52 1
31 55 16
75 98 8
22 6 16
66 49 8
24 52 8
98 1 12
43 65 18
1 68 5
17 49 7
58 50 7
77 63 8
61 55 8
80 68 19
52 6 2
93 7 17
19 58 5
10 9 4
54 52 1
73 65 6
12 55 4
86 4 10
31 68 15
72 69 13
89 9 11
47 12 14
88 50 14
5 15 6
46 53 7
65 66 11
79 1 16
82 6 9
49 58 18
68 71 13
40 9 1
26 74 1
58 63 8
42 55 8
61 68 16
0 58 14
74 7 4
19 71 12
93 20 17
32 10 6
51 23 10
35 15 15
95 66 19
67 4 17
12 68 5
53 69 20
72 82 17
70 9 16
56 74 15
28 12 9
47 25 9
88 63 15
46 66 1
5 28 8
65 79 20
49 71 5
68 84 7
21 9 2
62 10 1
7 74 16
81 23 16
26 87 9
39 26 4
42 68 16
83 69 5
0 71 13
41 72 6
74 20 9
60 85 14
13 10 7
44 77 8
32 23 9
51 36 2
16 15 8
35 28 11
95 79 14
34 69 16
53 82 7
92 10 1
37 74 11
56 87 9
97 88 8
9 12 3
50 13 4
69 26 14
14 90 7
27 29 4
71 72 8
30 34 5
90 85 8
62 23 18
7 87 8
48 88 9
20 26 15
4 18 11
23 31 1
83 82 16
96 21 16
41 85 13
60 98 10
13 23 19
99 26 16
25 77 3
44 90 19
16 28 4
57 29 6
2 93 3
76 42 10
34 82 16
92 23 9
37 87 7
78 88 17
50 26 20
69 39 17
36 91 2
8 29 1
27 42 15
11 34 2
71 85 10
30 47 18
90 98 17
84 24 8
29 88 10
87 29 11
4 31 11
23 44 10
64 45 7
96 34 8
22 48 15
25 90 15
66 91 11
99 39 20
38 29 1
57 42 9
76 55 14
15 45 7
59 88 8
18 50 1
17 91 6
91 40 7
8 42 9
94 45 19
11 47 1
52 48 11
84 37 19
1 2 19
87 42 2
64 58 4
3 48 18
22 61 20
80 2 6
38 42 4
79 43 5
98 56 6
82 48 13
15 58 18
18 63 16
31 2 16
91 53 13
75 45 15
94 58 1
33 48 19
52 61 2
65 0 3
10 64 2
68 5 14
26 8 16
45 58 10
86 59 7
3 61 2
89 64 6
77 10 13
61 2 12
47 67 8
80 15 13
19 5 1
79 56 9
63 48 15
82 61 6
21 51 13
95 0 15
40 64 16
12 2 19
53 3 3
72 16 2
56 8 14
33 61 6
74 62 20
93 75 18
46 0 2
65 13 9
10 77 15
51 78 18
49 5 8
68 18 18
7 8 20
67 59 13
26 21 18
86 72 14
70 64 4
89 77 9
42 2 12
83 3 17
28 67 1
47 80 4
0 5 10
19 18 14
60 19 17
5 83 10
63 61 13
21 64 13
95 13 19
40 77 18
81 78 9
34 3 7
53 16 6
39 81 15
72 29 3
37 8 18
56 21 15
14 24 4
74 75 1
93 88 14
46 13 14
13 65 11
32 78 2
51 91 11
16 70 5
90 19 3
35 83 2
49 18 14
7 21 18
48 22 15
70 77 3
9 67 19
83 16 8
28 80 9
69 81 16
41 19 15
60 32 3
5 96 18
25 11 3
44 24 8
2 27 14
62 78 7
81 91 1
34 16 13
20 81 1
39 94 18
37 21 14
78 22 5
23 86 4
97 35 19
14 37 6
96 76 14
55 38 11
13 78 7
99 81 9
32 91 2
71 19 12
16 83 1
90 32 16
35 96 8
76 97 16
29 22 15
48 35 1
6 38 7
92 78 11
9 80 13
50 81 11
69 94 10
8 84 14
41 32 8
27 97 20
25 24 5
44 37 19
11 89 7
85 38 6
2 40 6
43 41 18
62 91 11
20 94 12
59 22 11
4 86 9
78 35 8
23 99 19
97 48 5
17 25 1
36 38 14
96 89 20
55 51 16
99 94 11
71 32 17
38 84 10
57 97 8
29 35 3
73 41 14
6 51 18
50 94 9
91 95 14
8 97 14
66 38 20
85 51 4
24 41 8
43 54 11
84 92 8
1 57 8
87 97 3
59 35 4
4 99 9
17 38 13
36 51 4
77 52 7
80 57 13
38 97 7
54 41 9
73 54 16
12 44 11
31 57 5
22 8 16
66 51 17
24 54 17
98 3 12
65 55 17
68 60 7
1 70 10
58 52 1
77 65 3
42 44 4
61 57 12
80 70 18
19 60 18
93 9 6
10 11 19
51 12 11
95 55 10
12 57 9
86 6 14
31 70 16
72 71 3
89 11 9
28 1 3
47 14 7
88 52 4
5 17 17
46 55 5
65 68 7
49 60 18
68 73 12
40 11 14
81 12 15
26 76 10
7 63 11
58 65 10
42 57 19
61 70 16
0 60 7
74 9 1
19 73 6
60 74 5
93 22 4
32 12 17
51 25 19
35 17 5
95 68 7
67 6 9
34 58 18
53 71 13
72 84 18
70 11 10
37 63 2
56 76 4
9 1 19
28 14 20
88 65 18
47 27 10
14 79 3
5 30 3
46 68 15
49 73 6
90 74 12
62 12 11
7 76 10
81 25 11
26 89 14
20 15 8
39 28 8
23 20 8
83 71 10
0 73 15
41 74 10
96 10 9
60 87 12
13 12 12
44 79 16
32 25 20
16 17 12
35 30 3
76 31 12
34 71 2
53 84 17
92 12 20
37 76 9
56 89 4
97 90 17
9 14 12
50 15 3
69 28 9
14 92 4
27 31 18
71 74 5
30 36 19
90 87 19
29 77 9
62 25 5
48 90 2
20 28 1
6 93 20
39 41 15
4 20 4
23 33 18
83 84 17
96 23 5
41 87 17
25 79 14
99 28 18
44 92 16
85 93 6
16 30 20
57 31 3
2 95 9
76 44 20
15 34 17
92 25 12
18 39 7
78 90 2
59 77 16
50 28 17
69 41 20
36 93 19
8 31 5
27 44 10
11 36 13
71 87 5
30 49 11
84 26 14
29 90 19
87 31 16
4 33 1
45 34 15
64 47 6
22 50 19
25 92 1
66 93 3
38 31 16
57 44 19
98 45 10
15 47 12
59 90 13
18 52 4
17 93 12
91 42 6
75 34 16
8 44 4
94 47 5
11 49 3
52 50 17
10 53 8
84 39 17
43 1 10
1 4 3
87 44 12
54 96 12
45 47 6
64 60 11
3 50 10
22 63 9
80 4 12
79 45 11
98 58 8
82 50 11
40 53 12
73 1 13
31 4 3
72 5 13
75 47 3
94 60 18
33 50 16
52 63 17
93 64 17
65 2 16
10 66 20
68 7 19
67 48 3
26 10 13
86 61 13
70 53 18
3 63 4
89 66 1
61 4 8
47 69 14
19 7 7
5 72 4
79 58 6
63 50 18
82 63 16
21 53 6
95 2 4
40 66 18
12 4 16
53 5 10
72 18 5
56 10 11
14 13 7
33 63 16
74 64 13
93 77 20
46 2 18
65 15 2
32 67 10
51 80 1
49 7 12
68 20 20
35 72 18
7 10 19
67 61 12
26 23 19
86 74 20
70 66 19
89 79 5
42 4 2
83 5 6
9 56 20
28 69 18
47 82 17
0 7 19
41 8 3
60 21 6
5 85 14
44 13 3
21 66 13
62 67 18
95 15 10
81 80 8
34 5 6
53 18 8
39 83 1
37 10 2
56 23 8
97 24 8
14 26 9
74 77 7
13 67 5
32 80 13
51 93 5
71 8 1
16 72 12
90 21 2
35 85 1
7 23 20
48 24 2
92 67 11
6 27 4
9 69 12
83 18 4
28 82 5
69 83 10
41 21 18
27 86 2
60 34 4
25 13 10
44 26 1
30 91 17
2 29 3
62 80 19
81 93 15
34 18 16
20 83 18
39 96 15
4 75 15
78 24 19
37 23 16
97 37 7
23 88 5
36 27 8
96 78 20
55 40 3
13 80 9
99 83 15
71 21 15
16 85 20
57 86 14
90 34 10
76 99 4
29 24 17
48 37 19
92 80 1
6 40 8
50 83 15
69 96 5
8 86 3
27 99 7
25 26 3
66 27 14
11 91 16
85 40 2
2 42 19
84 81 1
87 86 15
20 96 10
59 24 8
4 88 7
78 37 8
17 27 18
36 40 5
96 91 10
55 53 3
99 96 11
38 86 14
57 99 6
29 37 13
73 43 9
31 46 18
50 96 8
91 97 12
8 99 7
66 40 14
85 53 18
24 43 16
84 94 10
43 56 8
87 99 12
1 59 8
59 37 4
17 40 17
58 41 11
77 54 3
61 46 20
80 59 18
38 99 4
10 0 2
54 43 17
73 56 2
12 46 18
31 59 13
89 0 8
47 3 12
88 41 1
24 56 8
65 57 12
68 62 2
40 0 17
58 54 6
77 67 10
42 46 7
61 59 20
80 72 9
0 49 1
19 62 18
93 11 2
10 13 4
51 14 7
54 56 13
95 57 8
12 59 9
86 8 1
53 60 13
72 73 10
70 0 20
89 13 20
28 3 2
88 54 18
47 16 8
5 19 17
46 57 10
65 70 6
49 62 12
68 75 5
21 0 18
7 65 3
81 14 17
26 78 9
40 13 6
39 17 18
42 59 13
83 60 10
0 62 8
74 11 10
19 75 2
93 24 11
60 76 2
13 1 7
32 14 10
51 27 13
16 6 9
35 19 7
95 70 15
34 60 12
53 73 19
72 86 14
37 65 14
56 78 19
9 3 17
28 16 1
69 17 1
14 81 9
46 70 8
5 32 14
49 75 13
90 76 20
62 14 14
7 78 19
81 27 14
26 91 18
20 17 10
39 30 18
23 22 12
83 73 1
96 12 4
41 76 14
60 89 17
13 14 13
99 17 19
44 81 15
25 68 2
32 27 10
16 19 18
35 32 16
76 33 12
2 84 11
34 73 7
92 14 5
37 78 12
78 79 3
97 92 13
9 16 10
50 17 19
69 30 6
14 94 15
55 95 11
8 20 3
27 33 3
11 25 20
30 38 4
71 76 11
90 89 13
29 79 14
48 92 2
20 30 7
6 95 3
4 22 14
23 35 5
64 36 9
96 25 9
41 89 17
25 81 1
99 30 15
44 94 8
85 95 17
38 20 1
57 33 18
2 97 16
76 46 10
15 36 1
59 79 19
18 41 11
78 92 8
50 30 14
91 31 3
36 95 1
8 33 12
94 36 8
27 46 9
11 38 7
30 51 6
71 89 4
84 28 6
29 92 6
87 33 15
4 35 18
45 36 17
64 49 16
3 39 20
22 52 19
66 95 16
38 33 8
24 98 16
98 47 14
57 46 12
15 49 3
59 92 9
18 54 12
17 95 11
91 44 14
75 36 12
94 49 12
33 39 2
10 55 8
54 98 5
87 46 18
1 6 4
45 49 13
86 50 10
3 52 19
89 55 1
77 1 3
22 65 12
80 6 11
79 47 12
98 60 11
63 39 7
82 52 5
40 55 5
31 6 4
72 7 8
75 49 6
33 52 8
52 65 6
93 66 20
65 4 20
10 68 4
51 69 13
68 9 20
67 50 3
26 12 15
86 63 12
70 55 13
58 1 16
89 68 19
61 6 13
28 58 1
47 71 1
19 9 2
60 10 14
79 60 20
5 74 9
63 52 16
82 65 8
21 55 9
95 4 20
40 68 14
81 69 1
53 7 17
72 20 17
56 12 6
88 1 11
14 15 16
74 66 7
93 79 1
46 4 19
32 69 18
51 82 12
49 9 18
90 10 17
35 74 14
7 12 7
67 63 6
26 25 20
70 68 3
9 58 5
83 7 15
28 71 1
47 84 4
0 9 8
41 10 9
60 23 1
5 87 10
44 15 18
21 68 19
62 69 16
81 82 19
34 7 15
53 20 9
20 72 13
39 85 16
37 12 6
23 77 8
97 26 1
56 25 3
14 28 18
55 29 3
74 79 12
13 69 11
32 82 3
71 10 12
16 74 12
90 23 7
35 87 1
76 88 4
29 13 13
48 26 12
6 29 4
92 69 2
9 71 20
83 20 12
50 72 20
69 85 16
41 23 5
27 88 10
25 15 11
44 28 15
85 29 15
30 93 3
2 31 5
62 82 12
20 85 16
39 98 11
59 13 10
4 77 17
78 26 13
23 90 8
97 39 4
36 29 5
55 42 3
96 80 3
13 82 8
99 85 14
71 23 11
16 87 8
57 88 8
29 26 12
48 39 3
15 91 3
18 96 1
6 42 18
92 82 10
50 85 4
69 98 10
8 88 1
25 28 2
66 29 7
11 93 7
85 42 2
24 32 17
43 45 13
84 83 20
1 48 19
87 88 15
59 26 20
4 90 1
45 91 14
78 39 2
17 29 2
36 42 3
77 43 4
96 93 13
99 98 18
38 88 8
54 32 1
73 45 12
31 48 13
91 99 18
75 91 8
66 42 17
24 45 17
84 96 10
43 58 15
1 61 11
17 42 6
58 43 10
77 56 13
61 48 13
80 61 2
93 0 15
10 2 9
54 45 9
73 58 20
12 48 12
31 61 1
89 2 4
47 5 19
88 43 14
5 8 9
65 59 14
49 51 12
68 64 1
40 2 19
26 67 1
58 56 7
42 48 16
0 51 14
74 0 14
19 64 9
93 13 12
32 3 6
51 16 4
35 8 15
95 59 8
12 61 20
53 62 4
72 75 14
70 2 18
89 15 9
56 67 13
28 5 18
88 56 1
47 18 5
5 21 18
46 59 5
65 72 17
49 64 20
68 77 12
21 2 10
62 3 20
7 67 1
81 16 11
26 80 3
39 19 17
42 61 17
83 62 1
0 64 18
74 13 1
60 78 15
13 3 1
32 16 6
51 29 9
16 8 9
35 21 8
95 72 4
34 62 15
53 75 7
92 3 15
37 67 13
56 80 10
9 5 14
28 18 8
69 19 18
14 83 18
27 22 6
30 27 17
71 65 4
90 78 9
62 16 10
7 80 6
48 81 6
81 29 2
20 19 14
39 32 9
4 11 7
23 24 1
83 75 17
96 14 7
41 78 9
60 91 13
13 16 12
99 19 9
25 70 9
44 83 19
16 21 20
57 22 12
2 86 5
76 35 15
34 75 20
92 16 8
37 80 17
78 81 7
97 94 19
50 19 9
69 32 8
14 96 6
55 97 9
8 22 4
27 35 7
11 27 6
30 40 2
71 78 20
90 91 3
84 17 1
29 81 17
48 94 14
87 22 7
20 32 3
6 97 18
4 24 16
23 37 5
64 38 1
96 27 12
22 41 17
25 83 16
99 32 3
44 96 1
85 97 1
38 22 13
57 35 16
2 99 13
76 48 7
15 38 18
18 43 11
59 81 5
78 94 17
50 32 20
91 33 2
36 97 14
17 84 7
8 35 16
94 38 7
11 40 5
52 41 9
84 30 7
29 94 20
87 35 7
45 38 2
64 51 18
3 41 4
22 54 3
66 97 11
38 35 2
79 36 6
98 49 7
82 41 13
15 51 14
59 94 1
18 56 7
17 97 16
91 46 19
75 38 12
94 51 17
33 41 17
52 54 9
10 57 8
45 51 5
86 52 6
3 54 2
89 57 15
77 3 7
80 8 5
47 60 9
79 49 20
98 62 7
63 41 7
82 54 3
21 44 18
40 57 12
72 9 2
56 1 12
75 51 20
33 54 14
74 55 13
93 68 16
65 6 2
10 70 13
51 71 1
68 11 20
7 1 13
67 52 2
26 14 6
86 65 5
70 57 3
89 70 16
28 60 15
47 73 7
19 11 9
60 12 17
5 76 7
63 54 20
21 57 11
95 6 3
40 70 4
81 71 6
53 9 15
72 22 1
39 74 14
37 1 8
56 14 20
14 17 17
74 68 19
93 81 10
13 58 1
46 6 15
32 71 18
51 84 9
16 63 16
90 12 18
35 76 7
49 11 12
7 14 20
48 15 14
67 65 11
9 60 16
83 9 11
28 73 18
69 74 13
41 12 1
60 25 15
5 89 9
25 4 13
44 17 19
2 20 5
62 71 19
81 84 7
34 9 9
20 74 10
39 87 14
37 14 11
78 15 14
23 79 4
97 28 2
14 30 7
96 69 18
55 31 16
13 71 7
99 74 1
32 84 15
71 12 10
16 76 7
90 25 9
35 89 15
76 90 3
29 15 11
48 28 19
6 31 10
92 71 4
9 73 5
50 74 4
69 87 7
8 77 8
41 25 5
27 90 10
25 17 1
11 82 15
85 31 2
44 30 9
30 95 11
2 33 5
62 84 14
20 87 13
59 15 16
4 79 12
78 28 13
23 92 9
64 93 19
97 41 1
17 18 14
36 31 20
55 44 10
96 82 19
99 87 13
38 77 7
71 25 4
57 90 6
29 28 14
15 93 3
73 34 19
18 98 17
92 84 3
6 44 3
50 87 1
91 88 7
8 90 4
94 93 3
66 31 10
11 95 6
85 44 19
24 34 12
84 85 18
43 47 20
1 50 18
87 90 9
59 28 8
4 92 15
45 93 18
17 31 16
36 44 1
77 45 17
3 96 13
80 50 20
38 90 14
54 34 13
73 47 20
31 50 7
75 93 12
22 1 16
33 96 6
66 44 13
24 47 4
84 98 8
1 63 6
58 45 14
77 58 18
42 37 1
61 50 8
80 63 18
19 53 7
93 2 1
52 1 13
10 4 1
63 96 20
51 5 15
54 47 20
95 48 16
12 50 3
31 63 10
72 64 8
89 4 14
47 7 11
88 45 4
46 48 3
5 10 13
65 61 11
49 53 20
82 1 4
68 66 14
40 4 4
81 5 15
26 69 16
42 50 5
61 63 4
0 53 1
74 2 6
19 66 7
93 15 16
32 5 18
51 18 15
35 10 20
95 61 9
53 64 4
72 77 14
70 4 5
56 69 17
28 7 16
47 20 14
88 58 13
14 72 15
46 61 1
5 23 14
49 66 15
68 79 8
21 4 6
62 5 6
7 69 5
81 18 12
26 82 14
20 8 3
39 21 2
23 13 8
83 64 16
0 66 4
74 15 5
41 67 17
60 80 9
13 5 16
44 72 19
32 18 4
16 10 19
35 23 8
76 24 3
34 64 4
53 77 7
92 5 9
37 69 20
56 82 18
97 83 19
9 7 13
50 8 18
69 21 19
14 85 13
27 24 19
71 67 18
30 29 18
90 80 16
62 18 13
7 82 1
48 83 3
20 21 1
6 86 10
39 34 4
4 13 1
23 26 11
83 77 7
96 16 7
41 80 14
60 93 19
13 18 9
99 21 5
44 85 11
25 72 1
16 23 5
57 24 4
2 88 9
76 37 14
15 27 20
18 32 18
92 18 19
78 83 9
97 96 9
50 21 2
36 86 6
69 34 12
55 99 18
8 24 10
27 37 20
11 29 20
71 80 17
30 42 5
84 19 17
29 83 19
48 96 14
87 24 8
6 99 20
4 26 11
45 27 3
64 40 6
22 43 12
96 29 6
25 85 1
66 86 5
99 34 11
85 99 4
38 24 3
57 37 16
98 38 10
15 40 5
59 83 10
18 45 4
78 96 18
17 86 18
91 35 17
36 99 9
75 27 8
8 37 9
94 40 3
11 42 7
52 43 17
10 46 12
84 32 11
29 96 14
87 37 7
45 40 14
64 53 14
3 43 2
22 56 10
66 99 2
38 37 3
79 38 12
98 51 1
82 43 14
40 46 3
17 99 19
91 48 9
75 40 1
94 53 1
33 43 10
52 56 9
93 57 17
10 59 14
68 0 1
67 41 9
26 3 11
86 54 19
70 46 15
3 56 13
89 59 20
47 62 11
19 0 12
5 65 4
79 51 3
63 43 2
82 56 13
21 46 3
40 59 4
72 11 5
56 3 11
33 56 9
74 57 14
93 70 15
65 8 20
32 60 4
51 73 7
49 0 10
68 13 11
35 65 13
7 3 4
67 54 12
26 16 7
86 67 19
70 59 13
89 72 5
9 49 11
28 62 17
47 75 7
41 1 14
60 14 14
5 78 6
63 56 8
21 59 8
95 8 19
62 60 1
81 73 10
53 11 12
39 76 13
37 3 20
56 16 20
14 19 4
74 70 11
13 60 10
32 73 2
51 86 4
71 1 20
16 65 13
90 14 18
35 78 6
7 16 1
48 17 1
92 60 18
9 62 4
83 11 9
28 75 12
69 76 10
41 14 19
60 27 8
27 79 11
25 6 3
44 19 1
30 84 7
2 22 11
62 73 6
81 86 20
34 11 20
20 76 1
39 89 3
4 68 1
37 16 2
23 81 19
97 30 17
78 17 7
14 32 1
96 71 13
55 33 11
13 73 15
99 76 15
71 14 13
16 78 11
57 79 5
90 27 1
76 92 10
29 17 15
48 30 6
92 73 19
6 33 8
50 76 11
69 89 2
8 79 13
27 92 12
25 19 14
66 20 13
11 84 1
85 33 8
30 97 19
2 35 9
43 36 18
84 74 15
87 79 2
20 89 16
59 17 1
4 81 19
78 30 15
23 94 12
64 95 7
17 20 1
36 33 8
96 84 4
55 46 4
99 89 12
38 79 15
57 92 1
29 30 1
15 95 6
73 36 11
6 46 18
50 89 18
91 90 7
8 92 9
94 95 15
66 33 15
11 97 10
85 46 14
52 98 15
24 36 11
43 49 14
84 87 16
87 92 2
1 52 17
59 30 20
45 95 8
17 33 13
3 98 7
77 47 8
80 52 1
38 92 2
79 93 9
82 98 8
54 36 8
73 49 4
12 39 10
31 52 10
75 95 13
88 34 4
33 98 4
24 49 4
65 50 19
68 55 15
1 65 13
58 47 18
77 60 1
42 39 20
61 52 10
80 65 16
19 55 4
93 4 19
10 6 20
63 98 2
51 7 17
54 49 20
95 50 7
12 52 4
86 1 15
31 65 20
72 66 5
89 6 15
88 47 8
47 9 5
46 50 17
5 12 15
65 63 20
49 55 16
40 6 6
81 7 20
26 71 15
7 58 4
39 10 5
42 52 12
0 55 16
74 4 14
19 68 18
93 17 16
60 69 7
32 7 12
51 20 3
35 12 20
95 63 13
67 1 19
34 53 20
53 66 10
72 79 17
37 58 1
70 6 10
56 71 9
28 9 3
69 10 20
14 74 17
46 63 14
5 25 4
49 68 12
90 69 11
62 7 4
7 71 17
81 20 8
26 84 3
20 10 1
39 23 19
23 15 19
83 66 15
96 5 2
41 69 5
0 68 18
60 82 2
13 7 8
99 10 3
32 20 5
44 74 20
16 12 13
2 77 16
76 26 16
35 25 15
34 66 8
53 79 17
92 7 19
37 71 10
56 84 13
97 85 3
50 10 13
69 23 12
14 87 6
55 88 8
8 13 4
27 26 6
11 18 14
30 31 14
71 69 4
90 82 18
62 20 3
29 72 15
48 85 17
20 23 7
6 88 11
4 15 8
23 28 19
64 29 2
96 18 15
41 82 3
25 74 6
99 23 9
44 87 5
85 88 20
38 13 20
57 26 19
2 90 1
76 39 1
15 29 13
18 34 19
59 72 18
92 20 3
78 85 12
97 98 19
50 23 5
91 24 18
36 88 5
8 26 7
94 29 13
27 39 14
11 31 9
30 44 16
71 82 15
84 21 14
29 85 6
48 98 6
87 26 9
4 28 8
45 29 12
64 42 7
3 32 8
22 45 3
25 87 8
66 88 4
38 26 9
24 91 14
57 39 7
98 40 16
15 42 7
18 47 1
59 85 4
78 98 6
17 88 10
91 37 11
75 29 4
94 42 8
33 32 6
52 45 20
10 48 2
84 34 2
54 91 7
87 39 3
45 42 13
86 43 7
3 45 9
89 48 4
22 58 19
79 40 18
98 53 15
63 32 20
82 45 19
40 48 12
72 0 12
75 42 1
33 45 13
52 58 20
93 59 5
10 61 12
51 62 10
68 2 17
67 43 4
26 5 1
86 56 16
70 48 19
89 61 13
28 51 19
47 64 18
19 2 19
79 53 5
5 67 6
63 45 3
82 58 17
21 48 18
40 61 6
81 62 5
53 0 6
72 13 18
56 5 20
14 8 16
74 59 10
93 72 5
32 62 9
51 75 8
49 2 17
90 3 5
35 67 3
7 5 11
26 18 17
67 56 10
70 61 7
9 51 14
83 0 8
28 64 16
47 77 8
0 2 13
41 3 19
60 16 1
5 80 20
44 8 12
21 61 1
81 75 7
34 0 14
20 65 2
53 13 7
39 78 11
37 5 3
56 18 8
23 70 7
97 19 13
14 21 16
74 72 15
13 62 5
32 75 14
71 3 19
16 67 18
90 16 8
35 80 10
76 81 18
48 19 20
92 62 11
6 22 16
9 64 19
50 65 1
83 13 20
69 78 12
41 16 8
27 81 7
25 8 18
44 21 5
30 86 2
2 24 19
62 75 14
20 78 8
39 91 13
59 6 17
4 70 13
78 19 9
23 83 11
97 32 20
36 22 16
96 73 12
55 35 1
13 75 12
99 78 7
71 16 10
16 80 5
57 81 19
76 94 15
29 19 19
48 32 18
15 84 1
6 35 14
92 75 20
50 78 13
69 91 8
8 81 9
27 94 16
25 21 6
66 22 3
11 86 14
85 35 2
30 99 3
2 37 5
43 38 18
84 76 10
87 81 20
1 41 2
59 19 3
4 83 12
45 84 6
78 32 16
64 97 14
17 22 7
36 35 3
55 48 9
96 86 12
99 91 14
38 81 17
57 94 7
98 95 3
15 97 1
73 38 7
31 41 12
91 92 6
75 84 2
8 94 7
94 97 18
66 35 16
11 99 6
24 38 7
84 89 11
43 51 15
87 94 6
1 54 8
45 97 15
17 35 15
58 36 19
77 49 5
61 41 14
80 54 5
38 94 7
79 95 1
54 38 15
73 51 14
12 41 10
31 54 18
75 97 20
88 36 14
5 1 1
24 51 6
65 52 17
68 57 2
67 98 20
26 60 11
58 49 20
77 62 5
42 41 12
61 54 19
80 67 10
0 44 3
19 57 11
93 6 4
51 9 18
35 1 6
95 52 15
12 54 1
53 55 18
86 3 11
72 68 9
89 8 1
56 60 1
47 11 1
88 49 15
5 14 18
46 52 10
49 57 9
68 70 14
7 60 17
81 9 16
26 73 3
39 12 1
42 54 2
83 55 11
0 57 18
74 6 12
19 70 18
60 71 6
32 9 2
51 22 12
16 1 4
35 14 16
95 65 10
34 55 3
53 68 17
72 81 20
37 60 19
56 73 13
28 11 20
69 12 20
14 76 8
27 15 14
46 65 14
30 20 4
49 70 16
90 71 19
62 9 19
7 73 1
48 74 6
81 22 3
20 12 6
39 25 13
23 17 18
83 68 1
96 7 1
41 71 12
60 84 5
13 9 13
99 12 7
44 76 2
25 63 3
16 14 10
57 15 5
2 79 9
76 28 6
34 68 1
92 9 19
37 73 11
78 74 9
97 87 19
50 12 10
69 25 13
14 89 17
55 90 11
8 15 17
27 28 17
11 20 7
30 33 9
90 84 12
84 10 18
29 74 1
48 87 11
87 15 14
20 25 6
6 90 2
4 17 3
23 30 8
64 31 9
22 34 3
41 84 1
96 20 13
25 76 9
99 25 13
44 89 12
85 90 18
38 15 6
57 28 2
2 92 15
43 93 15
76 41 13
15 31 8
18 36 2
59 74 6
78 87 2
50 25 3
17 77 4
36 90 10
91 26 5
8 28 14
94 31 13
11 33 19
52 34 19
71 84 1
84 23 14
29 87 6
87 28 12
73 93 1
45 31 4
64 44 8
3 34 6
22 47 1
66 90 1
38 28 5
79 29 11
24 93 19
98 42 13
82 34 7
15 44 1
59 87 19
18 49 11
17 90 4
91 39 5
75 31 4
94 44 19
33 34 18
52 47 17
10 50 20
54 93 4
12 96 10
86 45 2
45 44 5
3 47 16
89 50 15
80 1 11
47 53 11
79 42 1
98 55 11
63 34 6
82 47 10
21 37 16
40 50 17
72 2 4
42 96 8
75 44 18
33 47 9
74 48 14
93 61 20
10 63 13
51 64 18
68 4 14
67 45 1
26 7 9
86 58 4
70 50 13
89 63 13
28 53 11
47 66 14
19 4 15
60 5 7
5 69 7
63 47 10
21 50 16
40 63 14
81 64 4
53 2 20
72 15 9
56 7 7
14 10 11
74 61 3
93 74 16
13 51 5
32 64 2
51 77 10
16 56 8
90 5 14
35 69 2
49 4 3
26 20 3
67 58 11
70 63 18
9 53 10
83 2 2
28 66 8
69 67 15
41 5 4
60 18 1
5 82 17
44 10 12
2 13 15
62 64 5
81 77 13
34 2 6
20 67 9
39 80 19
37 7 4
23 72 2
97 21 17
56 20 8
14 23 6
55 24 10
96 62 4
13 64 10
99 67 6
32 77 7
71 5 7
16 69 18
90 18 6
35 82 20
76 83 20
29 8 5
48 21 8
6 24 13
92 64 3
9 66 11
50 67 2
69 80 19
8 70 9
41 18 6
27 83 14
25 10 20
44 23 19
85 24 3
30 88 1
2 26 13
62 77 14
20 80 4
59 8 18
4 72 2
78 21 9
23 85 9
97 34 1
36 24 1
55 37 8
96 75 11
99 80 3
71 18 8
38 70 8
57 83 4
76 96 12
29 21 16
48 34 7
15 86 1
6 37 4
18 91 19
92 77 20
50 80 5
91 81 4
8 83 15
94 86 16
27 96 13
66 24 2
11 88 8
85 37 11
24 27 12
84 78 4
43 40 4
87 83 1
1 43 11
59 21 7
4 85 3
45 86 16
64 99 20
17 24 17
36 37 3
77 38 20
80 43 14
38 83 7
57 96 11
98 97 14
15 99 1
54 27 11
73 40 4
31 43 4
91 94 7
75 86 19
94 99 16
66 37 19
24 40 1
43 53 4
84 91 14
87 96 7
1 56 5
45 99 16
17 37 11
58 38 9
77 51 2
61 43 2
80 56 13
19 46 18
79 97 10
63 89 4
54 40 17
73 53 7
12 43 7
31 56 15
72 57 11
75 99 16
88 38 9
47 0 19
5 3 20
46 41 7
65 54 13
49 46 11
68 59 5
26 62 4
58 51 13
42 43 8
61 56 1
0 46 14
19 59 7
93 8 6
51 11 11
35 3 7
95 54 4
12 56 6
53 57 19
72 70 12
56 62 16
28 0 18
47 13 18
14 65 4
88 51 6
5 16 18
46 54 19
65 67 9
49 59 7
68 72 8
7 62 13
81 11 18
26 75 3
20 1 9
39 14 1
23 6 2
42 56 7
83 57 20
0 59 10
74 8 18
41 60 4
60 73 13
32 11 14
44 65 16
16 3 20
35 16 18
76 17 16
95 67 11
34 57 13
53 70 18
37 62 12
56 75 13
97 76 20
9 0 5
50 1 10
69 14 14
14 78 20
27 17 10
30 22 13
71 60 10
90 73 12
62 11 10
7 75 8
48 76 1
20 14 8
39 27 14
6 79 4
4 6 7
23 19 19
83 70 16
96 9 10
41 73 10
60 86 15
25 65 19
99 14 11
44 78 8
13 11 4
57 17 7
2 81 9
76 30 15
15 20 5
34 70 4
18 25 3
37 75 12
78 76 6
92 11 17
97 89 13
50 14 6
69 27 1
36 79 7
55 92 7
8 17 12
27 30 13
11 22 10
71 73 9
30 35 3
90 86 9
84 12 10
29 76 11
48 89 13
87 17 7
6 92 12
4 19 9
45 20 6
64 33 6
96 22 5
22 36 13
25 78 2
66 79 13
99 27 7
85 92 4
38 17 10
57 30 4
2 94 7
43 95 2
98 31 7
15 33 15
1 98 10
59 76 14
18 38 2
78 89 3
17 79 5
91 28 17
36 92 2
75 20 16
8 30 12
94 33 18
11 35 19
52 36 18
84 25 17
29 89 2
87 30 11
73 95 13
45 33 10
64 46 1
31 98 10
3 36 14
22 49 7
66 92 19
38 30 14
79 31 8
24 95 15
98 44 14
82 36 8
40 39 19
59 89 18
17 92 9
58 93 13
91 41 12
75 33 10
61 98 8
94 46 9
33 36 19
52 49 15
93 50 3
10 52 20
54 95 11
67 34 19
12 98 2
86 47 17
70 39 4
3 49 9
89 52 10
80 3 19
47 55 15
88 93 8
79 44 15
63 36 17
82 49 15
21 39 7
40 52 8
72 4 10
42 98 10
33 49 3
74 50 13
93 63 3
65 1 9
32 53 3
51 66 11
68 6 8
67 47 20
26 9 15
86 60 7
70 52 13
89 65 13
9 42 3
28 55 17
47 68 9
19 6 19
60 7 10
5 71 11
63 49 9
21 52 2
95 1 17
62 53 1
81 66 19
53 4 7
39 69 20
72 17 3
56 9 17
14 12 19
74 63 17
13 53 3
32 66 9
51 79 20
16 58 7
90 7 20
35 71 16
7 9 2
48 10 12
92 53 20
9 55 6
83 4 20
28 68 15
41 7 4
60 20 5
5 84 15
44 12 2
2 15 6
62 66 11
81 79 14
34 4 2
20 69 17
39 82 8
37 9 6
78 10 5
23 74 9
97 23 14
14 25 20
96 64 19
55 26 13
13 66 16
99 69 19
71 7 14
16 71 15
90 20 14
76 85 12
29 10 1
48 23 10
6 26 6
92 66 10
50 69 9
69 82 14
41 20 5
8 72 17
27 85 8
25 12 2
44 25 9
85 26 9
11 77 13
30 90 12
2 28 17
43 29 5
84 67 2
87 72 18
20 82 9
59 10 8
4 74 15
78 23 6
23 87 3
97 36 17
64 88 13
17 13 7
36 26 4
96 77 2
55 39 16
99 82 3
38 72 12
57 85 12
76 98 12
29 23 17
15 88 9
73 29 1
18 93 7
6 39 1
50 82 6
91 83 8
8 85 6
94 88 1
27 98 6
66 26 6
11 90 11
85 39 19
24 29 14
84 80 16
43 42 1
87 85 2
1 45 18
59 23 3
45 88 1
17 26 7
36 39 1
3 91 18
77 40 4
80 45 4
38 85 20
79 86 19
98 99 3
54 29 3
73 42 13
12 32 4
31 45 15
91 96 14
75 88 8
33 91 3
66 39 19
24 42 14
65 43 14
68 48 2
1 58 4
58 40 3
77 53 9
42 32 19
61 45 9
80 58 4
19 48 13
79 99 5
63 91 7
51 0 11
54 42 4
95 43 6
12 45 16
31 58 16
72 59 8
88 40 19
47 2 12
46 43 16
65 56 13
49 48 5
68 61 7
7 51 4
81 0 11
26 64 18
39 3 19
58 53 3
42 45 7
61 58 4
0 48 8
19 61 4
93 10 5
60 62 9
32 0 2
51 13 15
35 5 17
95 56 20
34 46 12
53 59 16
37 51 19
56 64 5
28 2 3
69 3 7
14 67 17
88 53 4
46 56 19
5 18 2
49 61 16
90 62 11
62 0 19
7 64 2
81 13 6
26 77 11
20 3 6
39 16 1
23 8 6
83 59 5
0 61 4
41 62 5
60 75 4
13 0 14
99 3 17
32 13 16
44 67 9
16 5 17
35 18 12
76 19 4
2 70 3
34 59 10
53 72 11
92 0 14
37 64 13
56 77 20
97 78 20
9 2 17
50 3 11
69 16 8
14 80 4
55 81 2
8 6 2
27 19 10
71 62 17
30 24 3
90 75 12
29 65 16
62 13 6
48 78 1
20 16 9
6 81 17
4 8 12
23 21 20
64 22 17
83 72 2
96 11 5
41 75 17
25 67 1
99 16 2
44 80 7
85 81 17
38 6 7
57 19 7
2 83 8
76 32 6
15 22 4
92 13 2
18 27 9
59 65 12
97 91 11
50 16 15
91 17 19
36 81 17
55 94 8
8 19 13
94 22 12
27 32 3
11 24 3
30 37 11
71 75 7
84 14 17
29 78 14
48 91 12
87 19 15
6 94 19
4 21 7
45 22 19
64 35 3
22 38 13
25 80 15
66 81 7
85 94 6
38 19 20
24 84 16
98 33 11
43 97 10
57 32 15
15 35 5
18 40 15
59 78 2
78 91 6
17 81 16
91 30 16
36 94 20
77 95 10
75 22 7
94 35 1
33 25 4
52 38 12
10 41 15
84 27 19
54 84 17
87 32 5
73 97 15
45 35 6
86 36 1
3 38 13
89 41 9
22 51 5
66 94 16
79 33 2
24 97 6
98 46 17
63 25 12
82 38 6
40 41 3
17 94 2
58 95 6
75 35 4
33 38 9
52 51 7
93 52 13
10 54 3
54 97 12
67 36 4
86 49 9
70 41 16
89 54 11
88 95 4
47 57 19
5 60 7
46 98 20
79 46 20
63 38 17
82 51 12
21 41 17
40 54 1
72 6 2
14 1 9
74 52 12
93 65 3
65 3 20
32 55 2
51 68 19
35 60 18
68 8 17
67 49 19
26 11 11
70 54 8
9 44 7
28 57 13
47 70 18
60 9 14
5 73 7
44 1 10
21 54 4
62 55 12
81 68 3
53 6 13
39 71 8
56 11 5
97 12 12
74 65 16
13 55 14
32 68 2
51 81 17
16 60 13
90 9 18
35 73 17
7 11 3
48 12 18
92 55 5
6 15 6
9 57 4
83 6 5
50 58 19
69 71 4
41 9 17
60 22 14
27 74 3
25 1 7
44 14 18
30 79 5
2 17 2
62 68 1
34 6 14
20 71 3
39 84 8
4 63 13
78 12 7
37 11 18
97 25 12
23 76 10
36 15 1
55 28 1
96 66 20
13 68 6
99 71 15
71 9 18
16 73 10
90 22 11
57 74 6
76 87 20
29 12 12
48 25 11
92 68 19
6 28 15
50 71 9
69 84 2
8 74 2
27 87 11
25 14 12
66 15 8
11 79 7
85 28 20
30 92 10
2 30 18
84 69 19
43 31 18
1 34 18
87 74 15
59 12 11
4 76 6
78 25 19
23 89 2
64 90 11
17 15 11
36 28 20
22 93 14
96 79 18
55 41 20
99 84 14
38 74 7
57 87 17
29 25 12
15 90 8
73 31 3
18 95 13
31 34 17
91 85 9
8 87 1
94 90 11
66 28 4
11 92 2
52 93 8
85 41 14
24 31 5
43 44 15
84 82 17
1 47 12
59 25 16
45 90 7
17 28 4
58 29 12
3 93 5
77 42 14
61 34 9
80 47 16
38 87 18
79 88 9
82 93 6
54 31 20
73 44 3
12 34 2
31 47 20
91 98 2
75 90 2
88 29 6
33 93 18
24 44 17
65 45 15
68 50 12
26 53 20
58 42 9
77 55 9
42 34 18
61 47 9
80 60 1
0 37 13
19 50 20
63 93 16
51 2 11
54 44 6
21 96 10
95 45 3
12 47 13
53 48 15
72 61 3
89 1 2
56 53 19
47 4 2
88 42 15
46 45 4
5 7 5
65 58 7
49 50 14
68 63 3
7 53 18
81 2 7
26 66 12
39 5 12
42 47 9
83 48 4
0 50 7
19 63 19
60 64 12
32 2 16
51 15 2
35 7 5
95 58 1
34 48 7
53 61 18
72 74 15
37 53 15
56 66 11
28 4 12
69 5 7
14 69 4
46 58 5
49 63 18
90 64 4
62 2 9
7 66 4
81 15 19
48 67 11
20 5 17
39 18 1
23 10 3
83 61 19
96 0 6
41 64 15
60 77 8
25 56 2
99 5 5
44 69 1
13 2 3
16 7 12
57 8 8
2 72 1
76 21 18
34 61 20
92 2 6
37 66 4
78 67 5
97 80 8
50 5 15
69 18 19
14 82 19
55 83 6
27 21 16
11 13 17
71 64 18
30 26 2
90 77 1
84 3 14
29 67 15
48 80 5
87 8 14
20 18 12
6 83 15
4 10 14
64 24 8
96 13 10
41 77 11
25 69 3
99 18 12
44 82 8
85 83 13
38 8 5
57 21 20
2 85 1
76 34 15
43 86 17
15 24 14
18 29 11
59 67 17
78 80 11
97 93 3
50 18 20
91 19 13
36 83 1
17 70 12
55 96 10
8 21 17
94 24 11
11 26 6
71 77 6
84 16 18
29 80 1
87 21 1
73 86 2
6 96 2
45 24 19
64 37 18
3 27 5
22 40 16
66 83 18
85 96 15
38 21 10
79 22 4
24 86 6
98 35 6
43 99 13
82 27 13
15 37 5
18 42 3
59 80 2
17 83 20
91 32 13
36 96 12
77 97 15
75 24 7
94 37 17
33 27 14
52 40 1
10 43 5
54 86 3
73 99 16
12 89 17
86 38 14
45 37 17
3 40 8
89 43 5
22 53 14
66 96 1
79 35 19
24 99 14
98 48 14
63 27 7
82 40 9
40 43 4
58 97 1
42 89 9
75 37 13
33 40 6
74 41 15
93 54 1
10 56 17
51 57 9
54 99 17
67 38 10
26 0 20
86 51 2
70 43 2
89 56 5
28 46 19
47 59 14
88 97 2
5 62 14
63 40 12
21 43 16
40 56 18
81 57 9
72 8 17
56 0 16
14 3 16
74 54 5
93 67 18
32 57 14
51 70 16
35 62 5
7 0 18
67 51 20
26 13 19
70 56 1
9 46 15
28 59 1
47 72 1
60 11 10
5 75 7
44 3 9
2 6 4
62 57 15
81 70 5
53 8 2
20 60 9
39 73 15
37 0 7
56 13 11
97 14 16
23 65 5
14 16 1
96 55 13
55 17 2
13 57 4
32 70 16
16 62 13
90 11 7
35 75 5
29 1 8
48 14 8
6 17 20
92 57 18
9 59 16
50 60 18
83 8 15
69 73 13
41 11 4
27 76 6
25 3 15
44 16 9
85 17 20
30 81 1
2 19 16
62 70 18
20 73 7
39 86 7
59 1 6
4 65 2
78 14 3
23 78 13
97 27 7
36 17 12
96 68 5
55 30 3
99 73 13
71 11 8
16 75 12
57 76 10
76 89 11
29 14 14
48 27 12
15 79 9
6 30 12
92 70 8
18 84 14
50 73 16
69 86 19
8 76 18
27 89 14
25 16 18
66 17 9
11 81 8
85 30 4
30 94 11
24 20 3
43 33 12
84 71 20
1 36 2
87 76 1
59 14 9
4 78 4
45 79 18
78 27 3
64 92 14
36 30 5
77 31 5
22 95 5
80 36 10
38 76 15
57 89 4
98 90 8
15 92 11
54 20 6
73 33 5
18 97 13
31 36 6
91 87 7
75 79 7
8 89 16
94 92 18
66 30 13
11 94 16
52 95 10
24 33 13
10 98 17
43 46 9
1 49 19
87 89 19
45 92 18
17 30 13
58 31 3
3 95 6
77 44 10
61 36 20
80 49 4
19 39 16
79 90 4
82 95 7
54 33 16
73 46 5
40 98 13
12 36 1
31 49 6
72 50 16
75 92 13
88 31 17
33 95 13
46 34 10
65 47 17
49 39 17
68 52 8
67 93 10
26 55 12
58 44 17
70 98 9
42 36 9
61 49 20
0 39 10
19 52 17
93 1 9
63 95 18
51 4 6
21 98 20
95 47 6
12 49 2
53 50 5
72 63 4
56 55 15
88 44 20
47 6 14
14 58 6
46 47 3
5 9 11
65 60 17
49 52 2
68 65 16
7 55 14
81 4 13
26 68 6
39 7 16
42 49 10
83 50 9
0 52 15
41 53 19
74 1 14
60 66 10
32 4 18
44 58 1
35 9 6
95 60 12
34 50 6
53 63 20
37 55 3
56 68 7
97 69 13
69 7 11
14 71 19
27 10 18
71 53 12
30 15 20
90 66 6
62 4 14
7 68 9
48 69 17
20 7 7
6 72 11
39 20 11
23 12 7
83 63 1
96 2 1
41 66 18
60 79 19
25 58 1
99 7 1
13 4 19
44 71 18
16 9 19
57 10 15
2 74 3
76 23 14
34 63 5
92 4 5
37 68 18
78 69 15
97 82 4
50 7 5
36 72 15
69 20 11
55 85 17
8 10 18
27 23 18
11 15 12
71 66 16
30 28 10
90 79 13
84 5 19
29 69 7
48 82 3
87 10 5
6 85 11
4 12 5
64 26 20
96 15 7
22 29 15
25 71 6
66 72 15
99 20 5
38 10 1
57 23 7
98 24 3
43 88 6
2 87 18
15 26 9
59 69 2
18 31 7
78 82 18
17 72 19
91 21 9
36 85 8
55 98 6
75 13 14
8 23 13
94 26 14
11 28 16
52 29 1
84 18 10
29 82 10
87 23 15
73 88 6
45 26 9
31 91 3
64 39 8
3 29 16
22 42 2
66 85 15
85 98 19
38 23 2
79 24 4
24 88 6
98 37 14
82 29 16
15 39 9
18 44 18
59 82 15
17 85 6
91 34 8
58 86 17
77 99 14
75 26 20
94 39 9
61 91 7
33 29 3
52 42 9
10 45 16
54 88 1
67 27 8
12 91 15
86 40 13
3 42 9
89 45 10
47 48 11
88 86 9
79 37 9
63 29 4
82 42 10
21 32 13
40 45 17
58 99 20
42 91 4
0 94 4
74 43 7
33 42 2
93 56 1
10 58 3
51 59 5
26 2 4
67 40 19
86 53 5
70 45 5
89 58 10
28 48 3
47 61 10
88 99 8
60 0 3
5 64 9
63 42 7
21 45 5
40 58 14
81 59 8
39 62 5
72 10 8
56 2 7
14 5 5
74 56 18
93 69 4
13 46 1
32 59 16
51 72 12
16 51 15
90 0 7
35 64 6
7 2 17
48 3 14
92 46 4
9 48 15
28 61 16
69 62 14
41 0 12
60 13 12
5 77 18
44 5 5
2 8 1
62 59 11
81 72 4
20 62 18
39 75 8
37 2 16
78 3 1
23 67 19
97 16 6
14 18 11
96 57 8
55 19 2
13 59 12
99 62 4
32 72 3
71 0 17
16 64 17
90 13 12
35 77 12
76 78 18
29 3 1
48 16 3
6 19 14
92 59 16
9 61 14
50 62 5
69 75 3
41 13 17
8 65 15
27 78 15
25 5 13
11 70 15
44 18 8
85 19 15
30 83 12
2 21 15
43 22 2
20 75 18
59 3 5
4 67 20
78 16 8
23 80 3
64 81 20
97 29 4
17 6 8
36 19 4
55 32 16
96 70 17
99 75 19
38 65 19
71 13 19
57 78 14
76 91 1
29 16 1
15 81 16
73 22 4
6 32 6
18 86 5
50 75 9
91 76 12
8 78 7
94 81 16
27 91 1
66 19 13
11 83 5
85 32 18
30 96 3
24 22 4
43 35 16
84 73 1
1 38 4
87 78 9
59 16 20
4 80 12
45 81 13
64 94 15
17 19 15
36 32 4
77 33 9
22 97 11
3 84 8
80 38 5
38 78 2
57 91 16
98 92 10
15 94 2
54 22 1
73 35 19
18 99 8
12 25 11
31 38 10
91 89 7
75 81 17
33 84 14
66 32 17
52 97 9
24 35 1
65 36 7
68 41 19
1 51 17
87 91 12
45 94 6
86 95 20
58 33 9
3 97 11
77 46 2
42 25 14
61 38 20
80 51 8
19 41 1
79 92 17
63 84 18
82 97 2
54 35 20
95 36 10
12 38 13
31 51 2
72 52 1
75 94 5
88 33 7
33 97 3
46 36 6
65 49 1
49 41 7
68 54 13
7 44 11
67 95 15
26 57 4
58 46 17
42 38 8
61 51 4
0 41 18
19 54 6
60 55 20
93 3 15
63 97 4
51 6 3
95 49 20
34 39 8
53 52 12
72 65 4
37 44 14
56 57 13
88 46 8
14 60 15
5 11 18
46 49 16
49 54 7
90 55 14
7 57 18
81 6 2
26 70 18
39 9 1
23 1 20
83 52 3
0 54 19
41 55 4
60 68 11
32 6 8
44 60 20
2 63 15
76 12 16
35 11 15
34 52 8
53 65 17
37 57 6
56 70 10
97 71 20
69 9 13
14 73 15
55 74 16
27 12 5
71 55 15
30 17 15
90 68 17
62 6 3
29 58 16
48 71 1
20 9 13
39 22 7
6 74 5
4 1 8
23 14 3
83 65 15
96 4 20
41 68 5
25 60 13
99 9 8
44 73 12
85 74 11
57 12 11
2 76 6
76 25 4
59 58 20
92 6 3
18 20 5
78 71 8
97 84 5
50 9 13
91 10 12
36 74 15
55 87 19
8 12 11
27 25 11
11 17 14
71 68 5
84 7 20
29 71 12
48 84 10
87 12 19
6 87 11
4 14 1
45 15 5
64 28 16
22 31 8
25 73 19
66 74 20
85 87 10
38 12 6
57 25 9
98 26 16
24 77 18
43 90 9
15 28 7
1 93 7
59 71 12
18 33 13
78 84 11
17 74 6
91 23 11
36 87 2
77 88 19
75 15 13
94 28 5
11 30 8
52 31 4
84 20 16
10 34 15
87 25 4
54 77 5
73 90 4
45 28 13
64 41 15
31 93 14
3 31 4
22 44 3
66 87 11
79 26 17
24 90 20
98 39 15
82 31 14
40 34 4
17 87 18
58 88 17
75 28 14
61 93 5
33 31 19
52 44 11
93 45 20
10 47 5
54 90 10
67 29 20
12 93 5
86 42 19
70 34 12
3 44 1
89 47 14
47 50 19
5 53 4
46 91 1
79 39 12
63 31 6
82 44 6
49 96 1
21 34 10
40 47 16
42 93 12
0 96 9
74 45 18
33 44 15
93 58 4
32 48 17
51 61 4
35 53 1
68 1 14
26 4 8
67 42 2
70 47 1
89 60 18
9 37 17
28 50 1
47 63 6
60 2 6
5 66 2
21 47 10
62 48 2
81 61 17
39 64 2
56 4 6
97 5 4
14 7 11
74 58 1
13 48 7
32 61 8
51 74 10
16 53 14
90 2 2
35 66 3
7 4 3
48 5 6
92 48 3
6 8 14
9 50 15
28 63 10
69 64 8
41 2 13
60 15 16
27 67 6
44 7 20
30 72 11
2 10 13
62 61 17
81 74 2
20 64 3
39 77 10
4 56 14
78 5 18
23 69 6
97 18 7
37 4 3
36 8 3
55 21 10
96 59 5
13 61 9
99 64 8
71 2 4
16 66 17
57 67 16
90 15 6
76 80 5
29 5 2
48 18 17
6 21 16
92 61 3
50 64 1
69 77 13
8 67 2
27 80 1
25 7 11
66 8 14
11 72 16
85 21 9
30 85 16
2 23 4
84 62 8
43 24 11
87 67 12
20 77 5
1 27 3
59 5 14
4 69 16
78 18 18
23 82 18
64 83 7
17 8 14
36 21 12
55 34 2
96 72 3
22 86 15
99 77 5
38 67 3
57 80 19
76 93 5
29 18 11
15 83 4
73 24 6
18 88 18
31 27 7
50 77 17
91 78 18
8 80 7
94 83 19
66 21 7
11 85 9
52 86 4
85 34 1
84 75 18
43 37 16
1 40 12
87 80 18
59 18 11
45 83 19
64 96 3
17 21 16
58 22 3
3 86 18
77 35 6
22 99 3
61 27 1
80 40 9
38 80 14
79 81 4
98 94 10
82 86 15
15 96 9
54 24 3
73 37 4
12 27 13
31 40 16
75 83 2
94 96 20
88 22 8
33 86 7
52 99 20
24 37 3
65 38 11
68 43 8
45 96 20
86 97 5
58 35 7
3 99 6
77 48 10
42 27 16
61 40 9
80 53 16
0 30 3
19 43 16
79 94 11
63 86 16
82 99 16
54 37 2
95 38 15
21 89 11
12 40 4
53 41 10
72 54 3
56 46 17
75 96 13
88 35 5
33 99 1
5 0 15
46 38 17
65 51 16
49 43 2
68 56 7
7 46 3
67 97 7
26 59 17
42 40 7
83 41 5
0 43 15
19 56 9
60 57 4
63 99 8
51 8 3
35 0 13
95 51 1
34 41 8
53 54 1
72 67 5
37 46 14
56 59 10
14 62 16
46 51 4
5 13 17
49 56 18
90 57 11
7 59 12
81 8 12
48 60 1
39 11 10
23 3 4
83 54 18
41 57 7
60 70 11
25 49 18
44 62 10
16 0 18
35 13 9
76 14 11
2 65 18
34 54 3
37 59 17
78 60 18
97 73 9
69 11 8
14 75 20
55 76 2
8 1 18
27 14 4
11 6 20
71 57 9
30 19 9
90 70 19
29 60 15
48 73 8
20 11 6
6 76 11
4 3 19
23 16 20
64 17 8
96 6 19
41 70 3
25 62 17
99 11 8
44 75 9
85 76 10
38 1 4
57 14 3
2 78 16
76 27 10
15 17 12
59 60 15
18 22 15
78 73 10
97 86 2
17 63 6
91 12 10
36 76 15
50 11 9
55 89 8
8 14 18
94 17 4
11 19 14
30 32 3
71 70 7
84 9 10
29 73 10
87 14 15
73 79 13
6 89 19
4 16 14
45 17 18
64 30 2
3 20 13
22 33 18
66 76 8
85 89 3
38 14 13
57 27 14
98 28 4
43 92 6
24 79 7
15 30 4
1 95 10
59 73 7
18 35 20
17 76 20
91 25 19
36 89 20
77 90 17
75 17 9
94 30 8
80 95 20
33 20 13
52 33 1
10 36 14
54 79 8
73 92 12
45 30 14
86 31 4
31 95 4
3 33 18
89 36 6
22 46 11
66 89 7
79 28 13
24 92 16
98 41 7
63 20 17
82 33 20
40 36 9
58 90 11
42 82 11
75 30 14
61 95 5
52 46 16
19 98 15
93 47 1
10 49 15
51 50 19
54 92 16
95 93 11
67 31 10
12 95 3
86 44 10
70 36 10
89 49 14
28 39 16
47 52 13
88 90 1
46 93 8
5 55 17
63 33 4
82 46 15
49 98 16
21 36 16
40 49 20
81 50 1
72 1 18
42 95 1
0 98 17
74 47 10
93 60 3
32 50 16
51 63 7
35 55 14
26 6 13
67 44 17
70 49 14
9 39 20
28 52 20
47 65 19
60 4 11
5 68 12
21 49 11
62 50 14
81 63 8
53 1 20
20 53 4
39 66 4
23 58 17
97 7 17
56 6 9
14 9 7
55 10 10
74 60 15
13 50 6
32 63 2
16 55 7
90 4 19
35 68 6
76 69 10
48 7 20
92 50 10
6 10 18
9 52 1
83 1 2
50 53 17
69 66 19
41 4 4
27 69 14
44 9 11
85 10 6
30 74 1
2 12 4
62 63 20
20 66 7
39 79 20
4 58 7
78 7 5
23 71 16
97 20 2
36 10 20
96 61 7
55 23 13
13 63 2
99 66 7
71 4 9
16 68 9
57 69 5
76 82 2
29 7 20
48 20 19
15 72 13
18 77 14
6 23 9
92 63 9
50 66 9
69 79 6
8 69 7
27 82 9
25 9 6
66 10 20
11 74 17
85 23 10
30 87 3
24 13 5
43 26 17
84 64 13
87 69 7
1 29 9
59 7 7
4 71 12
78 20 14
45 72 17
64 85 18
17 10 11
36 23 14
77 24 5
96 74 16
22 88 2
80 29 9
99 79 7
38 69 13
57 82 1
98 83 19
15 85 6
54 13 9
73 26 9
18 90 13
31 29 14
91 80 3
75 72 11
8 82 11
94 85 12
66 23 5
11 87 17
52 88 16
24 26 4
10 91 2
84 77 18
43 39 6
1 42 3
87 82 7
45 85 1
64 98 6
17 23 16
58 24 16
3 88 16
77 37 6
61 29 14
80 42 6
19 32 16
38 82 8
79 83 2
98 96 10
82 88 13
54 26 11
40 91 14
73 39 16
12 29 15
31 42 6
72 43 19
91 93 19
75 85 3
94 98 7
88 24 4
33 88 13
46 27 3
65 40 7
49 32 9
68 45 16
67 86 9
26 48 18
86 99 15
70 91 4
58 37 19
42 29 7
61 42 15
0 32 2
19 45 8
79 96 7
63 88 15
21 91 15
95 40 8
12 42 7
53 43 19
72 56 8
56 48 8
88 37 17
5 2 7
46 40 14
65 53 16
49 45 14
68 58 5
7 48 1
26 61 20
67 99 10
39 0 10
9 94 13
83 43 14
0 45 12
41 46 6
60 59 17
51 10 15
35 2 18
95 53 5
34 43 3
53 56 15
37 48 12
56 61 1
97 62 3
69 0 10
14 64 13
27 3 10
30 8 3
71 46 13
90 59 16
7 61 20
48 62 11
81 10 2
20 0 13
39 13 2
23 5 7
83 56 1
41 59 12
60 72 13
25 51 10
99 0 7
44 64 11
16 2 2
57 3 14
2 67 10
76 16 6
34 56 9
37 61 8
78 62 10
97 75 4
50 0 12
69 13 2
14 77 5
55 78 2
8 3 10
27 16 10
11 8 12
30 21 3
71 59 18
90 72 12
29 62 13
48 75 15
87 3 8
20 13 4
6 78 2
4 5 9
23 18 10
64 19 6
96 8 15
25 64 13
99 13 5
66 65 2
85 78 10
38 3 10
57 16 9
2 80 14
43 81 12
76 29 10
15 19 11
59 62 10
18 24 15
78 75 2
17 65 8
91 14 4
36 78 6
55 91 12
8 16 14
94 19 6
11 21 9
52 22 1
84 11 17
29 75 11
87 16 17
73 81 2
6 91 3
45 19 1
64 32 11
3 22 7
22 35 9
66 78 9
85 91 4
38 16 16
79 17 19
24 81 8
98 30 17
43 94 1
82 22 14
15 32 10
1 97 18
18 37 9
59 75 14
17 78 3
91 27 10
77 92 5
75 19 6
94 32 20
80 97 11
33 22 8
52 35 12
10 38 4
54 81 4
73 94 5
45 32 4
86 33 7
31 97 8
12 84 10
3 35 6
89 38 15
47 41 5
88 79 16
79 30 13
24 94 15
98 43 10
65 95 15
63 22 2
82 35 11
21 25 19
40 38 17
58 92 2
42 84 3
75 32 17
61 97 20
33 35 8
74 36 8
93 49 14
10 51 3
51 52 5
54 94 17
67 33 9
12 97 5
86 46 18
70 38 6
89 51 7
28 41 12
88 92 4
47 54 18
5 57 2
46 95 19
63 35 8
21 38 18
40 51 3
81 52 18
72 3 10
39 55 17
42 97 9
74 49 11
93 62 12
13 39 9
32 52 15
51 65 16
16 44 4
35 57 15
67 46 3
34 98 15
70 51 2
9 41 16
28 54 10
69 55 7
60 6 18
5 70 20
2 1 20
62 52 5
81 65 7
20 55 14
39 68 3
23 60 19
97 9 8
14 11 10
96 50 4
55 12 19
13 52 1
99 55 7
32 65 10
16 57 14
90 6 16
35 70 6
76 71 9
48 9 19
92 52 11
6 12 17
9 54 7
50 55 6
69 68 12
41 6 17
8 58 14
27 71 11
11 63 6
85 12 14
30 76 3
44 11 5
2 14 13
43 15 2
62 65 1
20 68 15
4 60 5
78 9 4
23 73 11
97 22 14
64 74 18
36 12 9
55 25 6
96 63 2
99 68 6
71 6 17
38 58 14
57 71 2
76 84 11
29 9 11
15 74 14
73 15 8
18 79 18
92 65 11
6 25 14
50 68 11
91 69 15
8 71 9
94 74 20
27 84 1
66 12 10
11 76 10
85 25 14
30 89 16
24 15 3
43 28 15
84 66 2
1 31 12
87 71 4
59 9 19
4 73 15
45 74 19
64 87 4
17 12 11
36 25 1
3 77 9
22 90 5
77 26 6
80 31 16
38 71 4
57 84 2
98 85 10
15 87 11
54 15 16
73 28 7
18 92 10
12 18 5
91 82 16
75 74 15
94 87 14
33 77 4
66 25 13
52 90 18
24 28 7
65 29 3
84 79 18
10 93 3
87 84 4
1 44 1
45 87 14
86 88 8
58 26 8
3 90 18
89 93 19
77 39 3
42 18 10
61 31 13
80 44 7
19 34 13
79 85 1
63 77 3
82 90 6
54 28 8
95 29 20
40 93 9
12 31 17
31 44 13
72 45 7
75 87 16
88 26 4
33 90 13
46 29 18
65 42 13
49 34 12
68 47 15
67 88 16
26 50 20
70 93 7
58 39 5
42 31 6
28 96 17
61 44 8
0 34 10
19 47 18
79 98 14
63 90 8
21 93 6
95 42 3
34 32 3
53 45 8
72 58 11
56 50 20
88 39 20
47 1 20
14 53 11
46 42 7
5 4 16
49 47 2
90 48 12
7 50 11
26 63 2
39 2 20
9 96 5
83 45 3
0 47 12
41 48 12
60 61 15
44 53 16
35 4 15
76 5 5
34 45 19
53 58 14
37 50 20
56 63 8
97 64 14
69 2 11
14 66 19
27 5 15
71 48 8
30 10 10
90 61 10
48 64 16
20 2 10
6 67 7
39 15 2
23 7 4
83 58 10
41 61 8
25 53 17
99 2 9
44 66 18
16 4 17
57 5 12
2 69 20
76 18 14
15 8 5
18 13 7
59 51 10
78 64 8
97 77 20
50 2 9
36 67 1
69 15 6
55 80 1
8 5 19
27 18 6
11 10 20
30 23 17
71 61 1
84 0 6
29 64 16
48 77 19
87 5 8
6 80 13
4 7 7
45 8 19
64 21 17
22 24 1
25 66 11
66 67 9
99 15 4
85 80 8
38 5 5
57 18 16
98 19 19
2 82 15
43 83 6
15 21 9
1 86 9
18 26 16
59 64 15
78 77 13
17 67 20
91 16 3
36 80 2
55 93 18
75 8 17
8 18 19
94 21 13
11 23 1
52 24 11
10 27 9
84 13 4
87 18 18
73 83 6
45 21 2
31 86 1
64 34 3
3 24 6
22 37 1
66 80 8
38 18 5
79 19 19
24 83 4
98 32 9
43 96 19
82 24 16
1 99 11
40 27 13
17 80 17
91 29 19
58 81 11
77 94 4
75 21 15
94 34 2
61 86 17
80 99 20
33 24 11
52 37 14
93 38 3
10 40 8
54 83 1
73 96 20
67 22 19
12 86 16
86 35 18
31 99 14
70 27 1
3 37 16
89 40 20
88 81 9
47 43 9
5 46 19
24 96 15
65 97 3
79 32 2
63 24 7
82 37 16
21 27 10
58 94 8
42 86 10
61 99 16
0 89 6
74 38 11
33 37 1
93 51 9
32 41 11
51 54 7
35 46 18
95 97 15
67 35 11
12 99 1
86 48 5
70 40 7
89 53 14
9 30 6
28 43 16
47 56 17
88 94 18
46 97 1
5 59 14
63 37 1
21 40 6
62 41 9
81 54 8
39 57 1
42 99 10
14 0 16
74 51 6
13 41 20
32 54 11
51 67 13
16 46 13
35 59 19
92 41 10
9 43 20
28 56 13
69 57 16
60 8 14
27 60 12
44 0 9
30 65 18
2 3 6
62 54 6
81 67 2
20 57 17
39 70 17
4 49 5
23 62 13
97 11 14
36 1 17
96 52 10
55 14 3
13 54 2
99 57 5
16 59 10
57 60 18
90 8 14
76 73 18
48 11 8
6 14 19
92 54 12
50 57 6
69 70 11
8 60 3
27 73 20
25 0 15
66 1 6
11 65 3
85 14 9
30 78 15
2 16 19
84 55 6
43 17 5
87 60 7
20 70 13
4 62 8
78 11 10
23 75 1
64 76 14
17 1 7
36 14 19
96 65 19
22 79 11
55 27 19
99 70 7
38 60 6
57 73 15
76 86 10
29 11 20
15 76 1
73 17 12
18 81 8
50 70 20
91 71 13
8 73 16
94 76 7
66 14 2
11 78 5
85 27 17
52 79 1
24 17 9
84 68 19
43 30 1
87 73 8
1 33 4
59 11 3
45 76 17
64 89 11
17 14 18
58 15 20
3 79 10
77 28 17
22 92 2
61 20 3
80 33 17
38 73 15
79 74 4
98 87 20
82 79 3
15 89 13
54 17 17
73 30 13
18 94 2
12 20 4
31 33 14
91 84 9
75 76 11
94 89 5
88 15 15
33 79 20
52 92 17
24 30 7
65 31 5
10 95 1
68 36 6
1 46 9
45 89 7
86 90 20
58 28 6
3 92 3
77 41 5
89 95 4
42 20 6
61 33 3
47 98 18
80 46 2
19 36 10
79 87 15
63 79 4
82 92 6
54 30 8
95 31 14
21 82 11
40 95 4
12 33 6
72 47 10
75 89 19
88 28 14
33 92 15
74 93 6
46 31 15
65 44 13
49 36 13
68 49 7
7 39 6
26 52 13
67 90 19
70 95 16
42 33 6
83 34 17
28 98 15
0 36 12
19 49 1
60 50 20
63 92 9
51 1 15
21 95 6
95 44 15
53 47 3
72 60 12
37 39 11
56 52 5
14 55 8
46 44 1
5 6 3
13 96 19
90 50 6
7 52 10
81 1 6
26 65 1
39 4 16
9 98 16
83 47 19
41 50 13
60 63 11
44 55 12
32 1 2
35 6 16
76 7 5
2 58 15
34 47 13
37 52 12
56 65 18
97 66 1
69 4 19
14 68 7
55 69 3
27 7 17
71 50 5
30 12 9
90 63 4
62 1 20
29 53 9
48 66 13
20 4 4
6 69 13
23 9 2
64 10 20
41 63 14
25 55 13
99 4 3
44 68 10
85 69 11
57 7 14
2 71 15
76 20 15
15 10 18
18 15 15
92 1 17
59 53 9
78 66 19
97 79 10
50 4 3
91 5 7
36 69 18
55 82 19
8 7 16
94 10 1
27 20 4
11 12 2
30 25 19
71 63 6
84 2 14
29 66 12
48 79 6
87 7 20
6 82 19
4 9 13
45 10 9
64 23 2
3 13 9
22 26 17
66 69 9
85 82 18
38 7 3
57 20 5
98 21 17
43 85 2
24 72 4
15 23 4
1 88 11
59 66 15
18 28 3
17 69 2
91 18 2
36 82 18
77 83 4
75 10 3
94 23 2
80 88 17
33 13 9
52 26 5
84 15 7
10 29 4
54 72 10
87 20 17
73 85 4
45 23 17
86 24 17
31 88 11
3 26 9
89 29 1
22 39 17
66 82 9
79 21 12
24 85 14
98 34 12
43 98 14
63 13 15
82 26 6
40 29 1
17 82 4
58 83 12
77 96 6
75 23 19
61 88 1
33 26 9
19 91 7
52 39 4
93 40 18
10 42 4
51 43 4
54 85 14
73 98 13
67 24 15
12 88 18
86 37 9
70 29 16
89 42 18
28 32 9
47 45 1
88 83 14
46 86 8
5 48 14
65 99 11
79 34 12
63 26 18
82 39 8
49 91 7
21 29 12
40 42 16
81 43 12
58 96 6
42 88 3
0 91 16
74 40 11
93 53 12
32 43 6
51 56 17
35 48 7
95 99 15
67 37 14
70 42 2
9 32 18
28 45 20
88 96 8
47 58 5
5 61 14
46 99 6
21 42 4
62 43 11
81 56 19
20 46 14
39 59 4
23 51 3
97 0 8
14 2 13
74 53 12
13 43 16
32 56 5
16 48 2
35 61 9
76 62 4
48 0 18
6 3 2
92 43 7
9 45 18
50 46 6
69 59 13
27 62 9
44 2 12
85 3 17
30 67 13
2 5 16
62 56 20
20 59 9
39 72 11
4 51 4
78 0 15
23 64 16
97 13 17
36 3 12
55 16 16
96 54 20
13 56 12
99 59 16
16 61 17
57 62 15
76 75 13
29 0 6
48 13 14
15 65 3
6 16 18
18 70 16
92 56 17
50 59 14
69 72 20
8 62 17
27 75 18
25 2 14
66 3 11
11 67 4
85 16 7
30 80 4
2 18 10
84 57 14
43 19 17
87 62 7
1 22 6
59 0 2
4 64 16
78 13 5
45 65 1
64 78 3
17 3 17
36 16 2
22 81 6
96 67 11
99 72 11
38 62 10
57 75 12
98 76 10
15 78 18
54 6 8
73 19 16
18 83 2
31 22 14
91 73 8
75 65 8
8 75 15
94 78 8
66 16 1
11 80 10
52 81 11
24 19 8
43 32 10
84 70 5
87 75 19
1 35 17
45 78 20
64 91 6
17 16 10
58 17 7
3 81 16
77 30 14
22 94 3
61 22 4
80 35 4
38 75 3
79 76 14
98 89 12
82 81 16
54 19 1
40 84 3
73 32 17
12 22 1
31 35 18
91 86 13
75 78 1
94 91 8
88 17 20
33 81 6
52 94 3
93 95 20
65 33 17
10 97 2
68 38 9
67 79 14
26 41 15
86 92 8
70 84 17
58 30 8
89 97 18
3 94 10
42 22 9
61 35 20
80 48 14
0 25 13
19 38 11
79 89 10
63 81 11
82 94 15
21 84 7
95 33 18
40 97 6
12 35 13
53 36 11
72 49 16
56 41 20
88 30 16
33 94 14
74 95 8
46 33 1
32 98 2
65 46 3
49 38 1
68 51 9
7 41 5
67 92 4
26 54 3
70 97 17
9 87 13
83 36 18
42 35 18
0 38 12
19 51 10
60 52 15
63 94 9
51 3 1
21 97 1
95 46 10
62 98 10
34 36 20
53 49 2
72 62 8
37 41 4
56 54 6
14 57 18
13 98 1
30 1 9
90 52 9
7 54 9
48 55 15
81 3 17
92 98 16
39 6 10
83 49 14
41 52 10
60 65 19
25 44 4
44 57 13
2 60 14
76 9 16
34 49 15
37 54 10
78 55 2
97 68 18
69 6 10
14 70 2
55 71 15
27 9 20
11 1 2
30 14 18
71 52 15
90 65 1
29 55 2
48 68 11
20 6 1
6 71 11
23 11 15
64 12 2
22 15 20
96 1 17
41 65 10
25 57 14
99 6 9
44 70 5
85 71 1
57 9 11
2 73 6
43 74 18
76 22 20
15 12 20
59 55 2
18 17 6
78 68 19
97 81 3
50 6 11
91 7 4
36 71 2
17 58 18
55 84 17
8 9 14
94 12 13
11 14 15
52 15 8
84 4 19
29 68 11
87 9 16
73 74 8
6 84 14
45 12 15
64 25 15
3 15 3
22 28 9
66 71 13
85 84 18
38 9 15
79 10 5
24 74 19
98 23 19
43 87 10
82 15 16
15 25 1
1 90 10
18 30 1
59 68 8
17 71 7
91 20 18
36 84 2
77 85 8
75 12 5
94 25 9
80 90 15
33 15 5
52 28 6
10 31 6
54 74 20
73 87 13
45 25 3
86 26 2
31 90 3
12 77 16
3 28 18
89 31 16
47 34 4
66 84 15
79 23 1
24 87 8
98 36 8
65 88 19
63 15 7
82 28 12
68 93 20
21 18 18
40 31 19
58 85 2
77 98 3
75 25 17
42 77 5
61 90 17
33 28 10
74 29 12
19 93 13
93 42 10
10 44 10
51 45 8
54 87 7
95 88 15
67 26 9
12 90 7
86 39 12
70 31 4
89 44 16
28 34 5
88 85 9
46 88 2
5 50 17
63 28 8
49 93 20
21 31 20
7 96 19
40 44 15
81 45 13
39 48 16
58 98 20
42 90 13
0 93 6
74 42 12
93 55 3
13 32 3
32 45 12
51 58 11
16 37 20
35 50 19
67 39 13
26 1 8
34 91 9
37 96 16
70 44 20
9 34 7
28 47 7
69 48 14
88 98 8
5 63 10
62 45 10
81 58 8
20 48 15
39 61 1
23 53 16
97 2 8
14 4 6
96 43 5
55 5 6
13 45 18
99 48 15
32 58 19
16 50 1
35 63 10
76 64 10
48 2 5
92 45 11
6 5 10
9 47 17
50 48 8
69 61 12
8 51 13
27 64 7
11 56 19
85 5 15
44 4 6
30 69 16
2 7 20
62 58 4
20 61 14
4 53 9
78 2 2
23 66 4
97 15 14
64 67 5
36 5 17
96 56 17
55 18 6
99 61 12
38 51 7
57 64 1
76 77 19
29 2 9
15 67 13
92 58 3
18 72 18
6 18 12
50 61 4
91 62 7
8 64 15
94 67 4
27 77 10
66 5 14
11 69 3
85 18 11
30 82 2
24 8 2
84 59 11
43 21 20
1 24 10
87 64 9
59 2 19
4 66 1
45 67 6
64 80 5
17 5 16
36 18 18
3 70 3
22 83 16
77 19 18
80 24 4
38 64 1
57 77 13
98 78 10
15 80 18
54 8 13
73 21 6
18 85 1
31 24 1
91 75 12
75 67 2
94 80 13
66 18 6
33 70 10
52 83 6
24 21 7
10 86 6
43 34 10
84 72 19
87 77 5
1 37 9
45 80 16
86 81 2
58 19 14
3 83 18
89 86 10
22 96 16
77 32 7
61 24 17
80 37 18
19 27 11
79 78 11
98 91 1
63 70 6
82 83 13
54 21 9
40 86 8
12 24 18
31 37 13
72 38 4
75 80 6
88 19 17
33 83 8
52 96 16
93 97 18
46 22 17
65 35 16
10 99 8
49 27 12
68 40 8
26 43 6
67 81 12
86 94 15
70 86 15
58 32 2
89 99 8
42 24 19
61 37 13
0 27 9
19 40 7
79 91 9
63 83 8
82 96 1
21 86 20
95 35 20
40 99 3
12 37 9
53 38 18
72 51 11
56 43 12
88 32 2
14 46 20
74 97 2
46 35 19
65 48 9
49 40 15
68 53 5
7 43 15
26 56 12
67 94 10
70 99 11
9 89 19
83 38 10
0 40 4
60 54 12
44 46 1
21 99 20
34 38 12
53 51 4
37 43 20
97 57 8
14 59 3
30 3 7
71 41 13
90 54 4
7 56 13
48 57 9
6 60 3
39 8 19
23 0 15
83 51 14
41 54 9
60 67 2
25 46 6
44 59 18
2 62 1
76 11 6
15 1 7
34 51 1
18 6 8
37 56 9
78 57 16
97 70 11
69 8 12
36 60 7
55 73 3
27 11 18
11 3 18
30 16 3
71 54 12
90 67 18
29 57 19
48 70 3
6 73 2
4 0 7
45 1 17
64 14 3
96 3 6
22 17 10
25 59 15
66 60 20
99 8 19
85 73 18
57 11 6
98 12 9
43 76 17
2 75 7
15 14 15
1 79 19
18 19 9
59 57 18
78 70 6
17 60 13
91 9 2
36 73 1
55 86 8
75 1 11
8 11 2
94 14 17
11 16 16
52 17 3
10 20 5
84 6 13
29 70 10
87 11 12
73 76 11
45 14 13
64 27 14
31 79 6
3 17 16
22 30 20
66 73 12
85 86 16
38 11 13
79 12 18
24 76 8
98 25 8
43 89 1
82 17 2
1 92 7
40 20 1
59 70 2
17 73 1
91 22 4
58 74 1
77 87 15
75 14 15
61 79 19
94 27 2
80 92 13
33 17 2
52 30 5
93 31 11
10 33 1
54 76 13
73 89 14
67 15 13
12 79 15
86 28 9
31 92 2
70 20 11
3 30 19
89 33 5
88 74 20
47 36 4
79 25 7
24 89 15
65 90 18
63 17 8
82 30 10
68 95 6
21 20 6
40 33 1
26 98 19
58 87 10
42 79 12
61 92 2
33 30 3
74 31 16
19 95 4
93 44 20
0 82 19
32 34 13
51 47 11
35 39 11
54 89 4
95 90 15
67 28 6
12 92 16
86 41 11
53 93 11
70 33 16
89 46 6
56 98 15
9 23 4
28 36 5
47 49 1
88 87 11
46 90 19
5 52 8
63 30 1
49 95 2
21 33 17
62 34 6
7 98 15
81 47 8
39 50 8
42 92 13
83 93 5
0 95 18
74 44 7
13 34 19
32 47 20
51 60 11
16 39 18
35 52 7
34 93 9
92 34 15
37 98 2
9 36 19
28 49 12
69 50 1
60 1 19
62 47 6
81 60 1
20 50 7
39 63 1
4 42 13
23 55 14
97 4 3
14 6 3
55 7 14
96 45 13
13 47 11
99 50 16
16 52 4
90 1 6
57 53 18
76 66 18
48 4 7
6 7 20
92 47 2
69 63 4
8 53 5
27 66 6
11 58 19
85 7 15
30 71 9
44 6 12
2 9 17
84 48 13
43 10 1
87 53 4
20 63 19
4 55 3
78 4 5
23 68 9
97 17 13
64 69 18
36 7 11
96 58 15
55 20 20
99 63 19
38 53 1
57 66 3
76 79 16
29 4 11
15 69 12
73 10 16
6 20 20
18 74 5
50 63 12
91 64 16
8 66 3
94 69 14
66 7 20
11 71 1
85 20 15
24 10 7
84 61 4
43 23 9
1 26 12
87 66 8
59 4 4
45 69 17
64 82 20
17 7 2
3 72 6
77 21 19
22 85 11
36 20 14
80 26 15
38 66 3
79 67 15
98 80 20
82 72 20
15 82 7
54 10 14
73 23 19
18 87 4
12 13 16
31 26 19
91 77 10
75 69 7
94 82 17
33 72 1
52 85 15
24 23 19
65 24 20
10 88 9
68 29 18
1 39 11
45 82 15
86 83 17
58 21 18
3 85 14
89 88 2
77 34 5
22 98 11
42 13 9
61 26 10
80 39 5
19 29 3
79 80 12
98 93 15
63 72 8
82 85 13
54 23 10
95 24 3
40 88 1
12 26 18
31 39 9
72 40 12
75 82 7
88 21 20
33 85 5
74 86 5
93 99 16
46 24 19
65 37 20
49 29 12
68 42 5
7 32 8
26 45 6
67 83 6
86 96 14
58 34 20
70 88 3
42 26 12
61 39 13
28 91 4
0 29 10
19 42 2
60 43 6
63 85 5
21 88 16
95 37 8
34 27 2
53 40 4
72 53 1
37 32 5
56 45 4
14 48 2
74 99 18
46 37 7
49 42 17
90 43 2
7 45 14
26 58 1
67 96 3
9 91 5
83 40 2
0 42 16
41 43 7
60 56 5
44 48 12
2 51 7
76 0 18
34 40 8
37 45 13
56 58 17
97 59 17
14 61 20
55 62 9
27 0 16
30 5 16
71 43 1
90 56 6
29 46 18
48 59 17
6 62 9
23 2 14
64 3 4
83 53 4
41 56 6
25 48 16
44 61 8
85 62 9
57 0 12
2 64 16
76 13 1
15 3 11
59 46 17
18 8 7
78 59 19
97 72 3
36 62 11
55 75 3
8 0 19
94 3 13
27 13 18
11 5 7
30 18 20
71 56 12
29 59 19
48 72 12
87 0 11
6 75 18
4 2 18
45 3 19
64 16 18
3 6 3
22 19 9
25 61 10
66 62 19
85 75 15
38 0 13
57 13 8
98 14 20
43 78 12
24 65 14
15 16 15
1 81 13
18 21 14
78 72 3
17 62 20
91 11 1
36 75 12
77 76 3
75 3 3
94 16 9
80 81 10
33 6 17
52 19 18
10 22 6
84 8 3
54 65 19
87 13 8
73 78 15
45 16 14
86 17 7
31 81 14
3 19 9
89 22 18
22 32 10
66 75 3
79 14 12
24 78 6
98 27 11
43 91 17
63 6 17
82 19 2
1 94 11
40 22 12
17 75 8
58 76 9
77 89 9
75 16 4
61 81 8
80 94 11
33 19 11
52 32 4
93 33 15
19 84 1
10 35 4
54 78 2
73 91 7
67 17 15
12 81 8
86 30 19
31 94 17
72 95 18
70 22 6
89 35 20
28 25 8
47 38 20
88 76 16
5 41 14
79 27 4
65 92 14
46 79 5
63 19 5
82 32 1
49 84 18
68 97 9
21 22 11
40 35 7
81 36 15
58 89 13
42 81 17
61 94 7
0 84 18
74 33 7
19 97 11
93 46 19
32 36 18
51 49 13
35 41 8
95 92 13
67 30 14
12 94 18
53 95 10
70 35 16
9 25 10
28 38 3
47 51 16
88 89 17
5 54 13
46 92 16
49 97 14
21 35 1
62 36 18
81 49 11
20 39 1
39 52 19
42 94 5
83 95 3
0 97 14
74 46 16
41 98 8
13 36 3
32 49 17
16 41 19
35 54 7
34 95 10
92 36 15
9 38 1
50 39 2
69 52 9
60 3 4
27 55 11
30 60 9
71 98 16
62 49 5
20 52 20
39 65 3
4 44 5
23 57 14
97 6 11
55 9 10
96 47 17
13 49 12
99 52 10
16 54 3
57 55 18
76 68 8
48 6 5
92 49 7
6 9 6
50 52 11
69 65 11
8 55 20
27 68 5
11 60 11
85 9 10
30 73 3
2 11 11
43 12 15
84 50 1
1 15 14
87 55 17
4 57 13
78 6 3
64 71 19
36 9 9
22 74 2
55 22 17
96 60 20
99 65 4
38 55 6
57 68 20
98 69 19
29 6 18
15 71 16
73 12 18
18 76 8
31 15 19
91 66 4
75 58 3
8 68 1
94 71 17
66 9 2
11 73 4
52 74 15
85 22 15
24 12 2
43 25 15
84 63 5
1 28 9
87 68 15
45 71 5
64 84 15
17 9 19
58 10 14
3 74 11
77 23 16
22 87 12
61 15 1
80 28 17
38 68 4
79 69 20
98 82 16
82 74 9
54 12 13
73 25 7
18 89 13
12 15 10
31 28 11
91 79 10
75 71 20
94 84 7
88 10 13
33 74 11
52 87 2
24 25 18
65 26 2
10 90 17
68 31 16
67 72 5
26 34 6
86 85 18
58 23 1
3 87 1
89 90 9
77 36 1
42 15 5
61 28 12
47 93 10
80 41 7
0 18 9
19 31 8
79 82 1
63 74 15
82 87 1
54 25 19
95 26 14
40 90 1
21 77 3
12 28 6
53 29 12
72 42 9
56 34 12
88 23 17
33 87 16
74 88 16
46 26 2
65 39 20
49 31 10
68 44 13
7 34 1
26 47 10
67 85 10
86 98 11
70 90 1
42 28 5
83 29 4
28 93 2
0 31 6
19 44 8
60 45 3
63 87 15
21 90 11
95 39 9
34 29 19
53 42 7
72 55 9
37 34 14
56 47 19
14 50 10
13 91 18
46 39 17
16 96 15
90 45 5
49 44 10
7 47 4
92 91 2
9 93 10
83 42 10
41 45 16
60 58 7
25 37 8
44 50 4
2 53 10
76 2 11
34 42 18
37 47 17
78 48 8
97 61 16
14 63 6
55 64 3
27 2 10
30 7 3
71 45 8
90 58 8
29 48 15
48 61 17
6 64 2
23 4 9
64 5 2
41 58 12
25 50 5
44 63 18
85 64 6
57 2 13
2 66 20
76 15 16
43 67 14
15 5 3
59 48 20
18 10 19
78 61 15
97 74 19
17 51 8
91 0 12
36 64 14
55 77 19
8 2 20
94 5 5
11 7 1
52 8 6
71 58 1
29 61 13
87 2 4
73 67 1
6 77 7
45 5 12
64 18 11
3 8 4
22 21 8
66 64 13
85 77 15
38 2 14
79 3 3
24 67 17
98 16 2
43 80 4
82 8 1
15 18 5
1 83 19
18 23 15
59 61 13
17 64 16
91 13 17
36 77 18
77 78 16
75 5 13
94 18 8
80 83 4
33 8 17
52 21 16
10 24 19
54 67 9
73 80 3
45 18 7
86 19 16
31 83 16
12 70 20
3 21 8
89 24 8
66 77 16
79 16 16
24 80 18
98 29 19
65 81 9
63 8 18
82 21 17
68 86 8
1 96 13
21 11 18
40 24 1
58 78 5
77 91 15
42 70 1
75 18 7
61 83 18
80 96 7
33 21 6
74 22 3
19 86 18
93 35 10
10 37 9
51 38 16
54 80 18
95 81 7
67 19 13
12 83 4
86 32 9
31 96 5
72 97 18
70 24 1
89 37 17
28 27 5
47 40 2
88 78 2
5 43 15
46 81 14
65 94 1
63 21 15
49 86 6
68 99 10
21 24 19
40 37 20
81 38 6
7 89 19
58 91 5
42 83 3
61 96 11
0 86 9
74 35 2
19 99 15
93 48 5
13 25 11
32 38 12
35 43 13
95 94 19
67 32 16
34 84 2
53 97 4
70 37 9
37 89 5
9 27 10
28 40 8
88 91 11
46 94 7
5 56 13
49 99 10
62 38 11
81 51 16
20 41 14
39 54 16
23 46 3
83 97 17
96 36 8
0 99 11
13 38 20
99 41 13
32 51 19
16 43 13
35 56 13
76 57 14
34 97 15
92 38 10
9 40 15
50 41 19
69 54 1
27 57 5
30 62 4
2 0 12
62 51 16
20 54 2
39 67 19
4 46 12
23 59 19
97 8 13
96 49 15
55 11 3
99 54 18
38 44 9
76 70 12
15 60 8
48 8 2
18 65 19
92 51 17
6 11 5
50 54 11
91 55 20
8 57 10
27 70 13
11 62 15
85 11 14
30 75 13
24 1 15
43 14 7
84 52 8
1 17 10
87 57 15
4 59 13
45 60 2
78 8 10
64 73 14
36 11 8
77 12 11
22 76 7
80 17 14
38 57 13
57 70 12
98 71 20
15 73 17
54 1 8
73 14 16
18 78 4
31 17 12
91 68 15
75 60 13
94 73 7
66 11 5
11 75 15
52 76 4
24 14 12
10 79 16
43 27 10
84 65 14
1 30 16
87 70 15
45 73 5
64 86 2
17 11 12
58 12 9
3 76 20
77 25 19
22 89 20
61 17 5
80 30 2
19 20 7
79 71 11
98 84 3
82 76 6
54 14 7
73 27 14
40 79 14
12 17 2
31 30 3
72 31 15
75 73 17
88 12 17
33 76 17
52 89 1
93 90 6
46 15 10
65 28 20
10 92 6
49 20 2
68 33 7
26 36 17
67 74 6
86 87 11
58 25 6
70 79 19
89 92 6
3 89 2
42 17 15
61 30 2
47 95 14
0 20 1
19 33 16
5 98 12
79 84 5
63 76 5
82 89 10
21 79 5
95 28 5
40 92 3
12 30 5
53 31 10
72 44 16
56 36 7
88 25 15
14 39 10
74 90 6
33 89 15
46 28 13
65 41 12
32 93 2
49 33 20
68 46 1
35 98 15
7 36 7
67 87 20
26 49 1
70 92 15
42 30 7
83 31 19
28 95 19
9 82 17
0 33 4
41 34 7
60 47 7
44 39 3
21 92 7
95 41 7
62 93 16
34 31 18
53 44 14
37 36 1
56 49 6
97 50 19
14 52 5
13 93 12
71 34 7
16 98 15
90 47 14
7 49 14
48 50 13
6 53 13
92 93 7
39 1 6
9 95 19
83 44 17
41 47 15
25 39 6
44 52 6
2 55 14
76 4 12
34 44 13
37 49 7
78 50 13
97 63 20
69 1 15
36 53 7
55 66 15
27 4 10
30 9 5
71 47 18
90 60 2
29 50 16
48 63 1
6 66 6
64 7 16
22 10 17
25 52 2
66 53 10
99 1 14
85 66 13
57 4 16
2 68 5
43 69 5
98 5 7
15 7 8
1 72 14
59 50 2
18 12 16
78 63 10
17 53 8
91 2 10
36 66 13
55 79 5
8 4 13
94 7 14
11 9 18
52 10 19
29 63 1
87 4 4
73 69 8
45 7 16
64 20 20
31 72 10
3 10 12
22 23 16
85 79 3
38 4 1
79 5 10
24 69 6
98 18 12
43 82 19
82 10 9
1 85 1
59 63 11
17 66 20
91 15 5
58 67 4
77 80 19
75 7 1
61 72 8
94 20 18
80 85 15
33 10 18
52 23 20
10 26 15
54 69 9
73 82 16
67 8 4
12 72 18
86 21 17
31 85 14
70 13 4
3 23 9
89 26 11
47 29 17
88 67 5
79 18 9
24 82 12
65 83 20
63 10 8
82 23 20
68 88 15
21 13 13
40 26 18
58 80 18
77 93 14
42 72 11
61 85 16
80 98 7
0 75 14
74 24 13
33 23 6
19 88 15
93 37 20
10 39 1
51 40 1
54 82 5
95 83 12
67 21 12
12 85 14
53 86 18
86 34 18
72 99 15
70 26 6
56 91 17
89 39 18
28 29 11
88 80 13
47 42 12
46 83 1
5 45 12
65 96 1
63 23 17
49 88 13
21 26 15
62 27 18
7 91 6
81 40 2
39 43 20
42 85 13
83 86 16
0 88 15
74 37 19
13 27 13
32 40 9
51 53 1
16 32 17
35 45 4
95 96 9
34 86 6
53 99 18
92 27 5
37 91 5
9 29 18
28 42 7
69 43 17
5 58 10
46 96 17
62 40 8
81 53 1
20 43 8
39 56 12
23 48 11
83 99 8
55 0 19
96 38 18
25 94 2
13 40 2
99 43 13
16 45 13
35 58 5
76 59 9
34 99 13
6 0 3
92 40 1
50 43 14
69 56 12
8 46 4
27 59 11
11 51 19
85 0 1
30 64 5
84 41 14
43 3 10
20 56 4
4 48 16
23 61 19
97 10 20
64 62 12
36 0 8
55 13 17
96 51 15
99 56 2
38 46 12
57 59 20
76 72 17
15 62 14
73 3 15
6 13 12
18 67 11
50 56 6
91 57 20
8 59 18
94 62 13
27 72 18
66 0 6
11 64 19
85 13 9
30 77 7
24 3 15
84 54 5
43 16 2
87 59 9
1 19 7
4 61 18
45 62 2
64 75 14
17 0 15
3 65 7
77 14 11
22 78 18
36 13 2
80 19 18
38 59 5
57 72 7
98 73 2
15 75 9
54 3 5
73 16 5
18 80 11
12 6 18
31 19 2
91 70 7
75 62 16
94 75 13
66 13 10
33 65 11
52 78 20
24 16 1
65 17 4
10 81 13
68 22 13
1 32 9
45 75 11
86 76 20
58 14 9
3 78 18
89 81 11
77 27 17
22 91 18
42 6 1
61 19 9
80 32 11
19 22 10
79 73 8
98 86 5
63 65 14
82 78 9
54 16 12
95 17 1
40 81 3
12 19 7
31 32 18
72 33 7
88 14 14
33 78 19
52 91 12
93 92 2
46 17 7
65 30 6
10 94 20
51 95 2
49 22 10
68 35 4
7 25 18
26 38 16
67 76 8
86 89 16
58 27 20
70 81 7
89 94 7
42 19 18
28 84 5
61 32 16
47 97 3
0 22 13
19 35 4
60 36 10
63 78 18
82 91 17
21 81 11
95 30 2
40 94 5
81 95 14
34 20 11
53 33 20
72 46 9
37 25 20
56 38 2
14 41 4
88 27 2
74 92 5
46 30 1
32 95 14
49 35 2
90 36 16
7 38 4
67 89 12
26 51 14
70 94 15
9 84 4
83 33 18
28 97 9
0 35 2
41 36 5
60 49 20
44 41 4
2 44 8
21 94 12
62 95 15
34 33 19
20 98 19
53 46 4
37 38 11
56 51 11
97 52 5
14 54 17
13 95 16
71 36 17
90 49 3
29 39 19
48 52 19
6 55 15
92 95 9
9 97 14
50 98 13
83 46 19
41 49 6
25 41 18
44 54 7
85 55 2
2 57 19
76 6 6
18 1 16
59 39 14
78 52 9
97 65 8
36 55 15
55 68 3
27 6 7
71 49 17
30 11 11
29 52 2
48 65 3
6 68 7
64 9 8
22 12 16
25 54 4
66 55 1
85 68 17
57 6 5
98 7 4
43 71 20
24 58 18
15 9 9
1 74 11
59 52 8
18 14 6
78 65 3
17 55 9
91 4 17
36 68 20
77 69 14
94 9 13
80 74 10
52 12 14
84 1 10
10 15 7
87 6 16
54 58 8
73 71 12
45 9 9
86 10 20
31 74 5
3 12 6
22 25 12
66 68 5
79 7 4
24 71 7
98 20 16
43 84 1
82 12 16
1 87 14
40 15 2
17 68 12
58 69 3
77 82 17
75 9 14
61 74 15
80 87 2
33 12 2
52 25 13
93 26 19
19 77 8
10 28 14
54 71 15
73 84 10
67 10 17
12 74 6
86 23 9
31 87 6
72 88 14
70 15 16
3 25 10
89 28 4
88 69 6
47 31 13
79 20 1
5 34 12
65 85 5
46 72 17
63 12 14
82 25 11
49 77 16
68 90 9
21 15 20
40 28 14
26 93 18
58 82 3
42 74 11
61 87 1
0 77 10
74 26 7
19 90 13
93 39 10
32 29 14
51 42 1
35 34 16
95 85 1
67 23 20
12 87 1
53 88 9
70 28 1
56 93 9
9 18 4
28 31 11
88 82 17
47 44 2
5 47 11
46 85 11
65 98 15
49 90 17
21 28 9
62 29 7
7 93 20
81 42 1
39 45 2
42 87 9
83 88 17
0 90 2
74 39 20
41 91 4
13 29 4
32 42 4
51 55 12
16 34 15
35 47 20
95 98 1
34 88 13
92 29 1
37 93 2
9 31 12
28 44 16
69 45 18
27 48 9
30 53 14
71 91 4
62 42 8
81 55 8
20 45 9
39 58 14
4 37 16
23 50 18
55 2 14
96 40 15
25 96 1
13 42 14
99 45 7
16 47 3
57 48 19
76 61 9
6 2 7
92 42 17
50 45 9
69 58 20
8 48 13
27 61 14
11 53 5
85 2 15
30 66 1
2 4 18
43 5 7
84 43 12
1 8 13
20 58 5
87 48 17
4 50 17
23 63 12
36 2 17
96 53 4
22 67 5
55 15 5
99 58 16
38 48 10
57 61 7
76 74 10
15 64 18
73 5 13
18 69 19
31 8 4
91 59 11
8 61 4
94 64 14
66 2 8
11 66 9
85 15 6
52 67 11
24 5 13
43 18 8
84 56 12
87 61 15
1 21 4
45 64 12
64 77 16
17 2 9
58 3 5
3 67 10
77 16 17
22 80 4
61 8 8
80 21 13
38 61 19
79 62 4
98 75 17
82 67 2
15 77 9
54 5 2
73 18 8
18 82 10
12 8 17
31 21 19
91 72 19
75 64 8
94 77 7
88 3 7
33 67 17
52 80 14
24 18 10
65 19 18
10 83 4
68 24 15
26 27 13
45 77 19
86 78 17
58 16 17
3 80 3
89 83 12
77 29 2
42 8 12
61 21 11
80 34 16
47 86 15
0 11 15
19 24 2
79 75 12
98 88 11
63 67 16
82 80 9
21 70 20
54 18 9
40 83 6
95 19 10
12 21 16
53 22 1
72 35 14
56 27 14
75 77 5
88 16 2
33 80 13
74 81 6
93 94 6
46 19 7
65 32 18
10 96 11
51 97 13
49 24 10
68 37 7
7 27 1
67 78 12
26 40 15
86 91 18
70 83 6
89 96 14
42 21 2
83 22 20
28 86 10
47 99 16
0 24 11
19 37 14
60 38 9
63 80 5
21 83 16
95 32 3
40 96 16
81 97 6
34 22 17
53 35 3
72 48 9
37 27 16
56 40 1
14 43 17
74 94 15
13 84 13
46 32 6
32 97 12
49 37 2
90 38 7
16 89 20
7 40 10
48 41 13
67 91 19
70 96 8
9 86 16
83 35 19
28 99 14
41 38 19
60 51 20
25 30 5
44 43 15
2 46 15
62 97 19
34 35 1
37 40 14
78 41 9
97 54 18
14 56 11
55 57 18
96 95 7
13 97 12
71 38 14
30 0 16
90 51 3
29 41 19
48 54 4
92 97 12
6 57 9
9 99 2
41 51 2
25 43 9
44 56 16
85 57 6
2 59 5
43 60 13
76 8 8
59 41 20
18 3 6
78 54 2
97 67 6
17 44 19
36 57 18
55 70 10
27 8 6
11 0 20
71 51 9
30 13 12
29 54 8
73 60 3
6 70 15
64 11 14
3 1 10
22 14 16
66 57 13
85 70 17
24 60 9
98 9 19
43 73 4
15 11 11
1 76 10
18 16 13
59 54 12
17 57 6
91 6 16
36 70 1
77 71 20
94 11 13
80 76 4
33 1 13
52 14 6
10 17 8
54 60 14
12 63 13
86 12 7
31 76 19
45 11 4
3 14 5
89 17 1
22 27 20
66 70 13
79 9 7
24 73 7
98 22 4
65 74 20
63 1 11
82 14 9
1 89 11
40 17 7
58 71 13
77 84 15
42 63 1
75 11 18
61 76 10
80 89 14
33 14 17
52 27 14
93 28 11
19 79 16
10 30 5
51 31 20
54 73 12
95 74 17
67 12 8
12 76 5
86 25 5
31 89 20
72 90 7
70 17 8
89 30 17
28 20 10
47 33 18
88 71 4
5 36 16
46 74 3
65 87 4
63 14 16
49 79 13
68 92 3
21 17 8
40 30 3
81 31 20
26 95 1
58 84 12
42 76 19
61 89 15
0 79 18
74 28 13
19 92 16
93 41 13
32 31 12
51 44 20
35 36 5
95 87 8
34 77 2
67 25 17
53 90 2
70 30 2
37 82 14
56 95 8
9 20 4
28 33 6
14 98 4
47 46 7
88 84 16
46 87 18
5 49 18
49 92 12
90 93 5
21 30 6
62 31 12
7 95 16
81 44 14
20 34 5
39 47 6
23 39 13
83 90 8
0 92 18
41 93 10
13 31 17
32 44 5
44 98 20
16 36 17
35 49 5
76 50 11
34 90 9
92 31 17
37 95 6
9 33 14
50 34 16
69 47 13
27 50 7
71 93 1
30 55 10
62 44 20
20 47 18
39 60 9
4 39 18
23 52 19
97 1 4
55 4 19
96 42 19
13 44 18
99 47 17
25 98 6
16 49 20
57 50 17
76 63 17
48 1 20
15 53 6
6 4 16
18 58 17
59 96 20
92 44 20
50 47 4
69 60 11
8 50 16
27 63 18
11 55 3
85 4 3
30 68 17
43 7 17
84 45 4
1 10 10
87 50 12
4 52 8
78 1 11
45 53 2
64 66 4
36 4 18
77 5 16
22 69 14
80 10 5
99 60 14
38 50 15
57 63 12
98 64 7
15 66 1
73 7 13
18 71 9
31 10 3
91 61 12
75 53 9
8 63 1
94 66 12
66 4 16
11 68 9
52 69 2
24 7 8
84 58 20
43 20 16
10 72 9
87 63 10
1 23 13
45 66 3
64 79 18
17 4 5
58 5 12
3 69 17
77 18 1
22 82 8
61 10 16
80 23 9
19 13 18
38 63 13
79 64 1
98 77 17
82 69 7
54 7 3
40 72 5
73 20 5
12 10 3
31 23 17
72 24 11
91 74 16
75 66 17
94 79 1
88 5 15
33 69 1
52 82 19
93 83 10
46 8 7
65 21 13
10 85 20
49 13 10
68 26 20
26 29 13
86 80 6
58 18 10
70 72 20
89 85 14
3 82 17
42 10 7
61 23 1
47 88 1
0 13 16
19 26 6
5 91 20
79 77 10
63 69 9
21 72 11
95 21 4
40 85 4
12 23 2
53 24 15
72 37 9
56 29 6
88 18 16
33 82 13
74 83 1
93 96 3
46 21 13
65 34 11
32 86 4
51 99 10
49 26 15
35 91 2
68 39 17
7 29 18
26 42 4
67 80 9
86 93 10
70 85 19
89 98 17
9 75 17
83 24 9
28 88 14
42 23 13
0 26 18
41 27 10
60 40 18
44 32 5
63 82 1
21 85 9
62 86 9
95 34 8
81 99 5
34 24 19
53 37 7
37 29 3
56 42 18
97 43 8
14 45 14
74 96 18
13 86 14
32 99 17
71 27 9
16 91 20
90 40 3
7 42 2
48 43 18
92 86 12
9 88 12
83 37 9
41 40 19
60 53 18
25 32 18
44 45 12
2 48 12
62 99 12
34 37 12
4 94 4
78 43 20
37 42 14
97 56 15
36 46 3
96 97 6
55 59 18
13 99 4
71 40 8
30 2 17
90 53 5
29 43 17
48 56 12
6 59 19
92 99 16
64 0 9
22 3 20
25 45 15
66 46 19
85 59 11
2 61 4
76 10 19
43 62 13
15 0 11
59 43 10
18 5 9
78 56 6
17 46 5
36 59 16
55 72 1
94 0 4
11 2 20
52 3 14
29 56 20
73 62 8
45 0 18
64 13 10
22 16 20
66 59 10
85 72 20
24 62 12
98 11 20
43 75 10
82 3 20
15 13 2
1 78 11
59 56 6
17 59 15
91 8 9
58 60 12
77 73 10
75 0 3
61 65 10
94 13 4
80 78 9
33 3 7
52 16 9
10 19 17
54 62 14
73 75 7
12 65 11
86 14 3
45 13 14
31 78 2
3 16 10
89 19 12
88 60 2
47 22 6
79 11 16
24 75 15
65 76 11
63 3 19
82 16 6
68 81 7
1 91 3
21 6 16
40 19 9
58 73 3
77 86 10
42 65 3
61 78 7
80 91 19
33 16 11
74 17 2
19 81 20
93 30 12
10 32 5
51 33 14
54 75 19
95 76 8
67 14 8
12 78 20
86 27 4
72 92 1
70 19 12
89 32 5
28 22 8
88 73 11
47 35 7
5 38 9
46 76 3
65 89 6
63 16 13
49 81 9
68 94 8
21 19 1
7 84 15
81 33 14
26 97 19
40 32 7
39 36 9
42 78 16
83 79 10
0 81 11
74 30 12
19 94 3
93 43 2
60 95 9
13 20 16
32 33 3
51 46 4
16 25 13
35 38 10
95 89 3
34 79 7
53 92 16
70 32 3
37 84 17
56 97 10
9 22 13
28 35 14
69 36 10
5 51 6
46 89 12
49 94 8
90 95 18
62 33 10
7 97 13
81 46 6
20 36 13
39 49 8
23 41 19
83 92 6
96 31 20
41 95 8
13 33 14
99 36 18
32 46 1
16 38 15
35 51 15
76 52 12
34 92 1
92 33 4
37 97 17
9 35 18
50 36 9
69 49 10
8 39 5
27 52 7
11 44 17
71 95 8
30 57 8
62 46 11
29 98 19
20 49 10
4 41 3
23 54 10
64 55 18
97 3 12
96 44 20
55 6 8
99 49 1
38 39 10
57 52 7
76 65 15
15 55 4
18 60 1
59 98 16
50 49 20
91 50 11
8 52 4
94 55 6
27 65 14
11 57 19
85 6 17
30 70 12
84 47 15
43 9 6
87 52 4
1 12 9
4 54 9
45 55 10
64 68 4
3 58 9
77 7 19
22 71 20
36 6 13
80 12 8
38 52 6
57 65 6
98 66 16
15 68 1
73 9 14
18 73 20
31 12 20
91 63 17
75 55 7
94 68 6
33 58 12
66 6 4
52 71 8
24 9 15
65 10 5
84 60 5
10 74 13
68 15 14
87 65 14
1 25 15
45 68 17
86 69 1
58 7 19
3 71 12
89 74 19
77 20 10
22 84 10
61 12 5
80 25 4
19 15 19
79 66 14
98 79 16
63 58 13
82 71 14
54 9 19
95 10 18
40 74 9
31 25 7
72 26 6
75 68 18
88 7 16
33 71 15
52 84 14
93 85 19
46 10 3
65 23 2
10 87 1
51 88 17
49 15 6
68 28 17
7 18 17
26 31 20
67 69 17
86 82 19
58 20 16
70 74 20
89 87 19
42 12 7
28 77 6
61 25 1
47 90 20
0 15 14
19 28 19
60 29 20
5 93 12
63 71 6
82 84 6
21 74 6
95 23 19
40 87 5
81 88 10
34 13 16
53 26 11
72 39 8
37 18 6
56 31 11
88 20 8
14 34 14
74 85 11
93 98 9
46 23 9
32 88 13
49 28 9
90 29 9
35 93 8
7 31 11
67 82 2
26 44 13
70 87 6
9 77 19
83 26 5
28 90 4
0 28 10
41 29 5
60 42 18
44 34 4
21 87 7
62 88 9
34 26 1
53 39 19
20 91 8
37 31 3
56 44 16
97 45 20
23 96 5
14 47 2
74 98 16
