100 200 1
81 76 10
25 23 19
58 65 11
4 9 1
19 55 2
48 36 13
33 63 18
59 82 1
14 86 17
67 43 9
3 49 4
50 36 8
81 14 6
10 27 19
75 99 13
72 75 17
27 6 19
56 76 12
68 59 7
95 43 10
61 20 15
35 10 5
70 59 7
11 37 7
32 28 13
55 15 17
1 44 10
28 7 1
92 10 12
11 0 11
68 52 19
94 16 12
15 46 14
68 61 3
78 93 17
50 22 13
24 3 17
89 38 4
49 57 2
14 44 18
75 94 18
35 21 13
1 28 18
0 39 9
31 72 20
22 14 13
40 84 10
36 13 11
93 10 10
48 42 10
54 92 19
65 3 11
47 34 2
96 30 8
35 78 6
56 55 7
63 70 19
30 45 5
11 96 15
71 92 5
10 51 7
93 3 7
45 73 7
12 79 12
29 95 9
74 8 20
57 56 9
24 53 4
66 13 6
23 42 2
64 43 1
32 84 5
50 99 4
18 9 19
88 83 8
7 9 18
98 93 4
10 35 4
91 63 12
99 46 5
49 45 7
40 42 7
67 90 11
78 35 1
26 70 15
25 72 16
8 31 11
37 46 15
8 40 13
54 7 2
34 4 7
79 91 16
25 35 8
68 33 13
22 11 4
58 71 3
31 32 2
87 86 3
70 15 2
55 81 1
20 96 13
33 69 10
56 34 7
41 82 10
61 30 3
78 46 6
54 46 7
36 49 14
57 17 18
53 65 3
49 13 11
31 71 1
38 22 2
69 55 16
0 47 4
11 47 13
21 15 18
84 28 14
92 11 14
7 98 6
59 26 4
55 37 15
36 88 2
90 77 20
73 6 13
17 38 8
8 35 17
76 87 10
54 2 18
3 48 17
30 99 3
39 22 20
38 24 16
89 5 1
75 52 7
31 82 4
13 98 9
9 61 7
55 21 16
21 90 5
24 52 8
73 36 10
96 77 11
10 71 10
46 3 2
99 18 10
60 29 10
83 31 20
30 37 9
26 88 10
96 52 1
18 29 15
6 94 5
75 63 20
41 70 7
74 67 8
83 15 15
55 41 5
25 7 19
10 18 3
91 92 6
82 68 18
86 50 17
49 65 13
76 91 6
31 68 10
92 54 18
78 0 14
11 99 1
66 44 8
32 42 5
44 41 18
23 18 6
79 38 6
42 53 12
64 19 1
42 62 1
72 41 14
42 7 13
99 59 14
53 37 12
11 19 4
60 97 12
92 47 15
80 54 18
59 53 10
15 92 4
73 88 6
7 33 10
91 69 13
25 48 1
64 94 4
90 67 16
46 9 6
86 45 14
6 55 20
11 30 17
9 97 18
84 11 8
61 43 19
