100 4950 1
71 29 20
16 93 18
90 42 14
29 32 14
83 39 12
41 42 8
44 47 17
2 50 1
59 32 6
4 96 4
36 48 8
55 61 5
96 99 7
29 45 6
48 58 14
25 47 3
85 61 13
98 0 20
43 64 18
15 2 15
59 45 2
78 58 19
17 48 11
94 2 18
11 4 19
54 51 18
73 64 14
31 67 6
22 18 15
66 61 7
24 64 15
98 13 4
82 5 3
1 80 10
40 8 9
61 67 17
52 18 16
10 21 8
73 77 7
67 3 11
89 21 11
79 13 5
5 27 4
65 78 3
63 5 11
40 21 13
26 86 16
58 75 19
42 67 14
33 18 19
32 22 15
51 35 2
12 80 15
53 81 9
70 21 18
89 34 11
28 24 9
88 75 1
5 40 14
49 83 17
62 22 12
7 86 11
26 99 10
42 80 9
60 97 13
13 22 13
16 27 20
95 91 8
92 22 5
37 86 5
56 99 20
9 24 9
28 37 17
27 41 8
30 46 3
90 97 6
7 99 1
20 38 8
39 51 14
96 33 1
25 89 9
16 40 6
50 38 17
69 51 3
27 54 10
11 46 18
30 59 2
84 36 3
4 43 20
96 46 1
99 51 3
18 62 1
31 1 9
50 51 19
84 49 19
77 9 11
22 73 11
61 1 10
38 54 12
79 55 4
98 68 4
15 70 8
18 75 15
31 14 13
33 60 6
52 73 12
65 12 7
68 17 7
45 70 2
86 71 6
3 73 8
89 76 9
77 22 14
61 14 15
0 4 8
19 17 6
63 60 8
21 63 7
95 12 11
40 76 20
12 14 12
72 28 3
88 9 7
33 73 19
93 87 8
65 25 4
10 89 5
51 90 16
49 17 8
7 20 17
67 71 14
42 14 7
28 79 17
60 31 6
63 73 19
21 76 13
95 25 13
40 89 6
81 90 17
34 15 2
37 20 17
56 33 17
14 36 1
32 90 20
49 30 9
16 82 11
7 33 1
26 46 17
83 28 19
69 93 3
41 31 13
60 44 7
25 23 20
44 36 6
2 39 18
62 90 14
34 28 7
20 93 2
37 33 2
23 98 17
14 49 13
96 88 16
71 31 12
16 95 20
90 44 12
48 47 10
92 90 3
41 44 7
76 1 12
97 60 11
30 6 18
38 96 3
29 47 11
6 63 11
66 50 4
85 63 12
24 53 19
57 1 16
15 4 16
94 4 14
80 69 18
52 7 17
87 1 8
73 66 4
45 4 2
3 7 9
89 10 11
66 63 6
79 2 19
24 66 13
98 15 5
43 79 12
82 7 10
40 10 9
58 64 20
61 69 3
80 82 20
33 7 18
52 20 16
93 21 10
19 72 2
10 23 12
54 66 9
31 82 9
72 83 19
70 10 6
89 23 17
47 26 6
5 29 17
79 15 3
65 80 4
63 7 6
82 20 18
40 23 6
81 24 20
58 77 10
93 34 14
32 24 10
67 18 18
12 82 12
53 83 18
28 26 17
47 39 1
14 91 14
5 42 1
65 93 16
7 88 15
39 40 7
23 32 12
74 34 19
41 86 8
60 99 16
13 24 18
44 91 20
32 37 10
16 29 5
35 42 11
76 43 6
34 83 19
92 24 11
37 88 16
9 26 9
50 27 20
69 40 20
27 43 8
71 86 14
30 48 14
90 99 12
20 40 19
39 53 18
4 32 7
23 45 7
96 35 16
41 99 19
57 43 12
76 56 1
15 46 12
50 40 13
69 53 14
27 56 13
71 99 12
84 38 4
43 0 3
87 43 11
4 45 17
45 46 17
22 62 16
38 43 20
57 56 4
98 57 15
15 59 5
52 62 2
24 0 17
10 65 5
1 16 13
45 59 20
64 72 17
3 62 2
22 75 19
61 3 14
80 16 17
38 56 14
79 57 8
40 65 19
12 3 10
94 72 4
33 62 2
93 76 18
46 1 2
65 14 13
68 19 20
26 22 16
67 60 12
58 11 19
70 65 11
89 78 20
0 6 16
63 62 9
82 75 13
72 30 17
33 75 18
74 76 8
46 14 19
32 79 11
68 32 8
7 22 11
89 91 5
9 68 7
42 16 14
28 81 3
47 94 3
63 75 5
21 78 11
62 79 4
95 27 7
53 30 4
14 38 5
13 79 16
71 20 13
16 84 17
90 33 10
35 97 18
7 35 18
9 81 3
83 30 10
28 94 10
60 46 19
62 92 20
4 87 9
97 49 18
96 90 6
99 95 14
71 33 1
16 97 18
90 46 8
29 36 11
48 49 17
6 52 11
50 95 20
44 51 4
2 54 5
76 3 8
84 93 20
59 36 12
78 49 14
36 52 7
55 65 17
29 49 10
6 65 2
64 6 6
18 11 3
59 49 17
36 65 10
77 66 11
73 68 12
86 7 13
3 9 13
47 15 12
24 68 5
40 12 18
42 58 4
75 6 17
61 71 16
10 25 4
51 26 17
95 69 3
12 71 13
86 20 18
72 85 18
70 12 5
89 25 14
47 28 4
88 66 5
63 9 10
40 25 6
81 26 13
7 77 10
26 90 2
39 29 4
61 84 13
0 74 1
19 87 8
32 26 15
16 18 3
34 72 13
67 20 1
72 98 11
37 77 6
9 15 15
46 82 2
90 88 14
7 90 15
96 24 20
41 88 14
99 29 18
32 39 16
44 93 1
76 45 16
34 85 8
9 28 3
50 29 5
8 32 7
11 37 11
30 50 5
71 88 6
29 91 5
62 39 10
64 48 17
83 98 10
96 37 4
25 93 8
15 48 11
92 39 9
27 58 6
11 50 7
30 63 14
84 40 11
1 5 8
45 48 20
64 61 12
3 51 11
22 64 5
80 5 4
38 45 17
18 66 14
31 5 12
52 64 18
24 2 20
84 53 8
10 67 2
1 18 14
3 64 3
61 5 2
80 18 11
19 8 2
98 72 6
12 5 11
75 61 10
33 64 8
93 78 17
65 16 9
49 8 1
67 62 11
70 67 12
61 18 20
19 21 12
5 86 7
79 72 11
82 77 10
53 19 1
14 27 12
51 94 1
35 86 18
68 34 6
26 37 14
67 75 16
83 19 14
28 83 5
47 96 2
0 21 19
41 22 2
62 81 6
81 94 16
34 19 12
20 84 14
37 24 18
14 40 19
13 81 19
32 94 20
16 86 9
90 35 1
6 41 1
92 81 16
9 83 15
50 84 6
83 32 12
69 97 18
25 27 8
44 40 20
78 38 16
97 51 3
36 41 16
96 92 14
16 99 19
6 54 2
92 94 6
25 40 10
85 54 1
2 56 20
43 57 6
1 60 11
59 38 10
29 51 8
22 11 16
66 54 1
98 6 16
17 54 14
91 3 6
58 55 2
94 8 16
80 73 14
52 11 9
10 14 3
54 57 1
12 60 10
86 9 4
70 1 19
3 11 13
89 14 12
47 17 5
79 6 19
24 70 18
65 71 19
82 11 3
40 14 18
26 79 4
61 73 10
0 63 20
74 12 1
19 76 2
54 70 16
95 71 14
67 9 16
86 22 1
53 74 2
72 87 9
89 27 14
56 79 5
9 4 4
88 68 20
46 71 5
21 14 3
62 15 7
81 28 6
83 74 18
0 76 13
74 25 5
19 89 5
51 41 4
95 84 13
92 15 13
37 79 7
56 92 2
9 17 9
28 30 8
69 31 18
27 34 13
30 39 20
49 89 10
62 28 11
48 93 5
39 44 16
4 23 14
96 26 3
41 90 19
13 28 12
99 31 15
44 95 7
25 82 4
2 98 3
76 47 17
37 92 11
50 31 5
8 34 4
27 47 3
11 39 5
84 29 7
87 34 14
20 44 13
23 49 1
64 50 3
99 44 5
38 34 17
57 47 14
76 60 6
18 55 14
6 1 1
50 44 6
11 52 6
52 53 16
43 4 13
84 42 2
87 47 17
1 7 13
64 63 4
77 2 11
22 66 1
80 7 7
38 47 9
98 61 9
82 53 1
15 63 4
18 68 10
31 7 14
91 58 16
52 66 2
24 4 5
65 5 20
45 63 4
86 64 18
58 2 6
80 20 10
79 61 8
63 53 11
54 4 2
95 5 20
40 69 18
31 20 19
72 21 12
75 63 14
33 66 15
74 67 1
93 80 11
65 18 11
67 64 19
70 69 5
28 72 19
47 85 17
60 24 15
5 88 17
63 66 8
21 69 9
40 82 1
53 21 13
72 34 7
14 29 16
74 80 12
46 18 19
51 96 6
90 24 2
35 88 2
7 26 8
26 39 16
70 82 1
9 72 2
83 21 20
28 85 14
41 24 1
44 29 8
81 96 18
34 21 11
39 99 2
37 26 20
23 91 5
97 40 3
55 43 8
13 83 7
16 88 15
29 27 11
48 40 6
9 85 14
50 86 18
69 99 11
41 37 8
25 29 19
44 42 15
2 45 19
62 96 1
78 40 10
97 53 2
36 43 3
55 56 16
38 89 5
48 53 6
6 56 12
66 43 14
85 56 5
84 97 15
1 62 10
59 40 20
17 43 16
77 57 12
80 62 19
66 56 17
98 8 15
43 72 16
17 56 8
58 57 18
61 62 14
80 75 3
19 65 7
52 13 12
93 14 10
31 75 9
72 76 19
70 3 19
79 8 2
63 0 2
21 3 18
40 16 7
26 81 9
42 62 12
61 75 13
32 17 10
51 30 18
12 75 15
53 76 7
70 16 3
56 81 1
9 6 18
14 84 2
47 32 17
65 86 1
49 78 16
21 16 11
62 17 8
81 30 11
26 94 10
23 25 7
42 75 12
32 30 3
44 84 9
95 86 16
92 17 9
97 95 17
50 20 11
69 33 17
27 36 8
6 98 12
23 38 6
83 89 14
96 28 14
16 35 8
92 30 9
36 98 12
27 49 4
11 41 12
71 92 15
30 54 13
4 38 5
45 39 1
64 52 6
96 41 1
25 97 7
38 36 14
57 49 16
15 52 11
17 98 13
8 49 8
11 54 15
84 44 11
43 6 5
45 52 15
64 65 16
3 55 3
77 4 7
80 9 8
79 50 18
82 55 12
31 9 10
75 52 13
33 55 19
65 7 7
10 71 6
67 53 1
26 15 15
86 66 16
58 4 8
3 68 18
89 71 8
77 17 8
61 9 4
19 12 7
63 55 5
82 68 1
40 71 3
12 9 15
53 10 18
72 23 4
56 15 17
88 4 9
33 68 18
93 82 4
46 7 13
10 84 17
51 85 12
68 25 2
7 15 11
86 79 20
89 84 5
28 74 15
0 12 20
19 25 19
63 68 15
95 20 10
34 10 14
53 23 16
72 36 2
39 88 11
56 28 14
74 82 18
13 72 10
51 98 4
16 77 1
90 26 6
35 90 14
49 25 8
83 23 13
41 26 16
60 39 5
2 34 14
62 85 13
20 88 14
37 28 8
97 42 18
96 83 2
13 85 20
99 88 3
71 26 11
16 90 15
48 42 13
92 85 14
41 39 13
8 91 11
25 31 3
11 96 14
85 45 15
59 29 8
78 42 3
55 58 18
29 42 9
73 48 19
6 58 9
66 45 8
24 48 11
43 61 20
84 99 2
59 42 3
80 64 5
10 5 7
54 48 9
12 51 10
89 5 12
66 58 12
24 61 9
65 62 19
82 2 11
68 67 19
40 5 20
74 3 17
19 67 11
51 19 15
95 62 18
12 64 14
72 78 17
28 8 4
88 59 3
49 67 6
21 5 20
7 70 1
40 18 12
58 72 1
61 77 12
0 67 11
19 80 17
13 6 17
34 65 13
70 18 6
37 70 4
88 72 11
90 81 9
62 19 14
7 83 11
20 22 1
39 35 9
0 80 4
60 94 6
99 22 20
44 86 3
2 89 8
76 38 12
34 78 6
53 91 9
92 19 4
37 83 15
56 96 6
50 22 1
14 99 20
71 81 14
30 43 9
29 84 3
20 35 6
83 91 11
96 30 3
25 86 2
44 99 10
38 25 12
92 32 20
50 35 11
94 41 4
27 51 11
11 43 17
30 56 18
71 94 12
64 54 14
15 54 17
18 59 20
59 97 10
91 49 14
75 41 17
94 54 14
43 8 7
10 60 13
87 51 14
1 11 6
86 55 14
3 57 10
80 11 9
19 1 1
79 52 2
98 65 14
63 44 4
82 57 12
73 8 5
40 60 3
72 12 8
33 57 3
49 1 6
68 14 1
67 55 20
58 6 20
89 73 2
61 11 9
47 76 9
0 1 16
5 79 10
79 65 15
21 60 3
40 73 13
12 11 11
56 17 16
14 20 20
74 71 3
46 9 10
32 74 16
65 22 20
51 87 4
26 30 14
67 68 8
70 73 16
9 63 3
83 12 15
41 15 4
5 92 4
53 25 12
39 90 5
37 17 1
97 31 10
32 87 10
71 15 7
16 79 10
90 28 17
35 92 3
48 31 7
92 74 11
6 34 19
27 93 8
25 20 17
44 33 1
2 36 1
62 87 7
20 90 16
37 30 19
4 82 7
78 31 18
36 34 7
96 85 1
55 47 6
13 87 9
99 90 16
16 92 1
57 93 11
48 44 11
6 47 7
92 87 11
50 90 17
8 93 1
25 33 1
11 98 13
2 49 10
43 50 14
1 53 16
59 31 15
4 95 3
96 98 16
55 60 10
38 93 13
29 44 4
31 53 16
85 60 11
1 66 9
59 44 7
61 53 7
52 4 12
10 7 17
54 50 3
89 7 14
47 10 5
82 4 15
68 69 1
40 7 9
77 74 15
61 66 8
0 56 2
19 69 1
93 18 17
32 8 8
54 63 12
67 2 20
86 15 11
53 67 11
89 20 17
47 23 13
46 64 2
63 4 7
21 7 9
62 8 2
81 21 10
39 24 11
42 66 18
60 83 5
13 8 5
51 34 6
95 77 2
34 67 12
53 80 16
72 93 10
37 72 6
9 10 5
69 24 17
23 29 9
83 80 14
96 19 3
41 83 4
60 96 15
13 21 7
99 24 7
44 88 4
34 80 10
37 85 1
78 86 9
97 99 6
50 24 14
27 40 10
71 83 18
84 22 10
29 86 8
20 37 5
4 29 11
96 32 7
41 96 11
57 40 19
76 53 7
18 48 12
91 38 13
8 40 8
94 43 19
11 45 3
30 58 6
71 96 6
29 99 14
87 40 6
45 43 18
22 59 14
38 40 7
98 54 14
31 0 5
91 51 14
86 57 7
3 59 8
61 0 18
80 13 15
79 54 2
98 67 20
40 62 8
31 13 13
72 14 12
33 59 12
93 73 6
65 11 3
51 76 14
7 6 9
67 57 15
26 19 1
86 70 19
70 62 5
89 75 20
0 3 7
19 16 7
5 81 2
21 62 18
37 6 1
56 19 4
74 73 18
32 76 19
90 17 13
35 81 4
7 19 12
67 70 15
70 75 13
9 65 6
83 14 12
28 78 12
0 16 6
41 17 9
60 30 18
2 25 18
81 89 8
34 14 12
39 92 2
37 19 3
14 35 11
13 76 17
32 89 18
71 17 4
16 81 8
90 30 13
76 95 9
29 20 13
6 36 8
9 78 3
50 79 3
83 27 12
69 92 6
27 95 4
62 89 20
59 20 17
4 84 8
78 33 10
96 87 17
13 89 11
15 98 2
25 35 2
66 36 2
84 90 2
1 55 13
78 46 15
36 49 14
80 55 17
38 95 1
54 39 14
73 52 9
75 98 16
22 6 7
66 49 13
98 1 2
43 65 2
1 68 5
61 55 18
52 6 9
93 7 10
19 58 12
10 9 16
54 52 11
12 55 5
86 4 12
47 12 14
5 15 16
82 6 6
58 63 18
61 68 11
19 71 19
93 20 11
32 10 19
95 66 10
67 4 17
12 68 6
72 82 15
70 9 20
28 12 12
88 63 14
65 79 15
68 84 9
21 9 11
62 10 9
7 74 8
26 87 3
74 20 12
60 85 17
44 77 7
51 36 1
35 28 19
95 79 9
34 69 20
37 74 20
56 87 2
97 88 10
9 12 16
14 90 12
27 29 18
71 72 3
30 34 5
48 88 10
20 26 14
4 18 6
23 31 2
83 82 11
60 98 13
13 23 7
25 77 15
2 93 20
76 42 7
92 23 16
37 87 15
36 91 20
69 39 14
8 29 9
11 34 4
71 85 1
29 88 9
87 29 11
4 31 11
64 45 7
96 34 15
99 39 19
38 29 9
59 88 7
17 91 13
8 42 20
52 48 15
84 37 16
1 2 4
64 58 15
22 61 12
80 2 13
38 42 4
79 43 1
98 56 7
15 58 2
18 63 10
31 2 15
91 53 15
33 48 5
52 61 20
65 0 2
10 64 15
68 5 16
26 8 16
86 59 2
3 61 16
89 64 14
19 5 19
21 51 18
95 0 4
33 61 18
74 62 16
93 75 9
51 78 20
49 5 11
68 18 14
7 8 8
26 21 8
86 72 3
70 64 1
28 67 6
21 64 4
95 13 20
40 77 16
81 78 7
34 3 7
53 16 2
39 81 11
56 21 9
14 24 6
74 75 1
13 65 9
51 91 8
90 19 12
70 77 11
28 80 16
5 96 16
25 11 1
44 24 19
81 91 14
34 16 20
20 81 7
39 94 10
37 21 14
78 22 16
97 35 11
96 76 3
55 38 6
13 78 16
71 19 12
76 97 7
29 22 2
41 32 15
27 97 14
44 37 17
20 94 9
78 35 6
97 48 5
99 94 6
73 41 11
8 97 14
43 54 5
84 92 7
1 57 7
59 35 9
36 51 13
73 54 1
22 8 14
24 54 10
58 52 8
77 65 14
61 57 18
80 70 3
93 9 15
10 11 16
89 11 9
88 52 6
5 17 3
65 68 9
49 60 6
7 63 2
81 12 18
26 76 19
42 57 16
74 9 17
60 74 11
95 68 4
34 58 17
67 6 17
53 71 9
72 84 18
37 63 14
9 1 4
88 65 19
46 68 3
5 30 3
49 73 7
20 15 20
96 10 13
41 74 6
0 73 8
60 87 18
32 25 19
76 31 2
92 12 20
56 89 14
97 90 14
9 14 11
50 15 5
69 28 1
14 92 1
27 31 9
90 87 10
20 28 11
6 93 2
96 23 4
25 79 1
2 95 10
76 44 1
18 39 9
92 25 12
8 31 12
11 36 4
84 26 10
64 47 5
66 93 5
38 31 9
57 44 15
98 45 4
75 34 10
11 49 2
52 50 6
84 39 13
54 96 2
45 47 13
22 63 13
80 4 15
79 45 3
40 53 2
73 1 5
72 5 16
75 47 6
94 60 16
52 63 1
93 64 16
68 7 1
67 48 14
70 53 7
3 63 10
89 66 1
61 4 3
47 69 1
19 7 17
79 58 18
21 53 2
95 2 12
40 66 20
12 4 9
53 5 10
72 18 10
56 10 16
33 63 8
74 64 15
32 67 13
51 80 14
67 61 15
26 23 17
60 21 7
44 13 14
21 66 20
95 15 11
81 80 15
34 5 2
53 18 1
39 83 16
37 10 15
74 77 7
32 80 12
51 93 11
16 72 5
92 67 2
6 27 4
83 18 9
69 83 5
41 21 8
27 86 17
30 91 16
62 80 16
34 18 8
20 83 5
78 24 13
23 88 6
55 40 8
99 83 16
16 85 7
57 86 6
90 34 10
76 99 1
6 40 3
92 80 19
50 83 17
69 96 11
20 96 1
4 88 5
36 40 15
96 91 12
29 37 19
73 43 8
31 46 18
8 99 11
85 53 12
43 56 15
1 59 3
58 41 3
61 46 6
80 59 9
10 0 14
54 43 9
73 56 6
31 59 5
58 54 10
77 67 11
61 59 3
80 72 5
19 62 17
93 11 9
51 14 10
54 56 19
95 57 20
12 59 16
72 73 14
70 0 2
28 3 10
88 54 16
5 19 8
46 57 6
65 70 6
49 62 7
21 0 12
7 65 20
40 13 10
83 60 4
74 11 18
19 75 14
93 24 8
13 1 17
32 14 15
35 19 16
34 60 13
72 86 18
37 65 4
56 78 18
28 16 2
69 17 12
90 76 3
7 78 2
81 27 5
26 91 11
83 73 8
96 12 13
99 17 1
44 81 3
16 19 12
2 84 6
34 73 8
37 78 20
78 79 5
50 17 2
69 30 14
55 95 18
6 95 16
4 22 10
96 25 15
44 94 2
85 95 4
38 20 8
76 46 13
15 36 5
18 41 9
36 95 4
8 33 12
27 46 12
71 89 14
30 51 8
84 28 16
29 92 7
87 33 14
22 52 13
57 46 15
98 47 10
17 95 9
91 44 3
33 39 15
1 6 17
87 46 7
45 49 19
3 52 5
22 65 18
80 6 4
79 47 16
63 39 12
82 52 8
31 6 5
72 7 11
75 49 18
52 65 15
93 66 12
51 69 16
86 63 20
89 68 16
61 6 16
19 9 17
63 52 19
82 65 19
21 55 8
95 4 18
53 7 17
72 20 8
56 12 13
88 1 6
14 15 7
93 79 14
32 69 9
51 82 1
49 9 2
35 74 16
7 12 3
26 25 5
47 84 17
0 9 13
60 23 5
62 69 13
81 82 11
53 20 10
20 72 19
39 85 17
97 26 8
55 29 8
74 79 5
13 69 1
32 82 14
16 74 5
90 23 11
35 87 11
76 88 11
29 13 3
6 29 6
50 72 20
83 20 8
41 23 10
25 15 5
44 28 4
85 29 5
20 85 10
39 98 12
59 13 11
4 77 16
23 90 15
15 91 18
48 39 20
6 42 14
18 96 17
69 98 17
25 28 7
85 42 4
24 32 16
87 88 10
59 26 9
4 90 8
78 39 17
17 29 12
36 42 1
77 43 11
96 93 6
99 98 14
38 88 11
54 32 16
31 48 2
75 91 16
66 42 3
43 58 8
17 42 6
61 48 5
54 45 2
31 61 18
88 43 3
5 8 5
49 51 10
40 2 20
58 56 19
0 51 11
74 0 1
93 13 9
32 3 4
51 16 19
35 8 17
12 61 9
72 75 6
70 2 7
89 15 17
49 64 9
21 2 10
39 19 2
42 61 8
0 64 6
60 78 4
13 3 12
51 29 17
35 21 10
92 3 3
37 67 2
56 80 9
14 83 11
62 16 5
7 80 16
81 29 1
20 19 7
4 11 8
23 24 19
44 83 19
57 22 3
2 86 20
76 35 1
34 75 14
92 16 10
37 80 8
50 19 3
14 96 14
55 97 20
8 22 9
30 40 14
90 91 10
87 22 9
20 32 5
6 97 20
4 24 8
22 41 9
99 32 8
44 96 10
85 97 8
2 99 12
59 81 9
78 94 19
17 84 17
50 32 15
94 38 17
52 41 3
29 94 5
64 51 3
3 41 19
22 54 5
66 97 9
38 35 9
79 36 20
82 41 9
15 51 11
18 56 4
91 46 13
52 54 4
89 57 18
47 60 4
98 62 4
40 57 11
33 54 8
93 68 16
65 6 10
51 71 17
70 57 4
89 70 9
28 60 20
47 73 2
60 12 10
53 9 20
56 14 12
93 81 9
46 6 10
13 58 5
51 84 16
7 14 20
67 65 19
83 9 5
28 73 17
69 74 4
41 12 13
25 4 18
34 9 12
20 74 6
39 87 18
37 14 13
78 15 13
55 31 10
13 71 19
99 74 10
32 84 10
71 12 2
90 25 18
35 89 17
76 90 8
50 74 18
69 87 9
27 90 3
25 17 8
11 82 14
85 31 15
30 95 16
78 28 10
97 41 11
36 31 20
55 44 4
38 77 18
29 28 5
15 93 19
73 34 1
6 44 19
18 98 6
92 84 8
91 88 1
8 90 15
85 44 6
84 85 5
43 47 6
1 50 11
59 28 1
4 92 8
45 93 7
36 44 6
77 45 13
80 50 1
73 47 14
31 50 3
22 1 17
75 93 5
24 47 12
58 45 11
61 50 8
80 63 18
63 96 1
54 47 12
72 64 12
89 4 16
88 45 3
46 48 7
49 53 5
81 5 13
26 69 12
42 50 18
74 2 12
93 15 11
72 77 8
47 20 15
88 58 12
14 72 15
5 23 12
49 66 7
21 4 17
7 69 10
26 82 11
20 8 11
23 13 16
41 67 20
13 5 11
32 18 4
44 72 9
76 24 9
53 77 19
92 5 14
97 83 15
9 7 11
50 8 10
30 29 11
71 67 17
6 86 20
4 13 15
23 26 11
41 80 14
13 18 15
44 85 7
16 23 1
76 37 6
15 27 11
97 96 2
50 21 6
36 86 16
55 99 16
84 19 17
29 83 6
87 24 12
6 99 17
22 43 17
96 29 11
25 85 7
66 86 15
85 99 18
57 37 5
59 83 19
17 86 7
91 35 16
36 99 14
75 27 4
8 37 17
10 46 4
45 40 14
64 53 17
98 51 3
40 46 20
17 99 7
75 40 6
94 53 2
52 56 13
10 59 18
26 3 20
86 54 20
89 59 8
47 62 8
19 0 14
79 51 19
82 56 12
72 11 11
56 3 13
33 56 5
74 57 20
32 60 14
35 65 19
7 3 7
67 54 5
86 67 14
89 72 20
9 49 6
28 62 18
63 56 7
53 11 16
37 3 7
74 70 10
71 1 6
90 14 1
7 16 9
48 17 7
92 60 1
69 76 1
60 27 15
27 79 10
25 6 1
44 19 8
20 76 14
39 89 10
37 16 13
78 17 19
23 81 10
97 30 1
55 33 15
96 71 19
71 14 17
16 78 6
57 79 12
90 27 7
76 92 8
29 17 7
92 73 12
27 92 3
66 20 11
85 33 9
2 35 17
43 36 15
59 17 18
4 81 3
64 95 18
17 20 17
55 46 7
96 84 10
38 79 20
57 92 2
29 30 20
91 90 3
8 92 15
94 95 9
11 97 18
52 98 2
85 46 13
24 36 11
87 92 7
59 30 16
45 95 6
17 33 5
3 98 9
77 47 17
80 52 18
79 93 10
82 98 15
54 36 4
12 39 5
24 49 13
65 50 18
80 65 13
19 55 13
10 6 18
51 7 1
63 98 10
54 49 2
95 50 7
12 52 12
47 9 4
46 50 6
5 12 10
65 63 16
49 55 5
7 58 14
26 71 12
39 10 1
0 55 6
19 68 1
60 69 8
51 20 10
35 12 11
95 63 4
67 1 15
28 9 3
69 10 6
14 74 13
5 25 15
49 68 14
90 69 19
62 7 4
7 71 19
81 20 11
26 84 9
39 23 18
41 69 9
60 82 9
99 10 1
44 74 16
16 12 7
2 77 20
76 26 2
92 7 1
97 85 20
14 87 17
55 88 18
27 26 16
11 18 5
71 69 6
29 72 6
20 23 20
6 88 6
23 28 10
96 18 15
41 82 18
99 23 1
57 26 19
2 90 2
76 39 16
18 34 7
92 20 8
97 98 4
50 23 2
91 24 5
36 88 18
8 26 1
94 29 7
30 44 13
84 21 19
29 85 16
48 98 14
3 32 5
66 88 15
24 91 2
57 39 8
98 40 7
15 42 14
17 88 7
94 42 5
33 32 11
84 34 6
89 48 7
22 58 20
72 0 10
52 58 15
93 59 5
68 2 5
67 43 13
70 48 5
89 61 16
28 51 8
79 53 17
5 67 10
40 61 19
72 13 3
56 5 19
14 8 19
90 3 17
35 67 15
7 5 9
26 18 19
67 56 17
0 2 16
41 3 5
60 16 12
5 80 8
44 8 12
21 61 4
34 0 7
37 5 2
56 18 11
23 70 3
14 21 3
74 72 11
13 62 5
71 3 2
16 67 10
92 62 8
50 65 9
27 81 14
25 8 18
30 86 7
2 24 4
62 75 12
20 78 11
39 91 17
97 32 9
36 22 4
96 73 12
71 16 1
16 80 1
57 81 18
76 94 15
29 19 7
48 32 9
15 84 19
69 91 20
8 81 3
27 94 9
25 21 2
66 22 14
11 86 1
85 35 17
2 37 17
84 76 18
78 32 3
45 84 14
38 81 4
98 95 11
15 97 5
73 38 14
91 92 2
75 84 1
8 94 10
11 99 10
84 89 5
43 51 5
1 54 12
45 97 2
17 35 2
77 49 5
61 41 3
80 54 14
38 94 1
31 54 19
88 36 14
24 51 18
65 52 9
68 57 7
67 98 18
42 41 16
61 54 20
19 57 4
93 6 7
35 1 12
95 52 16
53 55 16
86 3 2
56 60 4
46 52 5
49 57 7
7 60 5
26 73 10
42 54 8
83 55 4
0 57 9
19 70 14
32 9 4
16 1 7
34 55 15
72 81 14
56 73 9
69 12 4
14 76 7
49 70 1
90 71 19
7 73 6
48 74 5
81 22 12
39 25 4
23 17 17
96 7 11
60 84 7
57 15 17
2 79 15
34 68 16
92 9 13
78 74 20
97 87 3
50 12 9
55 90 5
8 15 8
27 28 4
11 20 2
90 84 4
29 74 17
48 87 20
87 15 10
23 30 6
96 20 3
41 84 20
25 76 4
85 90 12
38 15 17
43 93 13
76 41 18
78 87 6
17 77 17
91 26 13
52 34 4
71 84 4
84 23 8
87 28 16
64 44 1
3 34 3
24 93 12
82 34 10
18 49 19
17 90 15
75 31 8
94 44 15
33 34 4
54 93 17
45 44 14
86 45 13
47 53 3
80 1 14
79 42 19
63 34 3
51 64 5
67 45 19
26 7 9
70 50 19
28 53 5
47 66 3
19 4 3
63 47 12
40 63 18
81 64 3
53 2 5
56 7 3
74 61 3
93 74 3
13 51 7
16 56 14
67 58 14
70 63 17
9 53 18
83 2 7
69 67 7
41 5 2
60 18 10
81 77 8
34 2 6
20 67 8
56 20 3
14 23 9
96 62 17
55 24 11
32 77 10
71 5 14
29 8 8
48 21 1
9 66 11
50 67 11
69 80 17
8 70 4
25 10 16
85 24 6
62 77 17
20 80 15
4 72 20
78 21 16
23 85 13
97 34 5
36 24 8
99 80 11
71 18 19
38 70 4
57 83 8
29 21 16
18 91 14
50 80 15
27 96 6
85 37 5
84 78 1
59 21 18
17 24 6
15 99 13
54 27 13
73 40 16
31 43 16
94 99 8
66 37 20
24 40 2
43 53 11
84 91 5
87 96 1
17 37 16
61 43 16
80 56 1
63 89 15
54 40 2
73 53 16
88 38 16
58 51 4
61 56 17
0 46 16
19 59 7
93 8 3
35 3 2
95 54 13
12 56 12
56 62 20
47 13 12
5 16 6
46 54 15
65 67 16
49 59 11
68 72 9
20 1 3
23 6 4
42 56 14
83 57 3
0 59 20
60 73 10
35 16 8
95 67 5
53 70 16
37 62 18
56 75 13
9 0 14
27 17 10
30 22 19
90 73 19
7 75 10
20 14 9
4 6 11
60 86 1
13 11 8
99 14 4
25 65 5
76 30 4
18 25 9
97 89 11
50 14 7
36 79 16
8 17 1
27 30 19
11 22 12
71 73 14
30 35 11
90 86 5
84 12 14
29 76 8
48 89 10
87 17 8
45 20 9
99 27 20
15 33 6
1 98 9
18 38 10
59 76 16
78 89 16
36 92 2
75 20 19
84 25 9
73 95 3
45 33 12
31 98 2
22 49 17
38 30 18
79 31 16
98 44 14
82 36 8
59 89 18
17 92 12
58 93 3
91 41 16
75 33 5
61 98 20
33 36 20
12 98 3
3 49 2
89 52 4
80 3 18
88 93 1
79 44 4
21 39 12
40 52 12
72 4 10
42 98 9
65 1 18
32 53 16
67 47 20
26 9 18
89 65 1
9 42 9
28 55 16
47 68 5
60 7 5
62 53 6
53 4 2
72 17 19
39 69 12
56 9 4
14 12 15
13 53 10
32 66 11
16 58 15
90 7 7
35 71 1
92 53 1
83 4 5
60 20 5
5 84 18
44 12 10
62 66 7
34 4 14
20 69 15
37 9 7
14 25 10
96 64 2
99 69 1
16 71 5
90 20 15
48 23 13
6 26 15
11 77 14
85 26 8
44 25 20
84 67 19
43 29 1
87 72 20
59 10 18
78 23 19
23 87 8
97 36 2
64 88 10
17 13 15
36 26 20
96 77 3
99 82 5
76 98 2
29 23 1
15 88 3
73 29 9
6 39 9
50 82 16
91 83 17
94 88 19
27 98 13
66 26 11
11 90 13
24 29 14
84 80 12
87 85 9
59 23 11
45 88 17
77 40 5
80 45 11
38 85 4
54 29 15
12 32 19
31 45 3
91 96 9
66 39 14
33 91 2
24 42 15
68 48 3
58 40 15
77 53 13
61 45 15
80 58 2
19 48 9
79 99 6
63 91 19
51 0 1
95 43 12
12 45 4
88 40 8
47 2 5
49 48 9
68 61 9
7 51 20
26 64 5
39 3 14
19 61 1
60 62 4
51 13 6
35 5 12
95 56 6
53 59 16
37 51 4
14 67 18
46 56 15
49 61 5
90 62 13
62 0 1
26 77 16
20 3 17
23 8 1
41 62 17
60 75 20
32 13 12
44 67 1
2 70 10
35 18 8
34 59 5
53 72 4
56 77 8
97 78 11
9 2 16
50 3 14
69 16 17
14 80 17
8 6 3
90 75 13
62 13 20
48 78 3
20 16 5
6 81 10
23 21 15
64 22 9
96 11 1
25 67 6
76 32 6
15 22 1
18 27 8
91 17 2
36 81 17
30 37 1
84 14 8
48 91 1
6 94 13
45 22 20
64 35 7
22 38 2
85 94 17
38 19 3
15 35 16
18 40 17
78 91 14
17 81 14
77 95 17
94 35 19
33 25 5
84 27 4
10 41 20
54 84 2
73 97 6
45 35 13
3 38 7
89 41 4
22 51 14
79 33 17
63 25 2
82 38 17
40 41 6
10 54 19
54 97 2
67 36 13
86 49 9
88 95 20
47 57 6
5 60 16
63 38 16
51 68 11
35 60 7
26 11 20
47 70 9
5 73 14
21 54 8
81 68 10
13 55 9
51 81 2
16 60 2
90 9 10
35 73 20
48 12 16
9 57 20
83 6 10
27 74 20
25 1 6
30 79 15
34 6 4
20 71 11
78 12 9
36 15 16
55 28 11
13 68 3
99 71 1
71 9 12
76 87 7
48 25 20
66 15 16
30 92 2
84 69 2
87 74 2
1 34 14
59 12 8
78 25 8
23 89 19
17 15 11
36 28 7
55 41 1
99 84 13
29 25 13
15 90 2
73 31 7
66 28 9
11 92 7
85 41 17
24 31 2
43 44 5
84 82 16
1 47 7
59 25 3
17 28 4
3 93 3
61 34 3
80 47 9
38 87 16
79 88 14
82 93 10
54 31 14
73 44 11
31 47 9
91 98 4
88 29 16
33 93 3
24 44 3
68 50 7
77 55 5
42 34 1
61 47 14
80 60 20
19 50 19
63 93 18
54 44 14
21 96 15
12 47 10
53 48 1
56 53 4
88 42 9
5 7 12
49 50 8
68 63 3
7 53 2
81 2 4
26 66 14
39 5 11
0 50 16
60 64 6
32 2 8
34 48 1
72 74 19
37 53 20
56 66 1
69 5 9
14 69 7
81 15 8
48 67 12
20 5 8
39 18 7
23 10 7
83 61 4
96 0 1
60 77 11
25 56 18
99 5 20
16 7 3
57 8 18
34 61 3
92 2 5
37 66 5
78 67 4
69 18 9
14 82 15
55 83 4
71 64 10
29 67 19
48 80 13
6 83 1
4 10 6
64 24 15
96 13 6
44 82 13
38 8 14
57 21 5
2 85 14
15 24 12
59 67 5
18 29 16
78 80 11
91 19 16
8 21 4
11 26 2
71 77 3
84 16 18
6 96 8
22 40 14
66 83 20
85 96 3
38 21 12
24 86 2
43 99 9
82 27 2
15 37 7
18 42 19
17 83 16
91 32 1
94 37 2
33 27 17
52 40 15
3 40 12
22 53 17
63 27 6
82 40 20
58 97 5
75 37 3
74 41 18
54 99 9
28 46 7
47 59 5
5 62 6
40 56 10
81 57 5
72 8 1
56 0 5
74 54 5
93 67 16
32 57 9
51 70 19
35 62 17
7 0 8
9 46 1
44 3 9
81 70 19
20 60 13
37 0 9
23 65 16
97 14 16
55 17 6
96 55 17
13 57 8
32 70 12
90 11 2
48 14 13
92 57 12
83 8 17
69 73 11
41 11 10
27 76 8
44 16 15
20 73 17
39 86 12
78 14 2
23 78 8
36 17 18
57 76 3
29 14 1
48 27 14
92 70 18
6 30 13
18 84 7
69 86 8
25 16 1
30 94 7
24 20 16
84 71 7
87 76 13
4 78 8
78 27 3
64 92 8
77 31 6
22 95 20
80 36 2
98 90 14
54 20 3
18 97 14
31 36 16
91 87 4
75 79 14
94 92 5
52 95 2
10 98 1
1 49 19
77 44 6
61 36 20
80 49 8
19 39 1
79 90 2
82 95 8
40 98 2
12 36 1
72 50 4
88 31 19
46 34 6
49 39 13
68 52 18
67 93 17
42 36 20
63 95 9
51 4 4
12 49 10
53 50 9
14 58 11
47 6 1
88 44 11
5 9 14
46 47 15
65 60 13
49 52 8
68 65 3
7 55 7
81 4 20
83 50 19
0 52 18
41 53 1
60 66 14
32 4 20
95 60 2
53 63 19
37 55 19
56 68 11
14 71 12
90 66 20
62 4 9
48 69 15
20 7 15
6 72 14
23 12 18
83 63 4
96 2 8
41 66 17
25 58 8
99 7 19
2 74 13
37 68 16
78 69 20
50 7 3
55 85 11
11 15 10
30 28 6
71 66 15
90 79 11
48 82 16
4 12 20
64 26 3
22 29 11
96 15 16
99 20 2
38 10 17
57 23 16
2 87 3
59 69 5
18 31 19
78 82 10
91 21 9
36 85 20
55 98 5
75 13 14
94 26 4
84 18 5
29 82 12
87 23 11
73 88 11
64 39 18
31 91 9
3 29 1
22 42 11
85 98 12
38 23 6
15 39 16
94 39 18
61 91 9
52 42 15
54 88 8
67 27 3
12 91 16
3 42 3
89 45 8
79 37 4
82 42 9
21 32 14
58 99 1
0 94 20
67 40 14
89 58 17
88 99 4
47 61 20
5 64 18
63 42 17
81 59 2
72 10 7
14 5 12
93 69 16
90 0 9
48 3 11
92 46 16
9 48 4
28 61 20
69 62 12
62 59 13
81 72 2
20 62 16
39 75 12
37 2 17
97 16 10
96 57 19
55 19 4
13 59 12
76 78 12
48 16 1
92 59 19
6 19 12
9 61 4
50 62 8
8 65 7
85 19 6
2 21 11
43 22 19
78 16 11
23 80 19
17 6 9
96 70 14
99 75 15
57 78 10
29 16 18
15 81 15
73 22 20
6 32 3
50 75 15
91 76 12
8 78 9
94 81 18
27 91 7
66 19 18
30 96 8
24 22 9
84 73 12
43 35 19
45 81 15
64 94 6
17 19 1
77 33 4
15 94 17
54 22 17
73 35 16
18 99 19
12 25 6
91 89 14
33 84 20
66 32 8
52 97 6
24 35 6
65 36 14
68 41 9
1 51 10
86 95 19
3 97 4
77 46 11
80 51 12
19 41 4
63 84 3
54 35 3
95 36 4
72 52 4
88 33 8
65 49 7
49 41 13
68 54 14
7 44 18
58 46 5
51 6 10
95 49 14
34 39 19
53 52 4
72 65 6
37 44 16
56 57 9
46 49 8
7 57 20
26 70 10
83 52 11
0 54 9
41 55 15
60 68 12
32 6 4
2 63 3
76 12 12
37 57 14
56 70 8
55 74 4
71 55 9
30 17 3
29 58 7
62 6 7
48 71 16
20 9 5
39 22 11
23 14 15
83 65 10
96 4 11
41 68 11
99 9 3
57 12 10
2 76 5
18 20 15
97 84 8
50 9 5
55 87 18
8 12 20
27 25 12
71 68 13
29 71 15
48 84 12
4 14 18
45 15 16
64 28 2
25 73 15
66 74 12
57 25 15
24 77 8
43 90 20
98 26 4
1 93 9
59 71 6
78 84 17
17 74 4
36 87 8
75 15 8
94 28 11
10 34 8
22 44 14
66 87 11
17 87 3
61 93 1
33 31 14
54 90 3
12 93 18
86 42 6
70 34 9
3 44 5
89 47 16
47 50 3
79 39 2
63 31 18
82 44 6
21 34 9
40 47 20
0 96 13
74 45 17
93 58 3
32 48 15
67 42 3
89 60 15
28 50 9
47 63 18
60 2 20
5 66 3
21 47 11
62 48 18
97 5 19
14 7 6
74 58 4
32 61 9
51 74 9
90 2 9
48 5 16
6 8 18
28 63 6
69 64 5
41 2 3
27 67 5
44 7 1
30 72 20
62 61 19
20 64 10
37 4 1
23 69 16
97 18 11
55 21 15
71 2 14
16 66 11
57 67 10
76 80 15
29 5 15
48 18 1
50 64 7
27 80 6
30 85 1
2 23 13
1 27 11
87 67 19
59 5 2
78 18 19
64 83 12
96 72 7
55 34 7
22 86 3
29 18 11
31 27 20
91 78 19
94 83 7
11 85 11
85 34 7
84 75 2
1 40 4
22 99 12
79 81 7
98 94 14
82 86 10
15 96 15
54 24 10
73 37 8
94 96 9
88 22 4
52 99 6
65 38 17
68 43 20
58 35 14
3 99 7
80 53 9
63 86 1
82 99 8
21 89 1
95 38 16
12 40 6
75 96 9
88 35 9
33 99 18
46 38 20
49 43 19
67 97 12
0 43 4
19 56 16
60 57 16
63 99 3
37 46 3
46 51 14
49 56 17
81 8 6
48 60 5
39 11 1
23 3 19
41 57 19
60 70 10
35 13 7
37 59 14
78 60 16
8 1 11
30 19 1
90 70 20
48 73 17
4 3 10
23 16 15
64 17 11
96 6 14
41 70 6
25 62 11
99 11 15
85 76 8
38 1 18
2 78 20
15 17 14
18 22 17
97 86 14
17 63 16
91 12 6
94 17 18
11 19 5
29 73 13
73 79 4
6 89 16
4 16 2
45 17 13
85 89 11
57 27 10
98 28 5
24 79 1
18 35 3
17 76 6
91 25 13
36 89 11
77 90 9
80 95 15
33 20 3
73 92 15
45 30 9
3 33 18
66 89 5
98 41 2
82 33 20
40 36 3
42 82 11
75 30 9
19 98 8
93 47 1
51 50 8
67 31 19
86 44 11
70 36 5
28 39 4
5 55 20
63 33 12
21 36 20
40 49 20
81 50 18
0 98 19
93 60 18
32 50 5
35 55 15
26 6 14
70 49 8
9 39 1
47 65 19
60 4 19
62 50 14
53 1 11
20 53 19
23 58 3
14 9 19
32 63 9
16 55 9
35 68 16
76 69 20
50 53 3
27 69 9
30 74 10
2 12 9
39 79 14
4 58 7
97 20 10
55 23 7
96 61 18
76 82 9
29 7 17
48 20 20
15 72 10
92 63 5
18 77 5
50 66 11
69 79 4
27 82 5
66 10 6
11 74 1
24 13 8
84 64 13
59 7 18
78 20 15
45 72 19
17 10 3
77 24 18
80 29 16
98 83 9
31 29 11
91 80 18
75 72 15
8 82 10
94 85 15
66 23 16
11 87 16
24 26 3
87 82 5
64 98 7
17 23 8
58 24 10
80 42 1
38 82 9
79 83 3
31 42 3
91 93 19
75 85 3
94 98 1
46 27 12
49 32 5
68 45 16
26 48 8
67 86 12
70 91 14
42 29 9
61 42 1
19 45 3
79 96 11
21 91 18
53 43 14
56 48 17
46 40 14
65 53 1
49 45 6
68 58 20
26 61 16
67 99 18
39 0 4
9 94 6
83 43 11
41 46 20
51 10 8
35 2 12
34 43 1
53 56 6
37 48 11
56 61 3
90 59 2
7 61 6
81 10 5
20 0 19
23 5 19
83 56 18
41 59 4
60 72 1
16 2 9
57 3 13
37 61 10
69 13 8
55 78 14
8 3 9
27 16 1
71 59 18
30 21 14
29 62 6
87 3 20
20 13 14
6 78 8
96 8 1
99 13 8
66 65 5
85 78 17
38 3 6
57 16 7
2 80 13
15 19 15
59 62 11
18 24 4
78 75 13
91 14 18
36 78 16
8 16 9
94 19 18
52 22 7
29 75 6
6 91 18
64 32 6
85 91 13
79 17 2
43 94 17
18 37 20
59 75 2
17 78 12
91 27 5
77 92 19
94 32 16
54 81 7
12 84 9
86 33 17
3 35 20
89 38 15
47 41 3
79 30 7
98 43 6
63 22 13
82 35 1
21 25 19
40 38 4
58 92 19
75 32 6
33 35 1
74 36 12
10 51 1
51 52 7
67 33 11
12 97 14
86 46 16
28 41 15
88 92 17
5 57 16
21 38 18
72 3 18
39 55 17
42 97 8
74 49 16
93 62 12
13 39 8
9 41 9
28 54 6
69 55 1
5 70 5
81 65 12
97 9 16
14 11 19
96 50 18
99 55 3
32 65 9
16 57 13
35 70 10
48 9 7
9 54 11
41 6 10
44 11 3
11 63 8
30 76 3
85 12 1
43 15 9
20 68 13
78 9 9
23 73 11
64 74 1
36 12 8
96 63 11
99 68 11
71 6 15
76 84 6
15 74 9
6 25 13
92 65 4
8 71 6
11 76 9
30 89 17
43 28 13
1 31 8
59 9 9
4 73 5
80 31 9
38 71 18
98 85 12
73 28 17
18 92 16
91 82 1
52 90 20
84 79 6
87 84 8
86 88 11
3 90 4
77 39 16
42 18 5
61 31 2
80 44 19
19 34 5
40 93 13
12 31 14
31 44 2
75 87 12
46 29 7
65 42 1
68 47 9
0 34 7
63 90 17
21 93 15
95 42 15
34 32 2
53 45 3
72 58 18
56 50 6
46 42 19
49 47 12
90 48 17
26 63 10
39 2 7
9 96 12
83 45 15
60 61 8
44 53 1
76 5 20
56 63 3
14 66 20
27 5 13
71 48 19
30 10 20
90 61 17
6 67 1
23 7 11
25 53 16
57 5 1
76 18 17
15 8 6
18 13 20
97 77 12
36 67 19
84 0 16
48 77 11
87 5 4
4 7 12
64 21 6
22 24 2
25 66 16
66 67 18
85 80 12
57 18 14
15 21 15
1 86 15
59 64 20
78 77 7
55 93 8
75 8 20
8 18 17
11 23 8
10 27 5
87 18 15
73 83 6
45 21 8
3 24 1
22 37 6
66 80 18
40 27 4
17 80 18
91 29 14
94 34 11
61 86 10
52 37 15
93 38 11
10 40 17
54 83 8
12 86 4
31 99 16
3 37 14
65 97 4
42 86 6
0 89 8
32 41 1
51 54 2
35 46 19
95 97 20
86 48 7
28 43 3
47 56 17
39 57 19
42 99 11
14 0 10
74 51 10
9 43 5
27 60 18
44 0 18
81 67 6
4 49 16
97 11 11
99 57 19
16 59 7
57 60 11
90 8 11
6 14 8
69 70 18
8 60 12
2 16 20
84 55 11
43 17 19
20 70 9
78 11 14
23 75 3
64 76 13
17 1 18
55 27 4
96 65 1
76 86 14
29 11 2
15 76 2
94 76 1
66 14 19
11 78 20
24 17 4
43 30 1
84 68 5
87 73 10
59 11 10
64 89 4
17 14 18
58 15 4
3 79 17
22 92 10
80 33 16
38 73 7
79 74 9
82 79 18
15 89 9
54 17 4
73 30 20
94 89 16
10 95 3
45 89 9
58 28 1
3 92 8
77 41 4
61 33 16
80 46 10
19 36 8
79 87 10
63 79 1
21 82 14
54 30 14
12 33 3
72 47 20
88 28 17
33 92 12
65 44 16
67 90 4
26 52 10
42 33 19
83 34 7
28 98 2
0 36 6
63 92 6
51 1 12
21 95 18
72 60 2
56 52 17
7 52 6
81 1 12
9 98 14
83 47 11
44 55 14
35 6 4
76 7 6
27 7 12
30 12 1
90 63 14
48 66 6
6 69 20
64 10 5
25 55 12
44 68 4
85 69 17
57 7 2
92 1 2
59 53 6
97 79 8
91 5 18
36 69 4
55 82 6
8 7 10
27 20 10
71 63 10
48 79 12
87 7 8
6 82 20
64 23 10
3 13 7
22 26 15
66 69 20
85 82 1
38 7 20
57 20 19
98 21 1
43 85 20
1 88 18
59 66 15
17 69 8
91 18 3
36 82 2
75 10 10
52 26 15
54 72 3
31 88 4
3 26 1
89 29 16
22 39 5
66 82 1
98 34 2
43 98 3
63 13 18
58 83 18
77 96 3
75 23 13
33 26 4
10 42 13
51 43 13
12 88 11
28 32 2
88 83 2
5 48 15
63 26 6
82 39 10
42 88 12
93 53 5
70 42 7
47 58 9
21 42 2
62 43 9
81 56 7
74 53 14
35 61 8
6 3 3
9 45 17
69 59 20
30 67 4
20 59 9
39 72 10
4 51 6
78 0 13
23 64 16
97 13 12
36 3 18
13 56 4
99 59 14
16 61 15
29 0 15
50 59 6
8 62 18
27 75 14
25 2 9
66 3 9
2 18 12
43 19 7
87 62 1
45 65 18
36 16 11
38 62 8
57 75 9
98 76 4
15 78 3
73 19 17
18 83 9
31 22 1
11 80 1
24 19 2
43 32 2
87 75 6
45 78 4
64 91 6
77 30 2
22 94 14
61 22 1
98 89 3
82 81 20
73 32 3
40 84 3
12 22 20
91 86 5
88 17 8
33 81 11
93 95 2
65 33 3
68 38 8
67 79 8
89 97 11
42 22 17
80 48 5
0 25 2
19 38 14
82 94 14
21 84 6
40 97 10
53 36 12
56 41 7
33 94 4
46 33 15
32 98 13
68 51 14
70 97 9
0 38 7
60 52 5
63 94 6
21 97 7
95 46 11
62 98 5
37 41 20
14 57 19
13 98 10
30 1 17
90 52 4
7 54 20
81 3 3
48 55 1
39 6 9
41 52 19
60 65 13
25 44 6
2 60 11
37 54 17
78 55 16
69 6 5
14 70 11
27 9 1
30 14 18
29 55 3
48 68 16
20 6 15
6 71 11
23 11 3
96 1 10
99 6 19
44 70 5
59 55 6
18 17 9
78 68 12
97 81 16
17 58 2
50 6 7
36 71 18
55 84 11
29 68 15
87 9 4
6 84 16
64 25 19
22 28 17
38 9 6
79 10 7
43 87 14
59 68 11
17 71 13
91 20 5
36 84 19
94 25 7
33 15 10
10 31 13
54 74 19
73 87 8
86 26 8
47 34 9
66 84 5
24 87 6
98 36 18
65 88 1
21 18 11
77 98 9
74 29 18
10 44 3
51 45 2
86 39 17
28 34 13
88 85 7
46 88 15
63 28 19
49 93 14
7 96 6
81 45 12
42 90 19
0 93 20
74 42 3
13 32 19
32 45 4
34 91 13
67 39 7
26 1 10
37 96 6
70 44 6
28 47 17
69 48 11
5 63 10
39 61 10
97 2 2
14 4 20
96 43 8
13 45 2
99 48 11
32 58 14
16 50 10
35 63 2
48 2 7
6 5 10
9 47 9
69 61 9
27 64 14
85 5 1
2 7 3
62 58 15
23 66 4
36 5 10
96 56 4
55 18 5
57 64 12
76 77 2
29 2 17
6 18 4
92 58 3
50 61 6
91 62 15
11 69 9
84 59 3
43 21 11
1 24 15
4 66 19
45 67 18
64 80 4
36 18 2
80 24 5
38 64 4
98 78 17
54 8 14
31 24 16
75 67 19
94 80 9
10 86 6
87 77 8
45 80 11
3 83 7
22 96 6
79 78 2
12 24 1
31 37 8
75 80 4
88 19 1
93 97 14
65 35 16
10 99 3
49 27 1
26 43 7
86 94 3
58 32 14
42 24 20
19 40 17
21 86 16
40 99 18
12 37 9
72 51 3
88 32 2
74 97 7
68 53 2
7 43 15
67 94 13
26 56 9
70 99 6
9 89 8
83 38 4
44 46 6
34 38 14
53 51 20
97 57 9
14 59 2
71 41 5
30 3 8
7 56 16
48 57 19
6 60 19
83 51 20
41 54 3
25 46 17
76 11 13
15 1 17
18 6 6
97 70 20
69 8 10
55 73 14
29 57 5
48 70 1
4 0 20
45 1 19
64 14 5
96 3 15
22 17 16
98 12 15
2 75 8
15 14 16
59 57 15
78 70 6
36 73 16
8 11 5
29 70 11
22 30 17
79 12 3
24 76 12
98 25 11
43 89 1
1 92 11
40 20 10
17 73 18
91 22 12
58 74 4
75 14 11
94 27 15
61 79 3
80 92 15
54 76 17
73 89 9
86 28 14
31 92 3
3 30 6
47 36 17
65 90 15
82 30 4
68 95 17
40 33 2
26 98 7
0 82 5
74 31 4
19 95 1
51 47 2
95 90 7
67 28 8
12 92 11
86 41 16
53 93 15
89 46 20
28 36 16
88 87 8
5 52 17
63 30 1
21 33 19
62 34 6
7 98 1
42 92 7
74 44 9
13 34 8
32 47 8
51 60 6
35 52 11
34 93 12
92 34 19
9 36 5
62 47 19
81 60 2
20 50 10
39 63 9
4 42 2
23 55 12
97 4 11
55 7 2
96 45 2
99 50 4
16 52 3
57 53 13
90 1 3
76 66 18
6 7 5
27 66 5
11 58 4
85 7 19
30 71 19
43 10 11
84 48 17
87 53 8
4 55 10
23 68 4
64 69 3
36 7 7
57 66 18
76 79 12
29 4 9
18 74 20
6 20 14
50 63 18
8 66 2
94 69 11
11 71 1
85 20 15
84 61 13
43 23 9
45 69 17
64 82 13
17 7 3
3 72 10
36 20 6
38 66 19
79 67 4
98 80 7
82 72 9
31 26 13
52 85 11
24 23 2
1 39 10
3 85 13
19 29 3
98 93 16
63 72 11
40 88 17
12 26 3
31 39 12
72 40 17
75 82 16
33 85 18
74 86 10
49 29 15
68 42 18
26 45 8
58 34 4
42 26 13
28 91 5
61 39 9
19 42 3
60 43 16
63 85 13
53 40 12
72 53 13
37 32 3
74 99 12
46 37 3
49 42 9
67 96 11
0 42 2
44 48 13
34 40 11
97 59 9
27 0 20
30 5 6
71 43 8
64 3 14
25 48 13
85 62 20
57 0 18
2 64 8
18 8 14
59 46 11
78 59 12
55 75 19
71 56 20
29 59 16
25 61 10
66 62 20
38 0 2
57 13 19
43 78 9
1 81 19
77 76 14
80 81 9
52 19 4
10 22 5
73 78 14
45 16 9
79 14 8
63 6 17
1 94 16
40 22 19
17 75 10
58 76 4
75 16 8
61 81 19
33 19 9
19 84 16
12 81 3
86 30 13
72 95 10
70 22 3
28 25 2
88 76 13
79 27 20
49 84 19
68 97 16
21 22 18
40 35 9
58 89 4
42 81 9
0 84 4
74 33 16
35 41 1
67 30 17
53 95 14
70 35 16
9 25 2
28 38 3
5 54 15
46 92 5
21 35 16
81 49 10
20 39 17
0 97 10
41 98 4
13 36 6
34 95 7
92 36 2
9 38 18
60 3 8
27 55 5
62 49 13
39 65 1
4 44 3
97 6 12
13 49 16
16 54 14
57 55 10
92 49 10
50 52 15
8 55 4
11 60 14
2 11 4
84 50 11
78 6 7
64 71 1
36 9 1
38 55 10
98 69 20
29 6 2
15 71 2
73 12 3
31 15 12
75 58 13
8 68 11
85 22 11
52 74 18
84 63 9
43 25 11
87 68 2
17 9 9
58 10 12
77 23 5
22 87 2
61 15 1
80 28 6
79 69 10
98 82 10
54 12 11
73 25 11
12 15 17
31 28 4
88 10 16
33 74 19
24 25 18
65 26 19
10 90 13
68 31 20
67 72 6
86 85 16
77 36 5
42 15 15
47 93 10
19 31 17
79 82 11
63 74 2
21 77 15
54 25 7
40 90 15
72 42 5
56 34 16
88 23 8
33 87 4
74 88 11
7 34 17
70 90 17
83 29 13
19 44 15
60 45 13
21 90 18
95 39 5
53 42 16
37 34 15
14 50 4
13 91 5
49 44 1
90 45 8
92 91 3
9 93 11
60 58 17
44 50 11
2 53 17
78 48 7
97 61 3
90 58 5
29 48 3
48 61 19
23 4 7
44 63 16
57 2 20
43 67 17
76 15 4
59 48 8
97 74 17
17 51 18
8 2 8
94 5 3
11 7 20
52 8 10
73 67 14
3 8 15
22 21 8
66 64 12
38 2 12
24 67 4
98 16 3
1 83 16
59 61 2
91 13 5
36 77 3
94 18 11
33 8 6
10 24 14
54 67 11
73 80 10
45 18 14
31 83 6
3 21 1
89 24 2
79 16 13
24 80 11
98 29 9
65 81 7
21 11 15
40 24 17
77 91 13
75 18 17
42 70 1
19 86 2
93 35 3
54 80 8
95 81 1
12 83 18
86 32 1
31 96 20
72 97 8
70 24 17
89 37 16
88 78 10
5 43 9
65 94 7
63 21 20
68 99 5
21 24 7
58 91 12
42 83 12
61 96 8
74 35 17
19 99 18
93 48 13
32 38 7
34 84 7
53 97 20
70 37 2
88 91 19
5 56 10
46 94 13
49 99 2
62 38 8
83 97 5
0 99 11
32 51 14
35 56 18
50 41 5
62 51 8
23 59 16
97 8 19
55 11 14
96 49 3
38 44 13
76 70 5
15 60 13
6 11 5
91 55 13
30 75 15
43 14 9
1 17 18
87 57 16
78 8 10
45 60 1
64 73 7
80 17 16
38 57 13
57 70 20
15 73 16
54 1 13
31 17 3
91 68 13
94 73 19
66 11 18
24 14 11
84 65 11
45 73 6
61 17 12
98 84 16
54 14 13
12 17 17
72 31 14
75 73 4
33 76 8
52 89 10
10 92 6
49 20 13
86 87 14
58 25 7
89 92 10
42 17 12
47 95 6
19 33 6
5 98 6
21 79 7
95 28 20
53 31 17
14 39 8
88 25 4
74 90 5
32 93 17
7 36 4
41 34 11
60 47 1
21 92 18
62 93 7
34 31 14
53 44 16
97 50 20
14 52 16
16 98 12
90 47 6
6 53 6
39 1 18
92 93 9
9 95 16
83 44 3
41 47 6
25 39 4
76 4 11
37 49 12
69 1 4
30 9 19
90 60 13
25 52 3
99 1 3
57 4 1
59 50 8
91 2 6
36 66 17
55 79 15
11 9 16
52 10 16
29 63 9
73 69 5
45 7 1
31 72 9
64 20 4
3 10 18
22 23 10
38 4 6
24 69 18
82 10 17
1 85 19
58 67 13
77 80 9
61 72 4
80 85 19
33 10 18
10 26 6
73 82 12
67 8 8
12 72 5
3 23 14
89 26 10
24 82 7
65 83 20
63 10 5
82 23 17
21 13 20
58 80 20
77 93 10
61 85 13
0 75 10
33 23 10
19 88 14
93 37 15
67 21 17
88 80 15
5 45 9
21 26 20
62 27 2
7 91 20
39 43 14
83 86 7
0 88 8
74 37 15
51 53 13
95 96 4
92 27 11
37 91 8
5 58 19
62 40 16
39 56 3
23 48 2
83 99 9
96 38 14
25 94 4
99 43 18
16 45 2
76 59 12
34 99 11
6 0 17
50 43 7
69 56 3
11 51 5
43 3 7
23 61 18
97 10 2
64 62 5
96 51 7
38 46 18
76 72 16
15 62 2
6 13 9
94 62 19
11 64 4
85 13 11
30 77 16
43 16 20
84 54 9
45 62 12
64 75 10
17 0 18
3 65 15
36 13 15
77 14 7
15 75 12
54 3 15
73 16 9
18 80 9
12 6 17
75 62 12
94 75 5
33 65 5
24 16 19
65 17 14
10 81 16
45 75 14
89 81 18
22 91 7
61 19 10
80 32 12
79 73 16
98 86 2
54 16 11
95 17 8
40 81 15
31 32 16
33 78 7
52 91 16
93 92 11
65 30 2
51 95 4
49 22 11
68 35 3
26 38 5
86 89 6
89 94 6
28 84 19
61 32 14
47 97 10
19 35 7
63 78 9
21 81 15
95 30 15
53 33 1
14 41 19
88 27 17
74 92 7
32 95 15
49 35 7
67 89 18
83 33 2
28 97 3
0 35 18
60 49 2
44 41 7
2 44 7
53 46 12
37 38 11
97 52 17
14 54 16
13 95 5
71 36 7
29 39 16
6 55 5
9 97 11
83 46 2
50 98 16
41 49 20
44 54 4
85 55 20
2 57 8
18 1 6
59 39 14
78 52 9
97 65 12
55 68 6
27 6 12
85 68 1
15 9 15
36 68 3
77 69 11
94 9 3
80 74 17
84 1 2
54 58 14
73 71 8
86 10 13
31 74 20
3 12 12
24 71 16
43 84 17
82 12 16
1 87 7
33 12 10
52 25 2
31 87 19
72 88 14
70 15 12
3 25 12
89 28 7
47 31 9
88 69 6
79 20 11
5 34 1
63 12 5
49 77 12
68 90 17
26 93 9
19 90 20
93 39 6
32 29 19
51 42 19
95 85 12
67 23 1
53 88 20
47 44 12
88 82 2
46 85 9
65 98 16
49 90 17
21 28 20
62 29 7
42 87 11
83 88 8
0 90 8
74 39 6
13 29 20
51 55 12
16 34 9
35 47 8
37 93 17
9 31 4
28 44 11
71 91 15
62 42 5
81 55 7
39 58 20
4 37 20
55 2 3
96 40 15
25 96 14
16 47 19
76 61 5
92 42 15
6 2 5
69 58 3
27 61 18
85 2 8
2 4 2
43 5 5
87 48 9
20 58 10
23 63 9
36 2 8
55 15 3
22 67 2
99 58 11
38 48 4
57 61 8
76 74 17
73 5 10
18 69 1
31 8 3
91 59 19
66 2 2
11 66 12
52 67 16
24 5 11
87 61 14
1 21 11
45 64 18
17 2 15
80 21 20
38 61 7
54 5 2
12 8 16
91 72 5
33 67 9
24 18 19
10 83 18
68 24 10
3 80 7
77 29 20
42 8 12
80 34 1
63 67 17
21 70 1
40 83 3
56 27 5
75 77 20
33 80 13
93 94 19
49 24 15
68 37 7
7 27 5
67 78 12
26 40 4
89 96 3
42 21 8
83 22 4
28 86 16
47 99 16
0 24 13
63 80 15
21 83 5
95 32 2
34 22 9
37 27 13
56 40 14
74 94 5
46 32 4
7 40 12
67 91 6
70 96 20
83 35 8
41 38 19
44 43 17
62 97 3
34 35 6
37 40 17
13 97 18
6 57 8
25 43 18
85 57 5
2 59 7
43 60 6
76 8 18
18 3 4
97 67 12
17 44 9
36 57 4
55 70 3
30 13 2
22 14 15
24 60 4
98 9 4
15 11 18
18 16 1
17 57 3
94 11 20
80 76 7
33 1 8
45 11 10
12 63 17
3 14 11
89 17 4
66 70 17
79 9 14
98 22 3
63 1 7
75 11 9
61 76 17
80 89 8
19 79 11
93 28 1
10 30 18
54 73 2
95 74 13
12 76 9
86 25 4
72 90 6
88 71 4
46 74 18
65 87 16
63 14 10
49 79 3
68 92 6
40 30 7
81 31 5
26 95 1
42 76 15
61 89 13
0 79 15
93 41 10
32 31 3
35 36 18
37 82 12
70 30 8
28 33 16
46 87 5
90 93 7
21 30 7
7 95 5
20 34 19
23 39 13
83 90 13
0 92 13
41 93 13
32 44 8
44 98 20
16 36 3
35 49 20
92 31 11
20 47 11
39 60 11
4 39 14
97 1 15
55 4 2
96 42 16
13 44 6
99 47 10
15 53 14
59 96 4
6 4 15
92 44 4
50 47 17
69 60 16
8 50 19
11 55 18
85 4 16
30 68 19
43 7 2
84 45 5
1 10 19
87 50 8
78 1 15
64 66 2
36 4 17
77 5 8
38 50 12
57 63 12
15 66 6
31 10 2
75 53 20
11 68 13
24 7 10
10 72 7
84 58 13
87 63 11
45 66 10
64 79 7
17 4 17
58 5 15
77 18 4
22 82 7
61 10 3
80 23 12
38 63 17
98 77 11
54 7 1
12 10 7
94 79 16
88 5 2
33 69 18
46 8 15
65 21 11
10 85 2
26 29 15
86 80 13
58 18 19
3 82 18
70 72 13
89 85 5
0 13 7
95 21 19
72 37 13
88 18 5
65 34 17
32 86 14
35 91 15
67 80 11
70 85 17
89 98 4
9 75 12
83 24 13
28 88 16
42 23 11
0 26 10
60 40 3
44 32 11
21 85 20
95 34 13
62 86 5
56 42 20
14 45 8
32 99 3
71 27 13
90 40 4
7 42 20
48 43 9
9 88 2
41 40 12
2 48 8
34 37 19
37 42 1
4 94 19
97 56 20
36 46 10
13 99 6
29 43 10
48 56 20
6 59 8
64 0 3
22 3 13
66 46 8
2 61 4
43 62 18
76 10 19
18 5 2
78 56 18
17 46 9
11 2 2
52 3 11
29 56 6
73 62 16
45 0 10
24 62 16
98 11 15
82 3 6
1 78 20
58 60 7
91 8 12
94 13 8
80 78 15
54 62 16
45 13 6
31 78 19
3 16 19
89 19 7
88 60 15
82 16 17
21 6 4
40 19 8
80 91 7
74 17 17
19 81 2
93 30 13
51 33 11
54 75 10
95 76 11
70 19 7
5 38 13
46 76 11
68 94 10
40 32 13
81 33 19
26 97 11
39 36 18
42 78 5
83 79 2
60 95 4
32 33 10
34 79 5
53 92 7
70 32 16
37 84 3
9 22 6
28 35 5
49 94 2
90 95 3
62 33 9
20 36 19
39 49 15
96 31 7
41 95 4
34 92 15
92 33 10
37 97 3
50 36 8
69 49 14
27 52 20
30 57 3
71 95 11
29 98 16
62 46 11
64 55 5
97 3 5
55 6 19
38 39 7
76 65 6
18 60 6
50 49 5
91 50 10
8 52 15
94 55 1
27 65 20
85 6 11
30 70 13
87 52 15
3 58 16
22 71 3
80 12 15
38 52 11
57 65 17
15 68 18
33 58 10
66 6 8
65 10 8
1 25 2
87 65 19
45 68 17
58 7 13
77 20 16
22 84 18
63 58 16
82 71 15
54 9 14
31 25 13
88 7 9
33 71 3
52 84 8
51 88 20
49 15 11
26 31 16
42 12 4
47 90 15
0 15 2
60 29 2
5 93 5
63 71 13
21 74 19
34 13 5
74 85 15
93 98 14
49 28 7
67 82 13
9 77 4
83 26 14
41 29 4
44 34 7
34 26 9
20 91 7
56 44 4
23 96 3
14 47 13
