100 9900 1
13 88 20
71 29 7
16 93 19
90 42 19
29 32 12
48 45 14
6 48 5
92 88 11
9 90 6
83 39 16
50 91 2
41 42 1
25 34 10
44 47 3
85 48 9
2 50 5
59 32 11
4 96 9
78 45 20
97 58 18
36 48 1
55 61 3
96 99 10
71 42 8
30 4 1
29 45 19
48 58 11
6 61 12
64 2 20
22 5 4
25 47 2
66 48 5
85 61 1
98 0 20
43 64 16
15 2 20
1 67 18
59 45 6
18 7 12
78 58 18
17 48 12
36 61 10
94 2 12
11 4 8
52 5 4
10 8 9
54 51 6
73 64 1
45 2 10
31 67 11
64 15 20
3 5 12
22 18 11
66 61 17
79 0 9
24 64 11
98 13 1
43 77 7
82 5 13
1 80 19
40 8 11
17 61 6
58 62 3
77 75 1
75 2 4
94 15 5
61 67 7
33 5 8
52 18 16
93 19 18
10 21 1
54 64 7
73 77 10
67 3 14
12 67 19
86 16 7
31 80 13
70 8 2
3 18 4
89 21 17
47 24 16
88 62 10
79 13 14
5 27 20
65 78 8
63 5 13
82 18 2
68 83 5
21 8 20
40 21 19
26 86 5
58 75 7
42 67 5
61 80 2
80 93 10
33 18 9
74 19 13
19 83 5
93 32 20
0 70 6
32 22 8
51 35 3
35 27 2
95 78 7
67 16 19
12 80 18
86 29 17
53 81 4
72 94 12
70 21 10
56 86 7
89 34 7
9 11 19
28 24 14
47 37 11
88 75 18
5 40 3
46 78 14
65 91 19
63 18 17
49 83 11
68 96 4
62 22 5
7 86 17
81 35 18
26 99 9
39 38 8
42 80 5
83 81 4
0 83 19
74 32 6
19 96 6
60 97 7
13 22 2
32 35 11
51 48 11
16 27 7
35 40 4
95 91 6
34 81 3
53 94 2
92 22 1
37 86 8
56 99 11
9 24 8
28 37 18
69 38 9
27 41 10
30 46 1
90 97 12
62 35 12
7 99 16
81 48 19
20 38 1
39 51 7
4 30 2
23 43 7
83 94 9
96 33 20
41 97 20
13 35 17
99 38 13
25 89 14
16 40 9
57 41 18
76 54 8
34 94 7
92 35 4
37 99 14
50 38 19
69 51 18
8 41 14
27 54 1
11 46 12
71 97 12
30 59 11
84 36 2
87 41 18
20 51 17
4 43 10
23 56 16
64 57 19
55 8 8
96 46 20
22 60 8
99 51 7
38 41 3
57 54 17
76 67 14
15 57 14
18 62 1
31 1 3
50 51 19
91 52 20
8 54 9
94 57 5
11 59 3
85 8 14
52 60 8
84 49 10
43 11 20
87 54 12
1 14 6
45 57 15
64 70 7
3 60 12
77 9 7
22 73 2
61 1 13
80 14 16
38 54 12
79 55 10
98 68 14
82 60 2
15 70 15
73 11 20
18 75 1
12 1 4
31 14 14
91 65 14
75 57 7
94 70 17
33 60 6
52 73 16
24 11 5
65 12 15
10 76 6
68 17 18
45 70 19
86 71 5
58 9 18
3 73 13
89 76 11
77 22 1
42 1 2
61 14 15
47 79 4
80 27 5
0 4 7
19 17 3
79 68 19
98 81 13
63 60 2
82 73 13
54 11 10
95 12 10
21 63 12
40 76 4
12 14 12
53 15 18
72 28 2
75 70 19
88 9 9
33 73 15
93 87 19
46 12 9
65 25 8
10 89 3
51 90 2
49 17 2
68 30 14
7 20 16
26 33 4
67 71 19
86 84 18
70 76 1
42 14 8
83 15 4
28 79 19
47 92 2
0 17 9
19 30 1
60 31 18
5 95 4
63 73 1
21 76 18
95 25 5
40 89 6
81 90 15
34 15 11
53 28 8
39 93 6
72 41 4
37 20 12
56 33 2
14 36 17
74 87 3
46 25 11
13 77 5
32 90 16
16 82 4
90 31 2
35 95 19
49 30 10
7 33 6
67 84 14
26 46 2
70 89 13
9 79 2
83 28 12
28 92 19
69 93 1
41 31 16
60 44 12
25 23 14
44 36 5
2 39 11
62 90 6
34 28 13
20 93 14
37 33 4
78 34 9
23 98 2
97 47 17
14 49 10
55 50 12
96 88 14
13 90 11
99 93 3
71 31 15
16 95 17
90 44 5
29 34 12
48 47 16
92 90 15
6 50 16
9 92 18
50 93 19
41 44 16
8 96 10
25 36 4
44 49 13
85 50 3
2 52 9
76 1 17
59 34 20
4 98 18
78 47 7
97 60 20
36 50 4
55 63 11
27 1 20
38 96 10
30 6 19
71 44 12
29 47 9
6 63 8
64 4 12
22 7 16
66 50 14
85 63 3
57 1 4
98 2 14
24 53 20
43 66 4
15 4 18
1 69 2
18 9 16
59 47 1
17 50 18
36 63 9
77 64 4
94 4 4
80 69 1
52 7 14
87 1 1
54 53 12
73 66 14
45 4 11
86 5 9
31 69 12
3 7 8
89 10 5
22 20 8
66 63 2
79 2 15
24 66 12
98 15 6
43 79 17
82 7 15
1 82 5
40 10 18
58 64 12
75 4 1
61 69 15
80 82 6
33 7 10
19 72 4
93 21 11
52 20 12
10 23 10
51 24 17
54 66 13
67 5 14
12 69 19
86 18 10
31 82 6
72 83 1
70 10 18
89 23 9
28 13 4
47 26 16
88 64 4
46 67 3
79 15 4
65 80 17
5 29 18
63 7 18
49 72 7
82 20 16
68 85 2
21 10 17
40 23 11
81 24 10
26 88 7
58 77 9
42 69 11
61 82 16
0 72 14
74 21 10
19 85 13
93 34 6
32 24 18
51 37 2
35 29 17
95 80 2
67 18 5
12 82 6
53 83 5
72 96 7
70 23 12
56 88 17
9 13 18
28 26 5
14 91 19
88 77 18
47 39 8
46 80 7
5 42 14
65 93 11
49 85 15
68 98 8
21 23 14
62 24 10
7 88 7
81 37 12
20 27 1
39 40 19
23 32 14
0 85 18
41 86 10
74 34 16
60 99 1
13 24 2
32 37 4
44 91 19
16 29 14
35 42 15
76 43 17
34 83 20
53 96 6
92 24 13
37 88 5
9 26 5
50 27 12
69 40 15
27 43 9
30 48 2
71 86 13
90 99 15
62 37 8
20 40 1
39 53 8
4 32 5
23 45 12
83 96 11
96 35 13
41 99 17
25 91 15
99 40 16
13 37 8
16 42 1
57 43 7
76 56 2
15 46 1
34 96 18
18 51 16
92 37 5
50 40 15
69 53 13
8 43 7
27 56 12
11 48 7
71 99 5
30 61 4
43 0 11
84 38 1
1 3 11
87 43 16
4 45 5
45 46 9
64 59 18
96 48 7
22 62 3
99 53 20
38 43 16
57 56 7
98 57 14
15 59 7
73 0 16
18 64 3
31 3 16
91 54 5
75 46 4
8 56 5
94 59 15
11 61 7
52 62 16
24 0 6
10 65 16
84 51 7
43 13 4
87 56 10
1 16 3
45 59 16
64 72 2
3 62 3
77 11 7
22 75 1
61 3 8
80 16 9
38 56 2
79 57 13
98 70 2
82 62 11
54 0 9
73 13 10
40 65 5
12 3 4
31 16 10
91 67 4
75 59 7
94 72 18
33 62 11
52 75 12
93 76 2
46 1 6
65 14 11
10 78 15
49 6 3
68 19 8
67 60 3
26 22 17
86 73 1
58 11 17
3 75 10
89 78 19
70 65 13
42 3 19
61 16 11
47 81 4
0 6 17
79 70 10
63 62 12
82 75 15
21 65 6
95 14 2
40 78 4
12 16 1
53 17 8
72 30 3
56 22 8
88 11 1
33 75 7
74 76 13
93 89 14
46 14 6
32 79 19
65 27 5
51 92 9
49 19 12
35 84 6
68 32 9
7 22 4
26 35 14
67 73 14
70 78 8
89 91 18
9 68 15
42 16 12
28 81 9
83 17 2
47 94 19
0 19 10
60 33 9
5 97 19
63 75 14
21 78 5
62 79 16
95 27 6
81 92 9
34 17 4
53 30 9
39 95 17
37 22 14
56 35 3
14 38 10
74 89 12
13 79 12
32 92 2
71 20 2
16 84 9
90 33 20
35 97 7
7 35 11
48 36 1
92 79 2
9 81 6
83 30 7
28 94 19
69 95 6
41 33 20
60 46 6
44 38 20
2 41 19
62 92 15
34 30 12
20 95 9
37 35 2
78 36 1
4 87 20
97 49 14
14 51 17
96 90 10
55 52 18
13 92 10
99 95 8
71 33 15
16 97 6
90 46 18
57 98 4
29 36 9
48 49 13
6 52 13
50 95 5
8 98 13
25 38 11
44 51 17
85 52 13
2 54 1
84 93 14
76 3 7
43 55 11
87 98 11
59 36 15
78 49 6
17 39 1
36 52 3
55 65 18
38 98 10
29 49 12
73 55 6
6 65 5
64 6 18
22 9 15
66 52 15
85 65 12
24 55 5
98 4 17
43 68 17
15 6 16
1 71 10
59 49 16
18 11 6
17 52 14
91 1 11
36 65 13
77 66 7
94 6 9
80 71 8
52 9 16
10 12 18
54 55 18
73 68 14
12 58 9
86 7 5
31 71 14
45 6 19
3 9 18
89 12 9
47 15 10
79 4 18
24 68 8
65 69 20
98 17 4
82 9 4
68 74 8
1 84 16
40 12 12
58 66 15
77 79 5
75 6 9
42 58 8
61 71 1
80 84 6
33 9 14
74 10 12
19 74 16
93 23 13
10 25 4
51 26 15
54 68 20
95 69 2
67 7 5
12 71 11
86 20 1
31 84 18
72 85 13
70 12 2
89 25 7
28 15 5
47 28 18
88 66 11
46 69 7
5 31 14
65 82 12
63 9 9
49 74 12
68 87 9
21 12 17
7 77 18
81 26 10
26 90 14
40 25 1
39 29 5
58 79 8
42 71 9
61 84 1
0 74 13
74 23 19
19 87 18
93 36 19
60 88 14
32 26 4
51 39 4
16 18 1
35 31 6
95 82 18
67 20 19
34 72 9
53 85 9
72 98 20
37 77 14
70 25 14
56 90 1
9 15 16
69 29 15
14 93 6
5 44 6
46 82 4
49 87 17
90 88 16
62 26 11
7 90 9
81 39 19
20 29 19
39 42 1
23 34 15
83 85 1
0 87 9
41 88 18
96 24 10
13 26 16
99 29 7
44 93 1
32 39 3
16 31 9
2 96 10
76 45 15
35 44 1
34 85 19
53 98 11
92 26 20
37 90 10
9 28 15
50 29 17
69 42 16
8 32 9
27 45 18
11 37 7
30 50 7
71 88 17
29 91 9
62 39 1
20 42 15
4 34 3
23 47 4
64 48 7
83 98 10
96 37 14
25 93 20
99 42 3
38 32 14
57 45 15
76 58 9
15 48 13
18 53 11
92 39 17
59 91 13
50 42 13
91 43 18
8 45 4
94 48 13
27 58 13
11 50 18
30 63 7
84 40 15
43 2 7
87 45 4
1 5 5
4 47 1
45 48 3
64 61 10
3 51 5
77 0 8
22 64 15
80 5 16
38 45 19
57 58 13
98 59 20
15 61 11
73 2 6
18 66 16
31 5 13
91 56 15
75 48 10
94 61 12
33 51 13
52 64 1
24 2 2
10 67 17
84 53 7
1 18 11
87 58 13
45 61 9
86 62 11
58 0 4
3 64 6
89 67 18
22 77 16
77 13 1
61 5 2
80 18 12
19 8 12
79 59 14
98 72 18
63 51 19
82 64 16
54 2 19
95 3 13
40 67 13
12 5 16
31 18 11
72 19 17
75 61 11
88 0 3
33 64 9
52 77 3
93 78 15
46 3 2
65 16 5
10 80 7
49 8 6
68 21 20
67 62 6
26 24 1
86 75 13
58 13 5
70 67 16
89 80 4
42 5 11
61 18 13
28 70 19
47 83 19
0 8 12
19 21 17
5 86 16
79 72 8
63 64 6
82 77 20
21 67 3
95 16 14
40 80 3
53 19 14
72 32 14
56 24 7
88 13 4
14 27 20
74 78 5
93 91 11
46 16 20
32 81 14
51 94 20
49 21 14
35 86 4
68 34 12
7 24 6
67 75 6
26 37 15
70 80 14
9 70 16
83 19 11
28 83 8
47 96 12
0 21 8
41 22 2
60 35 4
5 99 2
44 27 4
21 80 1
62 81 6
81 94 14
34 19 10
53 32 6
20 84 8
39 97 6
37 24 9
56 37 12
97 38 20
14 40 11
74 91 13
13 81 7
32 94 18
71 22 18
16 86 4
90 35 17
35 99 7
7 37 2
48 38 14
92 81 6
6 41 17
9 83 5
50 84 18
83 32 12
69 97 18
41 35 4
60 48 8
25 27 8
44 40 8
2 43 18
62 94 16
20 97 10
4 89 3
78 38 13
97 51 7
36 41 8
96 92 2
55 54 8
13 94 5
99 97 7
71 35 18
16 99 14
29 38 13
48 51 14
92 94 8
6 54 3
50 97 19
25 40 1
66 41 18
85 54 1
2 56 14
84 95 1
43 57 8
1 60 16
59 38 12
18 0 5
78 51 16
17 41 1
36 54 13
55 67 17
10 1 8
29 51 8
73 57 14
31 60 6
64 8 5
22 11 14
66 54 8
85 67 17
24 57 17
98 6 5
43 70 3
1 73 18
40 1 18
17 54 7
58 55 5
91 3 13
77 68 19
94 8 6
61 60 14
80 73 4
52 11 17
93 12 19
10 14 16
54 57 8
73 70 16
12 60 14
86 9 16
31 73 6
70 1 4
3 11 14
89 14 18
88 55 19
47 17 7
79 6 7
24 70 17
65 71 3
5 20 10
82 11 7
68 76 3
21 1 18
40 14 12
26 79 1
58 68 11
77 81 7
42 60 12
61 73 3
80 86 13
33 11 8
74 12 20
19 76 14
0 63 18
93 25 11
32 15 7
51 28 18
35 20 15
54 70 9
95 71 6
67 9 14
12 73 3
86 22 16
53 74 18
72 87 20
70 14 16
89 27 8
56 79 8
9 4 4
28 17 5
47 30 11
88 68 10
46 71 5
5 33 3
65 84 14
63 11 13
49 76 17
68 89 13
21 14 20
62 15 5
7 79 15
81 28 5
26 92 14
39 31 6
42 73 14
83 74 15
0 76 1
74 25 19
19 89 16
60 90 5
13 15 10
32 28 20
51 41 19
16 20 10
35 33 5
95 84 19
34 74 2
53 87 8
92 15 1
37 79 13
56 92 13
9 17 4
28 30 7
69 31 17
14 95 14
27 34 15
46 84 18
30 39 8
49 89 19
62 28 8
7 92 17
81 41 10
48 93 12
20 31 16
39 44 12
4 23 15
23 36 5
83 87 11
96 26 5
41 90 20
13 28 14
25 82 15
99 31 5
44 95 1
16 33 2
57 34 2
2 98 11
76 47 17
34 87 7
92 28 15
37 92 14
78 93 9
50 31 12
69 44 4
8 34 3
27 47 18
11 39 5
71 90 20
30 52 4
84 29 5
29 93 19
87 34 1
20 44 11
4 36 5
23 49 14
64 50 5
55 1 2
96 39 2
25 95 11
99 44 2
38 34 7
57 47 7
76 60 18
15 50 16
59 93 15
6 1 11
18 55 17
50 44 11
17 96 19
91 45 19
8 47 4
94 50 10
11 52 9
52 53 18
85 1 12
84 42 15
43 4 7
1 7 13
87 47 1
45 50 4
64 63 17
3 53 9
77 2 16
22 66 7
80 7 20
38 47 9
79 48 14
98 61 8
82 53 8
15 63 3
73 4 18
18 68 15
31 7 16
91 58 2
75 50 15
94 63 6
33 53 14
52 66 17
24 4 1
65 5 18
10 69 14
68 10 4
1 20 3
45 63 13
86 64 17
58 2 8
3 66 7
89 69 5
77 15 11
61 7 18
80 20 4
19 10 10
79 61 16
98 74 6
63 53 1
82 66 14
54 4 13
95 5 2
40 69 17
21 56 5
12 7 3
31 20 9
72 21 6
75 63 11
88 2 20
33 66 1
74 67 12
93 80 18
46 5 11
65 18 2
10 82 2
51 83 6
49 10 1
68 23 2
7 13 18
67 64 17
86 77 18
70 69 13
89 82 14
42 7 13
28 72 18
47 85 5
0 10 8
19 23 3
60 24 1
5 88 10
63 66 5
21 69 4
95 18 14
40 82 9
81 83 16
34 8 16
53 21 1
72 34 10
37 13 2
56 26 5
14 29 11
74 80 18
46 18 1
13 70 8
32 83 7
51 96 19
49 23 10
90 24 8
35 88 4
7 26 11
67 77 3
26 39 11
70 82 18
9 72 17
83 21 13
28 85 19
0 23 17
41 24 15
60 37 18
44 29 8
2 32 11
62 83 16
81 96 12
34 21 18
53 34 5
20 86 10
39 99 20
37 26 19
56 39 3
23 91 10
97 40 2
14 42 5
96 81 17
55 43 15
13 83 18
99 86 17
32 96 5
71 24 12
16 88 9
90 37 18
29 27 3
48 40 3
92 83 17
6 43 9
9 85 7
50 86 13
69 99 12
41 37 18
25 29 1
44 42 19
85 43 2
2 45 7
62 96 10
20 99 5
59 27 17
4 91 8
78 40 5
97 53 14
36 43 6
96 94 2
55 56 15
38 89 11
71 37 20
29 40 6
48 53 18
6 56 7
92 96 3
50 99 16
22 0 7
25 42 19
66 43 20
85 56 8
24 46 8
84 97 16
43 59 2
1 62 3
59 40 11
18 2 8
78 53 6
17 43 11
36 56 20
77 57 8
80 62 18
52 0 17
10 3 12
54 46 13
73 59 18
31 62 9
3 0 10
89 3 18
22 13 3
66 56 15
24 59 11
98 8 1
43 72 4
82 0 18
1 75 13
40 3 16
17 56 18
58 57 10
77 70 6
61 62 15
80 75 8
33 0 4
19 65 20
93 14 12
52 13 12
10 16 19
51 17 10
54 59 15
73 72 1
12 62 2
86 11 10
31 75 6
72 76 16
70 3 9
89 16 18
28 6 13
47 19 1
88 57 9
79 8 17
46 60 7
65 73 3
5 22 1
63 0 20
49 65 14
82 13 20
68 78 14
21 3 9
40 16 10
81 17 19
26 81 19
58 70 12
42 62 6
61 75 7
0 65 14
74 14 2
19 78 18
93 27 5
32 17 17
51 30 18
35 22 10
95 73 4
67 11 10
12 75 8
53 76 5
72 89 15
70 16 15
56 81 15
9 6 19
28 19 12
88 70 20
14 84 19
47 32 13
46 73 3
5 35 19
65 86 19
49 78 2
68 91 19
21 16 14
62 17 19
7 81 2
81 30 14
26 94 13
39 33 11
23 25 2
42 75 17
83 76 17
0 78 9
74 27 18
41 79 14
60 92 15
13 17 17
44 84 11
32 30 15
16 22 4
76 36 5
95 86 5
34 76 4
53 89 5
92 17 18
37 81 19
56 94 2
97 95 17
9 19 7
50 20 10
69 33 5
14 97 4
27 36 18
30 41 12
71 79 15
90 92 8
62 30 4
7 94 20
48 95 4
20 33 19
39 46 13
6 98 5
4 25 1
23 38 13
83 89 3
96 28 12
41 92 10
13 30 14
99 33 6
25 84 20
44 97 18
16 35 6
57 36 16
76 49 4
34 89 15
92 30 6
37 94 10
78 95 2
50 33 20
36 98 9
69 46 13
8 36 20
27 49 11
11 41 15
30 54 5
71 92 8
84 31 3
29 95 12
87 36 20
4 38 13
45 39 6
64 52 20
55 3 3
96 41 2
22 55 9
25 97 15
66 98 19
99 46 5
38 36 5
57 49 6
98 50 15
15 52 10
18 57 13
59 95 2
17 98 6
91 47 5
75 39 4
8 49 1
94 52 6
11 54 2
52 55 12
84 44 2
43 6 7
1 9 7
87 49 4
45 52 4
64 65 5
3 55 20
77 4 19
22 68 9
80 9 17
38 49 18
79 50 15
98 63 1
82 55 17
73 6 12
31 9 20
91 60 14
75 52 6
94 65 16
33 55 7
52 68 10
24 6 16
65 7 16
10 71 7
68 12 18
67 53 16
26 15 8
86 66 12
70 58 14
3 68 18
77 17 7
58 4 11
89 71 9
61 9 10
80 22 17
47 74 9
19 12 14
79 63 2
63 55 14
82 68 8
21 58 20
95 7 4
40 71 4
12 9 11
53 10 20
72 23 14
56 15 12
88 4 19
33 68 8
74 69 5
93 82 20
46 7 17
65 20 9
10 84 6
51 85 1
49 12 20
68 25 2
7 15 1
26 28 6
67 66 16
86 79 8
70 71 17
89 84 14
42 9 14
83 10 11
28 74 2
47 87 8
0 12 12
19 25 3
60 26 20
5 90 11
63 68 8
21 71 13
62 72 19
95 20 8
81 85 17
34 10 5
53 23 7
72 36 12
39 88 19
37 15 17
56 28 1
14 31 5
74 82 10
46 20 13
13 72 7
32 85 12
51 98 5
16 77 11
90 26 8
35 90 18
49 25 5
7 28 2
48 29 11
92 72 17
9 74 16
83 23 14
28 87 2
69 88 11
41 26 13
60 39 16
25 18 6
44 31 13
2 34 1
62 85 19
81 98 7
34 23 4
20 88 12
37 28 18
78 29 10
23 93 11
97 42 11
14 44 6
96 83 7
55 45 18
13 85 9
99 88 20
71 26 2
16 90 1
90 39 12
48 42 13
6 45 19
92 85 18
50 88 12
8 91 3
41 39 6
25 31 19
11 96 8
85 45 14
2 47 11
43 48 2
84 86 4
59 29 8
4 93 15
78 42 3
97 55 4
17 32 10
36 45 7
55 58 13
71 39 7
38 91 4
29 42 19
73 48 8
6 58 14
22 2 18
66 45 12
85 58 5
24 48 16
43 61 3
84 99 3
1 64 4
59 42 12
18 4 10
17 45 17
36 58 9
77 59 14
80 64 20
52 2 13
10 5 14
54 48 6
73 61 18
12 51 10
86 0 6
31 64 11
3 2 11
89 5 15
47 8 11
66 58 16
24 61 3
98 10 14
65 62 4
82 2 5
68 67 5
1 77 3
40 5 20
58 59 4
77 72 11
42 51 11
61 64 17
80 77 3
33 2 6
74 3 17
19 67 15
93 16 12
10 18 6
51 19 13
54 61 18
95 62 14
67 0 9
12 64 1
86 13 18
31 77 14
72 78 17
70 5 20
89 18 8
28 8 6
88 59 14
47 21 9
5 24 8
46 62 10
65 75 17
63 2 5
49 67 5
68 80 8
21 5 3
40 18 17
81 19 19
26 83 2
7 70 15
58 72 13
42 64 20
61 77 5
0 67 20
74 16 2
19 80 14
60 81 4
93 29 13
13 6 12
32 19 8
51 32 8
16 11 14
35 24 8
95 75 10
34 65 16
67 13 3
53 78 12
72 91 12
37 70 14
70 18 16
56 83 17
9 8 5
28 21 12
69 22 3
88 72 9
14 86 18
5 37 4
46 75 9
49 80 8
90 81 4
62 19 18
7 83 14
81 32 17
26 96 15
20 22 1
39 35 18
23 27 5
83 78 10
96 17 19
0 80 10
41 81 18
60 94 17
13 19 19
99 22 14
44 86 1
16 24 14
2 89 6
76 38 17
35 37 20
34 78 2
53 91 20
92 19 6
37 83 15
56 96 9
9 21 9
50 22 11
69 35 6
14 99 5
8 25 17
27 38 3
71 81 3
30 43 11
90 94 11
62 32 7
29 84 17
48 97 10
20 35 12
4 27 9
23 40 8
83 91 12
96 30 2
41 94 3
25 86 5
99 35 10
44 99 15
38 25 1
57 38 14
76 51 5
15 41 19
59 84 17
92 32 1
78 97 3
18 46 17
50 35 8
91 36 9
8 38 8
94 41 16
27 51 14
11 43 10
30 56 18
71 94 7
84 33 15
29 97 4
87 38 19
4 40 3
45 41 6
64 54 9
22 57 11
25 99 16
57 51 17
98 52 15
15 54 1
18 59 10
59 97 5
91 49 20
75 41 16
94 54 6
52 57 20
43 8 13
10 60 4
84 46 13
1 11 7
87 51 15
45 54 6
86 55 20
3 57 1
77 6 1
22 70 19
80 11 18
19 1 18
79 52 20
98 65 7
63 44 9
82 57 5
40 60 14
73 8 15
31 11 17
72 12 19
75 54 10
33 57 12
52 70 13
93 71 18
65 9 15
10 73 9
49 1 13
68 14 12
67 55 17
26 17 16
86 68 6
70 60 16
58 6 2
89 73 18
61 11 6
47 76 12
0 1 5
19 14 15
5 79 17
79 65 17
63 57 15
82 70 20
21 60 12
95 9 1
40 73 11
12 11 4
53 12 15
72 25 17
56 17 17
88 6 3
14 20 20
74 71 16
93 84 15
46 9 14
32 74 8
65 22 14
51 87 18
49 14 8
35 79 12
68 27 20
7 17 5
67 68 3
26 30 14
70 73 8
9 63 8
42 11 15
28 76 17
83 12 10
47 89 4
0 14 8
41 15 4
60 28 16
5 92 12
44 20 4
21 73 1
95 22 20
62 74 2
81 87 3
34 12 19
53 25 7
39 90 1
37 17 4
56 30 4
97 31 3
14 33 8
74 84 10
13 74 10
32 87 13
71 15 12
16 79 6
90 28 12
35 92 1
7 30 7
48 31 11
92 74 17
6 34 1
9 76 20
83 25 11
28 89 4
69 90 1
41 28 18
27 93 17
60 41 18
25 20 4
44 33 3
30 98 18
2 36 1
62 87 17
34 25 3
20 90 3
37 30 10
78 31 6
4 82 16
23 95 11
97 44 2
36 34 1
55 47 9
96 85 4
13 87 19
99 90 6
71 28 7
16 92 4
57 93 19
90 41 1
29 31 19
48 44 9
6 47 6
92 87 20
50 90 18
8 93 14
25 33 15
66 34 7
11 98 4
85 47 10
2 49 20
84 88 17
43 50 17
87 93 19
1 53 20
59 31 3
4 95 15
78 44 15
17 34 12
36 47 4
55 60 9
96 98 12
38 93 5
29 44 7
73 50 10
31 53 2
64 1 14
22 4 20
66 47 4
85 60 11
24 50 7
43 63 13
1 66 2
59 44 19
17 47 2
58 48 1
77 61 19
94 1 15
61 53 17
80 66 18
52 4 8
93 5 14
10 7 13
54 50 2
73 63 5
12 53 9
86 2 19
31 66 9
3 4 1
89 7 8
47 10 13
88 48 6
24 63 10
65 64 12
82 4 17
68 69 19
40 7 9
26 72 17
58 61 9
77 74 7
42 53 15
61 66 10
80 79 7
33 4 8
74 5 14
19 69 11
0 56 14
93 18 7
32 8 20
51 21 2
54 63 20
95 64 3
67 2 15
12 66 15
86 15 1
53 67 18
72 80 12
70 7 18
89 20 17
56 72 20
28 10 12
88 61 12
47 23 16
5 26 11
46 64 8
65 77 12
63 4 11
49 69 14
68 82 1
21 7 16
62 8 5
7 72 6
81 21 15
26 85 4
39 24 2
42 66 4
83 67 6
0 69 18
74 18 18
19 82 12
60 83 17
13 8 3
32 21 17
51 34 20
16 13 4
35 26 12
95 77 8
34 67 6
53 80 9
72 93 16
92 8 9
37 72 8
56 85 16
9 10 8
28 23 17
69 24 4
14 88 4
5 39 14
46 77 8
49 82 15
90 83 5
62 21 14
7 85 9
48 86 7
81 34 8
20 24 2
39 37 4
23 29 9
83 80 10
96 19 6
41 83 13
60 96 17
13 21 13
99 24 7
44 88 14
25 75 10
16 26 6
2 91 9
76 40 11
34 80 19
92 21 2
37 85 9
78 86 6
97 99 14
50 24 14
69 37 6
8 27 10
27 40 16
11 32 2
71 83 15
30 45 8
90 96 18
84 22 4
29 86 15
48 99 17
87 27 20
20 37 19
4 29 15
23 42 19
64 43 17
96 32 11
41 96 1
25 88 4
99 37 11
38 27 20
57 40 4
76 53 12
15 43 4
18 48 7
59 86 7
78 99 15
17 89 20
91 38 7
50 37 9
8 40 9
94 43 12
27 53 19
11 45 9
71 96 14
30 58 20
84 35 12
29 99 12
1 0 4
87 40 7
45 43 6
64 56 9
3 46 12
22 59 20
80 0 9
38 40 12
79 41 5
98 54 4
15 56 9
18 61 20
59 99 19
31 0 14
91 51 11
75 43 17
94 56 7
33 46 4
52 59 13
10 62 17
68 3 15
1 13 19
45 56 20
86 57 9
3 59 11
77 8 14
22 72 20
89 62 7
61 0 18
80 13 18
19 3 4
79 54 5
98 67 12
63 46 12
82 59 8
40 62 13
12 0 12
31 13 6
72 14 11
75 56 11
33 59 17
52 72 1
93 73 13
65 11 15
10 75 2
51 76 16
49 3 6
68 16 15
7 6 11
67 57 3
26 19 3
86 70 17
70 62 6
58 8 5
89 75 2
42 0 8
61 13 10
28 65 14
47 78 11
0 3 14
19 16 14
60 17 10
5 81 4
63 59 4
21 62 9
95 11 4
40 75 12
81 76 13
34 1 8
53 14 5
72 27 10
37 6 1
56 19 4
88 8 13
14 22 17
74 73 13
93 86 18
46 11 13
32 76 16
51 89 10
49 16 18
90 17 16
35 81 13
7 19 9
67 70 16
26 32 17
70 75 9
9 65 16
83 14 3
28 78 2
47 91 15
0 16 6
41 17 8
60 30 1
5 94 9
44 22 17
2 25 1
21 75 6
62 76 2
81 89 20
34 14 20
20 79 4
53 27 3
39 92 20
37 19 15
23 84 17
97 33 9
56 32 4
14 35 10
55 36 2
13 76 16
32 89 9
71 17 14
16 81 13
90 30 8
35 94 6
76 95 12
29 20 15
48 33 11
92 76 8
6 36 11
9 78 12
83 27 19
50 79 19
69 92 11
41 30 19
27 95 6
25 22 6
44 35 13
85 36 12
2 38 8
62 89 9
20 92 11
59 20 8
4 84 13
78 33 6
23 97 20
97 46 7
96 87 19
55 49 12
13 89 16
99 92 6
71 30 3
16 94 12
57 95 11
29 33 8
15 98 3
48 46 15
6 49 14
92 89 14
50 92 11
8 95 14
25 35 4
66 36 19
85 49 10
24 39 4
43 52 3
84 90 13
1 55 2
87 95 6
59 33 18
4 97 15
78 46 14
45 98 8
17 36 4
36 49 10
77 50 5
80 55 19
38 95 5
54 39 13
73 52 20
31 55 1
22 6 19
75 98 8
66 49 13
24 52 7
98 1 5
43 65 5
1 68 16
17 49 3
58 50 13
77 63 20
61 55 16
80 68 16
52 6 12
93 7 2
19 58 19
10 9 16
54 52 9
73 65 11
12 55 7
86 4 4
31 68 15
72 69 1
89 9 12
47 12 16
88 50 1
46 53 17
5 15 12
65 66 8
79 1 8
49 58 7
82 6 14
68 71 20
40 9 2
26 74 3
58 63 6
42 55 14
61 68 10
0 58 10
74 7 10
19 71 9
93 20 14
32 10 12
51 23 7
35 15 18
95 66 3
67 4 19
12 68 3
53 69 1
72 82 20
70 9 2
56 74 7
28 12 19
88 63 1
47 25 13
46 66 16
5 28 8
65 79 15
49 71 9
68 84 8
21 9 2
62 10 16
7 74 5
81 23 6
26 87 10
39 26 1
42 68 6
83 69 4
0 71 9
74 20 2
41 72 14
60 85 6
13 10 13
44 77 13
32 23 7
51 36 6
16 15 6
35 28 5
95 79 19
34 69 4
53 82 10
92 10 2
37 74 16
56 87 15
97 88 13
9 12 8
50 13 10
69 26 15
14 90 6
27 29 3
30 34 20
71 72 1
90 85 3
62 23 9
7 87 10
48 88 4
20 26 4
4 18 14
23 31 17
83 82 1
96 21 2
41 85 15
60 98 4
13 23 14
25 77 5
44 90 9
99 26 6
16 28 3
57 29 3
2 93 19
76 42 19
34 82 16
92 23 20
37 87 13
78 88 16
50 26 13
69 39 9
36 91 6
8 29 15
27 42 5
11 34 11
30 47 15
71 85 1
90 98 14
84 24 20
29 88 16
87 29 18
4 31 20
23 44 7
64 45 9
96 34 19
22 48 5
25 90 19
66 91 6
99 39 13
38 29 1
57 42 13
76 55 3
15 45 8
18 50 6
59 88 16
17 91 14
91 40 4
8 42 10
94 45 2
11 47 5
52 48 12
84 37 16
1 2 14
87 42 11
64 58 15
3 48 7
22 61 9
80 2 12
38 42 6
79 43 18
98 56 13
82 48 15
15 58 15
18 63 9
31 2 9
91 53 19
75 45 4
94 58 3
33 48 2
52 61 10
65 0 3
10 64 5
68 5 20
26 8 20
45 58 10
86 59 18
3 61 15
77 10 18
89 64 1
61 2 13
80 15 4
47 67 5
19 5 10
79 56 18
63 48 13
82 61 18
21 51 18
95 0 3
40 64 19
12 2 7
53 3 1
72 16 14
56 8 13
33 61 10
74 62 15
93 75 4
46 0 5
65 13 17
10 77 13
51 78 3
49 5 20
68 18 20
7 8 17
67 59 4
26 21 4
86 72 13
70 64 18
89 77 20
42 2 8
83 3 6
28 67 16
47 80 17
0 5 8
19 18 5
60 19 20
5 83 4
63 61 13
21 64 8
95 13 12
40 77 3
81 78 18
34 3 4
53 16 11
72 29 17
39 81 10
37 8 1
56 21 3
14 24 1
74 75 6
93 88 14
46 13 18
13 65 18
32 78 8
51 91 7
16 70 19
90 19 9
49 18 11
35 83 8
7 21 10
48 22 5
70 77 4
9 67 18
83 16 10
28 80 7
69 81 7
41 19 8
60 32 1
5 96 2
25 11 13
44 24 12
2 27 8
62 78 2
81 91 16
34 16 15
20 81 2
39 94 16
37 21 20
78 22 5
23 86 2
97 35 10
14 37 19
96 76 19
55 38 6
13 78 7
99 81 11
32 91 19
71 19 16
16 83 15
90 32 8
35 96 1
76 97 18
29 22 17
48 35 10
6 38 8
92 78 3
9 80 3
50 81 16
69 94 2
41 32 20
8 84 18
27 97 12
25 24 18
11 89 12
44 37 2
85 38 8
2 40 6
43 41 10
62 91 9
20 94 8
59 22 4
4 86 18
78 35 4
23 99 13
97 48 15
17 25 12
36 38 18
96 89 6
55 51 12
99 94 5
38 84 6
71 32 15
57 97 17
29 35 15
73 41 6
6 51 12
50 94 11
91 95 5
8 97 13
66 38 1
85 51 10
24 41 10
84 92 20
43 54 17
1 57 10
87 97 17
59 35 14
4 99 8
17 38 5
36 51 20
77 52 13
80 57 5
38 97 19
54 41 17
73 54 10
12 44 17
31 57 3
22 8 8
66 51 20
24 54 3
98 3 16
65 55 3
68 60 20
1 70 9
58 52 18
77 65 1
42 44 13
61 57 6
80 70 8
19 60 4
93 9 8
10 11 15
51 12 8
95 55 10
12 57 8
86 6 6
31 70 14
72 71 20
89 11 11
28 1 19
47 14 19
88 52 11
5 17 11
46 55 10
65 68 14
49 60 2
68 73 6
40 11 1
81 12 11
26 76 1
7 63 16
58 65 11
42 57 8
61 70 7
0 60 14
74 9 10
19 73 2
93 22 12
60 74 5
32 12 19
51 25 14
35 17 13
95 68 10
34 58 8
67 6 20
53 71 12
72 84 2
37 63 11
70 11 5
56 76 20
9 1 10
28 14 12
14 79 6
47 27 18
88 65 18
5 30 17
46 68 3
49 73 16
90 74 6
62 12 11
7 76 3
81 25 12
26 89 6
20 15 3
39 28 11
23 20 17
83 71 2
0 73 6
41 74 17
96 10 1
60 87 8
13 12 15
32 25 18
44 79 12
16 17 18
35 30 17
76 31 10
34 71 2
53 84 5
92 12 11
37 76 2
56 89 12
97 90 13
9 14 8
50 15 9
69 28 6
14 92 13
27 31 11
30 36 10
71 74 1
90 87 4
62 25 19
29 77 12
48 90 8
20 28 12
6 93 16
39 41 3
4 20 19
23 33 3
83 84 11
96 23 15
41 87 5
25 79 8
99 28 19
44 92 6
85 93 12
16 30 7
57 31 16
2 95 11
76 44 14
15 34 9
92 25 19
59 77 17
78 90 20
18 39 12
50 28 5
69 41 12
36 93 16
8 31 12
27 44 14
11 36 7
71 87 15
30 49 3
84 26 13
29 90 13
87 31 7
4 33 12
45 34 9
64 47 7
22 50 3
25 92 16
66 93 8
38 31 19
57 44 10
98 45 11
15 47 7
18 52 10
59 90 8
17 93 10
91 42 8
75 34 13
8 44 20
94 47 10
11 49 9
52 50 12
10 53 5
84 39 11
43 1 17
1 4 9
87 44 19
54 96 2
45 47 1
64 60 10
3 50 13
22 63 2
80 4 7
79 45 2
98 58 2
82 50 5
73 1 6
40 53 6
31 4 12
72 5 6
75 47 20
94 60 2
33 50 18
52 63 15
93 64 6
65 2 14
10 66 1
68 7 14
26 10 9
67 48 11
86 61 10
70 53 1
3 63 18
89 66 20
61 4 19
47 69 9
19 7 17
5 72 12
79 58 17
63 50 13
82 63 19
21 53 14
95 2 15
40 66 11
12 4 4
53 5 8
72 18 3
56 10 5
14 13 15
33 63 3
74 64 10
93 77 15
46 2 4
32 67 2
65 15 8
51 80 20
49 7 11
35 72 18
68 20 4
7 10 19
67 61 10
26 23 20
86 74 3
70 66 7
89 79 12
42 4 14
83 5 11
9 56 15
28 69 2
47 82 1
0 7 12
41 8 15
60 21 4
5 85 20
44 13 9
21 66 17
95 15 20
62 67 10
81 80 13
34 5 6
53 18 12
39 83 17
37 10 7
56 23 10
97 24 16
14 26 13
74 77 17
13 67 14
32 80 12
51 93 7
71 8 1
16 72 2
90 21 10
35 85 2
7 23 9
48 24 2
92 67 9
6 27 7
9 69 2
83 18 14
28 82 17
69 83 4
41 21 10
27 86 4
60 34 2
25 13 7
44 26 3
30 91 8
2 29 2
62 80 11
81 93 17
34 18 17
20 83 3
39 96 11
37 23 20
4 75 8
23 88 3
97 37 8
78 24 18
36 27 13
96 78 9
55 40 13
13 80 14
99 83 2
71 21 15
16 85 18
90 34 17
57 86 12
76 99 7
29 24 1
48 37 18
6 40 2
92 80 13
50 83 7
69 96 16
8 86 9
27 99 12
25 26 18
66 27 9
11 91 4
85 40 15
2 42 8
84 81 2
87 86 9
20 96 15
59 24 17
4 88 11
78 37 4
17 27 11
36 40 7
55 53 13
96 91 4
99 96 13
38 86 1
57 99 14
29 37 17
73 43 20
31 46 3
50 96 10
91 97 18
8 99 10
66 40 11
85 53 7
24 43 9
84 94 20
43 56 9
1 59 4
87 99 14
59 37 18
17 40 7
58 41 16
77 54 14
61 46 3
80 59 19
38 99 5
10 0 5
54 43 11
73 56 1
12 46 10
31 59 9
89 0 15
47 3 5
88 41 1
24 56 3
65 57 19
68 62 18
40 0 4
58 54 13
77 67 20
42 46 20
61 59 3
80 72 7
0 49 2
19 62 11
93 11 5
10 13 11
51 14 10
54 56 13
95 57 2
12 59 9
53 60 3
86 8 8
72 73 2
70 0 14
89 13 17
28 3 20
88 54 20
47 16 7
46 57 5
5 19 19
65 70 12
49 62 9
68 75 15
21 0 15
40 13 8
81 14 10
7 65 16
26 78 13
39 17 13
42 59 5
83 60 19
0 62 10
74 11 2
19 75 7
60 76 5
93 24 2
13 1 13
32 14 6
51 27 4
16 6 4
35 19 18
95 70 9
34 60 19
53 73 6
72 86 20
37 65 10
56 78 5
9 3 9
28 16 10
69 17 19
14 81 16
46 70 2
5 32 14
49 75 11
90 76 8
62 14 12
7 78 4
81 27 9
26 91 3
20 17 19
39 30 7
23 22 12
83 73 9
96 12 20
41 76 8
60 89 9
13 14 10
99 17 14
32 27 7
25 68 2
44 81 13
16 19 4
2 84 11
35 32 2
76 33 14
34 73 16
92 14 4
37 78 13
78 79 12
97 92 7
9 16 13
50 17 19
69 30 18
14 94 6
55 95 20
8 20 19
27 33 5
11 25 9
71 76 18
30 38 9
90 89 16
29 79 14
48 92 17
20 30 2
6 95 5
4 22 1
23 35 5
64 36 10
96 25 6
41 89 14
25 81 16
99 30 4
44 94 3
85 95 15
38 20 9
57 33 20
2 97 16
76 46 19
15 36 17
18 41 7
59 79 18
78 92 8
50 30 2
91 31 20
36 95 15
8 33 16
94 36 18
27 46 17
11 38 14
30 51 11
71 89 4
84 28 9
29 92 13
87 33 2
4 35 1
45 36 2
64 49 18
3 39 13
22 52 19
66 95 9
38 33 14
24 98 7
98 47 8
57 46 11
15 49 15
59 92 6
18 54 2
17 95 1
91 44 8
75 36 3
94 49 9
33 39 6
10 55 13
1 6 1
87 46 7
54 98 11
45 49 7
86 50 7
3 52 16
77 1 16
22 65 5
89 55 17
80 6 15
79 47 19
98 60 7
63 39 2
82 52 9
40 55 8
31 6 14
72 7 9
75 49 10
33 52 5
52 65 18
93 66 13
65 4 8
10 68 15
51 69 7
68 9 3
67 50 13
26 12 20
86 63 10
58 1 11
70 55 6
89 68 4
61 6 7
28 58 19
47 71 8
19 9 18
60 10 17
5 74 2
79 60 18
63 52 9
82 65 6
21 55 3
95 4 10
40 68 6
81 69 3
53 7 16
72 20 3
56 12 3
88 1 17
14 15 18
74 66 5
93 79 5
46 4 5
32 69 6
51 82 20
49 9 18
90 10 8
35 74 12
7 12 6
67 63 1
26 25 3
70 68 13
9 58 20
83 7 9
28 71 11
47 84 19
0 9 7
41 10 7
60 23 20
5 87 8
44 15 3
21 68 9
62 69 16
81 82 16
34 7 10
20 72 8
53 20 7
39 85 12
37 12 16
23 77 12
97 26 14
56 25 4
14 28 10
55 29 4
74 79 11
13 69 4
32 82 19
71 10 11
16 74 2
90 23 8
35 87 2
76 88 17
29 13 18
48 26 7
92 69 5
6 29 8
9 71 16
50 72 10
83 20 6
69 85 2
41 23 1
27 88 5
25 15 14
44 28 13
85 29 8
30 93 17
2 31 20
62 82 7
20 85 19
39 98 18
59 13 14
4 77 12
78 26 2
23 90 13
97 39 11
36 29 12
96 80 11
55 42 17
13 82 6
99 85 12
71 23 13
16 87 5
57 88 1
29 26 10
48 39 4
15 91 4
6 42 20
18 96 7
92 82 4
50 85 15
69 98 10
8 88 1
25 28 4
66 29 15
11 93 19
85 42 15
24 32 15
84 83 5
43 45 19
1 48 2
87 88 20
59 26 8
4 90 16
45 91 17
78 39 6
17 29 7
36 42 7
77 43 1
96 93 6
99 98 4
38 88 17
54 32 2
73 45 20
31 48 16
91 99 3
75 91 9
66 42 12
24 45 4
43 58 20
84 96 20
1 61 14
17 42 6
58 43 11
77 56 1
61 48 1
80 61 17
93 0 15
10 2 14
54 45 9
73 58 2
12 48 13
31 61 19
89 2 15
47 5 10
88 43 16
5 8 20
65 59 17
49 51 20
68 64 7
40 2 5
26 67 15
58 56 6
42 48 16
0 51 17
74 0 19
19 64 14
93 13 2
32 3 8
51 16 9
35 8 2
95 59 5
12 61 12
53 62 18
72 75 13
70 2 9
56 67 9
89 15 11
28 5 14
88 56 17
47 18 11
46 59 15
5 21 11
65 72 10
49 64 7
68 77 12
21 2 20
62 3 16
7 67 14
81 16 5
26 80 1
39 19 8
42 61 20
83 62 10
0 64 10
74 13 15
60 78 19
13 3 6
32 16 19
51 29 6
16 8 14
35 21 4
95 72 14
34 62 1
53 75 19
92 3 14
37 67 11
56 80 16
9 5 17
28 18 7
69 19 5
14 83 5
27 22 6
71 65 14
30 27 17
90 78 3
62 16 10
7 80 15
81 29 7
48 81 4
20 19 2
39 32 5
4 11 16
23 24 2
83 75 20
96 14 8
41 78 5
60 91 8
25 70 9
99 19 12
44 83 17
13 16 16
16 21 12
57 22 14
2 86 16
76 35 17
34 75 11
92 16 11
37 80 4
78 81 11
97 94 17
50 19 8
69 32 16
14 96 10
55 97 16
8 22 8
27 35 13
11 27 2
30 40 9
71 78 12
90 91 20
84 17 10
29 81 7
48 94 9
87 22 11
20 32 11
6 97 15
4 24 17
23 37 3
64 38 10
96 27 18
22 41 8
25 83 18
99 32 16
44 96 12
85 97 8
38 22 19
57 35 12
2 99 14
76 48 13
15 38 13
18 43 11
59 81 19
78 94 12
50 32 11
91 33 16
36 97 12
17 84 1
8 35 4
94 38 16
11 40 8
52 41 17
84 30 9
29 94 13
87 35 19
45 38 12
64 51 2
3 41 11
22 54 18
66 97 15
38 35 9
79 36 10
98 49 3
82 41 4
15 51 12
59 94 4
18 56 13
17 97 12
91 46 4
75 38 5
94 51 5
33 41 1
52 54 9
10 57 18
45 51 3
86 52 10
3 54 8
89 57 9
77 3 4
47 60 19
80 8 6
79 49 20
98 62 1
63 41 11
82 54 15
21 44 9
40 57 4
72 9 14
56 1 20
75 51 18
33 54 10
74 55 17
93 68 20
65 6 8
10 70 4
51 71 6
68 11 9
7 1 10
67 52 6
26 14 18
86 65 19
70 57 19
89 70 2
28 60 4
47 73 20
19 11 11
60 12 14
5 76 13
63 54 7
21 57 19
95 6 10
40 70 4
81 71 17
53 9 10
72 22 17
39 74 14
37 1 1
56 14 6
14 17 3
74 68 6
93 81 3
13 58 2
46 6 10
32 71 16
51 84 20
49 11 5
16 63 13
35 76 17
90 12 14
7 14 11
48 15 11
67 65 14
9 60 4
83 9 18
28 73 19
69 74 8
41 12 18
60 25 15
5 89 18
25 4 14
44 17 20
2 20 2
62 71 15
81 84 3
34 9 11
20 74 1
39 87 6
37 14 1
78 15 17
23 79 8
97 28 13
14 30 11
96 69 11
55 31 13
13 71 14
99 74 20
32 84 20
71 12 6
16 76 14
90 25 8
35 89 10
76 90 12
29 15 14
48 28 13
6 31 20
92 71 2
9 73 17
50 74 1
69 87 3
41 25 1
8 77 18
27 90 16
25 17 1
44 30 19
85 31 7
11 82 12
30 95 19
2 33 13
62 84 11
20 87 20
59 15 14
4 79 18
78 28 1
23 92 7
64 93 16
97 41 10
17 18 6
36 31 5
55 44 19
96 82 8
99 87 19
71 25 8
38 77 7
57 90 17
29 28 7
15 93 20
73 34 16
92 84 14
6 44 12
18 98 2
50 87 14
91 88 20
8 90 16
94 93 7
66 31 1
11 95 8
85 44 5
24 34 1
43 47 3
84 85 19
1 50 5
87 90 7
59 28 18
4 92 10
45 93 17
17 31 20
3 96 17
36 44 14
77 45 6
80 50 7
38 90 20
54 34 12
73 47 17
31 50 5
22 1 4
75 93 3
33 96 6
66 44 16
24 47 2
84 98 2
1 63 15
58 45 1
77 58 11
42 37 15
61 50 1
80 63 4
19 53 13
52 1 14
93 2 14
10 4 7
51 5 6
63 96 6
54 47 9
95 48 17
12 50 12
31 63 19
72 64 1
89 4 7
88 45 3
47 7 19
5 10 8
46 48 4
65 61 17
49 53 17
82 1 18
68 66 16
40 4 9
81 5 11
26 69 10
42 50 11
61 63 7
0 53 5
74 2 5
19 66 15
93 15 12
32 5 9
51 18 8
35 10 8
95 61 9
53 64 14
72 77 4
70 4 17
56 69 4
28 7 11
14 72 16
47 20 6
88 58 20
5 23 9
46 61 1
49 66 3
68 79 9
21 4 15
62 5 1
7 69 2
81 18 15
26 82 4
20 8 17
39 21 9
23 13 20
83 64 1
0 66 20
41 67 2
74 15 14
60 80 6
13 5 14
32 18 11
44 72 13
16 10 11
35 23 11
76 24 9
34 64 15
53 77 6
92 5 7
37 69 16
56 82 2
97 83 3
9 7 18
50 8 13
69 21 16
14 85 11
27 24 9
30 29 8
71 67 3
90 80 7
62 18 8
7 82 17
48 83 10
20 21 12
6 86 11
39 34 12
4 13 6
23 26 9
83 77 10
96 16 3
41 80 18
60 93 2
25 72 6
99 21 11
13 18 13
44 85 14
16 23 13
57 24 13
2 88 6
76 37 19
15 27 14
92 18 6
18 32 10
78 83 13
97 96 11
50 21 7
36 86 5
69 34 8
55 99 4
8 24 12
27 37 1
11 29 7
30 42 7
71 80 1
84 19 17
29 83 11
48 96 4
87 24 2
6 99 9
4 26 7
45 27 10
64 40 8
22 43 3
96 29 14
25 85 20
99 34 2
66 86 14
85 99 17
38 24 12
57 37 7
98 38 10
15 40 20
18 45 17
59 83 14
78 96 13
17 86 1
91 35 20
36 99 13
75 27 8
8 37 18
94 40 13
11 42 13
52 43 2
10 46 9
84 32 10
29 96 17
87 37 6
45 40 15
64 53 13
3 43 2
22 56 14
66 99 5
38 37 16
79 38 14
98 51 18
82 43 5
40 46 19
17 99 18
91 48 9
75 40 3
94 53 1
33 43 11
52 56 3
93 57 10
10 59 5
68 0 19
26 3 4
67 41 8
86 54 2
70 46 20
3 56 7
89 59 4
47 62 14
19 0 16
79 51 19
5 65 2
63 43 4
82 56 13
21 46 14
40 59 16
72 11 1
56 3 9
33 56 15
74 57 20
93 70 2
65 8 7
32 60 4
51 73 9
49 0 14
35 65 19
68 13 6
7 3 12
67 54 1
26 16 9
86 67 7
70 59 1
89 72 12
9 49 13
28 62 13
47 75 6
41 1 11
60 14 4
5 78 10
63 56 19
21 59 7
62 60 13
95 8 10
81 73 6
53 11 18
39 76 10
37 3 14
56 16 2
14 19 4
74 70 1
13 60 1
32 73 5
51 86 19
71 1 5
16 65 17
90 14 19
35 78 18
7 16 2
48 17 18
92 60 6
9 62 19
83 11 4
28 75 10
69 76 2
41 14 4
27 79 20
60 27 18
25 6 7
44 19 19
30 84 4
2 22 12
62 73 8
81 86 2
34 11 4
20 76 4
39 89 17
4 68 2
78 17 13
23 81 7
97 30 20
37 16 1
14 32 11
96 71 19
55 33 6
13 73 15
99 76 15
71 14 11
16 78 11
90 27 6
57 79 19
76 92 19
29 17 2
48 30 4
92 73 1
6 33 5
50 76 10
69 89 14
8 79 16
27 92 20
25 19 8
66 20 19
11 84 15
85 33 7
30 97 5
2 35 10
43 36 4
84 74 4
87 79 19
20 89 13
59 17 2
4 81 20
78 30 14
23 94 5
64 95 15
17 20 4
36 33 3
96 84 12
55 46 9
99 89 15
38 79 13
57 92 20
29 30 7
15 95 13
73 36 12
6 46 19
50 89 19
91 90 11
8 92 12
94 95 8
66 33 10
11 97 11
85 46 10
52 98 2
24 36 18
43 49 19
84 87 15
87 92 11
1 52 18
59 30 11
45 95 18
17 33 20
3 98 16
77 47 2
80 52 5
38 92 6
79 93 15
82 98 2
54 36 19
73 49 12
12 39 6
31 52 9
75 95 9
88 34 16
33 98 14
24 49 10
65 50 1
68 55 8
1 65 11
58 47 2
77 60 2
42 39 4
61 52 14
80 65 11
19 55 2
93 4 6
63 98 7
10 6 3
51 7 2
54 49 18
95 50 5
12 52 9
86 1 10
31 65 8
72 66 2
89 6 13
47 9 1
88 47 11
46 50 4
5 12 16
65 63 4
49 55 18
7 58 6
81 7 15
26 71 1
40 6 20
39 10 8
42 52 6
0 55 11
74 4 9
19 68 3
93 17 8
60 69 18
32 7 18
51 20 17
35 12 9
95 63 16
67 1 7
34 53 16
53 66 1
72 79 18
70 6 11
37 58 1
56 71 13
28 9 13
69 10 11
14 74 7
5 25 11
46 63 19
49 68 8
90 69 12
62 7 20
7 71 5
81 20 9
26 84 12
20 10 11
39 23 13
23 15 15
83 66 15
96 5 3
41 69 9
0 68 5
60 82 14
13 7 6
99 10 19
32 20 17
44 74 14
16 12 9
2 77 17
76 26 5
35 25 16
34 66 11
53 79 4
92 7 19
37 71 17
56 84 5
97 85 1
50 10 17
69 23 14
14 87 3
55 88 17
8 13 1
27 26 14
11 18 1
71 69 3
30 31 16
90 82 19
29 72 5
62 20 18
48 85 11
20 23 15
6 88 10
4 15 8
23 28 11
64 29 3
96 18 19
41 82 12
25 74 20
99 23 20
44 87 19
85 88 14
38 13 7
57 26 20
2 90 4
76 39 18
15 29 16
59 72 5
18 34 1
78 85 1
92 20 11
97 98 15
50 23 10
91 24 8
36 88 7
8 26 18
94 29 2
27 39 3
11 31 7
30 44 4
71 82 15
84 21 8
29 85 13
48 98 12
87 26 1
4 28 2
45 29 13
64 42 4
3 32 2
22 45 3
25 87 2
66 88 5
38 26 11
24 91 13
98 40 20
57 39 16
15 42 2
59 85 4
18 47 16
78 98 6
17 88 8
91 37 19
75 29 10
94 42 17
33 32 19
52 45 2
10 48 13
84 34 12
87 39 2
54 91 19
45 42 16
86 43 19
3 45 12
89 48 16
22 58 1
79 40 6
98 53 19
63 32 15
82 45 5
40 48 16
72 0 4
75 42 10
33 45 14
52 58 7
93 59 7
10 61 5
51 62 19
68 2 3
26 5 14
67 43 14
86 56 16
70 48 11
89 61 16
28 51 4
47 64 5
19 2 17
79 53 7
5 67 19
63 45 1
82 58 4
21 48 8
40 61 15
81 62 15
53 0 17
72 13 18
56 5 4
14 8 12
74 59 14
93 72 9
32 62 11
51 75 16
49 2 20
90 3 10
35 67 8
7 5 17
67 56 15
26 18 3
70 61 17
9 51 5
83 0 19
28 64 1
47 77 2
0 2 4
41 3 11
60 16 16
5 80 2
44 8 17
21 61 17
81 75 16
34 0 5
53 13 5
20 65 20
39 78 1
37 5 3
56 18 12
23 70 13
97 19 19
14 21 6
74 72 16
13 62 7
32 75 3
71 3 6
16 67 10
90 16 20
35 80 17
76 81 1
48 19 17
6 22 9
92 62 13
9 64 5
50 65 9
83 13 17
69 78 7
41 16 20
27 81 17
25 8 6
44 21 7
30 86 7
2 24 14
62 75 4
20 78 20
39 91 9
59 6 17
4 70 6
78 19 20
23 83 8
97 32 13
36 22 12
55 35 5
96 73 14
13 75 8
99 78 16
71 16 4
16 80 19
57 81 15
76 94 13
29 19 9
15 84 5
48 32 3
92 75 20
6 35 5
50 78 3
69 91 11
8 81 6
27 94 8
25 21 15
66 22 16
11 86 20
85 35 17
30 99 12
2 37 5
84 76 7
43 38 20
1 41 6
87 81 13
59 19 16
4 83 18
45 84 5
78 32 18
64 97 19
17 22 14
36 35 13
55 48 11
96 86 6
99 91 15
38 81 12
57 94 13
98 95 17
15 97 10
73 38 20
31 41 19
91 92 15
75 84 12
8 94 17
94 97 13
66 35 2
11 99 3
24 38 12
43 51 4
84 89 4
87 94 1
1 54 2
45 97 3
17 35 1
58 36 9
77 49 5
61 41 2
80 54 14
38 94 12
79 95 3
54 38 6
73 51 11
12 41 11
31 54 15
75 97 10
88 36 10
5 1 17
24 51 16
65 52 14
68 57 2
26 60 3
67 98 4
58 49 11
77 62 1
42 41 17
61 54 17
80 67 18
0 44 13
19 57 2
93 6 4
51 9 4
35 1 1
95 52 6
12 54 1
86 3 20
53 55 1
72 68 10
89 8 12
56 60 19
88 49 10
47 11 7
5 14 10
46 52 9
49 57 3
68 70 9
7 60 12
81 9 8
26 73 3
39 12 18
42 54 11
83 55 15
0 57 4
74 6 4
19 70 18
60 71 13
32 9 15
51 22 13
16 1 15
35 14 11
95 65 9
34 55 10
53 68 2
72 81 11
37 60 7
56 73 16
28 11 1
69 12 6
14 76 3
27 15 1
46 65 19
30 20 5
49 70 4
90 71 19
62 9 8
7 73 17
81 22 20
48 74 4
20 12 12
39 25 8
23 17 5
83 68 8
96 7 7
41 71 11
60 84 1
13 9 14
25 63 2
44 76 10
99 12 14
16 14 8
57 15 8
2 79 18
76 28 19
34 68 9
92 9 20
37 73 5
78 74 9
97 87 13
50 12 9
69 25 7
14 89 2
55 90 8
8 15 19
27 28 11
11 20 20
30 33 14
90 84 13
84 10 19
29 74 8
48 87 17
87 15 18
20 25 1
6 90 4
4 17 17
23 30 11
64 31 10
96 20 13
41 84 20
22 34 13
25 76 1
99 25 7
44 89 18
85 90 17
38 15 13
57 28 7
2 92 6
76 41 12
43 93 1
15 31 9
18 36 16
59 74 12
78 87 19
50 25 4
91 26 18
36 90 1
17 77 17
8 28 4
94 31 17
11 33 5
52 34 17
71 84 13
84 23 1
29 87 9
87 28 2
73 93 5
45 31 1
64 44 2
3 34 20
22 47 20
66 90 8
38 28 4
79 29 10
24 93 1
98 42 17
82 34 14
15 44 1
18 49 9
59 87 5
17 90 12
91 39 18
75 31 19
94 44 10
33 34 14
52 47 2
10 50 18
54 93 11
12 96 10
45 44 13
86 45 7
3 47 6
89 50 17
47 53 10
80 1 4
79 42 15
98 55 18
63 34 15
82 47 12
21 37 18
40 50 12
72 2 5
75 44 19
42 96 8
33 47 12
74 48 10
93 61 20
10 63 2
51 64 10
68 4 18
67 45 2
26 7 12
86 58 19
70 50 9
89 63 3
28 53 11
47 66 5
19 4 4
60 5 2
5 69 2
63 47 15
21 50 12
40 63 5
81 64 11
53 2 9
72 15 6
56 7 1
14 10 3
74 61 16
93 74 3
13 51 11
32 64 10
51 77 6
49 4 12
16 56 14
35 69 19
90 5 16
67 58 20
26 20 20
70 63 10
9 53 3
83 2 17
28 66 7
69 67 17
41 5 17
60 18 13
5 82 15
44 10 17
2 13 10
62 64 1
81 77 19
34 2 13
20 67 13
39 80 5
37 7 1
23 72 5
56 20 9
97 21 5
14 23 20
55 24 15
96 62 12
13 64 18
99 67 13
32 77 8
71 5 8
16 69 9
90 18 13
35 82 13
76 83 16
29 8 3
48 21 2
92 64 20
6 24 18
9 66 7
50 67 14
69 80 17
41 18 10
8 70 14
27 83 11
25 10 10
44 23 10
85 24 15
30 88 1
2 26 11
62 77 18
20 80 13
59 8 11
4 72 20
78 21 19
23 85 15
97 34 17
36 24 17
96 75 18
55 37 13
99 80 18
38 70 8
71 18 10
57 83 16
76 96 17
29 21 3
48 34 1
15 86 17
18 91 12
92 77 17
6 37 17
50 80 2
91 81 12
8 83 10
94 86 1
27 96 20
66 24 18
11 88 16
85 37 12
24 27 17
43 40 15
84 78 3
87 83 16
1 43 1
59 21 13
4 85 14
45 86 6
64 99 15
17 24 10
36 37 10
77 38 7
80 43 3
38 83 19
57 96 3
98 97 9
15 99 10
54 27 13
73 40 11
31 43 11
91 94 4
75 86 7
94 99 19
66 37 1
24 40 5
43 53 2
84 91 20
87 96 7
1 56 7
45 99 15
17 37 17
58 38 1
77 51 17
61 43 11
80 56 3
19 46 6
79 97 16
63 89 17
54 40 4
73 53 6
12 43 8
31 56 15
72 57 18
75 99 17
88 38 4
47 0 15
46 41 5
5 3 15
65 54 8
49 46 7
68 59 9
26 62 6
58 51 8
42 43 13
61 56 12
0 46 19
19 59 20
93 8 9
51 11 17
35 3 16
95 54 13
12 56 1
53 57 4
72 70 16
56 62 17
28 0 3
88 51 8
14 65 20
47 13 2
46 54 11
5 16 19
65 67 5
49 59 19
68 72 19
7 62 8
81 11 19
26 75 14
20 1 9
39 14 16
23 6 18
42 56 20
83 57 6
0 59 15
74 8 19
41 60 8
60 73 17
32 11 1
44 65 10
16 3 10
35 16 3
76 17 2
95 67 13
34 57 16
53 70 5
37 62 17
56 75 5
97 76 16
9 0 15
50 1 10
69 14 7
14 78 11
27 17 2
71 60 7
30 22 5
90 73 7
62 11 3
7 75 9
48 76 1
20 14 17
6 79 12
39 27 14
4 6 17
23 19 17
83 70 14
96 9 20
41 73 18
60 86 2
13 11 5
99 14 11
44 78 2
25 65 12
57 17 16
2 81 6
76 30 5
15 20 10
34 70 11
18 25 5
37 75 20
92 11 8
78 76 4
97 89 2
50 14 18
69 27 11
36 79 3
55 92 3
8 17 5
27 30 8
11 22 11
71 73 14
30 35 11
90 86 4
84 12 3
29 76 1
48 89 6
87 17 6
6 92 15
4 19 12
45 20 11
64 33 8
22 36 3
96 22 12
25 78 2
66 79 20
99 27 5
85 92 16
38 17 8
57 30 7
98 31 19
43 95 5
2 94 6
15 33 1
1 98 13
18 38 8
59 76 16
78 89 9
17 79 1
91 28 13
36 92 17
75 20 5
8 30 18
94 33 5
11 35 20
52 36 14
84 25 15
29 89 10
87 30 16
73 95 12
45 33 12
64 46 16
31 98 10
3 36 17
22 49 2
66 92 9
38 30 9
79 31 1
24 95 6
98 44 20
82 36 14
40 39 5
59 89 19
17 92 16
91 41 11
58 93 17
75 33 15
94 46 16
61 98 1
33 36 8
52 49 6
93 50 20
10 52 3
54 95 20
67 34 14
12 98 1
86 47 17
70 39 12
3 49 20
89 52 10
88 93 10
47 55 12
80 3 14
79 44 7
63 36 13
82 49 4
21 39 19
40 52 15
72 4 14
42 98 11
33 49 10
74 50 2
93 63 3
32 53 5
65 1 15
51 66 9
68 6 5
67 47 19
26 9 16
86 60 7
70 52 8
89 65 5
9 42 3
28 55 9
47 68 8
19 6 5
60 7 1
5 71 13
63 49 6
21 52 3
62 53 16
95 1 10
81 66 17
53 4 15
39 69 9
72 17 11
56 9 4
14 12 3
74 63 15
13 53 19
32 66 20
51 79 14
16 58 18
90 7 16
35 71 1
7 9 10
48 10 11
92 53 1
9 55 10
83 4 18
28 68 11
41 7 3
60 20 13
5 84 13
44 12 12
2 15 7
62 66 18
81 79 1
34 4 15
20 69 9
39 82 12
37 9 2
78 10 18
23 74 8
97 23 9
14 25 13
96 64 18
55 26 4
13 66 11
99 69 3
71 7 11
16 71 8
90 20 14
76 85 3
29 10 4
48 23 15
92 66 14
6 26 15
50 69 8
69 82 5
8 72 20
41 20 12
27 85 16
25 12 3
44 25 9
11 77 16
30 90 17
85 26 5
2 28 3
84 67 20
43 29 2
87 72 17
20 82 5
59 10 11
4 74 12
78 23 19
23 87 1
97 36 2
64 88 1
17 13 14
36 26 17
55 39 18
96 77 4
99 82 1
38 72 8
57 85 20
76 98 9
29 23 5
15 88 9
73 29 10
6 39 10
18 93 15
50 82 10
91 83 20
8 85 19
94 88 2
27 98 11
66 26 16
11 90 12
85 39 11
24 29 12
43 42 18
84 80 9
1 45 6
87 85 17
59 23 10
45 88 20
17 26 18
36 39 17
3 91 17
77 40 11
80 45 18
38 85 8
79 86 17
98 99 9
54 29 10
73 42 4
12 32 2
31 45 20
91 96 1
75 88 17
66 39 13
33 91 14
24 42 11
65 43 16
68 48 14
1 58 18
58 40 7
77 53 8
42 32 8
61 45 19
80 58 6
19 48 14
79 99 2
63 91 18
51 0 6
54 42 5
95 43 9
12 45 5
31 58 6
72 59 15
88 40 10
47 2 12
46 43 15
65 56 6
49 48 11
68 61 18
7 51 3
81 0 1
26 64 11
39 3 7
58 53 9
42 45 6
61 58 9
0 48 18
19 61 20
60 62 1
93 10 4
32 0 1
51 13 19
35 5 16
95 56 19
34 46 6
53 59 12
37 51 20
56 64 19
28 2 3
69 3 14
88 53 11
14 67 19
46 56 7
5 18 5
49 61 4
90 62 18
62 0 12
7 64 14
81 13 17
26 77 8
20 3 5
39 16 10
23 8 7
83 59 17
0 61 4
41 62 12
60 75 18
13 0 11
99 3 2
44 67 18
32 13 1
16 5 11
35 18 20
76 19 8
2 70 18
34 59 5
53 72 8
92 0 5
37 64 2
56 77 4
97 78 11
9 2 17
50 3 7
69 16 7
14 80 11
55 81 20
8 6 19
27 19 16
71 62 13
30 24 2
90 75 1
29 65 11
62 13 11
48 78 5
20 16 5
6 81 4
4 8 5
23 21 1
64 22 7
83 72 7
96 11 5
41 75 3
25 67 8
99 16 5
44 80 2
85 81 12
38 6 9
57 19 5
2 83 8
76 32 15
15 22 14
92 13 12
18 27 17
59 65 15
97 91 15
50 16 11
91 17 15
36 81 19
55 94 4
8 19 6
94 22 8
27 32 19
11 24 12
71 75 5
30 37 4
84 14 5
29 78 1
48 91 19
87 19 20
6 94 1
4 21 17
45 22 19
64 35 5
22 38 4
25 80 1
66 81 18
85 94 2
38 19 20
24 84 19
57 32 7
43 97 10
98 33 5
15 35 15
59 78 20
18 40 8
78 91 16
17 81 2
91 30 7
36 94 15
77 95 12
75 22 9
94 35 12
33 25 8
52 38 14
84 27 10
10 41 20
87 32 11
54 84 18
73 97 7
45 35 14
86 36 4
3 38 19
89 41 5
22 51 11
66 94 20
79 33 8
24 97 16
98 46 1
63 25 20
82 38 7
40 41 13
17 94 7
58 95 5
75 35 4
33 38 7
52 51 1
93 52 4
10 54 20
54 97 17
67 36 15
86 49 2
70 41 15
89 54 19
47 57 16
88 95 13
46 98 12
5 60 6
79 46 18
63 38 1
82 51 4
21 41 3
40 54 12
72 6 15
14 1 12
74 52 12
93 65 17
65 3 11
32 55 9
51 68 8
68 8 20
35 60 20
26 11 15
67 49 16
70 54 18
9 44 7
28 57 6
47 70 9
60 9 14
5 73 17
44 1 10
21 54 9
62 55 11
81 68 17
53 6 15
39 71 9
56 11 5
97 12 14
74 65 12
13 55 7
32 68 9
51 81 5
16 60 20
90 9 10
35 73 13
7 11 12
48 12 8
6 15 20
92 55 3
9 57 12
50 58 18
83 6 16
69 71 6
41 9 10
27 74 16
60 22 13
25 1 11
44 14 20
30 79 18
2 17 10
62 68 7
34 6 7
20 71 8
39 84 2
4 63 6
78 12 4
23 76 4
97 25 10
37 11 15
36 15 4
55 28 1
96 66 11
13 68 18
99 71 14
71 9 11
16 73 13
57 74 18
90 22 20
76 87 12
29 12 10
48 25 20
92 68 9
6 28 3
50 71 8
69 84 8
8 74 3
27 87 20
25 14 20
66 15 13
11 79 5
85 28 19
30 92 5
2 30 2
43 31 13
84 69 1
87 74 16
1 34 4
59 12 12
4 76 1
78 25 12
23 89 12
64 90 11
17 15 6
36 28 18
96 79 9
22 93 5
55 41 20
99 84 16
38 74 6
57 87 11
29 25 5
15 90 5
73 31 19
18 95 17
31 34 13
91 85 14
8 87 19
94 90 2
66 28 3
11 92 11
52 93 13
85 41 6
24 31 17
43 44 15
84 82 8
1 47 14
59 25 11
45 90 17
17 28 8
58 29 18
3 93 13
77 42 19
61 34 19
80 47 1
38 87 14
79 88 19
82 93 5
54 31 1
73 44 1
12 34 1
31 47 6
91 98 18
75 90 14
88 29 7
33 93 4
24 44 5
65 45 2
68 50 8
26 53 15
58 42 1
77 55 11
42 34 12
61 47 18
80 60 7
0 37 8
19 50 5
63 93 16
51 2 11
54 44 10
95 45 11
21 96 14
12 47 6
53 48 2
72 61 11
56 53 11
89 1 6
47 4 1
88 42 10
46 45 15
5 7 13
65 58 5
49 50 14
68 63 3
7 53 13
81 2 3
26 66 8
39 5 17
42 47 20
83 48 13
0 50 3
19 63 18
60 64 19
32 2 1
51 15 14
35 7 16
95 58 2
34 48 8
53 61 4
72 74 19
37 53 4
56 66 11
28 4 14
69 5 2
14 69 10
46 58 13
49 63 5
90 64 12
62 2 19
7 66 4
81 15 16
48 67 1
20 5 7
39 18 6
23 10 6
83 61 11
96 0 4
41 64 11
60 77 9
13 2 13
25 56 4
99 5 12
44 69 7
16 7 9
57 8 19
2 72 6
76 21 3
34 61 20
92 2 3
37 66 14
78 67 17
97 80 7
50 5 2
69 18 13
14 82 18
55 83 12
27 21 5
11 13 14
71 64 8
30 26 19
90 77 1
84 3 8
29 67 18
48 80 11
87 8 12
20 18 4
6 83 19
4 10 3
64 24 18
96 13 13
41 77 20
25 69 19
99 18 1
44 82 6
85 83 1
38 8 1
57 21 2
2 85 14
76 34 8
43 86 20
15 24 12
59 67 13
18 29 3
78 80 2
97 93 13
17 70 13
50 18 4
36 83 3
91 19 14
55 96 7
8 21 16
94 24 9
11 26 18
71 77 4
84 16 13
29 80 1
87 21 15
73 86 1
6 96 16
45 24 13
64 37 10
3 27 17
22 40 3
66 83 19
85 96 12
38 21 16
79 22 5
24 86 6
98 35 15
43 99 12
82 27 15
15 37 3
18 42 15
59 80 20
17 83 20
91 32 12
36 96 8
77 97 19
75 24 9
94 37 2
33 27 15
52 40 17
10 43 5
54 86 20
73 99 1
12 89 6
86 38 1
45 37 6
3 40 6
89 43 19
22 53 15
66 96 6
79 35 3
24 99 4
98 48 12
63 27 13
82 40 1
40 43 15
58 97 3
75 37 17
42 89 3
33 40 17
74 41 19
93 54 7
10 56 9
51 57 17
54 99 11
67 38 7
26 0 15
86 51 8
70 43 16
89 56 17
28 46 11
47 59 6
88 97 13
5 62 5
63 40 9
21 43 14
40 56 9
81 57 16
72 8 20
56 0 7
14 3 19
74 54 14
93 67 17
32 57 19
51 70 9
35 62 10
7 0 6
67 51 4
26 13 4
70 56 6
9 46 7
28 59 2
47 72 7
60 11 9
5 75 10
44 3 8
2 6 8
62 57 10
81 70 9
53 8 14
20 60 12
39 73 12
37 0 3
23 65 10
97 14 19
56 13 16
14 16 14
96 55 17
55 17 10
13 57 6
32 70 3
16 62 1
90 11 17
35 75 1
29 1 19
48 14 15
92 57 19
6 17 13
9 59 15
50 60 7
83 8 17
69 73 2
41 11 19
27 76 18
25 3 20
44 16 19
85 17 7
30 81 13
2 19 3
62 70 15
20 73 2
39 86 13
59 1 2
4 65 10
78 14 18
23 78 11
97 27 14
36 17 13
96 68 19
55 30 3
99 73 20
71 11 10
16 75 12
57 76 1
76 89 12
29 14 19
48 27 6
15 79 11
6 30 5
18 84 6
92 70 19
50 73 6
69 86 9
8 76 9
27 89 2
25 16 10
66 17 10
11 81 6
85 30 14
30 94 19
24 20 15
84 71 8
43 33 2
87 76 5
1 36 4
59 14 11
4 78 10
45 79 4
78 27 14
64 92 11
36 30 15
77 31 12
22 95 6
80 36 6
38 76 6
57 89 5
98 90 9
15 92 11
54 20 4
73 33 5
18 97 3
31 36 19
91 87 17
75 79 17
8 89 7
94 92 11
66 30 9
11 94 7
52 95 20
24 33 14
10 98 20
43 46 3
87 89 12
1 49 10
45 92 15
17 30 9
58 31 11
3 95 12
77 44 2
61 36 2
80 49 7
19 39 16
79 90 12
82 95 5
54 33 5
73 46 20
40 98 3
12 36 18
31 49 8
72 50 12
75 92 20
88 31 1
33 95 16
46 34 13
65 47 16
49 39 6
68 52 4
26 55 8
67 93 10
58 44 18
70 98 1
42 36 5
61 49 12
0 39 9
19 52 6
93 1 11
63 95 16
51 4 4
21 98 14
95 47 10
12 49 14
53 50 17
72 63 12
56 55 15
14 58 20
47 6 6
88 44 14
46 47 6
5 9 20
65 60 11
49 52 12
68 65 2
7 55 4
81 4 8
26 68 11
39 7 8
42 49 2
83 50 10
0 52 7
74 1 1
41 53 8
60 66 11
44 58 10
32 4 2
35 9 20
95 60 1
34 50 17
53 63 14
37 55 9
56 68 11
97 69 19
69 7 2
14 71 11
27 10 4
30 15 20
71 53 20
90 66 15
62 4 7
7 68 20
48 69 16
20 7 18
6 72 12
39 20 17
23 12 3
83 63 13
96 2 17
41 66 10
60 79 12
13 4 7
99 7 18
44 71 10
25 58 4
16 9 7
57 10 10
2 74 1
76 23 16
34 63 12
92 4 10
37 68 17
78 69 17
97 82 20
50 7 19
36 72 8
69 20 12
55 85 17
8 10 4
27 23 18
11 15 2
30 28 8
71 66 18
90 79 7
84 5 8
29 69 14
48 82 15
87 10 6
6 85 3
4 12 12
64 26 14
22 29 3
96 15 4
25 71 9
66 72 13
99 20 4
38 10 8
57 23 15
2 87 11
43 88 1
98 24 16
15 26 2
18 31 18
59 69 11
78 82 7
17 72 19
91 21 8
36 85 16
55 98 20
75 13 19
8 23 13
94 26 8
11 28 16
52 29 20
84 18 20
29 82 11
87 23 17
73 88 15
45 26 1
64 39 10
31 91 3
3 29 1
22 42 8
66 85 15
85 98 16
38 23 17
79 24 2
24 88 14
98 37 13
82 29 9
15 39 18
18 44 2
59 82 17
17 85 5
58 86 3
91 34 9
77 99 1
75 26 1
94 39 9
61 91 19
33 29 16
52 42 15
10 45 2
54 88 20
67 27 20
12 91 16
86 40 16
3 42 12
89 45 10
47 48 17
88 86 17
79 37 2
63 29 15
82 42 3
21 32 19
40 45 11
58 99 18
42 91 14
33 42 6
74 43 1
0 94 4
93 56 5
10 58 14
51 59 2
26 2 6
67 40 2
86 53 20
70 45 18
89 58 14
28 48 6
47 61 3
88 99 8
60 0 5
5 64 16
63 42 3
21 45 17
40 58 1
81 59 20
39 62 14
72 10 3
56 2 7
14 5 9
74 56 3
93 69 12
13 46 16
32 59 7
51 72 6
16 51 13
90 0 9
35 64 10
7 2 2
48 3 2
92 46 15
9 48 13
28 61 12
69 62 6
41 0 15
60 13 6
5 77 12
44 5 10
2 8 11
62 59 11
81 72 19
20 62 3
39 75 6
37 2 20
78 3 15
23 67 16
97 16 19
14 18 9
55 19 14
96 57 9
13 59 9
99 62 1
32 72 11
71 0 20
16 64 5
90 13 17
35 77 3
76 78 1
29 3 4
48 16 6
6 19 6
92 59 12
9 61 18
50 62 6
69 75 19
8 65 7
41 13 2
27 78 13
25 5 12
11 70 6
85 19 5
30 83 12
44 18 14
2 21 7
43 22 10
20 75 7
59 3 11
4 67 16
78 16 7
23 80 5
97 29 6
64 81 16
17 6 12
36 19 17
96 70 3
55 32 15
99 75 19
71 13 13
38 65 13
57 78 3
76 91 4
29 16 18
15 81 12
73 22 10
18 86 11
6 32 4
50 75 15
91 76 18
8 78 5
94 81 2
27 91 4
66 19 17
11 83 17
85 32 11
30 96 9
24 22 18
43 35 1
84 73 15
1 38 13
87 78 12
59 16 15
4 80 17
45 81 15
64 94 14
17 19 9
3 84 11
36 32 1
22 97 6
77 33 16
80 38 6
38 78 9
57 91 20
98 92 15
15 94 20
54 22 9
73 35 15
18 99 10
12 25 16
31 38 11
91 89 7
75 81 14
33 84 15
66 32 17
52 97 6
24 35 3
65 36 19
68 41 16
87 91 20
1 51 9
45 94 9
86 95 9
58 33 8
3 97 7
77 46 5
42 25 4
61 38 15
80 51 18
19 41 4
79 92 20
63 84 13
82 97 15
54 35 16
95 36 18
12 38 14
31 51 13
72 52 4
75 94 18
88 33 17
33 97 8
46 36 8
65 49 19
49 41 13
68 54 2
7 44 3
67 95 17
26 57 15
58 46 9
42 38 3
61 51 8
0 41 4
19 54 11
60 55 8
93 3 1
63 97 1
51 6 18
95 49 8
34 39 7
53 52 19
72 65 7
37 44 1
56 57 9
14 60 20
88 46 6
5 11 10
46 49 15
49 54 8
90 55 17
7 57 6
81 6 2
26 70 20
39 9 4
23 1 20
83 52 11
0 54 18
41 55 17
60 68 4
32 6 9
44 60 16
35 11 8
2 63 5
76 12 10
34 52 1
53 65 13
37 57 17
56 70 18
97 71 8
69 9 17
14 73 20
55 74 6
27 12 10
30 17 16
71 55 1
90 68 20
29 58 9
62 6 2
48 71 17
20 9 5
39 22 10
6 74 17
4 1 16
23 14 11
83 65 14
96 4 11
41 68 3
25 60 1
99 9 7
44 73 7
85 74 4
57 12 15
2 76 20
76 25 18
18 20 6
59 58 12
78 71 15
92 6 4
97 84 15
50 9 7
91 10 16
36 74 17
55 87 2
8 12 1
27 25 1
11 17 7
71 68 7
84 7 1
29 71 1
48 84 10
87 12 14
6 87 3
4 14 10
45 15 19
64 28 13
22 31 10
25 73 4
66 74 2
85 87 10
38 12 16
57 25 2
98 26 10
24 77 2
43 90 2
15 28 16
1 93 14
59 71 7
18 33 6
78 84 1
17 74 6
91 23 7
36 87 16
77 88 14
75 15 9
94 28 6
11 30 4
52 31 7
10 34 14
84 20 20
54 77 14
87 25 2
73 90 4
45 28 1
64 41 10
31 93 17
3 31 15
22 44 7
66 87 17
79 26 1
24 90 17
98 39 9
82 31 8
40 34 12
17 87 1
58 88 10
75 28 19
61 93 4
33 31 2
52 44 9
93 45 15
10 47 9
54 90 16
67 29 14
12 93 4
86 42 13
70 34 18
3 44 3
89 47 14
47 50 4
5 53 14
79 39 4
46 91 13
63 31 10
49 96 10
82 44 17
21 34 20
40 47 9
42 93 1
33 44 2
0 96 18
74 45 7
93 58 20
32 48 18
51 61 2
68 1 20
35 53 11
26 4 14
67 42 10
70 47 5
89 60 9
9 37 13
28 50 18
47 63 4
60 2 20
5 66 19
21 47 15
62 48 1
81 61 12
39 64 11
56 4 10
97 5 9
14 7 2
74 58 2
13 48 19
32 61 5
51 74 2
16 53 2
90 2 17
35 66 15
7 4 13
48 5 11
6 8 5
92 48 18
9 50 11
28 63 10
69 64 5
41 2 9
27 67 11
60 15 20
44 7 18
30 72 7
2 10 5
62 61 18
81 74 7
20 64 10
39 77 18
4 56 16
37 4 18
23 69 20
97 18 5
78 5 7
36 8 16
55 21 18
96 59 9
13 61 1
99 64 17
71 2 12
16 66 10
90 15 6
57 67 12
76 80 16
29 5 4
48 18 15
6 21 5
92 61 5
50 64 14
69 77 1
8 67 14
27 80 9
25 7 16
66 8 12
11 72 16
85 21 1
30 85 10
2 23 3
43 24 12
84 62 17
1 27 12
87 67 8
20 77 16
59 5 3
4 69 17
78 18 9
23 82 13
64 83 1
17 8 5
36 21 12
96 72 1
55 34 8
22 86 15
99 77 19
38 67 18
57 80 6
76 93 3
29 18 13
15 83 19
73 24 7
18 88 14
31 27 1
50 77 19
91 78 13
8 80 6
94 83 5
66 21 7
11 85 9
52 86 10
85 34 14
84 75 5
43 37 15
1 40 19
87 80 7
59 18 11
45 83 16
64 96 3
17 21 7
58 22 19
3 86 13
77 35 4
22 99 7
61 27 3
80 40 11
38 80 20
79 81 4
98 94 12
82 86 3
15 96 13
54 24 1
73 37 15
12 27 3
31 40 17
75 83 20
94 96 20
88 22 13
33 86 11
52 99 9
24 37 17
65 38 6
68 43 9
45 96 19
86 97 14
58 35 2
3 99 14
77 48 9
42 27 9
61 40 4
80 53 18
0 30 12
19 43 5
79 94 2
63 86 10
82 99 4
21 89 14
54 37 8
95 38 17
12 40 13
53 41 11
72 54 12
56 46 18
75 96 6
88 35 3
33 99 17
46 38 4
5 0 1
65 51 12
49 43 7
68 56 4
7 46 13
26 59 13
67 97 5
42 40 6
83 41 5
0 43 4
19 56 9
60 57 8
63 99 16
51 8 20
35 0 5
95 51 19
34 41 1
53 54 16
72 67 16
37 46 17
56 59 18
14 62 20
46 51 18
5 13 17
49 56 8
90 57 18
7 59 12
48 60 3
81 8 13
39 11 14
23 3 10
83 54 18
41 57 8
60 70 1
25 49 12
44 62 1
16 0 14
35 13 10
76 14 14
2 65 7
34 54 6
37 59 17
78 60 10
97 73 9
69 11 12
14 75 5
55 76 14
8 1 19
27 14 7
11 6 16
30 19 16
71 57 2
90 70 14
29 60 1
48 73 17
20 11 12
6 76 7
4 3 16
23 16 12
64 17 11
96 6 10
41 70 2
25 62 14
99 11 19
44 75 19
85 76 18
38 1 16
57 14 15
2 78 19
76 27 10
15 17 18
18 22 12
59 60 8
78 73 7
97 86 5
50 11 8
17 63 14
36 76 11
91 12 4
55 89 7
8 14 6
94 17 19
11 19 7
30 32 10
71 70 10
84 9 11
29 73 19
87 14 2
73 79 2
6 89 13
4 16 7
45 17 7
64 30 11
3 20 20
22 33 15
66 76 20
85 89 10
38 14 18
24 79 3
57 27 5
43 92 9
98 28 17
15 30 1
1 95 16
59 73 6
18 35 8
17 76 19
91 25 4
36 89 10
77 90 14
75 17 1
94 30 14
80 95 9
33 20 15
52 33 1
10 36 4
54 79 18
73 92 7
45 30 20
86 31 5
31 95 17
3 33 12
89 36 10
22 46 17
66 89 14
79 28 11
24 92 6
98 41 11
63 20 3
82 33 12
40 36 19
58 90 4
42 82 4
75 30 8
61 95 11
19 98 7
93 47 5
52 46 10
10 49 3
51 50 17
54 92 14
95 93 13
67 31 19
12 95 9
86 44 2
70 36 17
89 49 4
28 39 14
88 90 15
47 52 5
5 55 2
46 93 14
63 33 13
49 98 17
82 46 14
21 36 3
40 49 10
81 50 9
72 1 13
42 95 16
0 98 20
74 47 16
93 60 19
32 50 6
51 63 3
35 55 15
26 6 4
67 44 8
70 49 6
9 39 1
28 52 4
47 65 8
60 4 20
5 68 8
21 49 12
62 50 12
81 63 16
53 1 16
20 53 9
39 66 8
23 58 16
56 6 18
97 7 7
14 9 13
55 10 9
74 60 9
13 50 4
32 63 5
16 55 17
90 4 3
35 68 1
76 69 11
48 7 20
92 50 15
6 10 20
9 52 3
50 53 4
83 1 8
69 66 7
41 4 18
27 69 5
44 9 11
85 10 8
30 74 17
2 12 1
62 63 5
20 66 3
39 79 5
4 58 9
78 7 3
23 71 4
97 20 3
36 10 12
96 61 9
55 23 6
13 63 5
99 66 5
71 4 6
16 68 20
57 69 10
76 82 18
29 7 4
15 72 7
48 20 16
18 77 5
92 63 8
6 23 10
50 66 10
69 79 5
8 69 18
27 82 1
25 9 4
66 10 13
11 74 14
85 23 16
30 87 17
24 13 12
43 26 5
84 64 12
1 29 7
87 69 17
59 7 3
4 71 9
78 20 12
45 72 12
64 85 2
17 10 8
36 23 17
77 24 3
22 88 13
96 74 18
80 29 13
99 79 9
38 69 3
57 82 15
98 83 1
15 85 9
54 13 13
73 26 3
18 90 4
31 29 1
91 80 19
75 72 18
8 82 14
94 85 6
66 23 8
11 87 11
52 88 15
24 26 18
43 39 6
10 91 14
84 77 3
1 42 1
87 82 19
45 85 20
64 98 19
17 23 6
58 24 8
3 88 10
77 37 7
61 29 17
80 42 10
19 32 19
38 82 8
79 83 14
98 96 15
82 88 14
54 26 11
73 39 8
40 91 9
12 29 3
31 42 16
72 43 8
91 93 1
75 85 10
94 98 20
88 24 13
33 88 17
46 27 7
65 40 18
49 32 10
68 45 3
26 48 16
67 86 19
86 99 3
58 37 5
70 91 3
42 29 18
61 42 17
0 32 13
19 45 3
79 96 14
63 88 6
21 91 20
95 40 17
12 42 14
53 43 12
72 56 6
56 48 17
88 37 1
5 2 13
46 40 3
65 53 6
49 45 1
68 58 15
7 48 9
67 99 17
26 61 11
39 0 9
9 94 15
83 43 5
0 45 1
41 46 9
60 59 14
51 10 20
35 2 11
95 53 8
34 43 15
53 56 15
37 48 1
56 61 4
97 62 2
69 0 1
14 64 13
27 3 12
71 46 10
30 8 7
90 59 12
7 61 9
48 62 6
81 10 3
20 0 8
39 13 1
23 5 6
83 56 15
41 59 17
60 72 20
25 51 2
99 0 7
44 64 14
16 2 12
57 3 10
2 67 17
76 16 4
34 56 4
37 61 12
78 62 9
97 75 6
50 0 10
69 13 5
14 77 1
55 78 1
8 3 18
27 16 14
11 8 20
71 59 8
30 21 3
90 72 14
29 62 15
48 75 20
87 3 8
20 13 5
6 78 13
4 5 17
23 18 18
64 19 18
96 8 10
25 64 1
99 13 2
66 65 12
85 78 10
38 3 2
57 16 12
2 80 2
76 29 11
43 81 13
15 19 16
59 62 17
18 24 12
78 75 4
17 65 5
91 14 2
36 78 20
55 91 7
8 16 12
94 19 5
11 21 13
52 22 20
84 11 2
29 75 16
87 16 7
73 81 6
6 91 7
45 19 8
64 32 4
3 22 7
22 35 19
66 78 8
85 91 18
38 16 18
79 17 6
24 81 2
98 30 7
43 94 8
82 22 17
15 32 2
1 97 19
59 75 2
18 37 20
17 78 17
91 27 3
77 92 10
75 19 5
94 32 5
80 97 15
33 22 20
52 35 4
10 38 20
54 81 17
73 94 1
45 32 6
12 84 8
31 97 16
86 33 6
3 35 11
89 38 4
47 41 2
88 79 15
79 30 9
24 94 1
98 43 18
65 95 5
63 22 11
82 35 1
21 25 7
40 38 4
58 92 9
75 32 13
42 84 12
61 97 11
33 35 8
74 36 10
93 49 7
10 51 16
51 52 15
54 94 8
67 33 9
12 97 16
86 46 3
70 38 16
89 51 9
28 41 13
47 54 6
88 92 1
46 95 14
5 57 6
63 35 3
21 38 13
40 51 12
81 52 6
72 3 4
39 55 19
42 97 5
74 49 4
93 62 13
13 39 18
32 52 10
51 65 18
16 44 3
35 57 3
67 46 5
34 98 4
70 51 13
9 41 18
28 54 19
69 55 16
60 6 14
5 70 8
2 1 20
62 52 19
81 65 2
20 55 4
39 68 3
23 60 4
97 9 9
14 11 11
55 12 13
96 50 20
13 52 3
99 55 16
32 65 11
16 57 12
90 6 10
35 70 4
76 71 1
48 9 4
6 12 3
92 52 12
9 54 5
50 55 16
69 68 13
41 6 5
8 58 20
27 71 8
44 11 11
85 12 2
11 63 18
30 76 1
2 14 19
43 15 15
62 65 4
20 68 11
4 60 7
78 9 11
23 73 2
64 74 5
97 22 20
36 12 16
55 25 2
96 63 2
99 68 20
71 6 18
38 58 10
57 71 11
76 84 12
29 9 7
15 74 3
73 15 9
18 79 17
6 25 5
92 65 7
50 68 20
91 69 4
8 71 20
94 74 7
27 84 19
66 12 2
11 76 20
85 25 15
30 89 10
24 15 16
43 28 19
84 66 1
87 71 9
1 31 7
59 9 18
4 73 4
45 74 15
64 87 12
17 12 11
3 77 11
77 26 10
22 90 3
36 25 11
80 31 9
38 71 6
57 84 10
98 85 14
15 87 2
54 15 4
73 28 1
18 92 13
12 18 17
91 82 14
75 74 12
94 87 19
66 25 14
33 77 5
52 90 15
24 28 10
65 29 2
10 93 19
84 79 3
1 44 5
87 84 1
45 87 3
86 88 3
58 26 6
3 90 19
77 39 5
89 93 7
42 18 4
61 31 2
80 44 5
19 34 9
79 85 14
63 77 9
82 90 3
54 28 4
95 29 16
40 93 9
12 31 19
31 44 12
72 45 8
75 87 18
88 26 13
33 90 12
46 29 15
65 42 12
49 34 19
68 47 19
26 50 9
67 88 1
70 93 11
58 39 18
42 31 9
28 96 16
61 44 9
0 34 14
19 47 12
79 98 2
63 90 11
21 93 19
95 42 3
34 32 18
53 45 17
72 58 2
56 50 6
88 39 9
47 1 11
14 53 19
5 4 10
46 42 4
49 47 4
90 48 3
7 50 15
26 63 6
39 2 5
9 96 16
83 45 14
0 47 17
41 48 13
60 61 9
44 53 19
35 4 8
76 5 18
34 45 15
53 58 6
37 50 12
56 63 9
97 64 9
69 2 11
14 66 20
27 5 17
30 10 5
71 48 13
90 61 17
48 64 18
20 2 2
6 67 15
39 15 15
23 7 11
83 58 18
41 61 20
25 53 4
99 2 15
44 66 1
16 4 12
57 5 13
2 69 17
76 18 2
15 8 11
59 51 15
18 13 17
78 64 15
97 77 8
50 2 16
69 15 9
36 67 18
55 80 3
8 5 20
27 18 12
11 10 7
71 61 15
30 23 2
84 0 7
29 64 9
48 77 14
87 5 4
6 80 2
4 7 5
45 8 10
64 21 20
22 24 11
25 66 18
99 15 17
66 67 1
85 80 15
38 5 10
57 18 19
98 19 20
2 82 5
43 83 5
15 21 17
1 86 1
18 26 10
59 64 18
78 77 8
17 67 7
91 16 2
36 80 11
55 93 10
75 8 13
8 18 11
94 21 7
11 23 8
52 24 17
10 27 20
84 13 6
87 18 2
73 83 5
45 21 4
31 86 4
64 34 16
3 24 7
22 37 5
66 80 20
38 18 15
79 19 19
24 83 3
98 32 19
43 96 13
82 24 11
1 99 14
40 27 14
17 80 17
58 81 11
91 29 16
77 94 12
75 21 20
61 86 12
94 34 19
80 99 6
33 24 3
52 37 8
93 38 9
10 40 20
54 83 1
73 96 17
67 22 5
12 86 13
86 35 8
31 99 12
70 27 12
3 37 8
89 40 9
47 43 4
88 81 7
79 32 12
5 46 1
24 96 10
65 97 7
63 24 1
82 37 9
21 27 12
58 94 6
42 86 9
61 99 15
33 37 14
0 89 9
74 38 17
93 51 14
32 41 20
51 54 14
35 46 2
95 97 9
67 35 16
12 99 17
86 48 3
70 40 12
89 53 8
9 30 5
28 43 18
47 56 20
88 94 17
5 59 8
46 97 20
63 37 6
21 40 3
62 41 15
81 54 17
39 57 16
42 99 9
14 0 5
74 51 20
13 41 1
32 54 12
51 67 13
16 46 3
35 59 12
92 41 15
9 43 16
28 56 5
69 57 2
27 60 8
60 8 6
44 0 5
30 65 14
2 3 20
62 54 2
81 67 13
20 57 17
39 70 20
4 49 9
23 62 16
97 11 10
36 1 13
55 14 3
96 52 18
13 54 8
99 57 14
16 59 14
90 8 15
57 60 13
76 73 5
48 11 14
92 54 11
6 14 8
50 57 11
69 70 11
8 60 10
27 73 6
25 0 17
66 1 10
11 65 3
85 14 3
30 78 3
2 16 8
84 55 14
43 17 11
87 60 4
20 70 15
4 62 18
78 11 15
23 75 8
64 76 14
17 1 2
36 14 16
22 79 2
96 65 7
55 27 19
99 70 7
38 60 2
57 73 7
76 86 9
29 11 18
15 76 6
73 17 4
18 81 9
50 70 12
91 71 14
8 73 12
94 76 12
66 14 6
11 78 5
85 27 2
52 79 4
24 17 17
84 68 7
43 30 4
1 33 11
87 73 7
59 11 2
45 76 2
64 89 1
17 14 1
58 15 19
3 79 7
77 28 7
22 92 20
61 20 19
80 33 10
38 73 5
79 74 6
98 87 1
82 79 9
15 89 13
54 17 7
73 30 10
18 94 19
12 20 1
31 33 14
91 84 17
75 76 13
94 89 11
88 15 13
33 79 16
52 92 4
24 30 1
65 31 17
10 95 18
68 36 13
1 46 9
45 89 11
86 90 13
58 28 4
3 92 17
77 41 8
89 95 14
42 20 4
61 33 5
80 46 16
47 98 18
19 36 11
79 87 11
63 79 6
82 92 6
21 82 2
54 30 16
95 31 8
40 95 6
12 33 3
72 47 16
75 89 8
88 28 3
33 92 12
74 93 5
46 31 7
65 44 19
49 36 17
68 49 20
7 39 4
26 52 1
67 90 10
70 95 9
42 33 16
83 34 8
28 98 7
0 36 1
19 49 1
60 50 17
63 92 16
51 1 5
21 95 16
95 44 6
53 47 13
72 60 8
37 39 14
56 52 3
14 55 10
5 6 12
13 96 19
46 44 8
90 50 15
7 52 12
81 1 2
26 65 12
39 4 18
9 98 11
83 47 9
41 50 19
60 63 20
44 55 19
32 1 5
35 6 5
76 7 15
2 58 2
34 47 14
37 52 19
56 65 1
97 66 6
69 4 17
14 68 7
55 69 13
27 7 6
71 50 1
30 12 11
90 63 20
62 1 14
29 53 9
48 66 20
20 4 5
6 69 6
23 9 10
64 10 3
41 63 3
25 55 5
99 4 3
44 68 12
85 69 3
57 7 2
2 71 14
76 20 17
15 10 8
18 15 15
92 1 11
78 66 16
59 53 6
97 79 9
50 4 20
91 5 9
36 69 14
55 82 17
8 7 7
94 10 7
27 20 8
11 12 1
30 25 3
71 63 11
84 2 15
29 66 12
48 79 20
87 7 12
6 82 5
4 9 7
45 10 17
64 23 18
3 13 6
22 26 17
66 69 5
85 82 13
38 7 8
57 20 3
98 21 1
43 85 3
24 72 17
15 23 19
1 88 2
59 66 5
18 28 19
17 69 5
91 18 4
36 82 18
77 83 13
75 10 20
94 23 17
80 88 15
33 13 14
52 26 4
10 29 16
84 15 20
87 20 20
54 72 19
73 85 10
45 23 1
86 24 19
31 88 2
3 26 4
89 29 20
22 39 11
66 82 14
79 21 14
24 85 11
98 34 8
43 98 3
63 13 17
82 26 5
40 29 20
17 82 3
58 83 6
77 96 17
75 23 9
61 88 6
33 26 18
52 39 17
93 40 8
19 91 14
10 42 6
51 43 5
54 85 6
73 98 4
67 24 15
12 88 13
86 37 14
70 29 16
89 42 10
28 32 16
47 45 9
88 83 7
79 34 7
5 48 4
65 99 1
46 86 20
63 26 6
49 91 6
82 39 12
21 29 3
40 42 19
81 43 1
58 96 7
42 88 10
0 91 20
74 40 6
93 53 9
32 43 5
51 56 11
35 48 4
95 99 3
67 37 15
70 42 6
9 32 11
28 45 8
88 96 15
47 58 18
46 99 14
5 61 8
21 42 15
62 43 18
81 56 15
20 46 10
39 59 7
23 51 8
97 0 5
14 2 15
74 53 7
13 43 10
32 56 18
16 48 15
35 61 11
76 62 14
48 0 7
92 43 3
6 3 17
9 45 17
50 46 3
69 59 18
27 62 4
44 2 15
85 3 15
30 67 9
2 5 4
62 56 14
20 59 8
39 72 8
4 51 5
78 0 13
23 64 6
97 13 7
36 3 13
55 16 2
96 54 6
13 56 19
99 59 6
16 61 4
57 62 8
76 75 3
29 0 5
48 13 12
15 65 19
18 70 15
6 16 17
92 56 1
50 59 1
69 72 17
8 62 17
27 75 20
25 2 8
66 3 7
11 67 18
85 16 19
30 80 16
2 18 6
43 19 7
84 57 1
1 22 1
87 62 10
59 0 17
4 64 2
45 65 6
78 13 9
64 78 6
17 3 20
36 16 12
96 67 10
22 81 17
99 72 19
38 62 19
57 75 3
98 76 10
15 78 17
54 6 17
73 19 3
18 83 16
31 22 9
91 73 4
75 65 5
8 75 3
94 78 16
66 16 17
11 80 9
52 81 4
24 19 5
84 70 16
43 32 4
1 35 6
87 75 2
45 78 19
64 91 11
17 16 1
58 17 17
3 81 20
77 30 7
22 94 9
61 22 5
80 35 9
38 75 2
79 76 14
98 89 1
82 81 5
54 19 13
73 32 9
40 84 1
12 22 4
31 35 11
91 86 7
75 78 16
94 91 2
88 17 16
33 81 16
52 94 8
93 95 19
65 33 17
10 97 9
68 38 10
67 79 2
26 41 20
86 92 1
70 84 15
58 30 13
89 97 4
3 94 13
42 22 19
61 35 20
80 48 14
0 25 3
19 38 2
79 89 8
63 81 8
82 94 8
21 84 1
95 33 16
40 97 8
12 35 13
53 36 8
72 49 16
56 41 9
88 30 17
33 94 19
74 95 6
46 33 18
32 98 8
65 46 2
49 38 20
68 51 16
7 41 3
67 92 1
26 54 6
70 97 1
42 35 8
83 36 18
9 87 3
0 38 5
19 51 7
60 52 19
63 94 10
51 3 16
21 97 20
95 46 11
62 98 3
34 36 2
53 49 9
72 62 20
37 41 18
56 54 18
14 57 12
13 98 11
30 1 17
90 52 18
7 54 2
48 55 12
81 3 9
92 98 18
39 6 14
83 49 13
41 52 15
60 65 9
25 44 6
44 57 11
2 60 5
76 9 2
34 49 16
37 54 13
78 55 17
97 68 12
69 6 9
14 70 17
55 71 16
27 9 12
11 1 17
30 14 9
71 52 15
90 65 19
29 55 18
48 68 10
20 6 9
6 71 8
23 11 13
64 12 1
96 1 16
22 15 19
41 65 2
25 57 10
99 6 14
44 70 6
85 71 15
57 9 19
2 73 7
76 22 11
43 74 19
15 12 8
18 17 12
59 55 12
78 68 10
97 81 19
50 6 18
17 58 5
36 71 12
91 7 4
55 84 13
8 9 20
94 12 9
11 14 15
52 15 4
84 4 7
29 68 10
87 9 6
73 74 8
6 84 12
45 12 3
64 25 14
3 15 18
22 28 4
66 71 7
85 84 14
38 9 7
79 10 11
24 74 7
98 23 17
43 87 13
82 15 18
15 25 12
1 90 4
59 68 6
18 30 17
17 71 3
91 20 12
36 84 1
77 85 12
75 12 3
94 25 3
80 90 1
33 15 17
52 28 4
10 31 14
54 74 4
73 87 13
12 77 1
86 26 18
31 90 6
45 25 9
3 28 9
89 31 1
47 34 5
66 84 15
79 23 15
24 87 17
65 88 13
98 36 19
63 15 20
82 28 14
68 93 11
21 18 19
40 31 11
58 85 5
77 98 14
42 77 8
75 25 12
61 90 9
33 28 8
74 29 15
19 93 10
93 42 4
10 44 14
51 45 4
54 87 18
95 88 13
67 26 7
12 90 12
86 39 20
70 31 17
89 44 12
28 34 1
88 85 3
46 88 2
5 50 13
63 28 3
49 93 18
21 31 15
40 44 6
7 96 7
81 45 19
39 48 12
58 98 9
42 90 14
0 93 6
74 42 3
93 55 16
13 32 2
32 45 13
51 58 19
16 37 7
35 50 16
67 39 9
34 91 1
26 1 3
37 96 11
70 44 9
9 34 6
28 47 7
69 48 13
88 98 17
5 63 20
62 45 3
81 58 1
20 48 13
39 61 9
23 53 4
97 2 14
14 4 19
55 5 7
96 43 6
13 45 15
99 48 20
32 58 14
16 50 17
35 63 9
76 64 19
48 2 16
6 5 5
92 45 8
9 47 2
50 48 12
69 61 2
8 51 7
27 64 1
44 4 8
11 56 10
30 69 10
85 5 5
2 7 13
62 58 11
20 61 17
4 53 13
78 2 10
23 66 19
64 67 4
97 15 18
36 5 20
55 18 18
96 56 18
99 61 3
38 51 19
57 64 17
76 77 15
29 2 7
15 67 19
6 18 1
18 72 11
92 58 18
50 61 13
91 62 1
8 64 9
94 67 14
27 77 14
66 5 12
11 69 4
85 18 5
30 82 13
24 8 9
43 21 17
84 59 19
1 24 11
87 64 1
59 2 18
4 66 8
45 67 7
64 80 6
17 5 17
3 70 18
36 18 11
22 83 17
77 19 17
80 24 17
38 64 16
57 77 16
98 78 11
15 80 3
54 8 1
73 21 11
18 85 16
31 24 6
91 75 17
75 67 4
94 80 18
66 18 17
33 70 1
52 83 12
24 21 18
10 86 8
84 72 5
43 34 5
1 37 13
87 77 19
45 80 10
86 81 3
58 19 20
3 83 7
77 32 8
22 96 18
89 86 16
61 24 20
80 37 18
19 27 16
79 78 20
98 91 12
63 70 13
82 83 19
54 21 2
40 86 4
12 24 20
31 37 9
72 38 12
75 80 10
88 19 1
33 83 2
52 96 5
93 97 18
46 22 5
65 35 1
10 99 16
49 27 2
68 40 20
67 81 16
26 43 10
86 94 7
58 32 5
70 86 10
89 99 16
42 24 10
61 37 18
0 27 13
19 40 9
79 91 10
63 83 14
82 96 9
21 86 16
95 35 9
40 99 16
12 37 16
53 38 4
72 51 19
56 43 8
88 32 19
14 46 9
74 97 3
46 35 12
65 48 6
49 40 4
68 53 12
7 43 13
26 56 7
67 94 7
70 99 15
9 89 1
83 38 1
0 40 4
60 54 11
44 46 3
21 99 2
34 38 18
53 51 5
37 43 13
97 57 11
14 59 4
30 3 19
71 41 16
90 54 18
7 56 4
48 57 18
6 60 10
39 8 8
23 0 16
83 51 12
41 54 17
60 67 15
25 46 11
44 59 18
2 62 2
76 11 15
15 1 16
34 51 7
18 6 17
37 56 12
78 57 1
97 70 16
36 60 6
69 8 8
55 73 16
27 11 12
11 3 1
71 54 12
30 16 5
90 67 19
29 57 4
48 70 3
6 73 5
4 0 14
45 1 19
64 14 12
96 3 14
22 17 7
25 59 15
66 60 1
99 8 12
85 73 4
57 11 2
98 12 19
43 76 14
2 75 7
15 14 18
1 79 8
59 57 15
18 19 7
78 70 14
17 60 11
91 9 15
36 73 4
55 86 13
75 1 4
8 11 5
94 14 5
11 16 6
52 17 5
84 6 12
29 70 1
10 20 5
87 11 6
73 76 4
45 14 9
64 27 11
31 79 15
3 17 6
22 30 14
66 73 11
85 86 8
38 11 15
79 12 12
24 76 13
98 25 10
43 89 6
82 17 3
1 92 2
40 20 3
59 70 1
17 73 10
91 22 9
58 74 9
77 87 16
75 14 20
94 27 9
61 79 10
80 92 16
33 17 1
52 30 10
93 31 12
10 33 3
54 76 11
73 89 17
67 15 7
12 79 7
86 28 17
31 92 9
70 20 14
3 30 15
89 33 8
88 74 10
47 36 6
79 25 11
24 89 5
65 90 1
63 17 18
82 30 18
68 95 15
21 20 17
40 33 16
26 98 13
58 87 12
42 79 4
61 92 8
33 30 5
0 82 19
19 95 15
74 31 19
93 44 6
32 34 5
51 47 9
35 39 9
54 89 20
95 90 16
67 28 15
12 92 2
86 41 8
53 93 13
70 33 6
56 98 19
89 46 16
9 23 7
28 36 6
47 49 5
88 87 19
46 90 16
5 52 20
63 30 20
49 95 3
21 33 1
62 34 19
7 98 9
81 47 8
39 50 11
42 92 19
83 93 8
0 95 7
74 44 8
13 34 19
32 47 12
51 60 16
16 39 10
35 52 17
34 93 4
92 34 7
37 98 6
9 36 4
28 49 8
69 50 9
60 1 11
62 47 16
81 60 1
20 50 15
39 63 13
4 42 16
23 55 11
97 4 18
14 6 19
55 7 16
96 45 8
13 47 8
99 50 17
16 52 1
57 53 11
90 1 17
76 66 2
48 4 16
92 47 11
6 7 19
69 63 15
8 53 11
27 66 18
11 58 11
85 7 5
30 71 12
44 6 17
2 9 7
43 10 2
84 48 11
87 53 11
20 63 2
4 55 14
78 4 19
23 68 12
97 17 7
64 69 2
36 7 8
55 20 18
96 58 17
99 63 8
38 53 19
57 66 8
76 79 17
29 4 19
15 69 13
73 10 4
18 74 13
6 20 4
50 63 5
91 64 20
8 66 11
94 69 11
66 7 4
11 71 12
85 20 20
24 10 7
43 23 15
84 61 14
87 66 11
1 26 1
59 4 7
45 69 8
64 82 20
17 7 6
36 20 12
3 72 1
77 21 6
22 85 2
80 26 1
38 66 6
79 67 5
98 80 18
82 72 17
15 82 11
54 10 17
73 23 14
18 87 10
12 13 12
31 26 18
91 77 8
75 69 9
94 82 12
33 72 18
52 85 15
24 23 14
65 24 16
10 88 1
68 29 14
1 39 9
45 82 17
86 83 1
58 21 7
3 85 13
77 34 9
89 88 10
22 98 3
42 13 9
61 26 15
80 39 18
19 29 20
79 80 20
98 93 7
63 72 6
82 85 20
54 23 11
95 24 18
40 88 17
12 26 15
31 39 2
72 40 5
75 82 13
88 21 13
33 85 19
74 86 11
93 99 1
46 24 16
65 37 18
49 29 13
68 42 19
7 32 8
26 45 2
67 83 11
86 96 17
58 34 14
70 88 15
42 26 14
28 91 13
61 39 11
0 29 18
19 42 13
60 43 13
63 85 11
21 88 15
95 37 3
34 27 7
53 40 12
72 53 15
37 32 10
56 45 4
14 48 2
74 99 3
46 37 7
49 42 19
90 43 3
7 45 14
26 58 3
67 96 5
9 91 8
83 40 14
0 42 9
41 43 18
60 56 18
44 48 16
2 51 1
76 0 11
34 40 6
37 45 9
56 58 3
97 59 6
14 61 8
55 62 4
27 0 19
71 43 4
30 5 11
90 56 12
29 46 18
48 59 14
6 62 18
23 2 18
64 3 12
83 53 9
41 56 13
25 48 10
44 61 7
85 62 10
57 0 12
2 64 9
76 13 10
15 3 1
18 8 1
59 46 13
78 59 16
97 72 10
36 62 14
55 75 9
8 0 6
94 3 9
27 13 8
11 5 15
30 18 15
71 56 6
29 59 13
48 72 19
87 0 12
6 75 5
4 2 13
45 3 4
64 16 3
3 6 15
22 19 20
25 61 7
66 62 5
85 75 10
38 0 1
24 65 5
98 14 2
43 78 15
57 13 10
15 16 15
1 81 17
18 21 16
78 72 7
17 62 8
91 11 17
36 75 10
77 76 4
75 3 7
94 16 11
80 81 3
33 6 11
52 19 18
84 8 18
10 22 3
87 13 10
54 65 14
73 78 6
45 16 17
86 17 13
31 81 20
3 19 16
89 22 11
22 32 15
66 75 6
79 14 14
24 78 10
98 27 15
43 91 6
63 6 7
82 19 20
1 94 18
40 22 1
17 75 7
58 76 18
77 89 2
75 16 16
61 81 1
80 94 9
33 19 10
52 32 14
19 84 6
93 33 14
10 35 20
54 78 13
73 91 7
67 17 20
12 81 8
86 30 4
31 94 2
72 95 7
70 22 17
89 35 20
28 25 5
47 38 7
88 76 15
46 79 16
5 41 8
65 92 13
79 27 11
63 19 1
82 32 16
49 84 20
68 97 15
21 22 18
40 35 15
81 36 1
58 89 11
42 81 6
61 94 9
0 84 7
74 33 16
19 97 10
93 46 1
32 36 15
51 49 18
35 41 7
95 92 17
67 30 15
12 94 6
53 95 15
70 35 1
9 25 15
28 38 15
47 51 8
88 89 2
46 92 3
5 54 15
49 97 1
21 35 7
62 36 4
81 49 19
20 39 4
39 52 6
42 94 12
83 95 4
0 97 13
41 98 17
74 46 12
13 36 8
32 49 8
16 41 9
35 54 14
34 95 4
92 36 12
9 38 16
50 39 11
69 52 1
27 55 12
60 3 13
71 98 7
30 60 13
62 49 16
20 52 19
39 65 3
4 44 4
23 57 20
97 6 5
96 47 17
55 9 16
13 49 20
99 52 18
16 54 13
57 55 3
76 68 9
48 6 13
6 9 2
92 49 10
50 52 17
69 65 16
8 55 10
27 68 13
11 60 13
85 9 5
30 73 6
2 11 13
84 50 7
43 12 10
87 55 5
1 15 8
4 57 7
78 6 17
64 71 3
36 9 8
22 74 18
96 60 11
55 22 1
99 65 10
38 55 1
57 68 14
98 69 19
29 6 13
15 71 4
73 12 2
18 76 5
31 15 11
91 66 10
75 58 15
8 68 17
94 71 10
66 9 5
11 73 16
85 22 1
52 74 11
24 12 13
84 63 12
43 25 9
87 68 5
1 28 11
45 71 20
64 84 7
17 9 3
58 10 20
3 74 20
77 23 10
22 87 6
61 15 18
80 28 8
38 68 20
79 69 14
98 82 9
82 74 9
54 12 13
73 25 2
18 89 12
12 15 5
31 28 6
91 79 12
75 71 10
94 84 4
88 10 8
33 74 11
52 87 19
24 25 1
65 26 15
10 90 2
68 31 19
67 72 7
26 34 12
86 85 12
58 23 5
3 87 19
89 90 10
77 36 8
42 15 5
61 28 2
80 41 18
47 93 3
0 18 20
19 31 5
79 82 19
63 74 10
82 87 12
21 77 3
54 25 5
40 90 12
95 26 8
12 28 13
53 29 20
72 42 13
56 34 18
88 23 14
33 87 14
74 88 10
46 26 18
65 39 1
49 31 7
68 44 16
7 34 14
26 47 12
67 85 5
86 98 20
70 90 2
42 28 11
83 29 12
28 93 8
0 31 13
19 44 17
60 45 4
63 87 2
21 90 13
95 39 13
34 29 16
53 42 2
72 55 15
37 34 11
56 47 16
14 50 10
13 91 20
46 39 19
49 44 6
16 96 14
90 45 6
7 47 2
92 91 9
9 93 18
83 42 2
41 45 19
60 58 20
25 37 3
44 50 7
2 53 6
76 2 18
34 42 3
37 47 19
78 48 5
97 61 12
14 63 1
55 64 18
27 2 18
30 7 6
71 45 11
90 58 15
29 48 11
48 61 15
6 64 13
23 4 17
64 5 13
41 58 7
25 50 6
44 63 9
85 64 14
57 2 11
2 66 17
43 67 3
76 15 1
15 5 16
59 48 1
18 10 2
78 61 18
97 74 20
17 51 5
91 0 1
36 64 16
55 77 6
8 2 5
94 5 5
11 7 13
52 8 1
71 58 10
29 61 15
87 2 18
73 67 8
6 77 20
45 5 16
64 18 11
3 8 8
22 21 12
66 64 13
85 77 13
38 2 1
79 3 11
24 67 18
98 16 11
43 80 16
82 8 7
15 18 20
1 83 8
18 23 8
59 61 10
17 64 11
91 13 10
36 77 8
77 78 13
75 5 1
94 18 9
80 83 4
33 8 9
52 21 10
10 24 10
54 67 8
73 80 1
45 18 20
86 19 12
31 83 14
12 70 15
3 21 4
89 24 8
66 77 17
79 16 7
24 80 17
98 29 2
65 81 19
63 8 5
82 21 6
68 86 11
1 96 14
21 11 15
40 24 11
58 78 9
77 91 18
75 18 11
42 70 7
61 83 13
80 96 10
33 21 2
74 22 7
19 86 4
93 35 13
10 37 5
51 38 12
54 80 14
95 81 20
67 19 7
12 83 3
86 32 2
31 96 7
72 97 1
70 24 1
89 37 1
28 27 7
47 40 15
88 78 17
5 43 4
46 81 2
65 94 7
63 21 16
49 86 3
68 99 6
21 24 4
40 37 13
7 89 10
81 38 9
58 91 8
42 83 1
61 96 14
0 86 14
74 35 20
19 99 19
93 48 13
13 25 12
32 38 14
35 43 7
95 94 2
67 32 6
34 84 16
53 97 17
70 37 18
37 89 1
9 27 9
28 40 11
88 91 1
5 56 15
46 94 10
49 99 10
62 38 17
81 51 10
20 41 11
39 54 14
23 46 14
83 97 15
96 36 5
0 99 20
13 38 7
99 41 5
32 51 9
16 43 4
35 56 8
76 57 20
34 97 12
92 38 11
9 40 11
50 41 8
69 54 7
27 57 18
30 62 4
2 0 7
62 51 9
20 54 20
39 67 9
4 46 15
23 59 17
97 8 3
96 49 2
55 11 16
99 54 13
38 44 3
76 70 2
15 60 8
48 8 9
18 65 4
6 11 2
92 51 8
50 54 14
91 55 18
8 57 9
27 70 15
11 62 14
85 11 11
30 75 10
24 1 12
43 14 10
84 52 19
87 57 17
1 17 15
4 59 17
78 8 5
45 60 15
64 73 7
36 11 2
77 12 6
22 76 8
80 17 8
38 57 20
57 70 16
98 71 9
15 73 10
54 1 19
73 14 8
18 78 6
31 17 13
91 68 11
75 60 13
94 73 4
66 11 13
11 75 6
52 76 13
24 14 12
84 65 18
43 27 19
10 79 20
87 70 17
1 30 2
45 73 16
64 86 5
17 11 6
58 12 7
3 76 13
77 25 10
22 89 14
61 17 17
80 30 19
19 20 20
79 71 20
98 84 19
82 76 20
54 14 1
40 79 13
73 27 11
12 17 14
31 30 19
72 31 10
75 73 11
88 12 5
33 76 18
52 89 20
93 90 17
46 15 19
65 28 9
10 92 4
49 20 19
68 33 6
67 74 20
26 36 5
86 87 10
70 79 20
58 25 20
3 89 11
89 92 17
42 17 1
61 30 6
47 95 13
0 20 6
19 33 1
79 84 15
5 98 20
63 76 17
82 89 8
21 79 11
95 28 9
40 92 19
12 30 5
53 31 4
72 44 11
56 36 3
88 25 3
14 39 12
74 90 7
33 89 19
46 28 10
32 93 17
65 41 14
49 33 12
35 98 17
68 46 12
7 36 18
67 87 16
26 49 13
70 92 15
9 82 6
83 31 11
42 30 6
28 95 5
0 33 17
41 34 17
60 47 2
44 39 7
21 92 11
62 93 1
95 41 6
34 31 10
53 44 14
37 36 16
56 49 9
97 50 13
14 52 4
13 93 20
71 34 8
16 98 7
90 47 15
7 49 13
48 50 14
39 1 13
6 53 3
92 93 3
9 95 9
83 44 13
41 47 11
25 39 17
44 52 19
2 55 20
76 4 16
34 44 15
37 49 4
78 50 12
97 63 11
36 53 3
69 1 7
55 66 18
27 4 19
30 9 7
71 47 18
90 60 16
29 50 7
48 63 20
6 66 17
64 7 9
22 10 13
25 52 12
66 53 14
99 1 15
85 66 9
57 4 13
2 68 17
98 5 6
43 69 10
15 7 2
1 72 2
18 12 2
59 50 4
78 63 8
17 53 18
91 2 5
36 66 11
55 79 3
8 4 13
94 7 15
11 9 7
52 10 5
29 63 19
87 4 17
73 69 1
45 7 14
31 72 18
64 20 6
3 10 17
22 23 10
85 79 14
38 4 16
79 5 20
24 69 16
98 18 10
43 82 20
82 10 5
1 85 3
59 63 9
17 66 10
91 15 14
58 67 6
77 80 11
75 7 18
61 72 19
94 20 20
80 85 10
33 10 17
52 23 19
10 26 17
54 69 12
73 82 11
67 8 15
12 72 15
86 21 6
31 85 9
70 13 15
3 23 2
89 26 15
88 67 12
47 29 4
79 18 4
24 82 12
65 83 13
63 10 8
82 23 14
68 88 13
21 13 8
40 26 17
58 80 12
77 93 20
42 72 11
61 85 4
80 98 2
33 23 18
0 75 9
19 88 10
93 37 20
74 24 13
10 39 11
51 40 10
54 82 1
95 83 19
67 21 2
12 85 5
53 86 6
86 34 10
72 99 8
70 26 17
89 39 2
56 91 18
28 29 20
88 80 18
47 42 8
5 45 12
46 83 8
65 96 1
63 23 8
49 88 12
21 26 7
62 27 9
7 91 11
81 40 8
39 43 13
42 85 8
83 86 9
0 88 13
74 37 18
13 27 17
32 40 10
51 53 5
16 32 17
35 45 6
95 96 1
34 86 8
53 99 17
92 27 13
37 91 14
9 29 1
28 42 4
69 43 6
5 58 16
46 96 19
62 40 5
81 53 11
20 43 2
39 56 20
23 48 18
83 99 1
55 0 2
96 38 12
13 40 12
99 43 3
25 94 15
16 45 15
35 58 4
76 59 8
34 99 5
6 0 6
92 40 7
50 43 19
69 56 13
8 46 1
27 59 13
11 51 13
85 0 20
30 64 2
43 3 15
84 41 12
20 56 3
4 48 14
23 61 14
97 10 15
64 62 17
36 0 15
55 13 14
96 51 3
99 56 1
38 46 2
57 59 16
76 72 12
15 62 1
73 3 2
18 67 8
6 13 13
50 56 20
91 57 16
8 59 4
94 62 5
27 72 12
66 0 18
11 64 1
85 13 16
30 77 9
24 3 15
43 16 19
84 54 20
87 59 11
1 19 4
4 61 6
45 62 20
64 75 7
17 0 11
3 65 9
77 14 3
22 78 2
36 13 14
80 19 17
38 59 9
57 72 19
98 73 3
15 75 2
54 3 14
73 16 6
18 80 10
12 6 5
31 19 17
91 70 2
75 62 9
94 75 8
66 13 10
33 65 6
52 78 13
24 16 4
65 17 10
10 81 14
68 22 19
1 32 18
45 75 13
86 76 18
58 14 9
3 78 14
77 27 16
22 91 15
89 81 3
42 6 13
61 19 10
80 32 14
19 22 1
79 73 7
98 86 12
63 65 3
82 78 19
54 16 8
95 17 6
40 81 1
12 19 13
31 32 16
72 33 17
88 14 8
33 78 5
52 91 19
93 92 6
46 17 3
65 30 5
10 94 18
51 95 14
49 22 8
68 35 2
7 25 20
26 38 2
67 76 15
86 89 14
58 27 1
70 81 10
89 94 7
42 19 12
61 32 6
28 84 5
47 97 13
0 22 17
19 35 2
60 36 3
63 78 3
82 91 17
21 81 14
95 30 5
40 94 8
81 95 5
34 20 11
53 33 5
72 46 1
37 25 19
56 38 8
14 41 18
88 27 2
74 92 11
46 30 8
32 95 1
49 35 1
90 36 5
7 38 18
26 51 18
67 89 6
70 94 19
9 84 11
83 33 6
28 97 13
0 35 14
41 36 17
60 49 10
44 41 7
2 44 12
21 94 3
62 95 18
34 33 15
20 98 11
53 46 19
37 38 9
56 51 4
97 52 7
14 54 15
13 95 6
71 36 10
90 49 12
29 39 20
48 52 4
92 95 2
6 55 2
9 97 17
83 46 13
50 98 4
41 49 5
25 41 13
44 54 4
85 55 16
2 57 12
76 6 19
18 1 14
59 39 8
78 52 7
97 65 19
36 55 19
55 68 11
27 6 5
30 11 7
71 49 8
29 52 17
48 65 18
6 68 18
64 9 13
22 12 15
25 54 8
66 55 16
85 68 7
57 6 1
24 58 6
43 71 19
98 7 17
15 9 14
1 74 9
59 52 8
18 14 6
78 65 5
17 55 5
91 4 9
36 68 11
77 69 13
94 9 17
80 74 10
52 12 16
84 1 15
10 15 4
87 6 2
54 58 14
73 71 13
45 9 17
86 10 7
31 74 11
3 12 10
22 25 7
66 68 6
79 7 12
24 71 11
98 20 12
43 84 11
82 12 8
1 87 15
40 15 10
17 68 17
58 69 10
77 82 7
75 9 16
61 74 12
80 87 3
33 12 11
19 77 5
93 26 16
52 25 3
10 28 14
54 71 1
73 84 18
67 10 8
12 74 15
86 23 11
31 87 9
72 88 19
70 15 18
3 25 1
89 28 13
88 69 17
47 31 14
79 20 8
46 72 11
65 85 17
5 34 8
63 12 7
82 25 19
49 77 15
68 90 20
21 15 10
40 28 18
26 93 6
58 82 10
42 74 15
61 87 17
0 77 3
74 26 13
19 90 17
93 39 9
32 29 14
51 42 20
35 34 3
95 85 7
67 23 2
12 87 17
53 88 12
70 28 19
56 93 3
9 18 5
28 31 11
47 44 17
88 82 4
5 47 8
46 85 13
65 98 9
49 90 6
21 28 15
62 29 16
7 93 8
81 42 16
39 45 7
42 87 7
83 88 20
0 90 13
74 39 3
41 91 11
13 29 10
32 42 16
51 55 12
16 34 11
35 47 15
95 98 15
34 88 19
92 29 9
37 93 11
9 31 2
28 44 18
69 45 11
27 48 8
30 53 10
71 91 7
62 42 4
81 55 12
20 45 16
39 58 14
4 37 19
23 50 14
55 2 20
96 40 5
25 96 3
99 45 10
13 42 6
16 47 18
57 48 12
76 61 10
6 2 16
92 42 12
50 45 16
69 58 5
8 48 13
27 61 17
11 53 4
85 2 1
30 66 16
2 4 5
84 43 14
43 5 9
1 8 10
87 48 8
20 58 2
4 50 20
23 63 1
36 2 7
55 15 19
22 67 13
96 53 9
99 58 18
38 48 19
57 61 1
76 74 3
15 64 10
73 5 7
18 69 18
31 8 6
91 59 15
8 61 15
94 64 15
66 2 15
11 66 15
85 15 5
52 67 18
24 5 18
43 18 6
84 56 18
1 21 12
87 61 9
45 64 16
64 77 5
17 2 8
58 3 7
3 67 5
77 16 2
22 80 5
61 8 11
80 21 18
38 61 14
79 62 18
98 75 2
82 67 16
15 77 18
54 5 8
73 18 4
18 82 5
12 8 16
31 21 8
91 72 9
75 64 18
94 77 1
88 3 7
33 67 19
52 80 2
24 18 18
65 19 10
10 83 11
68 24 12
26 27 5
45 77 6
86 78 17
58 16 9
3 80 1
77 29 7
89 83 4
42 8 2
61 21 20
47 86 16
80 34 3
0 11 18
19 24 9
79 75 5
98 88 1
63 67 8
82 80 17
54 18 11
21 70 5
95 19 6
40 83 6
12 21 10
53 22 5
72 35 15
56 27 8
75 77 5
88 16 13
33 80 11
74 81 3
93 94 3
46 19 8
65 32 2
10 96 2
51 97 3
49 24 20
68 37 11
7 27 16
26 40 18
67 78 3
86 91 12
70 83 20
89 96 4
42 21 3
83 22 13
28 86 9
47 99 5
0 24 11
19 37 13
60 38 12
63 80 8
21 83 3
95 32 7
40 96 14
81 97 8
34 22 11
53 35 10
72 48 15
37 27 1
56 40 1
14 43 17
74 94 18
46 32 14
13 84 14
32 97 11
49 37 11
90 38 5
16 89 19
7 40 3
48 41 20
67 91 15
70 96 13
9 86 15
83 35 6
28 99 1
41 38 15
60 51 15
25 30 4
44 43 8
2 46 3
62 97 9
34 35 15
37 40 7
78 41 8
97 54 4
14 56 8
55 57 16
96 95 6
13 97 15
71 38 20
30 0 16
90 51 11
29 41 15
48 54 2
92 97 6
6 57 4
9 99 8
41 51 10
25 43 1
44 56 17
85 57 5
2 59 7
43 60 8
76 8 4
18 3 16
59 41 8
78 54 11
97 67 2
17 44 13
36 57 10
55 70 12
27 8 3
11 0 6
71 51 10
30 13 3
29 54 16
73 60 2
6 70 10
64 11 17
3 1 4
22 14 14
66 57 4
85 70 19
24 60 3
98 9 8
43 73 17
15 11 14
1 76 5
18 16 10
59 54 7
17 57 6
91 6 8
36 70 7
77 71 5
94 11 4
80 76 13
33 1 16
52 14 3
10 17 20
54 60 8
45 11 6
86 12 10
31 76 13
12 63 1
3 14 10
89 17 8
22 27 11
66 70 2
79 9 20
24 73 14
65 74 2
98 22 4
63 1 8
82 14 3
1 89 17
40 17 7
58 71 20
77 84 10
42 63 3
75 11 2
61 76 3
80 89 7
33 14 4
19 79 18
93 28 13
52 27 18
10 30 10
51 31 15
54 73 13
95 74 10
67 12 1
12 76 16
86 25 19
31 89 12
72 90 15
70 17 19
89 30 4
28 20 12
88 71 13
47 33 5
5 36 8
46 74 7
65 87 17
63 14 15
49 79 9
68 92 15
21 17 7
40 30 4
81 31 19
26 95 10
58 84 13
42 76 11
61 89 12
0 79 17
74 28 11
19 92 17
93 41 14
32 31 1
51 44 11
35 36 2
95 87 2
67 25 5
34 77 5
53 90 13
37 82 2
70 30 16
56 95 5
9 20 9
28 33 14
47 46 1
88 84 14
14 98 18
46 87 8
5 49 2
49 92 9
90 93 7
21 30 8
62 31 19
7 95 13
81 44 15
20 34 8
39 47 1
23 39 4
83 90 5
0 92 19
41 93 14
13 31 10
44 98 1
32 44 10
16 36 6
35 49 14
76 50 9
34 90 15
92 31 8
37 95 10
9 33 18
50 34 5
69 47 20
27 50 11
30 55 7
71 93 11
62 44 20
20 47 5
39 60 5
4 39 19
23 52 12
97 1 8
96 42 2
55 4 11
13 44 10
25 98 2
99 47 4
16 49 19
57 50 20
76 63 5
15 53 14
48 1 4
92 44 1
18 58 19
59 96 7
6 4 15
50 47 1
69 60 10
8 50 3
27 63 11
11 55 16
85 4 1
30 68 1
43 7 10
84 45 15
87 50 12
1 10 14
4 52 5
45 53 14
78 1 6
64 66 1
36 4 20
77 5 18
22 69 13
80 10 16
99 60 20
38 50 19
57 63 6
98 64 3
15 66 5
73 7 15
18 71 1
31 10 12
91 61 18
75 53 17
8 63 7
94 66 3
66 4 2
11 68 10
52 69 9
24 7 8
10 72 4
43 20 11
84 58 18
87 63 14
1 23 5
45 66 11
64 79 11
17 4 1
58 5 6
3 69 8
77 18 20
22 82 8
61 10 18
80 23 9
19 13 19
38 63 18
79 64 15
98 77 6
82 69 4
54 7 18
40 72 17
73 20 15
12 10 11
31 23 16
72 24 10
91 74 8
75 66 12
94 79 6
88 5 2
33 69 10
52 82 17
93 83 5
46 8 12
65 21 6
10 85 2
49 13 6
68 26 7
26 29 11
86 80 12
70 72 6
58 18 3
3 82 16
89 85 1
42 10 7
61 23 2
47 88 19
0 13 3
19 26 11
79 77 5
5 91 1
63 69 4
21 72 8
95 21 19
40 85 17
12 23 17
53 24 18
72 37 8
56 29 10
88 18 18
33 82 14
74 83 7
93 96 17
46 21 6
65 34 8
32 86 12
51 99 5
49 26 18
35 91 1
68 39 19
7 29 14
67 80 12
26 42 6
86 93 5
70 85 13
89 98 15
42 23 12
9 75 17
28 88 1
83 24 6
0 26 15
41 27 11
60 40 5
44 32 19
63 82 19
21 85 17
62 86 10
95 34 9
81 99 3
34 24 16
53 37 18
37 29 10
56 42 14
97 43 14
14 45 7
74 96 18
13 86 17
32 99 5
71 27 20
16 91 18
90 40 7
7 42 18
48 43 3
92 86 16
9 88 2
83 37 12
41 40 9
60 53 20
25 32 13
44 45 2
2 48 13
62 99 16
34 37 8
37 42 11
78 43 19
4 94 8
97 56 16
36 46 3
96 97 18
55 59 6
13 99 6
71 40 16
30 2 1
90 53 20
29 43 12
48 56 7
92 99 2
6 59 17
64 0 12
22 3 5
25 45 2
66 46 5
85 59 4
2 61 8
76 10 5
43 62 5
15 0 5
18 5 17
59 43 2
78 56 13
17 46 6
36 59 20
55 72 17
94 0 18
11 2 16
52 3 9
29 56 8
73 62 9
45 0 3
64 13 4
22 16 7
66 59 12
85 72 19
24 62 12
98 11 12
43 75 16
82 3 11
15 13 13
1 78 1
59 56 12
17 59 5
58 60 12
91 8 6
77 73 5
75 0 12
94 13 11
61 65 13
80 78 3
33 3 14
52 16 3
10 19 16
54 62 18
73 75 5
12 65 12
86 14 16
31 78 12
45 13 15
3 16 13
89 19 16
88 60 3
47 22 7
79 11 3
24 75 19
65 76 2
63 3 7
82 16 14
68 81 14
1 91 7
21 6 1
40 19 12
58 73 18
77 86 20
42 65 5
61 78 7
80 91 4
33 16 19
74 17 12
19 81 16
93 30 10
10 32 18
51 33 7
54 75 8
95 76 11
67 14 14
12 78 12
86 27 19
72 92 2
70 19 18
89 32 7
28 22 4
47 35 14
88 73 4
46 76 11
5 38 12
65 89 9
63 16 15
49 81 3
68 94 10
21 19 4
7 84 20
40 32 14
26 97 17
81 33 13
39 36 3
42 78 15
83 79 17
0 81 13
74 30 15
19 94 11
93 43 11
60 95 6
13 20 20
32 33 2
51 46 8
16 25 14
35 38 5
95 89 9
34 79 3
53 92 5
37 84 18
70 32 2
56 97 5
9 22 2
28 35 10
69 36 14
5 51 8
46 89 7
49 94 18
90 95 3
62 33 10
7 97 12
81 46 12
20 36 16
39 49 7
23 41 13
83 92 11
96 31 9
41 95 12
13 33 20
99 36 15
32 46 19
16 38 16
35 51 6
76 52 9
34 92 12
92 33 20
37 97 4
9 35 6
50 36 18
69 49 8
8 39 20
27 52 4
11 44 14
30 57 10
71 95 7
62 46 3
29 98 10
20 49 4
4 41 14
23 54 16
97 3 19
64 55 14
96 44 8
55 6 7
99 49 8
38 39 9
57 52 13
76 65 20
15 55 15
18 60 10
59 98 3
50 49 16
91 50 18
8 52 18
94 55 13
27 65 9
11 57 6
85 6 9
30 70 18
84 47 3
43 9 13
87 52 10
1 12 17
4 54 1
45 55 11
64 68 9
3 58 2
36 6 10
77 7 12
22 71 9
80 12 13
38 52 7
57 65 9
98 66 11
15 68 20
73 9 11
18 73 16
31 12 1
91 63 17
75 55 12
94 68 6
66 6 6
33 58 5
52 71 18
24 9 13
65 10 1
10 74 9
84 60 9
68 15 9
1 25 9
87 65 5
45 68 8
86 69 4
58 7 11
3 71 18
77 20 20
22 84 5
89 74 20
61 12 20
80 25 15
19 15 8
79 66 7
98 79 17
63 58 9
82 71 6
54 9 9
95 10 8
40 74 14
31 25 2
72 26 18
75 68 20
88 7 18
33 71 7
52 84 4
93 85 14
46 10 15
65 23 6
10 87 14
51 88 8
49 15 1
68 28 11
7 18 3
26 31 16
67 69 5
86 82 10
58 20 19
70 74 13
89 87 16
42 12 17
61 25 9
28 77 8
47 90 5
0 15 11
19 28 7
60 29 4
5 93 4
63 71 5
82 84 14
21 74 2
95 23 10
40 87 14
81 88 2
34 13 8
53 26 4
72 39 17
37 18 17
56 31 19
14 34 19
88 20 14
74 85 9
93 98 16
46 23 2
32 88 13
49 28 17
90 29 3
35 93 19
7 31 2
26 44 16
67 82 13
70 87 12
9 77 11
83 26 5
28 90 14
0 28 3
41 29 1
60 42 3
44 34 18
21 87 16
62 88 16
34 26 14
20 91 2
53 39 3
37 31 15
23 96 8
97 45 18
56 44 13
14 47 5
74 98 2
