100 4950 1
71 29 6
29 32 14
9 90 7
83 39 12
41 42 13
25 34 10
59 32 4
78 45 17
36 48 17
96 99 16
71 42 11
30 4 2
29 45 15
6 61 1
64 2 13
85 61 20
1 67 6
18 7 12
17 48 2
36 61 8
11 4 18
10 8 9
45 2 18
31 67 10
3 5 5
22 18 16
66 61 12
79 0 12
24 64 13
98 13 5
40 8 6
94 15 7
33 5 13
10 21 14
54 64 10
73 77 9
12 67 2
31 80 1
70 8 3
3 18 10
88 62 2
47 24 10
79 13 7
63 5 9
82 18 7
68 83 18
26 86 6
58 75 14
61 80 17
80 93 3
74 19 11
19 83 14
93 32 7
32 22 13
35 27 15
53 81 11
86 29 19
72 94 2
70 21 4
56 86 1
9 11 2
28 24 5
65 91 13
49 83 10
7 86 19
81 35 6
26 99 12
42 80 11
83 81 8
0 83 17
74 32 13
19 96 5
32 35 15
35 40 4
95 91 11
34 81 16
92 22 16
69 38 2
90 97 7
7 99 18
39 51 13
96 33 15
16 40 7
34 94 16
92 35 16
37 99 13
69 51 18
8 41 7
27 54 1
11 46 11
71 97 7
20 51 19
23 56 20
96 46 14
55 8 12
99 51 3
15 57 12
50 51 4
91 52 14
11 59 14
85 8 4
84 49 2
1 14 12
64 70 7
80 14 3
79 55 3
82 60 4
15 70 14
18 75 8
12 1 15
31 14 9
33 60 13
52 73 2
24 11 13
10 76 12
68 17 18
45 70 20
58 9 11
3 73 5
61 14 3
0 4 5
79 68 6
63 60 17
82 73 20
21 63 12
95 12 4
54 11 9
72 28 16
33 73 5
93 87 2
51 90 11
67 71 17
86 84 5
70 76 1
0 17 18
5 95 8
95 25 4
40 89 20
81 90 16
34 15 17
53 28 17
72 41 4
37 20 14
74 87 17
32 90 8
35 95 9
67 84 1
70 89 13
83 28 1
28 92 6
69 93 5
34 28 9
20 93 1
37 33 8
78 34 11
14 49 3
96 88 3
13 90 15
99 93 14
71 31 14
90 44 12
29 34 13
48 47 13
6 50 6
9 92 19
50 93 8
25 36 5
2 52 11
4 98 4
97 60 8
27 1 18
30 6 3
71 44 6
38 96 5
29 47 12
22 7 4
85 63 19
24 53 4
98 2 13
57 1 11
18 9 5
59 47 15
17 50 12
36 63 18
54 53 6
73 66 1
45 4 3
86 5 11
31 69 20
3 7 4
66 63 14
24 66 20
82 7 6
1 82 10
58 64 6
75 4 6
61 69 2
80 82 3
19 72 9
93 21 15
10 23 14
54 66 16
72 83 13
89 23 11
28 13 10
88 64 10
79 15 16
46 67 10
63 7 10
49 72 1
68 85 12
40 23 5
81 24 20
26 88 15
58 77 17
74 21 18
19 85 15
93 34 20
51 37 10
35 29 4
9 13 7
88 77 2
14 91 16
5 42 3
49 85 8
68 98 19
7 88 15
20 27 14
23 32 10
0 85 3
74 34 10
41 86 5
60 99 6
32 37 13
35 42 3
76 43 7
34 83 16
92 24 8
37 88 6
50 27 5
30 48 11
71 86 20
90 99 16
62 37 10
20 40 1
23 45 1
83 96 10
96 35 9
41 99 20
13 37 17
34 96 5
92 37 7
8 43 1
11 48 1
84 38 2
87 43 7
45 46 17
64 59 6
96 48 11
99 53 16
38 43 7
57 56 5
98 57 18
15 59 2
31 3 6
91 54 13
75 46 16
52 62 12
87 56 11
45 59 3
64 72 1
22 75 19
80 16 16
38 56 12
79 57 5
98 70 7
82 62 1
31 16 5
94 72 18
33 62 16
52 75 8
93 76 14
46 1 17
68 19 18
26 22 15
3 75 6
89 78 4
42 3 8
61 16 12
47 81 5
0 6 14
63 62 16
21 65 9
95 14 2
53 17 11
88 11 13
33 75 10
74 76 10
93 89 4
32 79 1
49 19 11
35 84 1
26 35 14
70 78 9
5 97 14
63 75 10
21 78 11
95 27 13
34 17 15
53 30 19
39 95 6
56 35 6
14 38 2
32 92 14
71 20 4
90 33 15
48 36 10
28 94 20
69 95 20
41 33 7
2 41 7
62 92 13
34 30 5
37 35 5
78 36 6
97 49 2
71 33 4
57 98 10
90 46 1
8 98 19
85 52 7
84 93 17
59 36 4
78 49 15
17 39 10
38 98 9
73 55 10
85 65 2
43 68 20
15 6 13
18 11 16
17 52 17
91 1 8
36 65 10
80 71 20
54 55 13
45 6 5
89 12 20
98 17 4
82 9 19
68 74 10
1 84 20
40 12 13
42 58 17
75 6 10
61 71 17
74 10 5
19 74 2
93 23 12
12 71 4
31 84 12
72 85 12
88 66 7
47 28 8
46 69 19
49 74 9
68 87 1
21 12 17
7 77 18
40 25 18
0 74 13
93 36 11
32 26 8
16 18 11
95 82 19
34 72 16
53 85 9
56 90 13
9 15 15
14 93 11
90 88 16
7 90 12
20 29 12
39 42 20
0 87 5
41 88 2
96 24 1
99 29 18
2 96 10
76 45 14
92 26 3
9 28 1
50 29 14
69 42 1
27 45 1
71 88 5
62 39 19
4 34 5
23 47 16
83 98 1
96 37 16
38 32 11
15 48 6
59 91 12
18 53 15
50 42 9
8 45 1
27 58 8
84 40 13
87 45 7
1 5 3
45 48 8
64 61 20
22 64 15
80 5 5
38 45 8
57 58 3
98 59 2
15 61 3
18 66 7
31 5 16
91 56 2
75 48 15
33 51 8
84 53 8
10 67 4
87 58 2
86 62 4
3 64 3
89 67 13
80 18 4
19 8 3
63 51 6
31 18 1
72 19 6
75 61 10
33 64 5
52 77 19
65 16 12
49 8 5
26 24 12
67 62 18
86 75 4
58 13 8
70 67 2
89 80 1
42 5 9
28 70 9
0 8 19
79 72 1
40 80 16
53 19 13
72 32 14
56 24 18
14 27 2
93 91 12
32 81 5
51 94 16
68 34 5
35 86 1
67 75 7
70 80 2
28 83 17
47 96 18
41 22 7
60 35 11
21 80 9
62 81 13
81 94 20
34 19 1
53 32 19
37 24 6
13 81 11
32 94 13
71 22 5
16 86 7
48 38 14
83 32 8
25 27 3
2 43 10
62 94 20
20 97 5
4 89 20
78 38 4
97 51 2
36 41 15
55 54 3
96 92 5
99 97 16
48 51 11
6 54 9
66 41 10
85 54 13
84 95 2
43 57 8
17 41 10
55 67 10
10 1 17
29 51 2
73 57 12
31 60 4
64 8 14
66 54 10
24 57 12
98 6 13
43 70 14
1 73 15
40 1 15
91 3 19
80 73 2
52 11 18
93 12 6
10 14 10
12 60 15
86 9 13
31 73 13
3 11 15
88 55 6
24 70 17
65 71 5
68 76 10
21 1 2
58 68 12
77 81 9
42 60 1
80 86 2
33 11 13
74 12 2
19 76 7
93 25 5
0 63 9
35 20 10
95 71 5
53 74 4
86 22 4
9 4 19
88 68 4
46 71 19
5 33 19
65 84 13
63 11 6
49 76 18
62 15 20
26 92 20
39 31 7
42 73 11
74 25 15
19 89 19
60 90 8
51 41 19
16 20 19
35 33 2
95 84 1
34 74 19
53 87 15
28 30 17
14 95 14
7 92 2
20 31 4
44 95 5
16 33 6
57 34 18
2 98 16
76 47 4
34 87 13
27 47 5
29 93 4
20 44 14
23 49 10
55 1 6
38 34 19
57 47 19
76 60 4
59 93 4
18 55 16
17 96 5
91 45 9
50 44 4
11 52 5
52 53 7
84 42 7
87 47 19
45 50 17
64 63 19
3 53 12
77 2 18
22 66 6
80 7 2
38 47 9
98 61 4
15 63 8
73 4 18
18 68 6
94 63 3
52 66 13
24 4 4
1 20 4
45 63 20
86 64 1
3 66 8
77 15 14
89 69 16
61 7 2
80 20 8
19 10 15
79 61 7
98 74 6
31 20 7
72 21 15
75 63 11
33 66 16
74 67 1
46 5 17
65 18 3
51 83 19
68 23 17
86 77 11
70 69 2
89 82 5
28 72 5
19 23 6
60 24 3
21 69 1
40 82 8
81 83 18
72 34 4
14 29 1
51 96 14
49 23 7
35 88 5
7 26 9
26 39 10
70 82 3
9 72 14
83 21 6
0 23 4
2 32 12
62 83 16
20 86 6
39 99 9
23 91 17
14 42 20
55 43 13
16 88 11
90 37 4
29 27 15
92 83 18
9 85 9
50 86 12
25 29 18
44 42 5
62 96 18
20 99 6
78 40 6
36 43 3
71 37 11
29 40 16
92 96 18
6 56 13
50 99 16
22 0 13
25 42 15
85 56 6
24 46 15
43 59 16
1 62 1
18 2 4
59 40 9
36 56 17
80 62 16
31 62 9
98 8 8
43 72 2
82 0 11
1 75 8
77 70 15
61 62 16
80 75 5
33 0 6
52 13 16
93 14 1
10 16 2
54 59 8
12 62 5
86 11 9
72 76 1
70 3 9
88 57 6
79 8 3
63 0 1
82 13 5
68 78 2
21 3 1
40 16 13
58 70 17
0 65 19
19 78 4
93 27 1
32 17 5
35 22 7
95 73 9
12 75 18
70 16 19
9 6 20
88 70 14
14 84 10
46 73 14
49 78 17
21 16 15
7 81 4
41 79 7
74 27 13
60 92 10
44 84 2
16 22 20
92 17 10
9 19 4
69 33 15
71 79 8
7 94 19
48 95 10
20 33 6
39 46 5
6 98 5
4 25 18
83 89 10
13 30 7
16 35 20
76 49 19
34 89 19
37 94 17
36 98 15
8 36 2
27 49 5
84 31 7
87 36 6
4 38 19
45 39 20
64 52 2
55 3 8
96 41 14
25 97 10
57 49 16
98 50 13
18 57 16
17 98 13
75 39 16
11 54 7
43 6 19
84 44 19
87 49 9
1 9 8
77 4 11
22 68 4
80 9 5
79 50 18
98 63 12
82 55 7
73 6 2
91 60 15
33 55 6
24 6 14
10 71 14
68 12 5
67 53 2
26 15 19
86 66 2
70 58 9
58 4 8
77 17 16
89 71 2
61 9 11
47 74 13
80 22 4
19 12 7
63 55 4
95 7 13
53 10 6
33 68 9
74 69 19
93 82 4
65 20 13
49 12 18
7 15 20
86 79 3
89 84 5
42 9 11
83 10 5
0 12 4
5 90 13
63 68 6
34 10 1
39 88 16
72 36 13
46 20 14
32 85 5
49 25 18
90 26 6
35 90 20
48 29 7
28 87 17
41 26 11
60 39 2
25 18 6
44 31 8
62 85 19
20 88 13
37 28 3
97 42 18
14 44 4
55 45 20
71 26 2
16 90 20
48 42 17
6 45 18
50 88 17
8 91 2
25 31 16
85 45 18
2 47 19
84 86 17
43 48 10
97 55 14
36 45 15
55 58 10
29 42 7
73 48 3
6 58 18
22 2 19
24 48 17
1 64 19
18 4 19
17 45 8
36 58 5
52 2 19
54 48 2
73 61 15
12 51 15
86 0 7
31 64 6
89 5 18
66 58 18
24 61 2
98 10 1
65 62 11
82 2 9
1 77 5
40 5 13
58 59 19
61 64 1
80 77 13
33 2 10
10 18 16
51 19 17
67 0 11
12 64 18
31 77 17
72 78 4
70 5 18
28 8 17
88 59 14
5 24 20
63 2 18
49 67 20
40 18 15
7 70 10
26 83 12
61 77 10
0 67 19
60 81 10
13 6 18
32 19 17
35 24 11
95 75 3
53 78 13
72 91 11
37 70 16
9 8 2
69 22 5
14 86 14
46 75 10
49 80 1
90 81 17
7 83 5
81 32 12
83 78 12
60 94 10
44 86 4
16 24 11
35 37 2
2 89 8
76 38 6
53 91 11
37 83 18
56 96 2
69 35 5
8 25 8
27 38 5
71 81 16
29 84 16
4 27 2
23 40 11
83 91 7
96 30 14
50 35 2
8 38 5
27 51 14
11 43 9
30 56 18
84 33 19
4 40 10
45 41 15
64 54 12
22 57 1
15 54 15
59 97 8
91 49 9
43 8 9
45 54 2
22 70 6
79 52 3
73 8 18
72 12 3
75 54 16
33 57 15
93 71 7
68 14 14
61 11 19
47 76 12
0 1 6
5 79 7
79 65 1
95 9 7
40 73 14
53 12 6
56 17 3
93 84 13
46 9 11
32 74 5
51 87 10
7 17 11
67 68 7
42 11 4
83 12 7
28 76 11
9 63 12
47 89 19
60 28 13
44 20 14
39 90 2
37 17 19
14 33 9
71 15 2
90 28 13
35 92 13
7 30 5
48 31 17
6 34 17
27 93 4
60 41 7
25 20 3
34 25 7
37 30 19
78 31 10
97 44 5
36 34 11
96 85 20
55 47 5
71 28 5
57 93 16
6 47 18
92 87 4
66 34 11
85 47 16
2 49 8
84 88 8
43 50 15
87 93 8
59 31 4
96 98 1
38 93 4
29 44 6
31 53 17
22 4 18
85 60 9
24 50 9
58 48 10
94 1 15
80 66 20
52 4 19
93 5 16
10 7 6
54 50 20
73 63 1
12 53 12
31 66 6
3 4 5
47 10 11
88 48 13
24 63 4
40 7 8
42 53 12
61 66 1
74 5 3
93 18 1
32 8 16
51 21 20
95 64 10
67 2 8
12 66 6
86 15 5
53 67 9
72 80 20
89 20 18
47 23 16
46 64 11
63 4 16
49 69 11
62 8 7
81 21 12
42 66 8
83 67 20
0 69 5
74 18 8
19 82 2
60 83 1
13 8 15
32 21 20
16 13 2
35 26 5
95 77 11
34 67 20
53 80 15
56 85 8
90 83 20
62 21 10
7 85 1
48 86 5
81 34 1
20 24 1
99 24 1
16 26 7
2 91 7
37 85 4
78 86 3
50 24 15
69 37 2
8 27 5
71 83 13
84 22 3
48 99 19
87 27 13
20 37 7
4 29 5
25 88 12
57 40 1
15 43 2
78 99 17
50 37 15
91 38 3
27 53 10
30 58 13
71 96 6
84 35 17
3 46 11
22 59 5
80 0 13
38 40 7
31 0 3
94 56 19
33 46 5
10 62 19
22 72 7
61 0 5
80 13 3
19 3 12
79 54 6
98 67 17
63 46 9
82 59 20
40 62 1
12 0 16
52 72 11
93 73 1
65 11 14
7 6 7
70 62 13
63 59 7
81 76 17
53 14 19
37 6 15
56 19 11
32 76 17
49 16 11
35 81 4
7 19 9
67 70 11
70 75 16
83 14 15
28 78 10
41 17 11
5 94 8
62 76 16
34 14 7
53 27 19
39 92 10
37 19 18
14 35 5
55 36 14
13 76 12
32 89 18
90 30 11
29 20 7
48 33 16
83 27 20
69 92 5
41 30 1
44 35 7
62 89 5
59 20 13
4 84 14
78 33 15
97 46 10
96 87 16
13 89 16
71 30 16
25 35 2
85 49 18
45 98 4
17 36 6
36 49 8
80 55 7
38 95 16
66 49 18
1 68 3
52 6 2
93 7 8
73 65 16
86 4 8
31 68 16
89 9 5
47 12 20
49 58 17
82 6 13
68 71 4
40 9 18
26 74 13
42 55 14
61 68 3
19 71 2
32 10 19
35 15 8
67 4 8
12 68 12
53 69 20
28 12 3
88 63 13
46 66 3
68 84 20
21 9 10
62 10 18
81 23 2
83 69 15
74 20 17
32 23 11
44 77 1
35 28 16
56 87 6
9 12 16
50 13 18
71 72 11
90 85 4
83 82 17
41 85 3
60 98 19
13 23 3
76 42 16
34 82 11
37 87 12
78 88 19
50 26 6
69 39 18
8 29 14
11 34 16
71 85 7
84 24 17
23 44 11
96 34 9
22 48 3
25 90 14
99 39 10
57 42 17
76 55 10
15 45 4
91 40 17
8 42 5
11 47 10
52 48 13
87 42 16
64 58 15
38 42 15
82 48 3
18 63 3
31 2 2
91 53 10
94 58 8
52 61 6
65 0 9
26 8 13
3 61 5
89 64 8
77 10 12
80 15 18
63 48 2
82 61 17
21 51 1
95 0 9
72 16 3
65 13 14
51 78 9
49 5 14
67 59 11
70 64 17
89 77 13
42 2 10
83 3 16
0 5 4
5 83 5
95 13 6
40 77 3
39 81 3
37 8 6
51 91 4
49 18 10
90 19 1
35 83 8
48 22 12
83 16 9
28 80 17
69 81 19
41 19 11
60 32 18
2 27 20
62 78 3
81 91 6
34 16 14
20 81 6
39 94 17
78 22 4
23 86 7
97 35 3
55 38 5
96 76 5
13 78 4
71 19 10
90 32 20
35 96 3
6 38 18
9 80 10
50 81 2
69 94 14
41 32 6
8 84 6
25 24 1
44 37 4
62 91 10
20 94 1
36 38 9
55 51 18
96 89 5
71 32 13
50 94 2
8 97 11
66 38 8
1 57 1
4 99 12
77 52 11
38 97 14
54 41 11
66 51 15
65 55 1
68 60 2
1 70 4
77 65 6
42 44 9
80 70 19
19 60 15
10 11 8
72 71 16
28 1 14
88 52 11
46 55 12
5 17 13
65 68 5
68 73 6
40 11 8
81 12 15
42 57 1
61 70 10
0 60 4
19 73 3
93 22 14
51 25 15
35 17 11
95 68 9
34 58 13
70 11 15
9 1 2
28 14 17
47 27 10
14 79 14
5 30 8
62 12 20
81 25 16
26 89 9
20 15 16
39 28 16
35 30 17
76 31 1
92 12 5
37 76 3
56 89 4
9 14 20
14 92 16
90 87 15
62 25 14
29 77 16
48 90 3
20 28 14
4 20 18
23 33 1
96 23 12
41 87 1
25 79 5
44 92 4
57 31 15
18 39 8
92 25 18
78 90 4
59 77 19
50 28 16
36 93 9
27 44 19
30 49 9
84 26 15
29 90 19
4 33 20
22 50 4
25 92 15
66 93 20
15 47 11
17 93 2
91 42 17
75 34 15
52 50 2
1 4 9
87 44 4
64 60 14
3 50 4
80 4 2
75 47 19
94 60 3
33 50 5
10 66 16
68 7 13
67 48 3
70 53 18
89 66 2
61 4 13
47 69 15
19 7 18
79 58 19
95 2 13
40 66 19
53 5 4
72 18 8
56 10 10
33 63 12
93 77 3
51 80 12
49 7 8
7 10 15
67 61 16
9 56 10
28 69 12
0 7 15
60 21 10
5 85 6
95 15 6
62 67 8
81 80 5
97 24 4
14 26 20
13 67 20
16 72 14
48 24 8
9 69 13
83 18 2
69 83 6
41 21 17
27 86 19
25 13 2
44 26 6
62 80 13
34 18 15
20 83 15
39 96 15
4 75 14
78 24 7
36 27 15
96 78 7
55 40 19
99 83 9
71 21 2
57 86 20
48 37 2
8 86 20
25 26 6
2 42 15
84 81 19
87 86 13
4 88 1
78 37 12
17 27 15
36 40 8
99 96 18
29 37 9
73 43 12
31 46 8
8 99 1
66 40 12
85 53 11
1 59 10
59 37 16
17 40 9
58 41 2
61 46 17
80 59 5
10 0 12
54 43 9
73 56 10
12 46 12
89 0 13
65 57 11
58 54 8
80 72 2
0 49 17
19 62 2
93 11 9
51 14 15
54 56 11
95 57 20
53 60 3
89 13 12
88 54 15
46 57 5
65 70 18
49 62 16
68 75 13
7 65 8
81 14 6
83 60 9
0 62 16
93 24 14
60 76 9
13 1 13
16 6 7
53 73 1
72 86 4
37 65 5
28 16 13
14 81 16
46 70 8
5 32 5
49 75 4
7 78 20
81 27 13
39 30 20
41 76 11
60 89 6
32 27 2
35 32 18
34 73 16
78 79 15
97 92 14
9 16 9
50 17 2
69 30 13
27 33 9
71 76 18
48 92 13
4 22 5
25 81 11
99 30 20
44 94 20
85 95 1
57 33 5
2 97 2
76 46 14
15 36 6
78 92 20
50 30 1
36 95 17
8 33 10
11 38 13
30 51 15
29 92 16
45 36 4
3 39 8
66 95 7
24 98 8
57 46 18
15 49 2
59 92 6
18 54 9
17 95 2
33 39 2
10 55 19
87 46 9
45 49 13
86 50 17
3 52 8
77 1 19
80 6 6
98 60 2
82 52 11
40 55 3
72 7 17
75 49 9
52 65 2
10 68 20
51 69 7
68 9 4
67 50 5
86 63 11
58 1 7
28 58 13
61 6 11
60 10 7
79 60 10
63 52 18
82 65 20
95 4 15
81 69 4
72 20 1
88 1 15
93 79 17
32 69 16
49 9 1
7 12 4
26 25 13
70 68 10
28 71 7
47 84 17
5 87 4
44 15 4
53 20 16
39 85 19
37 12 20
23 77 15
97 26 16
56 25 15
14 28 3
74 79 17
13 69 14
71 10 6
76 88 8
6 29 11
9 71 5
50 72 7
83 20 1
69 85 4
41 23 9
25 15 10
44 28 4
85 29 13
20 85 7
78 26 19
23 90 5
36 29 10
96 80 18
13 82 20
99 85 8
16 87 2
57 88 9
29 26 15
15 91 3
50 85 14
8 88 11
25 28 12
24 32 1
84 83 18
87 88 9
1 48 20
45 91 16
78 39 1
17 29 10
54 32 9
73 45 15
91 99 4
75 91 9
43 58 18
1 61 1
77 56 13
61 48 8
54 45 10
73 58 16
31 61 9
47 5 9
5 8 13
19 64 12
12 61 6
53 62 1
28 5 2
47 18 3
88 56 8
5 21 11
49 64 8
68 77 19
62 3 1
81 16 2
39 19 14
42 61 6
60 78 15
13 3 17
95 72 7
53 75 3
9 5 19
69 19 15
71 65 20
90 78 18
81 29 13
20 19 6
23 24 10
41 78 12
25 70 10
99 19 6
13 16 15
44 83 9
16 21 2
57 22 4
69 32 3
14 96 8
55 97 2
8 22 16
27 35 12
71 78 13
90 91 3
29 81 8
48 94 7
23 37 12
64 38 2
96 27 6
22 41 19
25 83 15
99 32 2
85 97 6
15 38 5
18 43 15
78 94 14
17 84 5
36 97 16
8 35 8
94 38 19
11 40 5
84 30 2
64 51 8
98 49 4
59 94 20
17 97 7
75 38 6
94 51 15
10 57 2
45 51 14
86 52 13
79 49 7
98 62 19
63 41 4
82 54 18
40 57 9
56 1 2
75 51 2
65 6 20
51 71 19
68 11 8
7 1 1
26 14 20
86 65 6
70 57 7
89 70 1
28 60 17
19 11 12
60 12 5
5 76 16
63 54 18
21 57 7
72 22 13
56 14 10
74 68 18
13 58 3
32 71 6
90 12 7
7 14 9
48 15 20
28 73 4
69 74 20
41 12 3
60 25 5
25 4 6
44 17 14
2 20 18
62 71 1
81 84 15
14 30 5
13 71 13
32 84 3
71 12 16
90 25 9
76 90 4
48 28 2
6 31 19
9 73 6
69 87 10
8 77 20
27 90 6
25 17 5
11 82 20
30 95 15
62 84 8
59 15 20
78 28 5
17 18 12
96 82 9
99 87 16
57 90 9
73 34 15
18 98 3
92 84 9
50 87 10
8 90 10
11 95 14
24 34 15
84 85 7
87 90 5
1 50 16
4 92 4
45 93 4
36 44 1
77 45 12
3 96 20
80 50 1
38 90 11
54 34 19
73 47 11
31 50 10
33 96 18
84 98 11
58 45 11
77 58 6
61 50 17
80 63 2
19 53 12
93 2 17
52 1 17
10 4 8
51 5 15
54 47 17
95 48 19
89 4 11
47 7 13
88 45 5
5 10 5
65 61 9
49 53 6
0 53 11
19 66 6
70 4 9
14 72 18
88 58 13
5 23 1
62 5 18
7 69 2
81 18 14
20 8 20
23 13 1
83 64 10
0 66 19
60 80 11
32 18 14
35 23 20
76 24 1
34 64 20
37 69 7
97 83 6
50 8 18
14 85 17
27 24 19
71 67 19
30 29 11
7 82 8
4 13 13
23 26 15
83 77 6
13 18 9
99 21 4
57 24 17
15 27 1
78 83 6
97 96 12
36 86 11
8 24 15
71 80 16
30 42 10
84 19 5
48 96 12
4 26 11
22 43 4
96 29 14
66 86 13
99 34 10
85 99 3
38 24 11
15 40 3
18 45 3
75 27 17
94 40 3
52 43 3
10 46 8
29 96 8
87 37 5
3 43 1
38 37 8
79 38 16
98 51 18
40 46 14
17 99 12
75 40 18
33 43 14
93 57 17
68 0 16
26 3 14
67 41 17
3 56 6
47 62 16
19 0 2
63 43 3
40 59 13
72 11 13
56 3 16
33 56 9
32 60 19
51 73 13
26 16 10
67 54 6
86 67 16
89 72 7
41 1 11
60 14 8
63 56 7
95 8 18
62 60 17
37 3 19
56 16 2
51 86 12
71 1 11
16 65 6
90 14 10
35 78 9
9 62 9
27 79 10
44 19 9
39 89 1
37 16 11
78 17 18
13 73 19
71 14 11
16 78 3
57 79 7
76 92 10
48 30 17
6 33 10
92 73 3
69 89 19
8 79 15
27 92 2
66 20 8
2 35 18
43 36 11
59 17 9
4 81 15
78 30 16
64 95 9
36 33 4
55 46 15
15 95 20
50 89 10
91 90 9
94 95 13
66 33 12
11 97 17
85 46 16
43 49 2
84 87 18
87 92 16
1 52 9
45 95 2
80 52 11
79 93 2
73 49 18
12 39 8
33 98 18
1 65 18
58 47 5
42 39 16
61 52 20
93 4 15
10 6 5
54 49 16
95 50 15
12 52 3
72 66 18
89 6 6
88 47 15
49 55 4
7 58 17
26 71 4
39 10 6
42 52 13
74 4 13
19 68 18
60 69 17
35 12 12
34 53 14
53 66 8
72 79 11
37 58 11
69 10 13
49 68 3
81 20 5
39 23 4
96 5 13
60 82 2
13 7 14
99 10 16
32 20 10
16 12 1
2 77 16
53 79 1
55 88 1
8 13 2
30 31 3
29 72 4
6 88 7
4 15 10
25 74 18
44 87 7
85 88 12
38 13 11
57 26 10
2 90 19
15 29 5
59 72 7
92 20 4
78 85 18
97 98 18
50 23 20
36 88 6
27 39 1
11 31 19
30 44 8
71 82 6
29 85 15
22 45 6
38 26 3
57 39 9
24 91 1
18 47 2
78 98 16
17 88 1
94 42 9
33 32 10
54 91 13
87 39 6
86 43 16
3 45 15
79 40 14
63 32 10
82 45 7
72 0 5
75 42 8
93 59 6
10 61 7
51 62 17
68 2 2
26 5 8
89 61 4
5 67 1
79 53 9
63 45 16
82 58 15
40 61 19
81 62 20
72 13 11
56 5 2
14 8 18
74 59 5
32 62 18
49 2 7
35 67 14
67 56 11
70 61 16
47 77 19
0 2 12
41 3 8
60 16 13
5 80 9
21 61 3
81 75 12
39 78 1
37 5 2
23 70 15
14 21 16
74 72 13
13 62 19
90 16 3
76 81 3
6 22 2
9 64 2
50 65 2
69 78 16
25 8 12
30 86 2
62 75 17
39 91 18
78 19 13
36 22 20
55 35 2
96 73 3
99 78 1
16 80 16
57 81 19
76 94 5
15 84 20
92 75 1
69 91 1
8 81 9
25 21 9
66 22 4
11 86 5
30 99 19
2 37 16
43 38 19
84 76 7
87 81 8
1 41 6
4 83 1
78 32 14
64 97 3
36 35 10
96 86 11
55 48 7
99 91 9
38 81 1
57 94 6
73 38 9
31 41 1
91 92 17
75 84 15
8 94 17
94 97 7
66 35 5
11 99 6
24 38 1
43 51 18
84 89 1
87 94 14
45 97 2
58 36 16
77 49 3
80 54 1
38 94 7
54 38 15
73 51 18
88 36 17
5 1 9
77 62 6
42 41 12
0 44 19
19 57 1
93 6 4
51 9 13
95 52 14
12 54 11
53 55 20
89 8 15
56 60 15
47 11 3
5 14 6
68 70 16
7 60 12
39 12 18
83 55 19
95 65 20
34 55 20
53 68 13
72 81 5
56 73 9
28 11 1
69 12 6
14 76 18
27 15 7
46 65 13
30 20 4
62 9 14
7 73 8
96 7 11
60 84 5
44 76 7
16 14 15
57 15 12
76 28 9
34 68 3
92 9 13
37 73 7
50 12 15
69 25 17
55 90 12
11 20 1
90 84 4
29 74 3
20 25 9
4 17 15
23 30 4
64 31 4
41 84 20
25 76 1
38 15 9
57 28 6
2 92 9
76 41 8
59 74 10
78 87 10
17 77 18
91 26 3
36 90 3
94 31 20
11 33 12
52 34 20
71 84 17
87 28 9
45 31 11
64 44 2
22 47 15
66 90 18
24 93 6
82 34 5
15 44 8
17 90 7
75 31 16
94 44 18
54 93 7
86 45 5
3 47 9
47 53 18
80 1 13
79 42 12
98 55 19
63 34 14
40 50 18
75 44 14
33 47 2
93 61 5
51 64 13
68 4 7
26 7 13
86 58 13
89 63 15
28 53 16
5 69 5
53 2 6
56 7 2
14 10 1
74 61 11
93 74 14
51 77 6
16 56 3
49 4 4
35 69 11
26 20 15
67 58 1
70 63 3
9 53 14
83 2 15
69 67 3
44 10 11
2 13 17
62 64 1
81 77 13
37 7 4
23 72 3
56 20 6
97 21 5
14 23 4
96 62 16
55 24 15
13 64 17
99 67 20
16 69 19
29 8 9
92 64 20
6 24 10
9 66 20
69 80 20
8 70 12
41 18 5
27 83 14
25 10 6
30 88 20
62 77 16
20 80 3
59 8 4
4 72 12
23 85 8
96 75 15
99 80 6
29 21 11
15 86 3
91 81 5
8 83 8
27 96 6
85 37 11
24 27 3
43 40 11
87 83 3
1 43 4
59 21 16
4 85 2
17 24 9
36 37 19
77 38 16
57 96 11
98 97 19
31 43 8
75 86 20
94 99 5
43 53 19
84 91 8
1 56 2
87 96 12
45 99 12
17 37 7
61 43 14
80 56 7
19 46 16
54 40 8
73 53 5
12 43 10
31 56 19
75 99 1
88 38 2
47 0 10
46 41 17
65 54 7
68 59 11
26 62 11
42 43 1
93 8 13
51 11 2
35 3 5
53 57 12
14 65 20
88 51 10
7 62 16
81 11 18
26 75 19
20 1 11
39 14 14
23 6 11
83 57 19
0 59 5
41 60 15
74 8 3
60 73 4
16 3 16
35 16 1
95 67 12
34 57 15
53 70 18
9 0 4
50 1 15
69 14 2
71 60 19
90 73 16
48 76 6
4 6 2
23 19 8
96 9 13
41 73 6
60 86 19
13 11 16
99 14 19
18 25 19
92 11 13
78 76 9
37 75 18
97 89 19
69 27 4
71 73 17
84 12 13
29 76 12
87 17 15
4 19 16
45 20 6
99 27 13
66 79 1
85 92 12
38 17 6
15 33 20
59 76 18
78 89 4
17 79 2
91 28 13
11 35 14
29 89 3
87 30 20
73 95 8
45 33 15
31 98 4
64 46 2
22 49 7
66 92 7
38 30 1
98 44 18
82 36 9
59 89 6
58 93 16
91 41 1
75 33 6
33 36 14
93 50 4
54 95 15
70 39 5
89 52 8
80 3 5
47 55 11
79 44 14
21 39 8
40 52 15
74 50 10
65 1 10
32 53 2
51 66 3
86 60 20
9 42 9
47 68 18
19 6 12
60 7 8
5 71 17
63 49 20
21 52 13
81 66 5
56 9 20
14 12 19
13 53 9
32 66 14
51 79 15
16 58 2
90 7 10
35 71 17
92 53 7
28 68 20
41 7 20
60 20 12
5 84 6
81 79 7
39 82 8
37 9 2
78 10 5
97 23 5
14 25 17
13 66 14
99 69 7
71 7 16
90 20 14
76 85 3
48 23 14
6 26 2
41 20 1
8 72 9
27 85 20
25 12 10
44 25 9
85 26 17
30 90 11
2 28 15
43 29 9
84 67 18
87 72 11
59 10 6
78 23 11
23 87 3
64 88 5
17 13 9
36 26 4
55 39 9
99 82 4
57 85 2
29 23 6
6 39 20
18 93 4
50 82 7
94 88 6
27 98 19
66 26 3
85 39 6
43 42 19
87 85 13
17 26 13
73 42 15
91 96 18
75 88 3
33 91 18
66 39 20
24 42 9
68 48 15
1 58 16
58 40 9
77 53 5
61 45 20
19 48 19
63 91 12
54 42 16
95 43 11
12 45 9
72 59 6
65 56 2
81 0 16
58 53 4
0 48 3
19 61 2
60 62 12
32 0 18
51 13 1
35 5 7
95 56 4
53 59 1
69 3 4
14 67 15
49 61 5
62 0 7
7 64 6
26 77 2
83 59 10
0 61 11
60 75 9
13 0 20
16 5 10
35 18 1
76 19 10
53 72 7
50 3 16
8 6 19
71 62 7
29 65 14
48 78 18
20 16 16
6 81 10
64 22 7
96 11 15
99 16 12
57 19 15
2 83 11
76 32 10
15 22 5
18 27 17
59 65 12
97 91 5
50 16 17
91 17 9
8 19 17
11 24 11
30 37 9
29 78 13
87 19 8
6 94 12
22 38 18
66 81 2
85 94 17
98 33 14
15 35 11
77 95 10
94 35 3
33 25 18
52 38 5
10 41 8
73 97 14
45 35 3
3 38 8
89 41 6
98 46 19
63 25 9
58 95 19
93 52 7
67 36 19
86 49 16
89 54 19
21 41 14
93 65 13
65 3 5
35 60 10
70 54 10
28 57 3
21 54 14
62 55 14
81 68 20
39 71 15
56 11 15
13 55 13
7 11 14
48 12 8
6 15 7
92 55 20
83 6 2
69 71 13
60 22 5
25 1 20
30 79 16
2 17 5
34 6 4
39 84 17
78 12 18
23 76 13
97 25 16
13 68 10
99 71 5
71 9 12
16 73 7
48 25 11
69 84 8
66 15 7
11 79 10
2 30 18
87 74 15
1 34 9
59 12 8
64 90 5
17 15 15
55 41 16
96 79 14
99 84 10
29 25 3
18 95 17
91 85 18
8 87 5
11 92 7
52 93 6
43 44 1
45 90 4
17 28 10
3 93 11
77 42 9
61 34 9
80 47 20
38 87 17
79 88 16
12 34 16
31 47 8
65 45 6
26 53 1
42 34 11
61 47 15
80 60 10
0 37 17
54 44 1
21 96 4
95 45 17
89 1 1
88 42 10
46 45 5
68 63 16
7 53 8
26 66 1
39 5 9
42 47 14
83 48 14
0 50 17
19 63 17
60 64 1
32 2 3
95 58 6
34 48 1
53 61 6
72 74 9
37 53 7
56 66 8
28 4 13
69 5 10
46 58 6
62 2 2
81 15 9
20 5 5
23 10 13
96 0 11
41 64 7
25 56 13
99 5 13
57 8 4
2 72 15
34 61 3
92 2 18
78 67 4
97 80 5
69 18 11
14 82 8
27 21 9
48 80 17
87 8 9
6 83 13
25 69 18
44 82 8
85 83 14
38 8 7
2 85 4
59 67 7
17 70 19
91 19 17
36 83 7
55 96 10
8 21 8
94 24 19
11 26 12
71 77 15
84 16 20
29 80 6
87 21 20
73 86 1
66 83 19
85 96 14
38 21 2
79 22 2
24 86 3
98 35 1
43 99 14
15 37 20
36 96 2
77 97 19
75 24 1
33 27 11
52 40 5
54 86 12
12 89 11
86 38 14
45 37 12
79 35 11
63 27 16
82 40 12
40 43 4
58 97 8
42 89 18
75 37 13
33 40 15
74 41 13
51 57 15
28 46 17
88 97 10
63 40 4
40 56 6
81 57 5
56 0 17
14 3 12
74 54 19
51 70 6
35 62 11
67 51 14
70 56 14
47 72 10
44 3 16
20 60 2
53 8 18
56 13 18
14 16 19
96 55 16
13 57 10
32 70 7
16 62 15
35 75 2
48 14 17
6 17 5
69 73 17
27 76 1
85 17 14
62 70 17
4 65 2
78 14 5
36 17 8
96 68 12
55 30 4
99 73 9
71 11 17
57 76 9
29 14 11
48 27 7
18 84 9
50 73 20
69 86 2
8 76 6
27 89 1
25 16 18
66 17 8
30 94 7
24 20 10
84 71 10
87 76 15
59 14 8
4 78 17
45 79 5
64 92 15
22 95 12
80 36 19
38 76 4
57 89 10
98 90 11
73 33 20
31 36 16
75 79 16
8 89 6
94 92 18
66 30 12
52 95 1
24 33 14
10 98 11
43 46 15
58 31 18
3 95 14
61 36 15
19 39 7
82 95 15
54 33 19
33 95 4
49 39 1
68 52 9
67 93 8
70 98 11
42 36 2
93 1 8
51 4 8
21 98 17
95 47 4
12 49 14
56 55 14
14 58 18
5 9 5
65 60 8
68 65 6
81 4 12
39 7 17
0 52 4
60 66 2
35 9 3
95 60 1
37 55 20
56 68 8
97 69 1
69 7 11
27 10 12
71 53 6
62 4 9
7 68 8
20 7 17
39 20 4
6 72 15
41 66 3
60 79 15
99 7 18
76 23 8
34 63 10
92 4 6
37 68 13
97 82 6
36 72 13
30 28 16
90 79 9
84 5 2
29 69 2
48 82 8
87 10 7
66 72 1
99 20 15
38 10 7
98 24 14
59 69 6
18 31 3
91 21 14
55 98 2
52 29 1
84 18 16
29 82 5
73 88 20
45 26 2
64 39 14
31 91 5
3 29 17
22 42 18
82 29 18
94 39 15
61 91 5
52 42 16
86 40 18
3 42 10
79 37 11
82 42 4
40 45 8
58 99 3
42 91 9
0 94 10
33 42 15
93 56 17
10 58 7
51 59 17
67 40 2
89 58 18
28 48 9
47 61 9
88 99 11
63 42 11
21 45 7
56 2 8
14 5 19
13 46 20
90 0 9
35 64 4
7 2 19
48 3 13
28 61 3
60 13 5
2 8 17
81 72 1
37 2 12
23 67 12
97 16 11
99 62 4
71 0 3
90 13 15
35 77 12
76 78 3
6 19 12
50 62 18
69 75 14
25 5 14
44 18 7
30 83 10
20 75 12
59 3 15
23 80 19
64 81 10
17 6 14
55 32 15
96 70 1
71 13 20
38 65 17
57 78 20
76 91 16
29 16 5
15 81 13
73 22 6
18 86 9
6 32 5
50 75 9
8 78 4
85 32 12
30 96 16
24 22 17
43 35 12
84 73 20
1 38 6
36 32 8
77 33 13
3 84 6
22 97 10
57 91 4
12 25 10
33 84 2
66 32 18
52 97 16
68 41 19
1 51 14
45 94 5
86 95 18
58 33 14
3 97 11
42 25 4
61 38 19
80 51 7
19 41 19
79 92 11
82 97 9
54 35 16
12 38 3
31 51 6
33 97 18
46 36 11
49 41 12
26 57 16
58 46 14
42 38 9
19 54 5
60 55 6
93 3 13
63 97 13
51 6 18
95 49 9
72 65 13
14 60 13
88 46 8
46 49 17
90 55 20
7 57 14
81 6 11
26 70 1
44 60 3
35 11 6
2 63 9
34 52 5
37 57 20
56 70 17
97 71 5
27 12 9
71 55 10
30 17 3
90 68 9
29 58 10
62 6 1
20 9 12
39 22 16
4 1 14
25 60 5
44 73 2
57 12 8
76 25 4
8 12 7
27 25 20
71 68 4
29 71 7
48 84 4
87 12 20
6 87 4
64 28 10
66 74 13
85 87 4
38 12 18
57 25 20
98 26 5
59 71 5
36 87 19
77 88 20
75 15 1
10 34 9
54 77 4
87 25 16
73 90 14
45 28 12
64 41 9
79 26 9
24 90 3
82 31 20
17 87 12
61 93 7
93 45 9
54 90 7
12 93 15
70 34 17
89 47 12
47 50 10
46 91 17
82 44 4
40 47 13
0 96 6
33 44 10
32 48 19
35 53 17
26 4 19
67 42 20
89 60 14
28 50 12
39 64 18
97 5 5
32 61 18
90 2 10
92 48 18
6 8 2
9 50 3
28 63 18
69 64 3
41 2 9
27 67 3
60 15 3
44 7 19
2 10 12
81 74 19
20 64 7
39 77 1
4 56 4
97 18 7
36 8 7
55 21 13
71 2 9
48 18 6
92 61 16
6 21 2
50 64 4
8 67 20
25 7 20
66 8 20
85 21 13
30 85 8
2 23 9
43 24 8
84 62 3
1 27 17
20 77 4
4 69 19
78 18 14
23 82 6
64 83 19
17 8 13
55 34 4
96 72 6
38 67 8
29 18 15
15 83 20
18 88 8
94 83 12
52 86 20
43 37 19
84 75 7
87 80 12
1 40 8
59 18 9
64 96 19
58 22 12
3 86 11
61 27 7
79 81 8
15 96 8
54 24 4
12 27 5
31 40 1
24 37 14
58 35 6
3 99 5
19 43 11
82 99 19
95 38 18
12 40 19
72 54 8
46 38 18
68 56 18
7 46 11
26 59 8
67 97 2
19 56 12
60 57 20
63 99 12
51 8 14
95 51 8
34 41 6
72 67 9
37 46 14
56 59 13
49 56 10
81 8 8
48 60 12
39 11 10
23 3 9
16 0 8
2 65 20
76 14 19
35 13 5
34 54 20
37 59 16
97 73 4
14 75 3
8 1 14
27 14 20
20 11 14
4 3 20
23 16 17
64 17 6
96 6 1
41 70 8
44 75 8
85 76 2
2 78 7
59 60 13
91 12 4
36 76 18
55 89 18
8 14 9
30 32 3
84 9 17
29 73 12
45 17 2
3 20 2
66 76 7
85 89 11
38 14 17
24 79 18
57 27 4
43 92 8
98 28 5
15 30 12
59 73 15
18 35 18
33 20 20
52 33 5
73 92 3
45 30 9
3 33 3
89 36 15
22 46 8
24 92 10
98 41 16
63 20 13
82 33 14
40 36 10
42 82 19
75 30 4
52 46 12
54 92 20
67 31 4
86 44 10
70 36 12
47 52 3
46 93 13
49 98 9
82 46 8
40 49 11
81 50 9
35 55 17
67 44 12
70 49 3
9 39 5
28 52 5
21 49 5
20 53 20
39 66 15
23 58 16
14 9 5
55 10 13
74 60 20
13 50 17
16 55 13
35 68 5
6 10 11
9 52 20
83 1 8
50 53 17
69 66 8
27 69 9
44 9 14
85 10 19
30 74 14
2 12 17
62 63 9
39 79 4
4 58 1
78 7 3
23 71 3
97 20 8
96 61 16
13 63 16
99 66 4
71 4 5
29 7 14
15 72 4
48 20 15
8 69 11
66 10 4
85 23 10
24 13 18
43 26 3
84 64 15
1 29 16
59 7 8
4 71 11
78 20 12
45 72 18
17 10 14
77 24 16
22 88 13
99 79 7
98 83 10
73 26 13
18 90 17
31 29 20
91 80 5
75 72 7
8 82 9
66 23 14
11 87 3
52 88 1
84 77 13
87 82 18
45 85 14
17 23 17
3 88 17
77 37 15
61 29 5
19 32 15
79 83 18
82 88 16
40 91 6
31 42 2
88 24 7
33 88 11
49 32 3
68 45 7
26 48 16
58 37 10
42 29 12
61 42 20
95 40 1
53 43 3
72 56 6
88 37 19
46 40 8
65 53 15
68 58 3
7 48 17
0 45 12
60 59 1
95 53 13
34 43 11
37 48 5
97 62 6
30 8 7
7 61 2
81 10 20
39 13 17
83 56 6
99 0 9
57 3 16
2 67 14
76 16 13
34 56 14
37 61 11
97 75 2
50 0 20
14 77 17
55 78 17
8 3 7
71 59 10
48 75 10
87 3 1
4 5 20
23 18 7
96 8 7
25 64 13
85 78 2
38 3 5
57 16 2
2 80 14
43 81 2
76 29 4
15 19 7
18 24 20
78 75 19
91 14 4
36 78 7
11 21 4
84 11 18
87 16 19
73 81 5
6 91 10
64 32 9
3 22 17
66 78 17
85 91 19
38 16 9
79 17 18
24 81 1
98 30 1
43 94 6
15 32 16
1 97 13
18 37 4
59 75 11
75 19 4
33 22 4
52 35 4
10 38 11
45 32 11
3 35 13
89 38 17
47 41 4
79 30 14
24 94 4
65 95 16
98 43 12
63 22 19
82 35 14
21 25 17
40 38 13
58 92 7
42 84 7
75 32 14
61 97 6
33 35 19
74 36 2
93 49 14
54 94 13
67 33 2
12 97 19
89 51 3
28 41 6
5 57 6
63 35 13
39 55 14
42 97 15
74 49 16
93 62 8
32 52 4
16 44 20
70 51 5
28 54 14
5 70 13
62 52 10
23 60 19
97 9 11
14 11 12
96 50 19
13 52 12
32 65 2
16 57 2
35 70 3
48 9 18
92 52 2
50 55 6
8 58 7
41 6 8
27 71 18
44 11 7
85 12 12
2 14 7
43 15 14
62 65 3
97 22 1
64 74 8
36 12 11
55 25 16
29 9 5
6 25 10
92 65 16
50 68 9
91 69 20
11 76 16
85 25 17
84 66 17
45 74 11
64 87 9
22 90 16
80 31 8
38 71 7
98 85 11
66 25 17
24 28 10
65 29 4
84 79 5
87 84 6
1 44 18
45 87 15
3 90 14
77 39 8
42 18 2
61 31 18
79 85 14
63 77 3
82 90 6
54 28 3
40 93 3
12 31 10
72 45 8
33 90 8
65 42 11
49 34 12
26 50 6
58 39 6
42 31 10
28 96 1
0 34 15
21 93 7
95 42 2
34 32 5
88 39 3
46 42 14
7 50 8
0 47 11
41 48 17
44 53 15
56 63 8
71 48 16
30 10 17
90 61 18
48 64 3
23 7 2
41 61 9
57 5 16
2 69 3
15 8 19
78 64 1
97 77 1
36 67 10
55 80 15
8 5 19
27 18 15
30 23 2
71 61 4
84 0 7
29 64 20
48 77 14
25 66 9
66 67 17
38 5 6
2 82 10
43 83 5
15 21 10
1 86 15
59 64 14
18 26 9
75 8 18
8 18 14
11 23 14
52 24 20
84 13 5
64 34 7
66 80 18
38 18 13
24 83 13
82 24 11
1 99 7
40 27 6
17 80 15
58 81 9
94 34 2
80 99 18
52 37 18
67 22 6
86 35 13
70 27 6
3 37 19
89 40 14
88 81 8
5 46 15
79 32 9
65 97 11
82 37 15
21 27 16
61 99 17
0 89 16
74 38 19
93 51 1
35 46 19
86 48 14
70 40 5
9 30 6
46 97 5
5 59 15
62 41 2
81 54 10
13 41 18
32 54 17
51 67 8
35 59 2
28 56 16
60 8 7
27 60 4
2 3 18
62 54 6
81 67 9
23 62 8
36 1 17
55 14 10
90 8 12
50 57 16
85 14 5
30 78 20
4 62 11
23 75 13
17 1 18
55 27 7
96 65 17
99 70 20
38 60 17
57 73 19
29 11 6
73 17 13
18 81 20
66 14 19
11 78 9
52 79 17
85 27 20
43 30 5
59 11 2
58 15 20
3 79 8
38 73 10
79 74 17
15 89 20
54 17 13
18 94 1
91 84 19
75 76 6
33 79 16
52 92 6
24 30 6
65 31 15
1 46 5
86 90 9
58 28 8
89 95 19
42 20 5
47 98 17
21 82 20
95 31 17
54 30 20
40 95 18
12 33 11
72 47 6
33 92 20
74 93 11
46 31 5
49 36 5
67 90 8
26 52 18
83 34 2
28 98 18
0 36 7
60 50 13
63 92 8
51 1 5
95 44 8
53 47 16
72 60 20
56 52 10
46 44 3
26 65 14
39 4 11
9 98 10
60 63 7
35 6 16
34 47 14
97 66 3
14 68 7
27 7 17
30 12 2
20 4 14
6 69 3
23 9 18
99 4 3
44 68 5
85 69 3
15 10 9
92 1 15
78 66 9
50 4 8
55 82 20
30 25 9
71 63 11
84 2 1
29 66 18
64 23 3
22 26 8
85 82 2
38 7 16
43 85 11
1 88 8
18 28 17
59 66 8
17 69 17
91 18 4
36 82 7
77 83 1
75 10 7
80 88 7
33 13 1
10 29 12
45 23 20
86 24 4
31 88 13
22 39 20
98 34 18
63 13 5
82 26 4
40 29 3
17 82 4
58 83 2
77 96 9
52 39 1
93 40 16
51 43 10
73 98 3
67 24 14
12 88 12
70 29 17
89 42 12
28 32 17
46 86 14
65 99 18
63 26 14
82 39 3
58 96 4
42 88 20
0 91 14
93 53 17
51 56 13
95 99 4
67 37 1
9 32 1
28 45 18
46 99 16
62 43 17
20 46 5
23 51 16
14 2 13
13 43 13
76 62 18
48 0 13
9 45 6
44 2 1
30 67 7
62 56 19
20 59 20
36 3 18
13 56 15
29 0 19
15 65 5
92 56 15
6 16 5
8 62 3
27 75 11
25 2 19
66 3 4
30 80 13
2 18 7
84 57 3
43 19 16
87 62 2
1 22 2
59 0 3
45 65 7
22 81 1
98 76 13
75 65 16
94 78 13
66 16 19
24 19 8
1 35 12
45 78 18
64 91 12
58 17 19
77 30 1
22 94 15
80 35 10
54 19 6
40 84 6
31 35 11
91 86 11
33 81 12
52 94 4
65 33 18
26 41 13
86 92 18
58 30 7
3 94 11
89 97 3
42 22 11
61 35 15
19 38 8
79 89 1
63 81 12
21 84 12
95 33 16
40 97 3
12 35 8
72 49 14
88 30 2
33 94 13
49 38 17
7 41 16
26 54 11
0 38 4
19 51 11
63 94 5
53 49 14
37 41 12
56 54 18
13 98 8
30 1 20
90 52 14
48 55 20
41 52 5
60 65 2
2 60 15
34 49 10
69 6 1
14 70 9
55 71 20
11 1 16
71 52 19
30 14 16
6 71 11
23 11 19
22 15 1
96 1 17
99 6 2
44 70 8
43 74 5
76 22 9
18 17 1
78 68 6
50 6 9
17 58 3
55 84 6
94 12 8
11 14 3
29 68 1
87 9 13
6 84 8
45 12 12
64 25 11
22 28 11
79 10 17
82 15 2
15 25 18
17 71 13
75 12 20
80 90 15
52 28 17
10 31 2
54 74 11
86 26 16
3 28 16
47 34 14
79 23 18
98 36 12
68 93 13
21 18 2
77 98 9
74 29 1
93 42 7
54 87 19
70 31 6
28 34 15
46 88 8
49 93 5
21 31 20
7 96 11
40 44 1
81 45 19
39 48 4
42 90 18
0 93 9
13 32 16
51 58 3
16 37 6
35 50 9
34 91 14
70 44 6
9 34 12
88 98 14
81 58 5
23 53 20
14 4 16
96 43 3
55 5 18
13 45 13
32 58 10
16 50 17
35 63 5
9 47 12
85 5 15
62 58 19
4 53 7
97 15 13
36 5 9
99 61 5
76 77 3
15 67 4
92 58 8
8 64 1
27 77 15
66 5 14
11 69 17
24 8 19
87 64 15
1 24 12
64 80 3
17 5 6
3 70 9
77 19 10
15 80 15
31 24 11
91 75 2
52 83 5
24 21 18
10 86 3
43 34 3
1 37 4
86 81 17
58 19 13
3 83 8
77 32 10
22 96 20
61 24 3
80 37 14
79 78 14
63 70 18
40 86 15
12 24 12
31 37 2
72 38 7
33 83 10
52 96 15
46 22 19
10 99 2
86 94 6
70 86 12
58 32 13
89 99 17
42 24 11
0 27 10
19 40 20
21 86 17
95 35 19
88 32 15
14 46 2
65 48 16
49 40 12
68 53 10
9 89 17
83 38 15
60 54 8
44 46 12
21 99 20
34 38 13
53 51 6
7 56 2
39 8 1
83 51 19
25 46 20
76 11 16
15 1 1
18 6 2
78 57 19
97 70 6
69 8 2
36 60 4
55 73 18
27 11 15
11 3 1
71 54 11
30 16 1
4 0 15
57 11 13
43 76 5
15 14 14
78 70 17
91 9 1
36 73 6
75 1 5
8 11 20
11 16 8
52 17 10
29 70 11
87 11 17
73 76 13
64 27 1
3 17 20
22 30 6
66 73 7
38 11 11
79 12 7
24 76 17
98 25 3
43 89 10
82 17 8
40 20 18
58 74 7
77 87 9
75 14 2
61 79 1
94 27 2
80 92 13
93 31 20
10 33 8
67 15 1
86 28 4
31 92 19
3 30 13
89 33 2
88 74 8
47 36 6
79 25 19
24 89 18
65 90 8
68 95 5
21 20 18
26 98 4
33 30 20
0 82 9
54 89 1
70 33 10
56 98 15
28 36 7
5 52 12
49 95 1
21 33 5
81 47 11
0 95 2
32 47 17
51 60 20
16 39 6
34 93 16
9 36 11
28 49 3
60 1 4
81 60 8
20 50 8
23 55 12
97 4 13
55 7 14
96 45 7
13 47 6
99 50 17
57 53 12
90 1 4
48 4 19
92 47 20
6 7 12
69 63 20
8 53 5
11 58 9
85 7 20
2 9 6
43 10 8
84 48 7
87 53 6
20 63 12
4 55 11
78 4 18
23 68 8
97 17 6
64 69 14
57 66 2
29 4 11
15 69 2
18 74 11
50 63 12
91 64 9
8 66 1
94 69 2
11 71 17
85 20 9
43 23 13
84 61 6
87 66 14
59 4 9
45 69 15
64 82 19
3 72 14
80 26 19
38 66 5
98 80 19
82 72 2
54 10 11
91 77 20
75 69 16
94 82 15
24 23 8
3 85 16
89 88 9
22 98 5
42 13 18
98 93 5
63 72 13
82 85 5
54 23 9
95 24 16
31 39 19
72 40 5
75 82 19
88 21 1
33 85 10
68 42 17
70 88 6
58 34 5
42 26 2
61 39 3
0 29 13
60 43 4
95 37 16
53 40 10
37 32 4
56 45 14
49 42 13
7 45 9
9 91 3
83 40 5
0 42 10
41 43 18
60 56 12
14 61 4
30 5 3
29 46 1
6 62 1
85 62 10
2 64 16
76 13 18
15 3 18
59 46 20
78 59 15
97 72 9
8 0 6
94 3 5
27 13 3
11 5 13
71 56 15
29 59 11
6 75 19
45 3 6
22 19 1
25 61 19
66 62 16
38 0 16
57 13 6
98 14 12
1 81 5
91 11 13
94 16 8
80 81 1
33 6 5
10 22 15
87 13 16
73 78 3
45 16 4
31 81 12
89 22 3
79 14 7
24 78 3
63 6 1
82 19 9
1 94 5
58 76 10
75 16 10
61 81 17
80 94 17
33 19 8
19 84 15
93 33 5
10 35 5
12 81 7
89 35 3
28 25 19
46 79 4
65 92 2
63 19 9
49 84 4
81 36 18
58 89 11
61 94 7
74 33 7
19 97 17
93 46 17
51 49 18
35 41 12
67 30 16
53 95 16
70 35 10
9 25 6
5 54 12
49 97 1
21 35 16
20 39 17
39 52 16
83 95 6
41 98 4
32 49 2
16 41 11
34 95 19
92 36 15
50 39 18
69 52 7
60 3 18
39 65 7
97 6 10
96 47 20
99 52 10
6 9 16
50 52 18
27 68 13
11 60 9
30 73 6
84 50 12
1 15 8
4 57 1
78 6 17
36 9 3
22 74 19
99 65 18
98 69 11
29 6 5
73 12 10
18 76 12
91 66 6
8 68 7
11 73 9
52 74 7
85 22 17
24 12 10
84 63 9
87 68 5
64 84 17
77 23 5
22 87 13
61 15 15
98 82 3
82 74 8
18 89 12
91 79 8
94 84 6
88 10 4
33 74 6
52 87 11
26 34 20
86 85 7
58 23 20
3 87 5
77 36 15
89 90 9
47 93 12
0 18 1
19 31 19
63 74 7
40 90 2
12 28 19
56 34 15
33 87 5
74 88 3
46 26 19
26 47 18
86 98 5
70 90 1
42 28 15
83 29 15
28 93 19
0 31 8
63 87 12
34 29 16
16 96 9
90 45 4
7 47 4
9 93 8
83 42 17
60 58 18
25 37 4
34 42 5
37 47 16
55 64 1
27 2 10
71 45 16
30 7 11
90 58 15
6 64 13
23 4 20
57 2 8
2 66 4
76 15 4
15 5 8
78 61 19
8 2 10
11 7 2
52 8 16
71 58 11
73 67 17
6 77 18
45 5 3
85 77 9
79 3 6
24 67 12
98 16 15
18 23 18
17 64 16
75 5 14
12 70 11
86 19 15
31 83 16
3 21 12
66 77 9
24 80 20
98 29 11
68 86 16
1 96 11
40 24 5
58 78 7
75 18 8
80 96 16
74 22 14
93 35 19
54 80 16
67 19 11
12 83 16
31 96 15
70 24 5
89 37 15
88 78 6
5 43 4
49 86 14
7 89 20
81 38 17
58 91 2
42 83 10
61 96 17
0 86 10
74 35 4
19 99 14
93 48 12
67 32 18
53 97 10
9 27 14
28 40 8
88 91 1
46 94 18
62 38 17
81 51 9
39 54 7
83 97 10
0 99 17
96 36 13
13 38 15
99 41 19
32 51 11
92 38 19
9 40 14
50 41 12
27 57 12
2 0 12
62 51 1
39 67 13
4 46 16
55 11 5
96 49 12
76 70 11
48 8 12
18 65 20
50 54 20
8 57 20
27 70 7
85 11 7
84 52 11
43 14 1
87 57 14
4 59 12
45 60 4
78 8 13
64 73 19
77 12 17
80 17 15
38 57 9
57 70 1
98 71 10
15 73 20
73 14 7
31 17 12
91 68 7
94 73 9
11 75 2
24 14 20
10 79 7
43 27 11
87 70 12
1 30 3
3 76 9
22 89 11
80 30 13
19 20 14
79 71 5
98 84 11
82 76 3
72 31 17
88 12 8
65 28 17
10 92 15
49 20 16
68 33 7
67 74 7
58 25 13
70 79 3
42 17 20
47 95 4
0 20 12
5 98 17
79 84 3
63 76 9
82 89 20
95 28 17
53 31 3
56 36 3
65 41 1
35 98 11
26 49 17
70 92 14
83 31 4
0 33 12
44 39 6
21 92 9
34 31 2
56 49 11
13 93 20
16 98 10
90 47 11
7 49 16
39 1 13
92 93 17
6 53 5
9 95 5
83 44 8
25 39 3
76 4 1
34 44 12
78 50 8
36 53 12
71 47 8
30 9 8
48 63 6
6 66 19
64 7 18
99 1 12
57 4 8
2 68 7
59 50 14
78 63 4
55 79 14
52 10 6
29 63 12
73 69 10
45 7 7
64 20 9
22 23 3
85 79 11
79 5 3
24 69 15
43 82 15
1 85 7
59 63 14
17 66 14
77 80 3
52 23 2
73 82 6
31 85 19
79 18 17
24 82 20
82 23 5
58 80 17
77 93 17
42 72 11
61 85 13
80 98 9
33 23 14
74 24 2
93 37 15
51 40 7
54 82 20
95 83 17
56 91 10
89 39 3
47 42 15
88 80 9
62 27 11
0 88 1
13 27 16
32 40 17
34 86 14
92 27 4
37 91 5
9 29 15
5 58 10
62 40 13
39 56 14
83 99 20
55 0 1
16 45 16
34 99 4
27 59 14
30 64 19
20 56 1
4 48 17
96 51 4
99 56 9
38 46 16
57 59 9
76 72 2
73 3 12
6 13 6
18 67 9
91 57 4
8 59 11
94 62 14
27 72 16
66 0 15
11 64 3
85 13 9
1 19 15
4 61 9
45 62 4
64 75 9
36 13 19
77 14 19
22 78 10
3 65 1
38 59 20
54 3 4
18 80 14
12 6 19
31 19 10
75 62 9
24 16 10
65 17 8
3 78 9
89 81 1
22 91 6
42 6 12
19 22 7
79 73 19
98 86 8
63 65 10
95 17 3
40 81 10
12 19 8
31 32 1
72 33 18
33 78 9
52 91 14
93 92 7
46 17 16
65 30 11
10 94 3
68 35 19
26 38 11
86 89 6
58 27 14
89 94 9
61 32 20
47 97 18
0 22 1
63 78 6
95 30 9
34 20 1
53 33 5
72 46 17
37 25 13
74 92 16
49 35 2
90 36 2
7 38 9
26 51 17
70 94 6
28 97 5
0 35 18
41 36 11
21 94 7
62 95 17
14 54 5
13 95 7
71 36 20
90 49 12
29 39 19
25 41 1
44 54 17
85 55 5
59 39 10
71 49 13
48 65 10
6 68 8
22 12 10
25 54 11
66 55 4
57 6 4
24 58 16
43 71 15
1 74 1
59 52 12
18 14 14
17 55 9
52 12 13
10 15 11
87 6 12
86 10 9
31 74 10
22 25 16
66 68 7
79 7 17
24 71 6
82 12 11
1 87 14
40 15 6
58 69 15
80 87 13
19 77 7
10 28 10
73 84 14
67 10 19
86 23 12
31 87 1
72 88 6
70 15 18
3 25 6
47 31 4
5 34 12
79 20 19
46 72 11
63 12 15
82 25 18
68 90 19
21 15 5
61 87 9
0 77 14
19 90 4
32 29 2
67 23 13
12 87 11
70 28 18
9 18 18
47 44 14
88 82 14
5 47 5
65 98 16
49 90 8
62 29 12
42 87 9
13 29 17
16 34 5
35 47 16
95 98 14
34 88 4
9 31 6
28 44 5
69 45 4
27 48 10
30 53 2
71 91 9
62 42 16
4 37 9
96 40 12
13 42 18
99 45 15
16 47 13
92 42 1
6 2 10
8 48 9
27 61 1
11 53 18
2 4 9
43 5 3
87 48 1
20 58 15
96 53 14
76 74 7
15 64 11
73 5 1
18 69 1
31 8 18
8 61 1
94 64 8
66 2 2
11 66 15
52 67 7
24 5 12
84 56 5
87 61 18
45 64 6
64 77 14
17 2 12
58 3 16
3 67 19
77 16 4
22 80 2
61 8 16
80 21 15
79 62 9
15 77 3
54 5 9
73 18 15
12 8 16
31 21 13
91 72 7
94 77 5
24 18 5
65 19 2
10 83 4
45 77 10
86 78 7
3 80 13
0 11 10
19 24 1
98 88 15
63 67 8
54 18 9
21 70 6
95 19 7
72 35 14
56 27 18
88 16 8
33 80 17
46 19 20
51 97 9
26 40 17
89 96 3
42 21 4
60 38 12
63 80 1
21 83 20
95 32 12
81 97 13
72 48 2
56 40 15
74 94 3
46 32 14
13 84 18
32 97 2
16 89 19
90 38 4
67 91 8
28 99 19
41 38 6
60 51 7
25 30 3
44 43 20
62 97 3
55 57 17
71 38 7
90 51 17
48 54 17
92 97 8
6 57 10
25 43 20
44 56 6
76 8 18
78 54 14
97 67 13
17 44 7
55 70 3
11 0 2
30 13 20
73 60 5
6 70 20
3 1 10
24 60 5
98 9 11
43 73 18
1 76 3
59 54 7
18 16 2
91 6 9
36 70 5
77 71 20
94 11 13
80 76 20
10 17 11
54 60 11
12 63 10
45 11 12
86 12 6
3 14 16
89 17 16
22 27 4
66 70 4
24 73 6
65 74 6
63 1 15
40 17 20
77 84 10
75 11 17
80 89 13
19 79 20
93 28 13
67 12 12
86 25 17
31 89 8
88 71 5
5 36 3
65 87 13
63 14 7
68 92 8
21 17 13
26 95 16
0 79 8
19 92 2
32 31 8
35 36 12
34 77 10
70 30 14
56 95 10
28 33 6
47 46 11
14 98 3
5 49 18
46 87 12
62 31 1
7 95 2
81 44 9
20 34 19
39 47 4
23 39 4
83 90 6
41 93 17
34 90 2
37 95 20
62 44 10
55 4 14
25 98 16
13 44 16
16 49 9
76 63 7
15 53 8
48 1 10
6 4 17
92 44 10
69 60 14
11 55 17
85 4 6
84 45 4
4 52 7
77 5 3
57 63 10
98 64 15
18 71 18
31 10 8
75 53 8
8 63 8
66 4 20
52 69 19
24 7 7
10 72 18
1 23 14
45 66 19
17 4 8
3 69 11
22 82 17
80 23 17
19 13 11
79 64 7
82 69 20
54 7 18
40 72 7
73 20 19
31 23 9
72 24 1
91 74 8
88 5 13
33 69 20
52 82 15
93 83 9
46 8 17
10 85 1
68 26 5
26 29 12
3 82 13
42 10 17
61 23 9
47 88 12
95 21 2
40 85 20
53 24 14
72 37 1
33 82 8
93 96 9
46 21 16
65 34 19
49 26 15
68 39 3
86 93 17
70 85 11
89 98 20
9 75 2
0 26 3
41 27 5
44 32 1
63 82 13
21 85 19
95 34 8
81 99 3
53 37 5
37 29 6
97 43 9
14 45 6
74 96 12
32 99 14
71 27 9
7 42 6
48 43 4
92 86 2
9 88 12
83 37 8
41 40 16
25 32 6
2 48 18
37 42 1
4 94 1
30 2 5
71 40 18
6 59 18
64 0 2
66 46 3
2 61 1
18 5 8
17 46 20
94 0 9
29 56 2
73 62 2
22 16 7
66 59 10
85 72 12
43 75 10
15 13 15
1 78 10
59 56 8
91 8 20
75 0 4
52 16 15
54 62 13
73 75 20
45 13 14
86 14 7
12 65 6
3 16 16
89 19 15
88 60 10
24 75 15
65 76 5
82 16 12
68 81 3
1 91 3
40 19 16
77 86 9
42 65 7
80 91 15
33 16 6
74 17 17
19 81 3
51 33 18
86 27 7
89 32 12
28 22 1
88 73 16
47 35 19
46 76 5
68 94 2
21 19 17
26 97 8
74 30 17
19 94 17
60 95 9
13 20 19
32 33 18
95 89 4
53 92 11
37 84 2
70 32 14
28 35 16
46 89 19
49 94 5
90 95 12
62 33 18
7 97 20
20 36 2
23 41 15
96 31 13
99 36 2
32 46 10
16 38 11
35 51 2
9 35 20
71 95 20
30 57 20
62 46 3
20 49 16
4 41 9
23 54 4
64 55 1
97 3 9
55 6 18
76 65 14
15 55 15
59 98 18
94 55 2
11 57 4
43 9 13
1 12 17
87 52 10
4 54 13
45 55 18
36 6 20
77 7 10
22 71 13
80 12 7
38 52 8
57 65 7
98 66 7
15 68 3
73 9 7
18 73 1
31 12 3
75 55 14
33 58 7
1 25 10
45 68 20
86 69 13
3 71 5
77 20 15
61 12 14
19 15 18
98 79 15
54 9 4
72 26 1
75 68 3
65 23 3
51 88 12
68 28 20
86 82 5
70 74 6
58 20 20
28 77 5
19 28 11
5 93 12
82 84 10
40 87 19
53 26 19
72 39 12
37 18 8
88 20 18
14 34 11
49 28 15
7 31 13
67 82 19
41 29 6
62 88 9
34 26 11
53 39 9
56 44 2
74 98 16
