100 9900 1
13 88 13
71 29 8
16 93 3
90 42 18
29 32 18
48 45 6
92 88 8
6 48 11
9 90 11
83 39 8
50 91 9
41 42 15
25 34 15
44 47 7
85 48 3
2 50 3
59 32 17
4 96 20
78 45 18
97 58 6
36 48 6
55 61 4
96 99 6
71 42 5
30 4 17
29 45 20
48 58 20
6 61 17
64 2 13
22 5 5
25 47 1
66 48 1
85 61 2
98 0 20
43 64 6
15 2 6
1 67 7
59 45 19
18 7 17
78 58 12
17 48 14
36 61 20
94 2 18
11 4 4
52 5 17
10 8 4
54 51 14
73 64 6
45 2 6
31 67 5
64 15 5
3 5 19
22 18 13
66 61 17
79 0 17
24 64 1
98 13 15
43 77 2
82 5 17
1 80 19
40 8 12
17 61 1
58 62 10
77 75 7
75 2 11
61 67 14
94 15 3
33 5 8
52 18 13
93 19 20
10 21 9
54 64 16
73 77 19
67 3 10
12 67 10
86 16 13
31 80 18
70 8 5
3 18 5
89 21 9
47 24 2
88 62 19
79 13 1
5 27 9
65 78 13
63 5 1
82 18 7
68 83 1
21 8 14
40 21 7
26 86 16
58 75 6
42 67 1
61 80 1
80 93 20
0 70 8
74 19 13
33 18 9
19 83 10
93 32 18
32 22 14
51 35 10
35 27 11
95 78 17
67 16 5
12 80 16
53 81 18
86 29 9
72 94 18
70 21 8
89 34 18
56 86 17
9 11 4
28 24 6
47 37 14
88 75 16
5 40 1
46 78 11
65 91 17
63 18 6
49 83 19
68 96 6
62 22 13
7 86 13
81 35 12
26 99 13
39 38 17
42 80 16
83 81 5
0 83 5
74 32 4
19 96 8
60 97 2
13 22 8
32 35 12
51 48 10
16 27 2
35 40 17
95 91 19
34 81 13
53 94 16
92 22 5
37 86 15
56 99 1
9 24 3
28 37 5
69 38 6
27 41 15
30 46 10
90 97 3
62 35 14
7 99 13
81 48 15
20 38 17
39 51 9
4 30 17
23 43 1
83 94 8
96 33 4
41 97 1
13 35 12
99 38 18
25 89 12
16 40 13
57 41 12
76 54 19
34 94 19
92 35 7
37 99 5
50 38 16
69 51 6
8 41 6
27 54 13
11 46 19
71 97 13
30 59 1
84 36 4
87 41 6
20 51 16
4 43 7
23 56 4
64 57 12
96 46 7
55 8 3
22 60 11
99 51 18
38 41 5
57 54 6
76 67 3
15 57 1
18 62 2
31 1 11
50 51 11
91 52 5
8 54 15
94 57 13
11 59 1
85 8 1
52 60 4
43 11 3
84 49 11
87 54 3
1 14 19
45 57 20
64 70 5
3 60 12
77 9 13
22 73 10
61 1 6
80 14 6
38 54 9
79 55 6
98 68 9
82 60 20
15 70 18
73 11 8
18 75 14
12 1 20
31 14 3
91 65 13
75 57 20
94 70 14
33 60 4
52 73 11
24 11 9
65 12 4
10 76 8
68 17 17
45 70 16
86 71 17
58 9 18
3 73 20
89 76 20
77 22 12
42 1 15
61 14 8
47 79 14
80 27 15
0 4 17
19 17 4
79 68 11
98 81 5
63 60 4
82 73 11
21 63 15
95 12 3
54 11 16
40 76 18
12 14 4
53 15 8
72 28 14
75 70 16
88 9 14
33 73 3
93 87 1
46 12 14
65 25 19
10 89 3
51 90 4
49 17 8
68 30 4
7 20 13
67 71 3
26 33 20
86 84 7
70 76 19
42 14 17
83 15 9
28 79 11
47 92 5
0 17 4
19 30 7
60 31 14
5 95 12
63 73 8
21 76 1
95 25 1
40 89 7
81 90 12
34 15 19
53 28 10
72 41 2
39 93 10
37 20 6
56 33 13
14 36 1
74 87 17
13 77 5
46 25 3
32 90 1
16 82 5
49 30 4
35 95 18
90 31 9
7 33 7
26 46 12
67 84 11
70 89 20
9 79 11
83 28 16
28 92 5
69 93 12
41 31 4
60 44 8
25 23 11
44 36 11
2 39 3
62 90 2
34 28 8
20 93 16
37 33 9
78 34 2
23 98 17
97 47 17
14 49 12
55 50 3
96 88 3
13 90 1
99 93 18
71 31 1
16 95 10
90 44 12
29 34 2
48 47 20
6 50 19
92 90 12
9 92 2
50 93 20
41 44 19
8 96 15
25 36 1
44 49 11
85 50 10
2 52 3
76 1 18
59 34 8
4 98 15
78 47 4
97 60 18
36 50 3
55 63 12
27 1 19
71 44 9
30 6 13
38 96 12
29 47 4
6 63 7
64 4 20
22 7 12
66 50 14
85 63 19
57 1 19
24 53 17
98 2 18
43 66 15
15 4 13
1 69 5
59 47 3
18 9 20
17 50 13
36 63 10
77 64 5
94 4 12
80 69 20
52 7 20
54 53 6
87 1 3
73 66 2
45 4 5
86 5 19
31 69 14
3 7 17
89 10 7
22 20 9
66 63 14
79 2 12
24 66 19
98 15 7
43 79 6
82 7 4
1 82 15
40 10 11
58 64 18
75 4 11
61 69 15
80 82 17
33 7 6
52 20 4
93 21 5
19 72 6
10 23 14
51 24 20
54 66 6
67 5 16
12 69 2
86 18 7
31 82 18
72 83 8
70 10 13
89 23 19
28 13 6
88 64 12
47 26 18
46 67 2
79 15 11
65 80 14
5 29 18
63 7 6
82 20 20
49 72 2
68 85 11
21 10 19
40 23 3
81 24 4
26 88 2
58 77 9
42 69 11
61 82 2
0 72 14
74 21 4
19 85 14
93 34 17
32 24 15
51 37 5
35 29 5
95 80 9
67 18 7
12 82 3
53 83 12
72 96 11
70 23 17
56 88 13
9 13 9
28 26 2
47 39 18
14 91 9
88 77 17
46 80 10
5 42 4
65 93 16
49 85 17
68 98 3
21 23 12
62 24 19
7 88 15
81 37 18
20 27 4
39 40 6
23 32 19
0 85 16
74 34 7
41 86 10
60 99 13
13 24 18
44 91 3
32 37 19
16 29 3
35 42 15
76 43 8
34 83 11
53 96 14
92 24 12
37 88 6
9 26 5
50 27 20
69 40 10
27 43 15
71 86 7
30 48 6
90 99 1
62 37 8
20 40 3
39 53 18
4 32 20
23 45 3
83 96 11
96 35 11
41 99 3
25 91 9
99 40 2
13 37 1
16 42 15
57 43 6
76 56 19
15 46 1
34 96 9
18 51 2
92 37 1
50 40 14
69 53 20
8 43 13
27 56 2
11 48 3
71 99 7
30 61 14
43 0 3
84 38 10
1 3 16
87 43 20
4 45 14
45 46 11
64 59 1
96 48 15
22 62 18
99 53 1
38 43 1
57 56 17
98 57 1
15 59 7
73 0 16
18 64 7
31 3 19
91 54 16
75 46 3
8 56 3
94 59 14
11 61 8
52 62 12
24 0 9
10 65 7
43 13 15
84 51 6
1 16 7
87 56 16
45 59 6
64 72 6
3 62 15
77 11 12
22 75 3
61 3 11
80 16 15
38 56 1
79 57 10
98 70 19
82 62 20
54 0 15
40 65 14
73 13 20
12 3 8
31 16 5
91 67 4
75 59 7
94 72 19
33 62 1
52 75 15
93 76 7
46 1 12
65 14 18
10 78 7
49 6 14
68 19 6
67 60 7
26 22 1
86 73 13
58 11 14
70 65 2
89 78 20
3 75 1
42 3 10
61 16 11
47 81 4
0 6 14
79 70 18
63 62 10
82 75 13
21 65 15
95 14 16
40 78 15
12 16 8
53 17 13
72 30 6
56 22 9
88 11 11
33 75 5
74 76 4
93 89 3
46 14 14
65 27 11
32 79 14
51 92 7
49 19 12
35 84 14
68 32 6
7 22 7
67 73 20
26 35 12
70 78 14
89 91 7
9 68 2
83 17 7
28 81 20
42 16 13
47 94 10
0 19 14
60 33 13
5 97 19
63 75 10
21 78 12
62 79 13
95 27 8
81 92 11
34 17 18
53 30 8
39 95 7
37 22 2
56 35 10
14 38 5
74 89 3
13 79 19
32 92 17
71 20 10
16 84 14
90 33 12
35 97 18
7 35 16
48 36 11
92 79 11
9 81 12
83 30 2
28 94 3
69 95 16
41 33 6
60 46 19
44 38 13
2 41 3
62 92 16
34 30 3
20 95 16
4 87 20
78 36 6
37 35 5
97 49 6
14 51 15
55 52 18
96 90 20
13 92 8
99 95 13
71 33 8
16 97 13
57 98 10
90 46 10
29 36 19
48 49 14
6 52 2
50 95 8
8 98 20
25 38 20
44 51 20
85 52 19
2 54 16
43 55 18
76 3 15
84 93 6
87 98 10
59 36 13
78 49 12
17 39 1
36 52 12
55 65 17
38 98 16
29 49 3
73 55 13
6 65 5
64 6 18
22 9 11
66 52 8
85 65 16
24 55 7
98 4 13
43 68 10
15 6 19
1 71 18
59 49 8
18 11 3
17 52 4
91 1 11
36 65 20
77 66 1
94 6 18
80 71 1
52 9 9
10 12 15
54 55 12
73 68 8
12 58 7
86 7 2
31 71 4
45 6 20
3 9 12
89 12 6
47 15 17
79 4 5
24 68 12
65 69 19
98 17 4
82 9 2
68 74 19
1 84 10
40 12 12
58 66 4
77 79 4
75 6 19
42 58 17
61 71 9
80 84 15
33 9 20
74 10 15
19 74 2
93 23 16
10 25 11
51 26 9
54 68 10
95 69 8
67 7 18
12 71 16
86 20 1
31 84 1
72 85 15
70 12 7
89 25 1
28 15 3
88 66 1
47 28 8
5 31 2
46 69 20
65 82 6
63 9 17
49 74 6
68 87 16
21 12 16
7 77 1
81 26 7
26 90 13
40 25 14
39 29 18
58 79 4
42 71 18
61 84 14
0 74 9
74 23 9
19 87 10
60 88 7
93 36 3
32 26 13
51 39 2
16 18 7
35 31 8
95 82 13
67 20 19
34 72 17
53 85 14
72 98 12
37 77 4
70 25 11
56 90 4
9 15 17
69 29 15
14 93 3
46 82 14
5 44 18
49 87 2
90 88 7
62 26 3
7 90 5
81 39 5
20 29 16
39 42 2
23 34 11
83 85 1
0 87 7
41 88 8
96 24 11
13 26 16
99 29 7
32 39 4
44 93 5
16 31 9
2 96 11
76 45 14
35 44 1
34 85 17
53 98 3
92 26 8
37 90 3
9 28 3
50 29 3
69 42 8
8 32 5
27 45 20
11 37 20
71 88 11
30 50 16
62 39 9
29 91 5
20 42 18
4 34 5
23 47 10
64 48 15
83 98 11
96 37 10
25 93 19
99 42 11
38 32 17
57 45 13
76 58 6
15 48 4
59 91 18
18 53 2
92 39 10
50 42 6
91 43 11
8 45 18
94 48 20
27 58 12
11 50 9
30 63 8
43 2 8
84 40 9
1 5 14
87 45 18
4 47 11
45 48 12
64 61 12
3 51 7
77 0 3
22 64 13
80 5 1
38 45 11
57 58 1
98 59 19
15 61 2
73 2 13
18 66 7
31 5 13
91 56 14
75 48 8
94 61 8
33 51 18
52 64 2
24 2 13
84 53 15
10 67 11
1 18 1
87 58 18
45 61 16
86 62 8
58 0 13
3 64 12
89 67 15
22 77 8
77 13 10
61 5 4
80 18 6
19 8 4
79 59 14
98 72 13
63 51 8
82 64 12
54 2 16
95 3 6
40 67 11
12 5 17
31 18 9
72 19 12
75 61 8
88 0 8
33 64 18
52 77 5
93 78 8
46 3 11
65 16 11
10 80 18
49 8 12
68 21 6
26 24 2
67 62 4
86 75 12
70 67 6
58 13 8
89 80 6
42 5 7
28 70 8
61 18 16
47 83 15
0 8 2
19 21 1
79 72 6
5 86 11
63 64 9
82 77 5
21 67 11
95 16 20
40 80 12
53 19 19
72 32 16
56 24 10
88 13 20
14 27 11
74 78 10
93 91 12
46 16 3
32 81 3
51 94 6
49 21 18
35 86 16
68 34 2
7 24 4
67 75 7
26 37 14
70 80 14
9 70 10
83 19 1
28 83 15
47 96 2
0 21 7
41 22 1
60 35 16
5 99 19
44 27 5
21 80 4
62 81 11
81 94 2
34 19 1
53 32 14
20 84 20
39 97 6
37 24 6
56 37 16
97 38 2
14 40 8
74 91 19
13 81 1
32 94 9
71 22 16
16 86 18
90 35 5
35 99 16
7 37 12
48 38 10
92 81 8
6 41 18
9 83 17
50 84 15
83 32 13
69 97 14
41 35 6
60 48 7
25 27 14
44 40 7
2 43 11
62 94 1
20 97 9
4 89 20
78 38 9
97 51 16
36 41 2
96 92 11
55 54 18
13 94 7
99 97 15
71 35 12
16 99 16
29 38 8
48 51 3
6 54 20
92 94 15
50 97 3
25 40 17
66 41 19
85 54 16
2 56 12
43 57 20
84 95 18
1 60 20
18 0 10
59 38 1
78 51 18
17 41 17
36 54 2
55 67 3
10 1 1
29 51 6
73 57 14
64 8 7
31 60 2
22 11 12
66 54 12
85 67 15
24 57 2
98 6 4
43 70 18
1 73 14
40 1 11
17 54 2
91 3 5
58 55 8
77 68 11
94 8 20
61 60 8
80 73 16
52 11 5
93 12 4
10 14 14
54 57 16
73 70 4
12 60 9
86 9 11
31 73 17
70 1 12
3 11 2
89 14 1
88 55 4
47 17 12
5 20 12
79 6 13
65 71 18
24 70 10
82 11 17
68 76 5
21 1 19
40 14 20
26 79 10
58 68 3
77 81 3
42 60 15
61 73 20
80 86 20
0 63 12
74 12 11
33 11 16
93 25 20
19 76 19
32 15 2
51 28 10
35 20 9
54 70 8
95 71 5
67 9 13
12 73 2
86 22 4
53 74 19
72 87 17
70 14 15
56 79 6
89 27 14
9 4 15
28 17 8
47 30 4
88 68 9
46 71 2
5 33 20
65 84 15
63 11 11
49 76 7
68 89 8
21 14 1
62 15 16
7 79 3
81 28 15
26 92 9
39 31 5
42 73 3
83 74 9
0 76 14
74 25 13
19 89 6
60 90 9
13 15 6
32 28 7
51 41 3
16 20 10
35 33 9
95 84 8
34 74 5
53 87 7
92 15 10
37 79 10
56 92 7
9 17 12
28 30 14
69 31 10
14 95 2
27 34 11
46 84 6
30 39 15
49 89 16
62 28 8
7 92 8
48 93 6
81 41 12
20 31 4
39 44 2
4 23 19
23 36 7
83 87 2
96 26 16
41 90 3
13 28 11
99 31 1
44 95 20
25 82 6
16 33 10
57 34 1
2 98 3
76 47 2
34 87 17
92 28 20
37 92 8
78 93 10
50 31 16
69 44 6
8 34 8
27 47 10
11 39 8
30 52 3
71 90 20
84 29 9
29 93 4
87 34 12
20 44 7
4 36 1
23 49 2
64 50 17
55 1 12
96 39 3
25 95 18
99 44 4
38 34 7
57 47 13
76 60 19
15 50 1
59 93 2
6 1 14
18 55 11
50 44 12
91 45 7
17 96 19
8 47 12
94 50 9
11 52 2
85 1 14
52 53 16
43 4 1
84 42 12
87 47 14
1 7 15
45 50 1
64 63 13
3 53 8
77 2 7
22 66 6
80 7 5
38 47 6
79 48 7
98 61 11
82 53 15
15 63 13
73 4 19
18 68 11
31 7 17
91 58 15
75 50 6
94 63 16
33 53 19
52 66 16
24 4 7
65 5 2
10 69 19
68 10 2
1 20 5
45 63 7
86 64 1
58 2 6
3 66 6
89 69 12
77 15 8
61 7 5
80 20 5
19 10 2
79 61 20
98 74 7
63 53 12
82 66 3
54 4 7
95 5 16
21 56 12
40 69 11
12 7 7
31 20 5
72 21 4
75 63 16
88 2 19
33 66 4
74 67 16
93 80 17
46 5 20
65 18 5
10 82 7
51 83 13
49 10 20
68 23 16
7 13 10
67 64 10
86 77 10
70 69 20
89 82 2
42 7 6
28 72 6
47 85 1
0 10 14
19 23 10
60 24 16
5 88 17
63 66 4
21 69 2
95 18 9
40 82 8
81 83 1
34 8 11
53 21 1
72 34 1
37 13 1
56 26 18
14 29 18
74 80 4
13 70 3
46 18 16
32 83 15
51 96 11
49 23 14
90 24 18
35 88 8
7 26 13
26 39 3
67 77 11
70 82 8
9 72 20
83 21 10
28 85 8
0 23 3
41 24 12
60 37 13
44 29 11
2 32 12
62 83 11
81 96 3
34 21 12
53 34 3
20 86 4
39 99 17
37 26 5
56 39 5
97 40 18
23 91 19
14 42 8
55 43 6
96 81 13
13 83 17
99 86 19
32 96 2
71 24 4
16 88 16
90 37 6
29 27 1
48 40 5
6 43 10
92 83 8
9 85 15
50 86 13
69 99 15
41 37 11
25 29 6
44 42 6
85 43 14
2 45 3
62 96 18
20 99 5
59 27 17
4 91 16
78 40 20
97 53 11
36 43 6
55 56 4
96 94 1
38 89 16
71 37 17
29 40 19
48 53 12
92 96 20
6 56 7
50 99 2
22 0 5
25 42 14
66 43 4
85 56 14
24 46 11
84 97 12
43 59 6
1 62 12
59 40 13
18 2 16
78 53 2
17 43 5
36 56 3
77 57 2
80 62 8
52 0 4
10 3 6
54 46 16
73 59 8
31 62 10
3 0 1
89 3 20
22 13 7
66 56 10
24 59 9
98 8 5
43 72 3
82 0 4
1 75 16
40 3 15
17 56 3
58 57 5
77 70 8
61 62 20
80 75 14
33 0 9
19 65 3
52 13 2
93 14 17
10 16 9
51 17 8
54 59 10
73 72 18
12 62 5
86 11 17
31 75 2
72 76 15
70 3 12
89 16 3
28 6 15
47 19 3
88 57 9
46 60 1
5 22 20
65 73 9
79 8 9
63 0 19
49 65 14
82 13 15
68 78 8
21 3 3
40 16 17
81 17 1
26 81 5
58 70 3
42 62 6
61 75 8
0 65 7
74 14 17
19 78 15
93 27 6
32 17 16
51 30 19
35 22 10
95 73 2
67 11 19
12 75 9
53 76 11
72 89 10
70 16 10
56 81 5
9 6 10
28 19 17
88 70 5
47 32 17
14 84 17
46 73 14
5 35 3
65 86 9
49 78 13
68 91 7
21 16 16
62 17 8
7 81 19
81 30 3
26 94 3
39 33 11
23 25 18
42 75 19
83 76 4
0 78 3
74 27 11
41 79 19
60 92 10
13 17 8
32 30 14
44 84 6
16 22 5
76 36 5
95 86 20
34 76 18
53 89 1
92 17 19
37 81 19
56 94 12
97 95 9
9 19 2
50 20 3
69 33 8
14 97 11
27 36 3
71 79 15
30 41 15
90 92 4
62 30 4
7 94 20
48 95 6
20 33 13
6 98 19
39 46 19
4 25 8
23 38 14
83 89 6
96 28 7
41 92 18
13 30 13
99 33 18
44 97 18
25 84 5
16 35 8
57 36 18
76 49 14
34 89 2
92 30 3
37 94 11
78 95 15
50 33 10
69 46 15
36 98 15
8 36 4
27 49 9
11 41 10
30 54 9
71 92 18
84 31 4
29 95 16
87 36 11
4 38 4
45 39 17
64 52 17
22 55 6
96 41 1
55 3 11
25 97 16
66 98 17
99 46 3
38 36 10
57 49 12
98 50 11
15 52 9
18 57 8
59 95 17
17 98 1
91 47 13
75 39 3
8 49 8
94 52 10
11 54 3
52 55 7
84 44 16
43 6 8
1 9 3
87 49 3
45 52 15
64 65 9
3 55 4
77 4 4
22 68 1
80 9 8
38 49 11
79 50 5
98 63 20
82 55 13
73 6 12
31 9 1
91 60 20
75 52 10
94 65 3
33 55 11
52 68 14
24 6 7
65 7 3
10 71 5
68 12 19
67 53 10
26 15 9
86 66 9
70 58 17
58 4 5
89 71 12
3 68 3
77 17 9
61 9 20
47 74 6
80 22 10
19 12 10
79 63 2
63 55 5
82 68 19
21 58 7
95 7 20
40 71 11
12 9 4
53 10 13
72 23 11
56 15 18
88 4 2
33 68 1
74 69 18
93 82 7
46 7 18
65 20 20
10 84 6
51 85 4
49 12 16
68 25 17
7 15 3
26 28 19
67 66 13
86 79 19
70 71 8
89 84 20
42 9 7
83 10 10
28 74 19
47 87 8
0 12 3
19 25 7
60 26 10
5 90 6
63 68 16
21 71 17
95 20 7
62 72 8
81 85 10
34 10 4
53 23 17
39 88 6
72 36 2
37 15 5
56 28 3
14 31 17
74 82 9
46 20 15
13 72 14
32 85 11
51 98 19
16 77 3
90 26 19
35 90 9
49 25 13
7 28 20
48 29 18
92 72 14
9 74 15
83 23 1
28 87 5
69 88 8
41 26 20
60 39 7
25 18 11
44 31 16
2 34 7
62 85 17
81 98 7
34 23 2
20 88 3
37 28 4
78 29 10
23 93 3
97 42 10
14 44 6
55 45 5
96 83 8
13 85 15
99 88 2
71 26 2
16 90 4
90 39 5
48 42 14
92 85 1
6 45 1
50 88 10
41 39 6
8 91 12
25 31 4
11 96 11
85 45 16
2 47 2
84 86 18
43 48 17
59 29 2
4 93 5
78 42 8
97 55 13
17 32 13
36 45 20
55 58 19
71 39 18
38 91 18
29 42 6
73 48 8
6 58 2
22 2 1
66 45 18
85 58 16
24 48 16
43 61 20
84 99 20
1 64 14
18 4 4
59 42 16
17 45 2
36 58 3
77 59 17
80 64 16
52 2 10
10 5 10
54 48 12
73 61 13
12 51 6
86 0 3
31 64 9
3 2 12
89 5 9
47 8 15
66 58 6
24 61 2
98 10 4
65 62 4
82 2 2
68 67 3
1 77 13
40 5 18
58 59 10
77 72 11
42 51 17
61 64 12
80 77 20
33 2 7
74 3 7
19 67 19
93 16 5
10 18 18
51 19 15
54 61 13
95 62 16
67 0 14
12 64 20
86 13 17
31 77 14
72 78 15
70 5 12
89 18 8
28 8 18
47 21 18
88 59 19
5 24 13
46 62 13
65 75 1
63 2 16
49 67 2
68 80 15
21 5 18
7 70 17
81 19 5
26 83 1
40 18 14
58 72 17
42 64 6
61 77 10
0 67 1
74 16 7
19 80 16
93 29 4
60 81 9
13 6 2
32 19 10
51 32 13
16 11 12
35 24 17
95 75 2
34 65 1
67 13 14
53 78 15
72 91 2
70 18 10
37 70 7
56 83 3
9 8 16
28 21 14
69 22 19
88 72 18
14 86 17
5 37 2
46 75 2
49 80 4
90 81 16
62 19 3
7 83 5
81 32 9
26 96 2
20 22 20
39 35 14
23 27 5
83 78 13
0 80 4
41 81 13
96 17 18
60 94 10
13 19 8
99 22 9
44 86 18
16 24 7
2 89 13
35 37 3
76 38 3
34 78 13
53 91 19
92 19 14
37 83 2
56 96 11
9 21 1
50 22 5
69 35 20
14 99 1
8 25 9
27 38 1
30 43 9
71 81 1
90 94 15
62 32 18
29 84 19
48 97 10
20 35 13
4 27 10
23 40 17
83 91 14
96 30 2
41 94 15
25 86 12
99 35 10
44 99 19
38 25 2
57 38 11
76 51 5
15 41 19
92 32 6
59 84 4
78 97 7
18 46 14
50 35 16
91 36 8
8 38 17
94 41 6
27 51 10
11 43 8
71 94 12
30 56 3
84 33 4
29 97 10
87 38 16
4 40 14
45 41 15
64 54 9
22 57 14
25 99 14
57 51 16
98 52 10
15 54 17
18 59 18
59 97 8
91 49 4
75 41 4
94 54 4
52 57 19
10 60 7
43 8 16
84 46 18
1 11 19
87 51 16
45 54 6
86 55 14
3 57 5
77 6 14
22 70 14
80 11 6
19 1 3
79 52 2
98 65 9
63 44 9
82 57 16
40 60 2
73 8 9
31 11 7
72 12 11
75 54 10
33 57 9
52 70 4
93 71 17
65 9 18
10 73 15
49 1 12
68 14 2
26 17 13
67 55 17
86 68 19
58 6 17
70 60 13
89 73 20
61 11 14
47 76 11
0 1 14
19 14 7
79 65 7
5 79 18
63 57 19
82 70 6
21 60 8
95 9 17
40 73 14
12 11 6
53 12 10
72 25 18
56 17 7
88 6 1
14 20 1
74 71 14
93 84 10
46 9 20
32 74 4
65 22 9
51 87 10
49 14 18
68 27 7
35 79 18
7 17 18
67 68 9
26 30 11
70 73 8
9 63 15
83 12 5
28 76 13
42 11 6
47 89 16
0 14 9
41 15 11
60 28 19
5 92 9
44 20 12
21 73 16
95 22 9
62 74 16
81 87 8
34 12 3
53 25 7
39 90 11
37 17 16
56 30 6
97 31 11
14 33 10
74 84 10
13 74 15
32 87 18
71 15 12
16 79 5
90 28 18
35 92 3
7 30 10
48 31 5
6 34 18
92 74 14
9 76 9
83 25 3
28 89 13
69 90 9
41 28 12
60 41 2
27 93 18
25 20 11
44 33 18
30 98 16
2 36 19
62 87 5
34 25 10
20 90 5
37 30 5
4 82 12
78 31 10
97 44 20
23 95 19
36 34 16
96 85 11
55 47 6
13 87 8
99 90 17
71 28 2
16 92 1
90 41 19
57 93 16
29 31 1
48 44 4
6 47 15
92 87 1
50 90 13
8 93 13
25 33 14
66 34 3
11 98 7
85 47 18
2 49 12
43 50 17
84 88 17
87 93 13
1 53 16
59 31 9
4 95 18
78 44 11
17 34 9
36 47 18
55 60 1
96 98 20
38 93 2
29 44 8
73 50 18
31 53 20
64 1 13
22 4 7
66 47 13
85 60 7
24 50 11
43 63 2
1 66 12
59 44 9
17 47 11
58 48 2
77 61 14
94 1 8
61 53 2
80 66 14
52 4 1
93 5 17
10 7 17
54 50 16
73 63 16
12 53 16
86 2 16
31 66 19
3 4 2
89 7 20
88 48 5
47 10 1
24 63 1
65 64 17
82 4 7
68 69 18
40 7 17
26 72 15
58 61 20
77 74 2
42 53 18
61 66 15
80 79 6
33 4 19
74 5 12
19 69 1
93 18 2
0 56 15
32 8 9
51 21 11
54 63 15
95 64 9
67 2 1
12 66 16
53 67 6
86 15 9
72 80 2
70 7 2
89 20 2
56 72 9
28 10 7
88 61 2
47 23 11
5 26 17
46 64 20
65 77 14
63 4 6
49 69 16
68 82 9
21 7 13
62 8 18
7 72 3
81 21 1
26 85 11
39 24 4
42 66 15
83 67 19
0 69 11
74 18 11
19 82 10
60 83 17
13 8 19
32 21 7
51 34 10
16 13 11
35 26 15
95 77 9
34 67 5
53 80 19
72 93 1
92 8 20
37 72 4
56 85 10
9 10 1
28 23 8
69 24 3
14 88 6
46 77 13
5 39 12
49 82 1
90 83 14
62 21 20
7 85 7
48 86 6
81 34 1
20 24 7
39 37 14
23 29 14
83 80 8
96 19 17
41 83 11
60 96 17
25 75 11
99 24 11
44 88 5
13 21 14
16 26 13
2 91 19
76 40 20
34 80 1
92 21 19
37 85 19
78 86 8
97 99 1
50 24 15
69 37 20
8 27 18
27 40 15
11 32 16
30 45 2
71 83 13
90 96 3
84 22 1
29 86 19
48 99 3
87 27 8
20 37 11
4 29 3
23 42 15
64 43 9
96 32 20
41 96 20
25 88 2
99 37 5
38 27 14
57 40 18
76 53 8
15 43 20
18 48 6
59 86 20
78 99 7
17 89 18
91 38 2
50 37 12
8 40 20
94 43 10
27 53 14
11 45 8
71 96 15
30 58 9
84 35 10
29 99 15
87 40 6
1 0 9
45 43 15
64 56 12
3 46 18
22 59 20
80 0 8
38 40 18
79 41 6
98 54 7
15 56 14
59 99 17
18 61 2
31 0 12
91 51 2
75 43 18
94 56 17
33 46 14
52 59 10
10 62 10
68 3 10
1 13 4
45 56 20
86 57 6
3 59 18
89 62 11
22 72 12
77 8 5
61 0 20
80 13 18
19 3 9
79 54 18
98 67 9
63 46 20
82 59 5
40 62 16
12 0 20
31 13 16
72 14 16
75 56 8
33 59 8
52 72 15
93 73 5
65 11 16
10 75 8
51 76 17
49 3 10
68 16 19
7 6 2
26 19 2
67 57 17
86 70 6
58 8 14
70 62 12
89 75 8
42 0 7
61 13 2
28 65 17
47 78 17
0 3 3
19 16 16
60 17 17
5 81 4
63 59 9
21 62 6
95 11 6
40 75 9
81 76 15
34 1 12
53 14 5
72 27 3
37 6 16
56 19 17
88 8 14
14 22 12
74 73 7
93 86 18
46 11 15
32 76 1
51 89 11
49 16 19
90 17 10
35 81 11
7 19 19
26 32 14
67 70 12
70 75 11
9 65 7
83 14 6
28 78 1
47 91 1
0 16 17
41 17 19
60 30 10
5 94 18
44 22 3
2 25 9
21 75 8
62 76 19
81 89 2
34 14 14
53 27 16
20 79 16
39 92 8
37 19 7
56 32 12
97 33 4
23 84 12
14 35 12
55 36 14
13 76 4
32 89 5
71 17 9
16 81 13
90 30 13
35 94 19
76 95 3
29 20 12
48 33 19
92 76 20
6 36 7
9 78 10
83 27 1
50 79 16
69 92 8
41 30 2
27 95 6
25 22 16
44 35 11
85 36 2
2 38 1
62 89 1
20 92 18
59 20 15
4 84 9
78 33 4
23 97 13
97 46 2
96 87 16
55 49 4
13 89 1
99 92 16
71 30 15
16 94 6
57 95 11
29 33 2
15 98 13
48 46 7
6 49 5
92 89 12
50 92 19
8 95 6
25 35 1
66 36 9
85 49 4
24 39 7
84 90 16
43 52 19
87 95 18
1 55 8
59 33 7
4 97 11
78 46 4
45 98 15
17 36 8
36 49 12
77 50 9
80 55 3
38 95 19
54 39 12
73 52 6
31 55 3
22 6 11
75 98 17
66 49 13
24 52 1
98 1 6
43 65 20
1 68 7
17 49 13
58 50 19
77 63 5
61 55 13
80 68 9
52 6 7
93 7 10
19 58 10
10 9 16
54 52 10
73 65 11
12 55 6
86 4 6
31 68 18
72 69 8
89 9 1
47 12 17
88 50 10
46 53 19
79 1 8
5 15 5
65 66 10
82 6 3
49 58 2
68 71 7
40 9 1
26 74 9
58 63 1
42 55 2
61 68 12
0 58 8
74 7 16
19 71 18
93 20 7
32 10 9
51 23 7
35 15 1
95 66 15
67 4 20
12 68 16
53 69 15
72 82 3
70 9 8
56 74 8
28 12 9
88 63 4
47 25 7
5 28 1
46 66 14
65 79 18
49 71 17
68 84 15
21 9 2
62 10 7
7 74 7
81 23 19
26 87 12
39 26 3
42 68 19
83 69 4
0 71 7
41 72 20
74 20 20
60 85 13
13 10 2
32 23 15
44 77 1
51 36 2
16 15 5
35 28 7
95 79 4
34 69 16
53 82 6
92 10 1
37 74 14
56 87 19
97 88 8
9 12 8
50 13 4
69 26 18
14 90 4
27 29 13
71 72 20
30 34 5
90 85 19
62 23 19
7 87 4
48 88 5
20 26 14
4 18 10
23 31 20
83 82 11
96 21 17
41 85 1
60 98 9
13 23 15
99 26 4
25 77 13
44 90 12
16 28 14
57 29 14
2 93 12
76 42 7
34 82 2
92 23 12
37 87 8
78 88 18
50 26 4
36 91 8
69 39 13
8 29 15
27 42 20
11 34 16
30 47 14
71 85 8
90 98 18
84 24 19
29 88 1
87 29 10
4 31 1
23 44 11
64 45 8
96 34 3
22 48 18
25 90 9
99 39 10
66 91 11
38 29 10
57 42 13
76 55 2
15 45 16
18 50 19
59 88 14
17 91 13
91 40 20
8 42 7
94 45 19
11 47 8
52 48 10
84 37 17
87 42 10
1 2 16
64 58 9
3 48 14
22 61 12
80 2 7
38 42 12
79 43 11
98 56 3
82 48 3
15 58 15
18 63 19
31 2 11
91 53 4
75 45 18
94 58 9
33 48 16
52 61 18
65 0 19
10 64 3
68 5 18
26 8 13
45 58 8
86 59 7
3 61 7
89 64 10
77 10 20
61 2 12
80 15 3
47 67 15
19 5 10
79 56 15
63 48 17
82 61 10
21 51 1
95 0 11
40 64 7
12 2 12
53 3 1
72 16 11
56 8 5
33 61 20
74 62 6
93 75 14
46 0 6
65 13 2
10 77 6
51 78 6
49 5 8
68 18 15
7 8 13
67 59 1
26 21 3
86 72 20
70 64 16
89 77 9
42 2 5
83 3 6
28 67 4
47 80 12
0 5 4
19 18 2
60 19 20
5 83 12
63 61 3
21 64 9
95 13 4
40 77 1
81 78 20
34 3 8
53 16 8
39 81 12
72 29 14
37 8 4
56 21 14
14 24 13
74 75 19
93 88 1
13 65 20
46 13 1
32 78 1
51 91 5
16 70 10
49 18 8
35 83 19
90 19 20
7 21 1
48 22 14
70 77 20
9 67 15
83 16 10
28 80 1
69 81 9
41 19 9
60 32 5
5 96 16
25 11 14
44 24 8
2 27 20
62 78 11
81 91 7
34 16 9
20 81 15
39 94 16
37 21 7
78 22 12
23 86 5
97 35 13
14 37 12
55 38 6
96 76 7
13 78 15
99 81 9
32 91 11
71 19 1
16 83 17
90 32 17
35 96 1
76 97 1
29 22 1
48 35 8
6 38 1
92 78 1
9 80 2
50 81 15
69 94 3
8 84 20
41 32 14
27 97 14
25 24 14
44 37 18
11 89 19
85 38 5
2 40 15
43 41 19
62 91 3
20 94 7
59 22 19
4 86 12
78 35 17
23 99 12
97 48 2
17 25 9
36 38 20
55 51 19
96 89 1
99 94 17
71 32 14
38 84 19
57 97 14
29 35 10
73 41 14
6 51 10
50 94 20
91 95 12
8 97 3
66 38 18
85 51 17
24 41 17
43 54 3
84 92 5
1 57 12
87 97 11
59 35 13
4 99 2
17 38 10
36 51 13
77 52 13
80 57 4
38 97 14
54 41 17
73 54 2
12 44 15
31 57 6
22 8 11
66 51 18
24 54 18
65 55 7
98 3 19
68 60 15
1 70 4
58 52 17
77 65 15
42 44 10
61 57 19
80 70 11
19 60 20
93 9 10
10 11 11
51 12 17
95 55 20
12 57 12
86 6 7
31 70 20
72 71 4
89 11 19
28 1 6
47 14 12
88 52 4
46 55 6
5 17 9
65 68 12
49 60 12
68 73 6
40 11 15
81 12 18
26 76 6
7 63 8
58 65 13
42 57 17
61 70 14
0 60 19
74 9 17
19 73 16
60 74 17
93 22 5
32 12 19
51 25 7
35 17 18
95 68 12
67 6 3
34 58 13
53 71 9
72 84 20
37 63 11
70 11 10
56 76 11
9 1 14
28 14 20
88 65 11
14 79 20
47 27 14
5 30 1
46 68 16
49 73 7
90 74 7
62 12 19
7 76 1
81 25 20
26 89 6
20 15 16
39 28 8
23 20 18
83 71 3
96 10 2
41 74 11
0 73 12
60 87 9
13 12 20
44 79 13
32 25 12
16 17 19
35 30 10
76 31 15
34 71 12
53 84 9
92 12 2
37 76 1
56 89 4
97 90 16
9 14 13
50 15 4
69 28 9
14 92 9
27 31 15
71 74 3
30 36 17
90 87 12
29 77 8
62 25 17
48 90 16
20 28 8
6 93 17
39 41 12
4 20 5
23 33 6
83 84 5
96 23 19
41 87 13
25 79 12
99 28 11
44 92 15
85 93 8
16 30 11
57 31 15
2 95 16
76 44 12
15 34 14
18 39 16
59 77 10
92 25 12
78 90 8
50 28 8
36 93 19
69 41 13
8 31 7
27 44 15
11 36 8
71 87 2
30 49 6
84 26 5
29 90 14
87 31 1
4 33 19
45 34 6
64 47 1
22 50 13
25 92 15
66 93 4
38 31 19
57 44 3
98 45 8
15 47 20
18 52 17
59 90 13
17 93 9
91 42 12
75 34 10
8 44 17
94 47 7
11 49 19
52 50 13
84 39 13
10 53 6
43 1 12
87 44 15
54 96 7
1 4 4
45 47 16
64 60 10
3 50 4
22 63 10
80 4 8
79 45 9
98 58 2
82 50 7
73 1 6
40 53 12
31 4 4
72 5 7
75 47 9
94 60 16
33 50 2
52 63 19
93 64 3
65 2 18
10 66 3
68 7 5
26 10 9
67 48 6
86 61 4
70 53 20
3 63 5
89 66 2
61 4 5
47 69 11
19 7 15
79 58 13
5 72 18
63 50 8
82 63 13
21 53 13
95 2 4
40 66 15
12 4 12
53 5 7
72 18 8
56 10 8
14 13 17
33 63 13
74 64 16
93 77 2
46 2 3
32 67 4
65 15 20
51 80 2
49 7 16
35 72 19
68 20 7
7 10 4
67 61 20
26 23 19
86 74 20
70 66 18
89 79 20
42 4 13
83 5 9
28 69 13
9 56 17
47 82 5
0 7 18
41 8 1
60 21 6
5 85 19
44 13 9
21 66 3
95 15 9
62 67 9
81 80 20
34 5 14
53 18 19
39 83 16
37 10 10
56 23 16
97 24 10
14 26 1
74 77 14
13 67 18
32 80 3
51 93 7
71 8 9
16 72 17
90 21 4
35 85 16
7 23 17
48 24 18
6 27 10
92 67 6
9 69 17
83 18 4
28 82 10
69 83 17
41 21 3
60 34 16
27 86 2
25 13 12
44 26 10
30 91 4
2 29 12
62 80 4
81 93 2
34 18 17
20 83 12
39 96 14
37 23 6
78 24 5
23 88 6
97 37 6
4 75 13
36 27 3
55 40 7
96 78 5
13 80 13
99 83 9
71 21 9
16 85 11
90 34 9
57 86 14
76 99 20
29 24 13
48 37 17
6 40 15
92 80 15
50 83 9
69 96 18
8 86 6
27 99 12
25 26 12
66 27 10
11 91 4
85 40 4
2 42 16
84 81 11
87 86 10
20 96 17
59 24 15
4 88 4
78 37 5
17 27 13
36 40 16
55 53 9
96 91 5
99 96 12
38 86 3
57 99 9
29 37 8
73 43 3
31 46 11
50 96 18
91 97 15
8 99 15
66 40 7
85 53 1
24 43 9
43 56 17
84 94 18
1 59 3
87 99 3
59 37 20
17 40 12
58 41 2
77 54 7
61 46 11
80 59 14
38 99 19
10 0 2
54 43 15
73 56 16
12 46 4
31 59 10
89 0 8
88 41 12
47 3 6
24 56 2
65 57 2
68 62 10
40 0 1
58 54 1
77 67 18
42 46 10
61 59 17
80 72 13
0 49 18
19 62 7
93 11 13
10 13 7
51 14 14
54 56 8
95 57 13
12 59 11
86 8 20
53 60 6
72 73 15
70 0 10
89 13 10
28 3 19
88 54 11
47 16 15
46 57 8
5 19 5
65 70 20
49 62 9
68 75 1
21 0 20
7 65 14
81 14 6
26 78 16
40 13 15
39 17 12
42 59 16
83 60 20
0 62 8
74 11 20
19 75 12
60 76 8
93 24 5
13 1 7
32 14 12
51 27 2
16 6 9
35 19 12
95 70 4
34 60 12
53 73 1
72 86 14
37 65 5
56 78 15
9 3 8
28 16 17
69 17 14
14 81 15
5 32 15
46 70 2
49 75 19
90 76 2
62 14 16
7 78 9
81 27 13
26 91 18
20 17 5
39 30 14
23 22 12
83 73 16
96 12 11
41 76 7
60 89 19
13 14 10
25 68 4
99 17 20
32 27 9
44 81 12
16 19 17
2 84 12
76 33 2
35 32 1
34 73 12
92 14 17
37 78 1
78 79 15
97 92 7
9 16 3
50 17 11
69 30 6
14 94 11
55 95 15
8 20 12
27 33 19
11 25 16
71 76 20
30 38 5
90 89 4
29 79 9
48 92 13
20 30 1
6 95 4
4 22 12
23 35 19
64 36 4
96 25 16
41 89 19
25 81 3
99 30 9
44 94 2
85 95 14
38 20 18
57 33 20
2 97 19
76 46 18
15 36 5
18 41 11
59 79 19
78 92 4
50 30 15
91 31 1
36 95 17
8 33 15
94 36 18
27 46 11
11 38 13
30 51 7
71 89 8
84 28 15
29 92 16
87 33 5
4 35 10
45 36 4
64 49 10
3 39 14
22 52 6
66 95 19
38 33 12
24 98 8
98 47 2
57 46 17
15 49 1
18 54 18
59 92 1
17 95 1
91 44 12
75 36 3
94 49 5
33 39 5
10 55 11
54 98 19
87 46 13
1 6 9
45 49 9
86 50 10
3 52 8
89 55 12
77 1 9
22 65 19
80 6 2
79 47 3
98 60 12
63 39 15
82 52 13
40 55 9
31 6 15
72 7 8
75 49 19
33 52 2
52 65 18
93 66 6
65 4 4
10 68 11
51 69 15
68 9 4
26 12 3
67 50 4
86 63 7
58 1 16
70 55 15
89 68 15
61 6 5
28 58 2
47 71 12
19 9 10
60 10 5
5 74 19
79 60 14
63 52 19
82 65 20
21 55 3
95 4 6
40 68 18
81 69 19
53 7 19
72 20 10
56 12 5
14 15 7
88 1 8
74 66 19
93 79 1
46 4 1
32 69 8
51 82 4
49 9 5
90 10 5
35 74 16
7 12 6
67 63 16
26 25 6
70 68 16
9 58 8
83 7 2
28 71 19
47 84 20
0 9 7
41 10 19
60 23 18
5 87 16
44 15 12
21 68 8
62 69 20
81 82 9
34 7 20
53 20 3
20 72 7
39 85 4
37 12 10
56 25 16
97 26 3
23 77 8
14 28 13
55 29 20
74 79 15
13 69 8
32 82 11
71 10 7
16 74 8
90 23 7
35 87 8
76 88 19
29 13 3
48 26 15
92 69 2
6 29 14
9 71 12
83 20 12
50 72 8
69 85 15
41 23 12
27 88 19
25 15 3
44 28 10
85 29 3
30 93 7
2 31 9
62 82 18
20 85 18
39 98 9
59 13 3
4 77 4
78 26 18
23 90 19
97 39 4
36 29 3
55 42 10
96 80 20
13 82 6
99 85 20
71 23 18
16 87 7
57 88 7
29 26 6
48 39 16
15 91 8
6 42 5
18 96 14
92 82 4
50 85 11
69 98 3
8 88 19
25 28 9
66 29 13
11 93 8
85 42 16
24 32 19
84 83 6
43 45 14
87 88 10
1 48 13
59 26 13
4 90 3
45 91 3
78 39 10
17 29 1
36 42 3
77 43 13
96 93 5
99 98 8
38 88 18
54 32 5
73 45 5
31 48 12
91 99 1
75 91 9
66 42 3
24 45 11
84 96 3
43 58 1
1 61 19
17 42 13
58 43 9
77 56 19
61 48 16
80 61 7
93 0 3
10 2 9
54 45 19
73 58 19
12 48 15
31 61 13
89 2 17
88 43 13
47 5 12
5 8 15
65 59 11
49 51 9
68 64 15
40 2 16
26 67 15
58 56 8
42 48 17
0 51 6
74 0 4
19 64 10
93 13 2
32 3 10
51 16 9
35 8 2
95 59 1
12 61 5
53 62 10
72 75 19
70 2 3
89 15 15
56 67 8
28 5 5
88 56 9
47 18 18
46 59 10
5 21 20
65 72 6
49 64 12
68 77 13
21 2 11
62 3 6
7 67 4
81 16 20
26 80 2
39 19 19
42 61 14
83 62 18
0 64 3
74 13 17
60 78 13
13 3 8
32 16 2
51 29 9
16 8 6
35 21 11
95 72 7
34 62 15
53 75 9
92 3 19
37 67 7
56 80 12
9 5 9
28 18 7
69 19 15
14 83 17
27 22 5
30 27 19
71 65 4
90 78 17
62 16 6
7 80 4
48 81 12
81 29 18
20 19 20
39 32 14
4 11 4
23 24 12
83 75 2
96 14 19
41 78 20
60 91 20
25 70 3
13 16 6
44 83 7
99 19 20
16 21 5
57 22 17
2 86 17
76 35 4
34 75 15
92 16 2
37 80 13
78 81 18
97 94 4
50 19 16
69 32 5
14 96 7
55 97 13
8 22 3
27 35 13
11 27 6
30 40 20
71 78 18
90 91 19
84 17 3
29 81 5
48 94 14
87 22 18
20 32 13
6 97 8
4 24 1
23 37 20
64 38 7
96 27 15
22 41 7
25 83 2
99 32 17
44 96 20
85 97 18
38 22 9
57 35 6
2 99 18
76 48 9
15 38 9
59 81 8
18 43 14
78 94 4
50 32 7
17 84 20
36 97 11
91 33 2
8 35 9
94 38 6
11 40 10
52 41 2
84 30 18
29 94 14
87 35 19
45 38 6
64 51 10
3 41 19
22 54 1
66 97 15
38 35 5
79 36 20
98 49 13
82 41 2
15 51 11
59 94 19
18 56 10
17 97 17
91 46 13
75 38 16
94 51 18
33 41 18
52 54 18
10 57 12
45 51 14
86 52 13
3 54 16
89 57 12
77 3 9
47 60 3
80 8 3
79 49 1
98 62 2
63 41 7
82 54 13
21 44 10
40 57 4
72 9 14
56 1 10
75 51 2
33 54 20
74 55 20
93 68 12
65 6 4
10 70 2
51 71 13
68 11 12
7 1 2
26 14 13
67 52 14
86 65 6
70 57 3
89 70 12
28 60 20
47 73 14
19 11 17
60 12 15
5 76 1
63 54 20
21 57 2
95 6 11
40 70 15
81 71 8
53 9 12
39 74 6
72 22 8
37 1 10
56 14 18
14 17 6
74 68 15
93 81 12
13 58 7
46 6 13
32 71 8
51 84 6
16 63 10
90 12 15
35 76 16
49 11 8
7 14 1
48 15 1
67 65 18
9 60 16
83 9 17
28 73 8
69 74 11
41 12 17
60 25 19
5 89 9
25 4 5
44 17 13
2 20 16
62 71 13
81 84 9
34 9 1
20 74 9
39 87 12
37 14 3
78 15 8
23 79 19
97 28 6
14 30 13
96 69 19
55 31 2
13 71 14
99 74 2
32 84 14
71 12 5
16 76 9
90 25 6
35 89 19
76 90 18
29 15 1
48 28 8
6 31 11
92 71 14
9 73 4
50 74 12
69 87 7
8 77 5
41 25 4
27 90 19
25 17 7
11 82 20
44 30 1
30 95 5
85 31 9
2 33 4
62 84 18
20 87 7
59 15 1
4 79 14
78 28 13
23 92 16
97 41 12
64 93 10
17 18 1
36 31 4
96 82 19
55 44 13
99 87 18
38 77 20
71 25 8
57 90 12
29 28 3
15 93 12
73 34 6
18 98 4
92 84 17
6 44 5
50 87 19
91 88 5
8 90 11
94 93 7
66 31 17
11 95 13
85 44 4
24 34 19
84 85 16
43 47 13
87 90 18
1 50 2
59 28 20
4 92 6
45 93 2
17 31 3
36 44 6
77 45 18
3 96 1
80 50 11
38 90 3
54 34 1
73 47 5
31 50 14
22 1 10
75 93 19
66 44 9
33 96 13
24 47 14
84 98 13
1 63 19
58 45 13
77 58 15
42 37 20
61 50 5
80 63 11
52 1 16
19 53 5
93 2 2
63 96 2
51 5 6
10 4 7
54 47 2
95 48 20
12 50 12
31 63 6
72 64 1
89 4 18
88 45 5
47 7 13
5 10 3
46 48 14
65 61 14
82 1 13
49 53 10
68 66 3
40 4 14
81 5 4
26 69 16
42 50 3
61 63 1
0 53 11
74 2 13
19 66 12
93 15 11
32 5 10
51 18 17
35 10 20
95 61 18
53 64 9
72 77 3
70 4 18
56 69 10
28 7 7
14 72 15
88 58 12
47 20 18
46 61 13
5 23 1
49 66 9
68 79 2
21 4 16
62 5 20
7 69 17
81 18 17
26 82 18
20 8 14
39 21 19
23 13 17
83 64 1
0 66 11
74 15 5
41 67 20
60 80 14
13 5 14
32 18 15
44 72 10
16 10 19
35 23 16
76 24 5
34 64 18
53 77 5
92 5 5
37 69 16
56 82 18
97 83 16
9 7 3
50 8 2
69 21 15
14 85 5
27 24 10
30 29 5
71 67 15
90 80 2
62 18 19
7 82 11
48 83 4
20 21 2
39 34 10
6 86 17
4 13 9
23 26 4
83 77 17
96 16 8
41 80 14
60 93 8
25 72 3
99 21 14
13 18 13
44 85 1
16 23 3
57 24 13
2 88 19
76 37 2
15 27 5
92 18 13
18 32 18
78 83 8
97 96 5
50 21 1
69 34 19
36 86 4
55 99 20
8 24 4
27 37 3
11 29 16
30 42 18
71 80 19
84 19 14
29 83 18
48 96 10
87 24 8
6 99 2
4 26 20
45 27 3
64 40 20
96 29 6
22 43 14
25 85 20
66 86 20
99 34 7
85 99 20
38 24 20
57 37 15
98 38 2
15 40 2
18 45 12
59 83 9
78 96 17
17 86 17
91 35 8
36 99 4
75 27 12
8 37 5
94 40 10
11 42 7
52 43 12
10 46 2
29 96 16
84 32 3
87 37 8
45 40 14
64 53 8
3 43 9
22 56 11
66 99 18
38 37 1
79 38 20
98 51 15
82 43 17
40 46 15
17 99 6
91 48 2
75 40 10
94 53 19
33 43 16
52 56 5
93 57 10
10 59 20
68 0 3
67 41 13
26 3 9
86 54 18
70 46 7
3 56 1
89 59 12
47 62 8
19 0 4
5 65 9
79 51 6
63 43 6
82 56 14
21 46 11
40 59 8
72 11 2
56 3 5
33 56 17
74 57 18
93 70 13
65 8 11
32 60 3
51 73 16
49 0 4
35 65 5
68 13 11
7 3 15
67 54 17
26 16 14
86 67 9
70 59 1
89 72 14
9 49 2
28 62 7
47 75 11
41 1 18
60 14 7
5 78 1
63 56 7
21 59 7
95 8 6
62 60 11
81 73 10
53 11 8
39 76 19
37 3 13
56 16 10
14 19 9
74 70 15
13 60 1
32 73 7
51 86 14
71 1 3
16 65 17
90 14 18
35 78 3
7 16 9
48 17 13
92 60 8
9 62 1
83 11 11
28 75 14
69 76 16
41 14 12
27 79 14
60 27 16
25 6 20
44 19 17
30 84 6
2 22 5
62 73 1
81 86 12
34 11 5
20 76 16
39 89 17
4 68 9
78 17 16
37 16 18
23 81 14
97 30 13
14 32 10
55 33 15
96 71 1
13 73 10
99 76 18
71 14 10
16 78 15
90 27 6
57 79 9
76 92 13
29 17 2
48 30 10
6 33 16
92 73 6
50 76 3
69 89 12
8 79 3
27 92 5
25 19 11
66 20 20
11 84 1
85 33 6
30 97 2
2 35 14
84 74 8
43 36 8
87 79 15
20 89 12
59 17 10
4 81 2
78 30 7
23 94 9
64 95 20
17 20 9
36 33 9
96 84 16
55 46 7
99 89 9
38 79 6
57 92 2
29 30 7
15 95 6
73 36 18
6 46 2
50 89 4
91 90 10
8 92 19
94 95 11
66 33 11
11 97 19
85 46 4
52 98 6
24 36 20
84 87 4
43 49 12
1 52 9
87 92 2
59 30 1
45 95 3
17 33 3
3 98 15
77 47 16
80 52 7
38 92 4
79 93 16
82 98 20
54 36 15
73 49 19
12 39 4
31 52 19
75 95 20
88 34 19
33 98 13
24 49 14
65 50 5
68 55 16
1 65 2
58 47 8
77 60 7
42 39 4
61 52 18
80 65 5
19 55 16
93 4 2
63 98 14
51 7 16
10 6 3
54 49 16
95 50 16
12 52 11
86 1 6
31 65 7
72 66 5
89 6 8
47 9 18
88 47 12
46 50 9
5 12 18
65 63 13
49 55 17
7 58 2
81 7 20
40 6 1
26 71 1
39 10 19
42 52 14
0 55 1
74 4 17
19 68 9
93 17 20
60 69 9
32 7 7
51 20 15
35 12 15
95 63 3
34 53 19
67 1 17
53 66 4
72 79 16
70 6 11
37 58 6
56 71 17
28 9 14
69 10 17
14 74 18
46 63 8
5 25 8
49 68 4
90 69 15
62 7 15
7 71 4
81 20 19
26 84 12
20 10 5
39 23 13
23 15 18
83 66 8
96 5 17
0 68 17
41 69 2
60 82 18
13 7 16
99 10 17
32 20 19
44 74 1
16 12 5
35 25 7
76 26 12
2 77 8
34 66 17
53 79 7
92 7 14
37 71 5
56 84 3
97 85 9
50 10 5
69 23 19
14 87 18
55 88 5
8 13 7
27 26 5
11 18 13
30 31 1
71 69 16
90 82 9
62 20 14
29 72 5
48 85 3
20 23 15
6 88 2
4 15 14
23 28 18
64 29 5
96 18 8
41 82 19
25 74 10
99 23 14
44 87 5
85 88 14
38 13 11
57 26 4
2 90 1
76 39 9
15 29 18
92 20 6
18 34 7
59 72 3
78 85 18
97 98 10
50 23 16
91 24 8
36 88 13
8 26 2
94 29 5
27 39 8
11 31 13
71 82 18
30 44 15
84 21 19
29 85 16
48 98 12
87 26 10
4 28 3
45 29 16
64 42 11
3 32 8
22 45 1
25 87 3
66 88 16
38 26 4
57 39 8
98 40 15
24 91 13
15 42 6
59 85 3
18 47 15
78 98 8
17 88 7
91 37 17
75 29 10
94 42 4
33 32 15
52 45 4
10 48 6
84 34 5
87 39 13
54 91 8
45 42 16
86 43 20
3 45 17
89 48 13
22 58 11
79 40 6
98 53 4
63 32 1
82 45 11
40 48 13
72 0 19
75 42 8
33 45 11
52 58 4
93 59 3
10 61 6
51 62 15
68 2 12
26 5 11
67 43 2
86 56 11
70 48 18
89 61 10
28 51 14
47 64 9
19 2 13
79 53 8
5 67 2
63 45 18
82 58 19
21 48 13
40 61 5
81 62 9
53 0 2
72 13 11
56 5 8
14 8 19
74 59 1
93 72 7
32 62 15
51 75 13
49 2 6
90 3 15
35 67 8
7 5 12
26 18 9
67 56 20
70 61 2
9 51 16
83 0 11
28 64 9
47 77 17
0 2 3
41 3 10
60 16 20
5 80 8
44 8 12
21 61 2
81 75 4
34 0 6
20 65 18
53 13 8
39 78 14
37 5 18
56 18 11
97 19 1
23 70 2
14 21 17
74 72 10
13 62 3
32 75 19
71 3 16
16 67 18
90 16 5
35 80 10
76 81 3
48 19 10
92 62 11
6 22 15
9 64 11
83 13 2
50 65 14
69 78 19
41 16 20
27 81 1
25 8 15
44 21 16
30 86 14
2 24 2
62 75 20
20 78 13
39 91 3
59 6 11
4 70 1
78 19 9
23 83 5
97 32 18
36 22 12
55 35 13
96 73 2
13 75 9
99 78 4
71 16 2
16 80 17
57 81 6
76 94 2
29 19 8
15 84 13
48 32 8
92 75 4
6 35 4
50 78 5
69 91 9
8 81 8
27 94 16
25 21 16
66 22 17
11 86 3
85 35 9
30 99 1
2 37 20
84 76 1
43 38 3
87 81 12
1 41 2
59 19 10
4 83 8
45 84 6
78 32 17
64 97 8
17 22 4
36 35 17
55 48 15
96 86 17
99 91 6
38 81 3
57 94 3
98 95 11
15 97 10
73 38 4
31 41 13
91 92 1
75 84 17
8 94 9
94 97 7
66 35 10
11 99 13
24 38 17
84 89 3
43 51 20
87 94 13
1 54 2
45 97 11
17 35 18
58 36 2
77 49 15
61 41 5
80 54 4
38 94 9
79 95 18
54 38 1
73 51 4
12 41 8
31 54 9
75 97 13
88 36 10
5 1 1
24 51 19
65 52 9
68 57 16
26 60 18
67 98 1
58 49 2
77 62 4
42 41 8
61 54 7
80 67 16
0 44 1
19 57 5
93 6 4
51 9 1
35 1 3
95 52 3
12 54 13
86 3 10
53 55 1
72 68 12
89 8 3
56 60 9
47 11 11
88 49 16
46 52 4
5 14 5
49 57 10
68 70 19
7 60 5
81 9 1
26 73 17
39 12 17
42 54 6
83 55 19
0 57 2
74 6 12
19 70 4
60 71 20
32 9 2
51 22 18
16 1 8
35 14 3
95 65 9
34 55 8
53 68 12
72 81 1
37 60 18
56 73 5
28 11 10
69 12 11
14 76 6
27 15 18
46 65 14
30 20 19
49 70 12
90 71 14
62 9 10
7 73 3
81 22 11
48 74 10
20 12 14
39 25 4
23 17 10
83 68 7
96 7 3
41 71 10
60 84 13
25 63 19
99 12 12
13 9 17
44 76 13
16 14 1
57 15 1
2 79 13
76 28 6
34 68 10
92 9 11
37 73 5
78 74 3
97 87 14
50 12 14
69 25 3
14 89 11
55 90 15
8 15 5
27 28 3
11 20 4
30 33 6
90 84 16
84 10 19
29 74 9
48 87 5
87 15 14
20 25 13
6 90 10
4 17 17
23 30 14
64 31 12
96 20 2
22 34 19
41 84 3
25 76 7
99 25 8
44 89 18
85 90 17
38 15 4
57 28 16
2 92 20
76 41 1
43 93 20
15 31 14
59 74 9
18 36 2
78 87 14
17 77 16
91 26 6
50 25 1
36 90 14
8 28 14
94 31 1
11 33 20
52 34 11
71 84 1
84 23 10
29 87 18
87 28 5
73 93 8
45 31 17
64 44 11
3 34 6
22 47 2
66 90 8
38 28 5
79 29 20
24 93 9
98 42 16
82 34 6
15 44 1
59 87 14
18 49 6
17 90 5
91 39 15
75 31 2
94 44 16
33 34 19
52 47 16
10 50 11
54 93 9
45 44 5
86 45 18
12 96 12
3 47 5
89 50 20
80 1 2
47 53 8
79 42 3
98 55 11
63 34 7
82 47 12
21 37 1
40 50 11
72 2 20
42 96 18
75 44 2
33 47 9
74 48 18
93 61 15
10 63 10
51 64 11
68 4 12
67 45 3
26 7 6
86 58 15
70 50 2
89 63 12
28 53 5
47 66 13
19 4 15
60 5 7
5 69 10
63 47 15
21 50 19
40 63 11
81 64 2
53 2 15
72 15 5
56 7 6
14 10 16
74 61 5
93 74 13
13 51 18
32 64 6
51 77 6
49 4 2
90 5 12
35 69 13
16 56 8
67 58 10
26 20 1
70 63 5
9 53 17
83 2 9
28 66 15
69 67 5
41 5 12
60 18 12
5 82 20
44 10 6
2 13 1
62 64 2
81 77 12
34 2 8
20 67 9
39 80 8
37 7 7
23 72 5
97 21 10
56 20 18
14 23 16
55 24 16
96 62 15
13 64 5
99 67 16
32 77 4
71 5 9
16 69 16
90 18 1
35 82 5
76 83 1
29 8 17
48 21 8
92 64 19
6 24 18
9 66 5
50 67 5
69 80 6
41 18 13
8 70 7
27 83 9
25 10 1
44 23 11
85 24 19
30 88 19
2 26 19
62 77 14
20 80 9
59 8 7
4 72 2
78 21 17
23 85 1
97 34 14
36 24 16
55 37 4
96 75 16
99 80 1
71 18 10
38 70 14
57 83 13
76 96 6
29 21 18
48 34 9
15 86 10
18 91 4
92 77 17
6 37 3
50 80 4
91 81 11
8 83 8
94 86 4
27 96 6
66 24 9
11 88 12
85 37 4
24 27 20
43 40 8
84 78 5
1 43 17
87 83 12
59 21 13
4 85 12
45 86 4
64 99 8
17 24 1
36 37 15
77 38 2
80 43 16
38 83 6
57 96 3
98 97 17
15 99 10
54 27 4
73 40 3
31 43 16
91 94 19
75 86 15
94 99 2
66 37 17
24 40 4
84 91 5
43 53 7
87 96 1
1 56 3
45 99 14
17 37 11
58 38 2
77 51 5
61 43 8
80 56 4
19 46 12
79 97 4
63 89 4
54 40 20
73 53 8
12 43 2
31 56 10
72 57 9
75 99 12
88 38 10
47 0 19
46 41 19
5 3 2
65 54 4
49 46 3
68 59 15
26 62 10
58 51 5
42 43 7
61 56 9
0 46 5
19 59 2
93 8 4
51 11 1
35 3 9
95 54 17
12 56 1
53 57 2
72 70 17
56 62 15
28 0 5
14 65 6
47 13 7
88 51 16
46 54 18
5 16 2
65 67 3
49 59 14
68 72 4
7 62 13
81 11 6
26 75 7
20 1 13
39 14 7
23 6 11
42 56 6
83 57 19
0 59 13
41 60 12
74 8 8
60 73 9
32 11 8
44 65 3
16 3 4
35 16 6
76 17 1
95 67 3
34 57 8
53 70 12
37 62 15
56 75 11
97 76 8
9 0 12
50 1 8
69 14 10
14 78 1
27 17 1
30 22 3
71 60 16
90 73 7
62 11 16
7 75 9
48 76 8
20 14 14
39 27 20
6 79 18
4 6 5
23 19 18
83 70 19
96 9 12
41 73 17
60 86 13
25 65 20
13 11 3
44 78 4
99 14 10
57 17 11
2 81 18
76 30 12
15 20 4
34 70 5
18 25 6
37 75 15
78 76 11
92 11 2
97 89 2
50 14 15
36 79 10
69 27 8
55 92 18
8 17 17
27 30 14
11 22 2
30 35 8
71 73 16
90 86 12
84 12 1
29 76 13
48 89 12
87 17 2
6 92 10
4 19 9
45 20 14
64 33 19
96 22 15
22 36 4
25 78 4
66 79 18
99 27 16
85 92 6
38 17 13
57 30 8
98 31 4
43 95 9
2 94 17
15 33 16
1 98 18
18 38 7
59 76 15
78 89 7
17 79 6
91 28 10
36 92 6
75 20 18
8 30 15
94 33 3
11 35 17
52 36 14
84 25 7
29 89 6
87 30 7
73 95 12
45 33 10
64 46 6
31 98 3
3 36 10
22 49 2
66 92 19
38 30 1
79 31 13
24 95 18
98 44 8
82 36 16
40 39 14
59 89 18
17 92 2
58 93 1
91 41 1
75 33 14
61 98 1
94 46 5
33 36 18
52 49 3
93 50 11
10 52 20
54 95 7
67 34 11
12 98 17
86 47 9
70 39 15
3 49 19
89 52 16
80 3 4
47 55 2
88 93 20
79 44 8
63 36 5
82 49 12
21 39 17
40 52 4
72 4 17
42 98 18
33 49 9
74 50 18
93 63 20
32 53 10
65 1 6
51 66 10
68 6 12
67 47 17
26 9 18
86 60 20
70 52 17
89 65 2
9 42 5
28 55 2
47 68 1
19 6 8
60 7 6
5 71 2
63 49 8
21 52 8
95 1 15
62 53 19
81 66 10
53 4 19
72 17 7
39 69 14
56 9 20
14 12 14
74 63 2
13 53 19
32 66 6
51 79 16
16 58 9
90 7 20
35 71 17
7 9 2
48 10 3
92 53 19
9 55 6
83 4 11
28 68 18
41 7 14
60 20 7
5 84 3
44 12 18
2 15 7
62 66 2
81 79 1
34 4 8
20 69 4
39 82 13
37 9 12
78 10 7
23 74 16
97 23 20
14 25 17
96 64 15
55 26 8
13 66 5
99 69 11
71 7 8
16 71 18
90 20 1
76 85 14
29 10 13
48 23 5
92 66 14
6 26 20
50 69 3
69 82 20
41 20 6
8 72 20
27 85 15
25 12 16
11 77 6
85 26 17
30 90 12
44 25 15
2 28 14
43 29 4
84 67 17
87 72 16
20 82 11
59 10 2
4 74 5
78 23 3
23 87 2
64 88 20
97 36 1
17 13 10
36 26 12
96 77 15
55 39 16
99 82 20
38 72 8
57 85 10
76 98 3
29 23 2
15 88 6
73 29 16
18 93 9
6 39 16
50 82 8
91 83 19
8 85 11
94 88 9
27 98 16
66 26 2
11 90 16
85 39 7
24 29 1
84 80 6
43 42 4
87 85 3
1 45 18
59 23 4
45 88 3
17 26 17
36 39 10
77 40 18
3 91 4
80 45 10
38 85 11
79 86 18
98 99 19
54 29 16
73 42 20
12 32 8
31 45 12
91 96 18
75 88 18
66 39 5
33 91 13
24 42 3
65 43 7
68 48 13
1 58 9
58 40 18
77 53 9
42 32 4
61 45 2
80 58 8
19 48 12
79 99 12
63 91 5
51 0 8
54 42 12
95 43 9
12 45 13
31 58 5
72 59 20
88 40 11
47 2 18
46 43 16
65 56 10
49 48 9
68 61 2
7 51 9
81 0 2
26 64 13
39 3 3
58 53 14
42 45 6
61 58 8
0 48 6
19 61 9
93 10 14
60 62 14
32 0 4
51 13 9
35 5 5
95 56 13
34 46 2
53 59 4
37 51 9
56 64 11
28 2 9
69 3 16
88 53 7
14 67 17
5 18 16
46 56 11
49 61 4
90 62 16
62 0 12
7 64 6
81 13 15
26 77 17
20 3 2
39 16 2
23 8 1
83 59 7
0 61 13
41 62 13
60 75 20
13 0 8
99 3 7
32 13 15
44 67 10
16 5 2
2 70 17
76 19 7
35 18 3
34 59 5
53 72 18
92 0 20
37 64 6
56 77 12
97 78 2
9 2 3
50 3 6
69 16 12
14 80 3
55 81 8
8 6 5
27 19 9
71 62 16
30 24 16
90 75 15
62 13 19
29 65 20
48 78 11
20 16 2
6 81 8
4 8 9
23 21 9
64 22 9
83 72 6
96 11 17
41 75 19
25 67 13
99 16 12
44 80 18
85 81 14
38 6 13
57 19 18
2 83 4
76 32 19
15 22 13
92 13 14
18 27 20
59 65 5
97 91 2
50 16 18
91 17 10
36 81 1
55 94 1
8 19 16
94 22 15
27 32 10
11 24 11
71 75 19
30 37 12
84 14 9
29 78 2
48 91 6
87 19 12
6 94 16
4 21 10
45 22 4
64 35 1
22 38 5
25 80 10
66 81 18
85 94 1
38 19 7
24 84 16
98 33 17
43 97 4
57 32 11
15 35 6
59 78 10
18 40 19
78 91 8
17 81 11
91 30 17
36 94 3
77 95 1
75 22 1
94 35 12
33 25 11
52 38 6
84 27 15
10 41 19
87 32 17
54 84 9
73 97 15
45 35 13
86 36 14
3 38 5
89 41 13
22 51 6
66 94 4
79 33 20
24 97 15
98 46 14
63 25 6
82 38 17
40 41 20
17 94 7
58 95 7
75 35 14
33 38 10
52 51 4
93 52 4
10 54 9
54 97 15
67 36 3
86 49 12
70 41 6
89 54 18
47 57 4
88 95 18
46 98 4
5 60 13
79 46 18
63 38 8
82 51 17
21 41 6
40 54 8
72 6 5
14 1 16
74 52 8
93 65 12
32 55 18
65 3 20
51 68 9
68 8 7
35 60 6
26 11 10
67 49 18
70 54 9
9 44 4
28 57 18
47 70 9
60 9 5
5 73 17
44 1 17
21 54 9
62 55 13
81 68 1
53 6 4
39 71 9
56 11 3
97 12 19
74 65 11
13 55 11
32 68 5
51 81 18
16 60 5
90 9 12
35 73 16
7 11 18
48 12 4
92 55 10
6 15 1
9 57 11
50 58 3
83 6 14
69 71 18
41 9 9
60 22 1
27 74 6
25 1 11
44 14 15
30 79 10
2 17 14
62 68 14
34 6 4
20 71 5
39 84 14
37 11 3
78 12 1
23 76 11
97 25 10
4 63 6
36 15 10
96 66 8
55 28 16
13 68 13
99 71 11
71 9 7
16 73 1
90 22 18
57 74 1
76 87 13
29 12 10
48 25 18
6 28 11
92 68 9
50 71 11
69 84 2
8 74 20
27 87 5
25 14 13
66 15 12
11 79 13
85 28 1
30 92 6
2 30 6
43 31 6
84 69 2
87 74 14
1 34 12
59 12 16
4 76 16
78 25 12
23 89 12
64 90 20
17 15 18
36 28 10
55 41 4
96 79 2
22 93 8
99 84 13
38 74 12
57 87 6
29 25 1
15 90 7
73 31 18
18 95 10
31 34 12
91 85 6
8 87 6
94 90 19
66 28 1
11 92 6
52 93 16
85 41 17
24 31 14
84 82 14
43 44 9
1 47 20
59 25 15
45 90 5
17 28 15
58 29 4
3 93 2
77 42 14
61 34 17
80 47 2
38 87 12
79 88 15
82 93 13
54 31 6
73 44 4
12 34 17
31 47 5
91 98 10
75 90 11
88 29 4
33 93 10
24 44 17
65 45 17
68 50 17
26 53 19
58 42 4
77 55 19
42 34 20
61 47 8
80 60 9
0 37 18
19 50 19
63 93 12
51 2 8
54 44 15
95 45 14
21 96 2
12 47 20
53 48 11
72 61 8
56 53 17
89 1 2
47 4 18
88 42 19
46 45 1
5 7 14
65 58 9
49 50 17
68 63 1
7 53 6
81 2 11
26 66 5
39 5 13
42 47 17
83 48 10
0 50 18
19 63 13
60 64 2
32 2 16
51 15 11
35 7 2
95 58 3
34 48 2
53 61 16
72 74 12
37 53 3
56 66 13
28 4 6
69 5 20
14 69 14
46 58 10
49 63 10
90 64 10
62 2 16
7 66 15
48 67 8
81 15 16
20 5 14
39 18 9
23 10 19
83 61 1
96 0 12
41 64 6
60 77 10
25 56 11
99 5 19
44 69 2
13 2 10
16 7 14
57 8 13
2 72 3
76 21 12
34 61 20
92 2 8
37 66 13
78 67 19
97 80 18
50 5 5
69 18 5
14 82 6
55 83 8
27 21 3
11 13 16
30 26 17
71 64 12
90 77 14
84 3 19
29 67 7
48 80 20
87 8 19
20 18 8
6 83 8
4 10 8
64 24 10
96 13 11
41 77 1
25 69 2
99 18 13
44 82 3
85 83 13
38 8 12
57 21 12
2 85 9
76 34 11
43 86 20
15 24 19
59 67 5
18 29 16
78 80 16
97 93 13
50 18 2
91 19 7
36 83 19
17 70 1
55 96 1
8 21 11
94 24 2
11 26 18
71 77 10
84 16 14
29 80 10
87 21 7
73 86 16
6 96 13
45 24 7
64 37 4
3 27 6
22 40 12
66 83 18
85 96 11
38 21 18
79 22 12
24 86 10
98 35 15
43 99 10
82 27 12
15 37 1
59 80 19
18 42 20
17 83 12
91 32 13
36 96 1
77 97 4
75 24 14
94 37 16
33 27 12
52 40 20
10 43 1
54 86 12
73 99 1
45 37 14
86 38 20
12 89 5
3 40 14
89 43 18
22 53 15
66 96 9
79 35 10
24 99 16
98 48 3
63 27 3
82 40 3
40 43 17
58 97 4
75 37 16
42 89 17
33 40 10
74 41 4
93 54 10
10 56 8
51 57 18
54 99 20
67 38 16
26 0 4
86 51 10
70 43 12
89 56 16
28 46 2
47 59 4
88 97 13
5 62 10
63 40 7
21 43 13
40 56 3
81 57 19
72 8 17
56 0 15
14 3 10
74 54 12
93 67 18
32 57 3
51 70 13
35 62 5
7 0 10
67 51 14
26 13 18
70 56 8
9 46 6
28 59 17
47 72 18
60 11 4
5 75 16
44 3 4
2 6 20
62 57 16
81 70 2
53 8 8
20 60 17
39 73 7
37 0 15
23 65 9
97 14 3
56 13 4
14 16 7
55 17 6
96 55 3
13 57 3
32 70 7
16 62 17
90 11 10
35 75 14
29 1 1
48 14 20
92 57 18
6 17 14
9 59 14
83 8 2
50 60 20
69 73 17
41 11 6
27 76 12
25 3 8
44 16 17
85 17 11
30 81 5
2 19 9
62 70 17
20 73 1
39 86 17
59 1 14
4 65 15
78 14 20
23 78 12
97 27 16
36 17 17
55 30 8
96 68 11
99 73 16
71 11 14
16 75 14
57 76 15
76 89 17
29 14 18
48 27 3
15 79 19
6 30 2
92 70 17
18 84 3
50 73 8
69 86 16
8 76 6
27 89 6
25 16 3
66 17 8
11 81 7
85 30 13
30 94 7
24 20 16
84 71 18
43 33 20
87 76 9
1 36 11
59 14 9
4 78 14
45 79 6
78 27 8
64 92 15
36 30 18
77 31 9
22 95 5
80 36 15
38 76 10
57 89 6
98 90 14
15 92 11
54 20 3
73 33 8
18 97 11
31 36 19
91 87 6
75 79 14
8 89 8
94 92 13
66 30 1
11 94 11
52 95 20
24 33 10
10 98 19
43 46 9
87 89 8
1 49 8
45 92 4
17 30 11
58 31 20
3 95 13
77 44 18
61 36 8
80 49 7
19 39 16
79 90 14
82 95 8
54 33 5
73 46 1
40 98 12
12 36 19
31 49 1
72 50 10
75 92 16
88 31 19
33 95 12
46 34 12
65 47 17
49 39 3
68 52 9
26 55 5
67 93 12
70 98 5
58 44 11
42 36 9
61 49 12
0 39 17
19 52 12
93 1 15
63 95 4
51 4 17
21 98 17
95 47 5
12 49 1
53 50 9
72 63 18
56 55 3
14 58 12
47 6 3
88 44 18
5 9 14
46 47 8
65 60 12
49 52 8
68 65 3
7 55 18
81 4 8
26 68 6
39 7 3
42 49 5
83 50 12
0 52 11
74 1 18
41 53 3
60 66 10
44 58 7
32 4 20
35 9 13
95 60 12
34 50 11
53 63 7
37 55 7
56 68 5
97 69 15
69 7 7
14 71 4
27 10 18
71 53 11
30 15 2
90 66 16
62 4 2
7 68 3
48 69 2
20 7 2
6 72 19
39 20 17
23 12 20
83 63 2
96 2 10
41 66 19
60 79 15
25 58 16
99 7 8
44 71 11
13 4 16
16 9 3
57 10 7
2 74 15
76 23 20
34 63 20
92 4 13
37 68 13
78 69 16
97 82 17
50 7 9
69 20 7
36 72 15
55 85 7
8 10 17
27 23 18
11 15 9
71 66 2
30 28 16
90 79 13
84 5 15
29 69 3
48 82 7
87 10 7
6 85 7
4 12 20
64 26 13
96 15 5
22 29 10
25 71 18
66 72 8
99 20 6
38 10 11
57 23 2
2 87 17
43 88 5
98 24 9
15 26 8
59 69 3
18 31 8
78 82 18
17 72 17
91 21 12
36 85 3
55 98 17
75 13 9
8 23 14
94 26 17
11 28 7
52 29 4
84 18 16
29 82 5
87 23 19
73 88 15
45 26 8
31 91 15
64 39 15
3 29 6
22 42 4
66 85 9
85 98 13
38 23 15
79 24 8
24 88 14
98 37 5
82 29 8
15 39 2
59 82 15
18 44 14
17 85 3
58 86 7
91 34 15
77 99 17
75 26 17
61 91 19
94 39 15
33 29 14
52 42 13
10 45 14
54 88 17
67 27 7
12 91 17
86 40 5
3 42 6
89 45 8
47 48 3
88 86 4
79 37 2
63 29 2
82 42 12
21 32 12
40 45 13
58 99 16
42 91 4
0 94 5
74 43 3
33 42 19
93 56 18
10 58 11
51 59 1
26 2 12
67 40 4
86 53 14
70 45 13
89 58 1
28 48 11
47 61 12
88 99 13
60 0 9
5 64 10
63 42 6
21 45 17
40 58 20
81 59 19
39 62 5
72 10 13
56 2 18
14 5 2
74 56 11
93 69 12
13 46 17
32 59 12
51 72 16
16 51 2
90 0 1
35 64 14
7 2 7
48 3 9
92 46 5
9 48 11
28 61 14
69 62 10
41 0 5
60 13 5
5 77 16
44 5 8
2 8 6
62 59 1
81 72 5
20 62 20
39 75 2
37 2 18
78 3 5
23 67 3
97 16 13
14 18 3
96 57 1
55 19 10
13 59 12
99 62 18
32 72 12
71 0 8
16 64 15
90 13 19
35 77 5
76 78 19
29 3 14
48 16 16
6 19 16
92 59 14
9 61 8
50 62 17
69 75 7
41 13 20
8 65 15
27 78 12
25 5 19
44 18 5
11 70 8
30 83 16
85 19 18
2 21 10
43 22 4
20 75 15
59 3 10
4 67 15
78 16 10
23 80 7
97 29 18
64 81 4
17 6 18
36 19 9
55 32 10
96 70 5
99 75 15
71 13 14
38 65 7
57 78 2
76 91 18
29 16 8
15 81 5
73 22 19
6 32 17
18 86 5
50 75 6
91 76 7
8 78 7
94 81 8
27 91 12
66 19 16
11 83 10
85 32 5
30 96 16
24 22 5
84 73 14
43 35 4
1 38 19
87 78 14
59 16 13
4 80 9
45 81 14
64 94 12
17 19 7
36 32 12
77 33 4
3 84 5
22 97 6
80 38 6
38 78 9
57 91 15
98 92 10
15 94 9
54 22 14
73 35 16
18 99 1
12 25 18
31 38 8
91 89 7
75 81 16
33 84 3
66 32 16
52 97 13
24 35 10
65 36 2
68 41 7
1 51 14
87 91 14
45 94 9
86 95 19
58 33 8
3 97 5
77 46 20
42 25 12
61 38 1
80 51 6
19 41 13
79 92 10
63 84 8
82 97 15
54 35 8
95 36 2
12 38 19
31 51 19
72 52 5
75 94 2
88 33 4
33 97 4
46 36 18
65 49 16
49 41 18
68 54 15
7 44 7
67 95 1
26 57 3
58 46 18
42 38 11
61 51 20
0 41 15
19 54 15
93 3 8
60 55 11
63 97 14
51 6 3
95 49 16
34 39 3
53 52 17
72 65 6
37 44 11
56 57 2
88 46 17
14 60 12
46 49 12
5 11 10
49 54 9
90 55 1
7 57 14
81 6 17
26 70 19
39 9 1
23 1 19
83 52 17
0 54 14
41 55 13
60 68 8
32 6 2
44 60 12
2 63 3
35 11 9
76 12 2
34 52 1
53 65 10
37 57 2
56 70 3
97 71 9
69 9 3
14 73 1
55 74 1
27 12 10
30 17 6
71 55 11
90 68 4
62 6 8
29 58 3
48 71 1
20 9 7
6 74 15
39 22 17
4 1 12
23 14 16
83 65 16
96 4 15
41 68 4
25 60 10
99 9 2
44 73 8
85 74 12
57 12 1
2 76 2
76 25 15
59 58 4
18 20 4
92 6 3
78 71 18
97 84 19
50 9 8
91 10 15
36 74 6
55 87 16
8 12 13
27 25 2
11 17 1
71 68 2
84 7 17
29 71 8
48 84 7
87 12 3
6 87 4
4 14 7
45 15 10
64 28 10
22 31 11
25 73 15
66 74 2
85 87 20
38 12 5
24 77 19
98 26 11
43 90 12
57 25 1
15 28 18
1 93 12
59 71 20
18 33 8
78 84 8
17 74 20
91 23 1
36 87 16
77 88 1
75 15 6
94 28 13
11 30 14
52 31 19
10 34 7
84 20 20
87 25 1
54 77 14
73 90 17
45 28 18
64 41 4
31 93 20
3 31 12
22 44 16
66 87 8
79 26 15
24 90 5
98 39 14
82 31 15
40 34 18
17 87 4
58 88 6
75 28 10
61 93 9
33 31 19
52 44 13
93 45 20
10 47 13
54 90 14
67 29 15
12 93 3
86 42 10
70 34 14
3 44 16
89 47 1
47 50 9
79 39 1
5 53 20
46 91 5
63 31 1
82 44 1
49 96 5
21 34 2
40 47 20
42 93 7
33 44 17
74 45 2
0 96 13
93 58 19
32 48 18
51 61 19
35 53 17
68 1 17
26 4 7
67 42 17
70 47 1
89 60 11
9 37 11
28 50 17
47 63 2
60 2 9
5 66 19
21 47 5
62 48 15
81 61 11
39 64 14
56 4 10
97 5 11
14 7 9
74 58 10
13 48 13
32 61 3
51 74 14
16 53 2
90 2 16
35 66 16
7 4 14
48 5 12
92 48 16
6 8 6
9 50 11
28 63 18
69 64 3
41 2 13
60 15 7
27 67 15
44 7 6
30 72 16
2 10 16
62 61 14
81 74 5
20 64 20
39 77 7
4 56 2
37 4 12
23 69 18
97 18 2
78 5 3
36 8 8
55 21 17
96 59 14
13 61 13
99 64 4
71 2 9
16 66 7
90 15 19
57 67 1
76 80 3
29 5 15
48 18 19
92 61 17
6 21 7
50 64 9
69 77 15
8 67 8
27 80 9
25 7 17
66 8 11
11 72 5
85 21 14
30 85 9
2 23 1
43 24 12
84 62 11
1 27 3
87 67 4
20 77 14
59 5 2
4 69 16
78 18 1
23 82 2
64 83 6
17 8 3
36 21 13
55 34 14
22 86 12
96 72 5
99 77 15
38 67 9
57 80 13
76 93 9
29 18 8
15 83 4
73 24 12
18 88 5
31 27 4
50 77 17
91 78 17
8 80 2
94 83 3
66 21 16
11 85 15
85 34 12
52 86 12
43 37 20
84 75 12
87 80 12
1 40 4
59 18 14
45 83 15
64 96 15
17 21 9
58 22 2
3 86 13
77 35 13
22 99 17
61 27 4
80 40 12
38 80 11
79 81 18
98 94 6
82 86 17
15 96 3
54 24 3
73 37 16
12 27 14
31 40 11
75 83 18
94 96 7
88 22 14
33 86 16
52 99 16
24 37 1
65 38 7
68 43 16
45 96 10
86 97 6
58 35 20
3 99 6
77 48 9
42 27 13
61 40 7
80 53 5
0 30 14
19 43 15
79 94 1
63 86 19
82 99 16
21 89 6
95 38 4
54 37 18
12 40 12
53 41 12
72 54 7
56 46 6
75 96 11
88 35 16
33 99 14
5 0 8
46 38 18
65 51 8
49 43 12
68 56 18
7 46 9
26 59 9
67 97 15
42 40 18
83 41 3
0 43 11
19 56 9
60 57 12
63 99 14
51 8 11
35 0 4
95 51 14
34 41 8
53 54 2
72 67 12
37 46 16
56 59 8
14 62 15
46 51 20
5 13 16
49 56 10
90 57 4
7 59 5
48 60 16
81 8 7
39 11 13
23 3 3
83 54 10
41 57 6
60 70 3
25 49 14
44 62 1
16 0 2
2 65 19
35 13 16
76 14 12
34 54 19
37 59 3
78 60 19
97 73 4
69 11 6
14 75 2
55 76 15
8 1 13
27 14 16
11 6 17
30 19 15
71 57 6
90 70 15
29 60 9
48 73 10
20 11 3
6 76 4
4 3 8
23 16 6
64 17 19
96 6 15
41 70 9
25 62 14
99 11 19
44 75 3
85 76 17
38 1 2
57 14 1
2 78 15
76 27 3
15 17 18
18 22 18
59 60 17
78 73 19
97 86 20
17 63 5
91 12 18
36 76 16
50 11 2
55 89 17
8 14 17
94 17 2
11 19 17
71 70 12
30 32 16
84 9 7
29 73 10
87 14 19
73 79 8
6 89 11
4 16 8
45 17 20
64 30 18
3 20 3
22 33 14
66 76 3
85 89 4
38 14 11
57 27 19
98 28 3
43 92 19
24 79 10
15 30 11
1 95 8
18 35 20
59 73 7
17 76 9
91 25 19
36 89 19
77 90 7
75 17 9
94 30 6
80 95 16
33 20 17
52 33 14
10 36 11
54 79 10
73 92 12
45 30 3
86 31 15
31 95 3
3 33 3
89 36 13
22 46 17
66 89 15
79 28 2
24 92 19
98 41 6
63 20 20
82 33 9
40 36 10
58 90 19
42 82 2
75 30 11
61 95 5
19 98 7
93 47 11
52 46 15
10 49 5
51 50 5
54 92 19
95 93 6
67 31 12
12 95 5
86 44 5
70 36 2
89 49 11
28 39 5
47 52 5
88 90 3
46 93 12
5 55 7
63 33 15
82 46 9
49 98 16
21 36 17
40 49 11
81 50 2
72 1 17
42 95 10
0 98 4
74 47 18
93 60 1
32 50 13
51 63 11
35 55 6
26 6 11
67 44 1
70 49 1
9 39 18
28 52 11
47 65 10
60 4 1
5 68 17
21 49 10
62 50 15
81 63 20
20 53 17
53 1 14
39 66 12
23 58 10
97 7 10
56 6 12
14 9 9
55 10 9
74 60 16
13 50 13
32 63 11
16 55 8
90 4 8
35 68 17
76 69 9
48 7 5
92 50 12
6 10 8
9 52 2
83 1 19
50 53 3
69 66 10
41 4 6
27 69 11
44 9 15
85 10 4
30 74 8
2 12 2
62 63 7
20 66 15
39 79 6
4 58 19
78 7 13
23 71 14
97 20 3
36 10 14
55 23 12
96 61 7
13 63 2
99 66 19
71 4 12
16 68 8
57 69 19
76 82 7
29 7 5
15 72 9
48 20 18
92 63 3
18 77 3
6 23 13
50 66 18
69 79 5
8 69 1
27 82 10
25 9 17
66 10 10
11 74 19
85 23 7
30 87 6
24 13 1
43 26 17
84 64 3
87 69 7
1 29 18
59 7 15
4 71 7
78 20 16
45 72 13
64 85 16
17 10 16
36 23 11
77 24 20
22 88 7
96 74 9
80 29 7
99 79 8
38 69 18
57 82 6
98 83 9
15 85 9
54 13 7
73 26 19
18 90 14
31 29 9
91 80 8
75 72 1
8 82 2
94 85 6
66 23 16
11 87 17
52 88 15
24 26 19
10 91 19
43 39 2
84 77 2
1 42 16
87 82 11
45 85 2
64 98 11
17 23 15
58 24 2
3 88 16
77 37 20
61 29 17
80 42 16
19 32 4
38 82 6
79 83 13
98 96 8
82 88 19
54 26 8
73 39 11
40 91 8
12 29 1
31 42 19
72 43 6
91 93 9
75 85 14
94 98 11
88 24 10
33 88 20
46 27 2
65 40 11
49 32 11
68 45 6
26 48 4
67 86 1
86 99 5
70 91 19
58 37 19
42 29 7
61 42 10
0 32 18
19 45 9
79 96 13
63 88 13
21 91 9
95 40 2
12 42 11
53 43 20
72 56 7
56 48 15
88 37 2
46 40 7
5 2 16
65 53 13
49 45 7
68 58 5
7 48 7
26 61 7
67 99 12
39 0 7
9 94 20
83 43 6
0 45 6
41 46 2
60 59 3
51 10 9
35 2 16
95 53 3
34 43 7
53 56 15
37 48 16
56 61 19
97 62 1
69 0 18
14 64 9
27 3 13
30 8 14
71 46 5
90 59 17
7 61 12
81 10 15
48 62 9
20 0 18
39 13 17
23 5 3
83 56 1
41 59 19
60 72 15
25 51 17
99 0 13
44 64 9
16 2 10
57 3 18
2 67 14
76 16 6
34 56 11
37 61 12
78 62 1
97 75 11
50 0 20
69 13 10
14 77 20
55 78 20
8 3 13
27 16 12
11 8 11
71 59 17
30 21 18
90 72 12
29 62 16
48 75 9
87 3 3
20 13 15
6 78 18
4 5 6
23 18 15
64 19 11
96 8 13
25 64 13
66 65 4
99 13 7
85 78 3
38 3 2
57 16 20
2 80 11
76 29 4
43 81 11
15 19 11
18 24 13
59 62 20
78 75 3
17 65 15
91 14 9
36 78 14
55 91 7
8 16 4
94 19 2
11 21 19
52 22 8
84 11 15
29 75 3
87 16 20
73 81 14
6 91 19
45 19 5
64 32 18
3 22 5
22 35 10
66 78 10
85 91 8
38 16 5
79 17 11
24 81 13
98 30 2
43 94 2
82 22 17
15 32 15
1 97 19
59 75 5
18 37 7
17 78 9
91 27 2
77 92 10
75 19 15
94 32 6
80 97 8
33 22 3
52 35 15
10 38 12
54 81 19
73 94 9
12 84 7
45 32 17
86 33 9
31 97 17
3 35 15
89 38 8
47 41 10
88 79 10
79 30 15
24 94 8
98 43 17
65 95 10
63 22 15
82 35 6
21 25 16
40 38 4
58 92 2
75 32 2
42 84 1
61 97 2
33 35 13
74 36 9
93 49 5
10 51 10
51 52 15
54 94 14
67 33 7
12 97 11
86 46 17
70 38 2
89 51 12
28 41 12
47 54 17
88 92 12
46 95 20
5 57 12
63 35 17
21 38 4
40 51 13
81 52 16
39 55 14
72 3 11
42 97 11
74 49 7
93 62 20
13 39 17
32 52 19
51 65 12
16 44 20
35 57 15
67 46 6
34 98 10
70 51 13
9 41 5
28 54 19
69 55 6
60 6 3
5 70 11
2 1 16
62 52 3
81 65 18
20 55 15
39 68 15
23 60 19
97 9 17
14 11 8
55 12 13
96 50 8
13 52 18
99 55 10
32 65 7
16 57 5
90 6 4
35 70 19
76 71 1
48 9 5
6 12 1
92 52 8
9 54 6
50 55 16
69 68 1
41 6 5
8 58 3
27 71 18
11 63 4
85 12 12
30 76 17
44 11 1
2 14 8
43 15 1
62 65 2
20 68 8
4 60 7
78 9 13
23 73 7
64 74 10
97 22 3
36 12 15
96 63 2
55 25 19
99 68 12
38 58 18
71 6 11
57 71 16
76 84 12
29 9 9
15 74 5
73 15 16
6 25 4
18 79 10
92 65 11
50 68 20
91 69 17
8 71 7
94 74 13
27 84 3
66 12 12
11 76 3
85 25 12
30 89 6
24 15 8
43 28 10
84 66 16
87 71 11
1 31 1
59 9 12
4 73 3
45 74 19
64 87 7
17 12 5
36 25 14
77 26 13
3 77 6
22 90 3
80 31 8
38 71 9
57 84 18
98 85 13
15 87 6
54 15 7
73 28 1
18 92 19
12 18 19
91 82 16
75 74 1
94 87 19
33 77 19
66 25 18
52 90 15
24 28 20
65 29 11
84 79 1
10 93 3
87 84 1
1 44 8
45 87 17
86 88 14
58 26 6
3 90 20
89 93 9
77 39 6
42 18 5
61 31 10
80 44 8
19 34 5
79 85 7
63 77 4
82 90 15
54 28 3
95 29 1
40 93 16
12 31 12
31 44 9
72 45 17
75 87 8
88 26 2
33 90 14
46 29 18
65 42 3
49 34 1
68 47 4
26 50 16
67 88 17
58 39 18
70 93 20
42 31 11
61 44 10
28 96 9
0 34 7
19 47 14
79 98 18
63 90 14
21 93 13
95 42 16
34 32 9
53 45 8
72 58 14
56 50 4
47 1 6
88 39 18
14 53 17
46 42 8
5 4 10
49 47 19
90 48 2
7 50 14
26 63 11
39 2 9
9 96 4
83 45 11
0 47 19
41 48 12
60 61 5
44 53 4
35 4 15
76 5 8
34 45 4
53 58 9
37 50 4
56 63 5
97 64 18
69 2 6
14 66 7
27 5 20
71 48 9
30 10 14
90 61 16
48 64 19
20 2 6
39 15 19
6 67 15
23 7 20
83 58 3
41 61 14
25 53 1
99 2 19
44 66 15
16 4 6
57 5 19
2 69 1
76 18 15
15 8 2
59 51 3
18 13 17
78 64 17
97 77 5
50 2 7
36 67 13
69 15 12
55 80 15
8 5 6
27 18 19
11 10 10
71 61 8
30 23 9
84 0 1
29 64 18
48 77 2
87 5 11
6 80 16
4 7 8
45 8 6
64 21 2
22 24 5
25 66 7
66 67 9
99 15 17
85 80 10
38 5 12
57 18 3
98 19 8
43 83 5
2 82 7
15 21 15
1 86 19
18 26 17
59 64 17
78 77 4
17 67 7
91 16 5
36 80 7
55 93 11
75 8 18
8 18 16
94 21 11
11 23 20
52 24 9
84 13 19
10 27 8
87 18 1
73 83 15
45 21 4
31 86 3
64 34 14
3 24 3
22 37 8
66 80 16
38 18 19
79 19 17
24 83 18
98 32 19
43 96 2
82 24 15
1 99 5
40 27 16
17 80 5
91 29 4
58 81 1
77 94 1
75 21 19
61 86 6
94 34 12
80 99 11
33 24 6
52 37 20
93 38 2
10 40 3
54 83 7
73 96 3
67 22 10
12 86 12
86 35 8
31 99 6
70 27 4
3 37 15
89 40 14
88 81 12
47 43 4
79 32 18
24 96 5
5 46 3
65 97 14
63 24 15
82 37 16
21 27 13
58 94 19
42 86 14
61 99 9
33 37 13
74 38 4
0 89 18
93 51 2
32 41 18
51 54 9
35 46 18
95 97 15
67 35 3
12 99 20
86 48 16
70 40 20
89 53 9
9 30 10
28 43 20
47 56 17
88 94 20
5 59 1
46 97 5
63 37 10
21 40 16
62 41 2
81 54 6
39 57 8
42 99 16
14 0 20
74 51 2
13 41 15
32 54 10
51 67 2
16 46 5
35 59 2
92 41 1
9 43 16
28 56 2
69 57 17
27 60 10
60 8 17
44 0 8
30 65 5
2 3 12
62 54 7
81 67 20
20 57 5
39 70 17
4 49 19
23 62 10
97 11 7
36 1 6
96 52 2
55 14 4
13 54 13
99 57 9
16 59 9
90 8 7
57 60 2
76 73 2
48 11 14
6 14 19
92 54 17
50 57 15
69 70 3
8 60 14
27 73 14
25 0 20
66 1 4
11 65 12
85 14 6
30 78 7
2 16 15
43 17 2
84 55 14
87 60 1
20 70 18
4 62 2
78 11 14
23 75 17
64 76 18
17 1 18
36 14 19
55 27 10
96 65 1
22 79 2
99 70 13
38 60 18
57 73 8
76 86 5
29 11 12
15 76 11
73 17 12
18 81 8
50 70 9
91 71 12
8 73 1
94 76 12
66 14 11
11 78 9
52 79 8
85 27 5
24 17 2
43 30 20
84 68 10
87 73 17
1 33 11
59 11 15
45 76 12
64 89 1
17 14 14
58 15 13
3 79 18
77 28 12
22 92 6
61 20 14
80 33 8
38 73 15
79 74 2
98 87 19
82 79 17
15 89 7
54 17 3
73 30 4
18 94 17
12 20 19
31 33 7
91 84 7
75 76 17
94 89 10
88 15 10
33 79 10
52 92 14
24 30 13
65 31 7
10 95 3
68 36 13
1 46 12
45 89 15
86 90 3
58 28 14
3 92 11
89 95 9
77 41 19
42 20 15
61 33 6
80 46 13
47 98 1
19 36 5
79 87 6
63 79 10
82 92 12
21 82 11
54 30 11
40 95 7
95 31 13
12 33 5
72 47 5
75 89 14
88 28 5
33 92 8
74 93 17
46 31 9
65 44 7
49 36 7
68 49 5
7 39 8
67 90 16
26 52 19
70 95 8
42 33 19
83 34 6
28 98 15
0 36 9
19 49 15
60 50 9
63 92 11
51 1 20
21 95 5
95 44 9
53 47 14
72 60 12
37 39 9
56 52 4
14 55 19
13 96 18
5 6 18
46 44 13
90 50 9
7 52 3
81 1 13
26 65 6
39 4 14
9 98 19
83 47 10
41 50 5
60 63 3
32 1 16
44 55 19
2 58 6
76 7 7
35 6 15
34 47 10
37 52 13
56 65 10
97 66 2
69 4 9
14 68 13
55 69 7
27 7 4
71 50 10
30 12 14
90 63 20
62 1 11
29 53 15
48 66 16
20 4 17
6 69 19
23 9 2
64 10 3
41 63 9
25 55 5
99 4 1
44 68 4
85 69 8
57 7 12
2 71 15
76 20 4
15 10 11
59 53 8
18 15 6
92 1 7
78 66 11
97 79 7
50 4 12
91 5 7
36 69 1
55 82 5
8 7 2
94 10 8
27 20 17
11 12 2
71 63 16
30 25 17
84 2 16
29 66 19
48 79 18
87 7 5
6 82 3
4 9 16
45 10 19
64 23 7
3 13 5
22 26 11
66 69 13
85 82 17
38 7 1
57 20 7
98 21 16
24 72 8
43 85 18
15 23 9
1 88 18
59 66 15
18 28 11
17 69 13
91 18 6
36 82 20
77 83 8
75 10 1
94 23 7
80 88 2
33 13 12
52 26 1
84 15 14
10 29 18
54 72 10
87 20 2
73 85 2
45 23 1
86 24 10
31 88 6
3 26 4
89 29 17
22 39 9
66 82 9
79 21 20
24 85 10
98 34 3
43 98 8
63 13 15
82 26 12
40 29 7
17 82 5
58 83 8
77 96 3
75 23 4
61 88 11
33 26 16
52 39 14
19 91 8
93 40 15
10 42 20
51 43 17
54 85 17
73 98 8
67 24 18
12 88 17
86 37 4
70 29 2
89 42 6
28 32 5
47 45 14
88 83 11
79 34 1
5 48 19
46 86 6
65 99 7
63 26 1
49 91 18
82 39 10
21 29 11
40 42 12
81 43 16
58 96 6
42 88 20
0 91 3
74 40 19
93 53 17
32 43 10
51 56 1
35 48 18
95 99 6
67 37 11
70 42 5
9 32 16
28 45 4
88 96 5
47 58 9
5 61 18
46 99 7
21 42 12
62 43 9
81 56 6
20 46 20
39 59 1
23 51 12
97 0 15
14 2 2
74 53 20
13 43 20
32 56 15
16 48 9
35 61 13
76 62 16
48 0 9
6 3 16
92 43 17
9 45 1
50 46 7
69 59 7
27 62 16
44 2 10
85 3 3
30 67 3
2 5 12
62 56 12
20 59 1
39 72 14
4 51 19
78 0 3
23 64 5
97 13 1
36 3 9
55 16 10
96 54 9
13 56 8
99 59 14
16 61 5
57 62 6
76 75 11
29 0 19
15 65 9
48 13 7
18 70 20
92 56 4
6 16 14
50 59 5
69 72 10
8 62 4
27 75 5
25 2 8
66 3 12
11 67 11
85 16 2
30 80 17
2 18 13
84 57 8
43 19 1
1 22 11
87 62 1
59 0 16
4 64 7
45 65 20
78 13 3
64 78 11
17 3 2
36 16 15
96 67 8
22 81 9
99 72 7
38 62 1
57 75 11
98 76 14
15 78 15
54 6 12
73 19 20
18 83 5
31 22 1
91 73 14
75 65 18
8 75 5
94 78 14
66 16 20
11 80 6
52 81 15
24 19 16
43 32 14
84 70 11
1 35 14
87 75 19
45 78 8
64 91 14
17 16 2
58 17 13
3 81 8
77 30 8
22 94 2
61 22 8
80 35 2
38 75 15
79 76 6
98 89 10
82 81 7
54 19 11
73 32 14
40 84 18
12 22 6
31 35 16
91 86 6
75 78 18
94 91 20
88 17 18
33 81 12
52 94 11
93 95 8
65 33 20
10 97 12
68 38 2
26 41 1
67 79 18
86 92 13
70 84 20
3 94 10
89 97 10
58 30 14
42 22 8
61 35 10
80 48 13
0 25 8
19 38 16
79 89 9
63 81 11
82 94 6
21 84 12
95 33 2
40 97 18
12 35 13
53 36 19
72 49 9
56 41 14
88 30 6
33 94 6
74 95 6
46 33 2
32 98 18
65 46 7
49 38 11
68 51 11
7 41 13
26 54 2
67 92 6
70 97 19
9 87 18
42 35 19
83 36 14
0 38 4
19 51 17
60 52 15
63 94 12
51 3 15
21 97 8
62 98 20
95 46 5
34 36 18
53 49 7
72 62 20
37 41 5
56 54 11
14 57 18
13 98 10
30 1 10
90 52 18
7 54 11
48 55 1
81 3 20
92 98 11
39 6 20
83 49 2
41 52 12
60 65 8
25 44 11
44 57 17
2 60 14
76 9 14
34 49 11
37 54 5
78 55 16
97 68 8
69 6 2
14 70 2
55 71 14
27 9 18
11 1 3
30 14 2
71 52 9
90 65 16
29 55 1
48 68 3
20 6 12
6 71 9
23 11 1
64 12 2
96 1 3
22 15 9
41 65 16
25 57 13
99 6 6
44 70 15
85 71 9
57 9 14
2 73 5
43 74 8
76 22 8
15 12 1
18 17 9
59 55 14
78 68 20
97 81 7
50 6 3
17 58 18
36 71 19
91 7 2
55 84 10
8 9 3
94 12 18
11 14 19
52 15 1
84 4 11
29 68 1
87 9 6
73 74 4
6 84 3
45 12 3
64 25 5
3 15 19
22 28 13
66 71 18
85 84 16
38 9 9
79 10 16
24 74 17
98 23 13
43 87 12
82 15 12
15 25 4
1 90 5
59 68 3
18 30 15
17 71 13
91 20 9
36 84 12
77 85 5
75 12 12
94 25 9
80 90 4
33 15 1
52 28 4
10 31 20
54 74 17
73 87 8
12 77 6
45 25 20
31 90 7
86 26 9
3 28 13
89 31 10
47 34 4
66 84 17
79 23 10
24 87 15
65 88 16
98 36 7
63 15 11
82 28 6
68 93 4
21 18 18
40 31 5
58 85 10
77 98 2
75 25 7
42 77 2
61 90 17
33 28 10
74 29 11
19 93 4
93 42 10
10 44 10
51 45 19
54 87 5
95 88 14
67 26 16
12 90 5
86 39 9
70 31 2
89 44 3
28 34 19
88 85 16
5 50 18
46 88 2
63 28 18
49 93 12
21 31 14
7 96 2
81 45 16
40 44 12
39 48 12
58 98 5
42 90 9
0 93 15
74 42 2
93 55 16
13 32 1
32 45 13
51 58 1
16 37 9
35 50 12
67 39 8
34 91 19
26 1 10
70 44 18
37 96 2
9 34 18
28 47 14
69 48 10
88 98 18
5 63 1
62 45 19
81 58 9
20 48 2
39 61 15
23 53 6
97 2 10
14 4 4
55 5 18
96 43 18
13 45 8
99 48 17
32 58 10
16 50 1
35 63 10
76 64 8
48 2 12
92 45 3
6 5 10
9 47 19
50 48 13
69 61 11
8 51 16
27 64 20
11 56 11
85 5 5
30 69 5
44 4 3
2 7 14
62 58 6
20 61 16
4 53 16
78 2 8
23 66 1
64 67 2
97 15 6
36 5 8
55 18 15
96 56 2
99 61 10
38 51 1
57 64 2
76 77 17
29 2 6
15 67 16
18 72 19
6 18 9
92 58 1
50 61 9
91 62 3
8 64 10
94 67 16
27 77 8
66 5 5
11 69 6
85 18 1
30 82 14
24 8 12
84 59 14
43 21 10
87 64 10
1 24 8
59 2 12
4 66 5
45 67 8
64 80 8
17 5 20
3 70 11
77 19 11
36 18 7
22 83 3
80 24 2
38 64 11
57 77 6
98 78 13
15 80 2
54 8 17
73 21 1
18 85 10
31 24 12
91 75 10
75 67 10
94 80 13
33 70 11
66 18 20
52 83 14
24 21 14
84 72 5
10 86 6
43 34 3
87 77 14
1 37 19
45 80 18
86 81 4
58 19 7
3 83 20
77 32 9
22 96 16
89 86 18
61 24 16
80 37 17
19 27 18
79 78 19
98 91 13
63 70 1
82 83 10
54 21 10
40 86 4
12 24 17
31 37 12
72 38 6
75 80 19
88 19 1
33 83 3
52 96 14
93 97 19
46 22 17
65 35 5
10 99 8
49 27 13
68 40 3
67 81 19
26 43 3
86 94 7
70 86 8
58 32 13
89 99 14
42 24 20
61 37 5
0 27 3
19 40 11
79 91 18
63 83 19
82 96 20
21 86 9
95 35 1
40 99 13
12 37 11
53 38 16
72 51 11
56 43 12
88 32 13
14 46 19
74 97 19
46 35 15
65 48 8
49 40 8
68 53 4
7 43 4
26 56 16
67 94 4
70 99 10
9 89 3
83 38 2
0 40 18
60 54 7
44 46 4
21 99 12
34 38 10
53 51 2
37 43 4
97 57 5
14 59 3
71 41 13
30 3 6
90 54 16
7 56 3
48 57 6
39 8 4
6 60 16
23 0 10
83 51 14
41 54 13
60 67 16
25 46 13
44 59 14
2 62 7
76 11 12
15 1 7
34 51 4
18 6 16
37 56 5
78 57 1
97 70 7
36 60 10
69 8 10
55 73 4
27 11 12
11 3 4
71 54 11
30 16 13
90 67 4
29 57 14
48 70 9
6 73 7
4 0 20
45 1 4
64 14 16
96 3 1
22 17 13
25 59 14
99 8 14
66 60 13
85 73 17
57 11 5
98 12 7
43 76 2
2 75 7
15 14 5
1 79 17
18 19 15
59 57 18
78 70 20
17 60 18
91 9 3
36 73 15
55 86 19
75 1 16
8 11 10
94 14 16
11 16 12
52 17 14
10 20 20
29 70 20
84 6 9
87 11 4
73 76 13
45 14 10
64 27 13
31 79 11
3 17 16
22 30 14
66 73 18
85 86 1
38 11 3
79 12 17
24 76 8
98 25 7
43 89 10
82 17 9
1 92 7
40 20 20
59 70 17
17 73 17
58 74 5
91 22 13
77 87 12
75 14 5
94 27 18
61 79 19
80 92 13
33 17 6
52 30 7
93 31 15
10 33 6
54 76 1
73 89 1
67 15 15
12 79 2
86 28 1
31 92 6
70 20 14
3 30 13
89 33 11
47 36 9
88 74 11
79 25 8
24 89 6
65 90 19
63 17 5
82 30 18
68 95 17
21 20 18
40 33 7
26 98 15
58 87 14
42 79 4
61 92 14
0 82 12
74 31 2
19 95 8
93 44 3
33 30 19
32 34 19
51 47 16
35 39 10
54 89 3
95 90 17
67 28 6
12 92 15
86 41 15
53 93 5
70 33 19
56 98 12
89 46 1
9 23 11
28 36 11
88 87 11
47 49 12
46 90 3
5 52 20
63 30 3
49 95 17
21 33 11
62 34 10
7 98 14
81 47 8
39 50 7
42 92 6
83 93 16
0 95 18
74 44 18
13 34 11
32 47 16
51 60 5
16 39 12
35 52 4
34 93 5
92 34 18
37 98 1
9 36 13
28 49 19
69 50 4
60 1 11
62 47 19
81 60 5
20 50 7
39 63 2
4 42 6
23 55 7
97 4 19
14 6 1
96 45 13
55 7 1
13 47 13
99 50 8
16 52 4
90 1 11
57 53 17
76 66 9
48 4 14
92 47 2
6 7 11
69 63 19
8 53 4
27 66 14
44 6 12
85 7 15
11 58 8
30 71 3
2 9 10
43 10 6
84 48 15
87 53 18
20 63 5
4 55 9
78 4 2
23 68 5
64 69 9
97 17 18
36 7 11
96 58 11
55 20 9
99 63 19
38 53 1
57 66 5
76 79 8
29 4 12
15 69 11
73 10 10
6 20 18
18 74 4
50 63 18
91 64 10
8 66 20
94 69 17
66 7 6
11 71 14
85 20 11
24 10 17
84 61 20
43 23 12
87 66 11
1 26 11
59 4 5
45 69 16
64 82 10
17 7 4
3 72 2
36 20 1
22 85 15
77 21 12
80 26 20
38 66 14
79 67 3
98 80 10
82 72 1
15 82 16
54 10 17
73 23 18
18 87 3
12 13 5
31 26 2
91 77 8
75 69 18
94 82 15
33 72 17
52 85 10
24 23 14
65 24 6
10 88 9
68 29 9
1 39 13
45 82 19
86 83 1
58 21 10
3 85 10
77 34 18
22 98 12
89 88 3
42 13 1
61 26 5
80 39 15
19 29 9
79 80 13
98 93 9
63 72 14
82 85 2
54 23 16
95 24 4
40 88 19
12 26 7
31 39 6
72 40 2
75 82 5
88 21 19
33 85 6
74 86 19
93 99 6
46 24 7
65 37 16
49 29 13
68 42 3
7 32 4
26 45 8
67 83 20
86 96 5
70 88 12
58 34 6
42 26 9
61 39 12
28 91 19
0 29 2
19 42 7
60 43 17
63 85 12
21 88 14
95 37 11
34 27 6
53 40 10
72 53 2
37 32 6
56 45 16
14 48 3
74 99 16
46 37 19
49 42 8
90 43 7
7 45 7
26 58 7
67 96 1
9 91 13
83 40 14
0 42 6
41 43 9
60 56 9
44 48 4
2 51 4
76 0 8
34 40 12
37 45 19
56 58 8
97 59 12
14 61 10
55 62 1
27 0 16
30 5 9
71 43 19
90 56 15
29 46 1
48 59 18
6 62 14
23 2 19
64 3 11
83 53 7
41 56 10
25 48 14
44 61 15
85 62 20
57 0 1
2 64 19
76 13 16
15 3 20
18 8 17
59 46 17
78 59 10
97 72 13
36 62 9
55 75 14
8 0 16
94 3 9
27 13 2
11 5 6
30 18 10
71 56 10
29 59 8
48 72 14
87 0 2
6 75 11
4 2 11
45 3 8
64 16 15
3 6 16
22 19 8
25 61 16
66 62 12
85 75 1
38 0 10
24 65 15
57 13 7
43 78 2
98 14 12
15 16 14
1 81 8
18 21 20
78 72 17
17 62 5
91 11 17
36 75 8
77 76 11
75 3 16
94 16 2
80 81 18
33 6 2
52 19 17
84 8 4
10 22 1
54 65 12
87 13 9
73 78 19
45 16 2
86 17 5
31 81 16
3 19 4
89 22 9
22 32 8
66 75 10
79 14 7
24 78 15
98 27 5
43 91 7
63 6 2
82 19 4
1 94 6
40 22 15
17 75 12
58 76 7
77 89 10
75 16 15
61 81 8
80 94 6
33 19 6
52 32 10
19 84 15
93 33 16
10 35 14
54 78 12
73 91 1
67 17 2
12 81 19
86 30 10
31 94 3
72 95 10
70 22 3
89 35 19
28 25 16
88 76 16
47 38 11
46 79 18
79 27 14
65 92 2
5 41 9
63 19 7
82 32 13
49 84 14
68 97 17
21 22 20
40 35 8
81 36 7
58 89 11
42 81 6
61 94 19
0 84 20
74 33 16
19 97 13
93 46 10
32 36 17
51 49 10
35 41 6
95 92 1
67 30 3
12 94 4
53 95 2
70 35 10
9 25 7
28 38 14
88 89 9
47 51 7
46 92 4
5 54 9
49 97 14
21 35 10
62 36 12
81 49 12
20 39 14
39 52 5
42 94 8
83 95 1
0 97 16
74 46 9
41 98 1
13 36 7
32 49 4
16 41 19
35 54 4
34 95 3
92 36 3
9 38 7
50 39 20
69 52 18
60 3 13
27 55 5
71 98 14
30 60 8
62 49 1
20 52 17
39 65 4
4 44 9
23 57 8
97 6 1
55 9 5
96 47 2
13 49 20
99 52 2
16 54 17
57 55 12
76 68 5
48 6 5
6 9 13
92 49 17
50 52 3
69 65 18
8 55 20
27 68 15
11 60 16
85 9 8
30 73 17
2 11 17
84 50 2
43 12 12
1 15 7
87 55 19
4 57 5
78 6 1
64 71 16
36 9 1
22 74 13
55 22 9
96 60 1
99 65 5
38 55 17
57 68 1
98 69 10
29 6 16
15 71 11
73 12 10
18 76 10
31 15 14
91 66 6
75 58 6
8 68 5
94 71 18
66 9 7
11 73 19
52 74 19
85 22 7
24 12 8
84 63 2
43 25 16
87 68 13
1 28 8
45 71 16
64 84 2
17 9 12
58 10 2
3 74 14
77 23 2
22 87 6
61 15 18
80 28 20
38 68 2
79 69 20
98 82 12
82 74 2
54 12 5
73 25 15
18 89 2
12 15 17
31 28 1
91 79 20
75 71 17
94 84 4
88 10 6
33 74 9
52 87 17
24 25 19
65 26 13
10 90 2
68 31 16
26 34 18
67 72 5
86 85 18
58 23 1
3 87 18
89 90 2
77 36 11
42 15 13
61 28 20
47 93 19
80 41 14
0 18 11
19 31 8
79 82 19
63 74 15
82 87 20
54 25 1
95 26 13
40 90 8
21 77 11
12 28 2
53 29 6
72 42 16
56 34 3
88 23 1
33 87 16
74 88 16
46 26 5
65 39 5
49 31 17
68 44 8
7 34 10
26 47 6
67 85 7
86 98 11
70 90 13
42 28 6
83 29 16
28 93 15
0 31 12
19 44 17
60 45 5
63 87 9
21 90 14
95 39 5
34 29 18
53 42 6
72 55 15
37 34 12
56 47 15
14 50 3
46 39 13
13 91 2
16 96 5
90 45 6
49 44 1
7 47 20
92 91 13
9 93 18
83 42 8
41 45 9
60 58 7
25 37 3
44 50 12
2 53 10
76 2 10
34 42 16
37 47 20
78 48 20
97 61 14
14 63 5
55 64 3
27 2 13
30 7 7
71 45 4
90 58 1
29 48 5
48 61 9
6 64 6
23 4 16
64 5 18
41 58 11
25 50 8
44 63 8
85 64 1
57 2 15
2 66 8
43 67 20
76 15 20
15 5 13
18 10 12
59 48 15
78 61 17
97 74 1
17 51 8
91 0 5
36 64 5
55 77 3
8 2 14
94 5 5
11 7 4
52 8 1
71 58 2
29 61 14
87 2 6
73 67 18
6 77 14
45 5 15
64 18 5
3 8 12
22 21 19
66 64 5
85 77 15
38 2 17
79 3 17
24 67 3
98 16 5
43 80 14
82 8 19
15 18 17
1 83 20
59 61 1
18 23 2
17 64 20
91 13 5
36 77 2
77 78 11
75 5 9
94 18 7
80 83 5
33 8 8
52 21 11
10 24 3
54 67 9
73 80 12
45 18 5
86 19 6
31 83 1
12 70 4
3 21 10
89 24 7
66 77 4
79 16 19
24 80 7
98 29 7
65 81 12
63 8 16
82 21 18
68 86 2
1 96 7
21 11 16
40 24 19
58 78 18
77 91 9
75 18 9
42 70 10
61 83 18
80 96 3
33 21 9
74 22 8
19 86 20
93 35 7
10 37 3
51 38 9
54 80 1
95 81 11
67 19 6
12 83 13
86 32 17
31 96 11
72 97 19
70 24 10
89 37 6
28 27 16
88 78 11
47 40 10
5 43 3
46 81 12
65 94 13
63 21 5
49 86 6
68 99 10
21 24 7
7 89 12
81 38 10
40 37 13
58 91 1
42 83 11
61 96 3
0 86 8
74 35 1
19 99 8
93 48 5
13 25 13
32 38 8
35 43 17
95 94 11
34 84 10
67 32 14
53 97 20
37 89 18
70 37 2
9 27 20
28 40 7
88 91 19
46 94 19
5 56 7
49 99 11
62 38 18
81 51 14
20 41 15
39 54 18
23 46 7
83 97 17
96 36 20
0 99 1
13 38 3
99 41 8
32 51 7
16 43 4
35 56 3
76 57 9
34 97 8
92 38 12
9 40 7
50 41 9
69 54 4
27 57 19
30 62 10
2 0 14
62 51 20
20 54 8
39 67 15
4 46 18
23 59 9
97 8 1
55 11 15
96 49 14
99 54 18
38 44 18
76 70 7
15 60 4
48 8 3
18 65 16
92 51 19
6 11 11
50 54 3
91 55 1
8 57 6
27 70 6
11 62 1
85 11 9
30 75 20
24 1 16
84 52 2
43 14 11
1 17 12
87 57 15
4 59 1
78 8 5
45 60 18
64 73 2
36 11 12
77 12 7
22 76 10
80 17 17
38 57 20
57 70 1
98 71 18
15 73 16
54 1 13
73 14 14
18 78 6
31 17 19
91 68 1
75 60 2
94 73 2
66 11 18
11 75 10
52 76 3
24 14 6
43 27 16
10 79 5
84 65 7
87 70 17
1 30 1
45 73 5
64 86 7
17 11 11
58 12 11
3 76 5
77 25 12
22 89 16
61 17 17
80 30 14
19 20 19
79 71 4
98 84 12
82 76 20
54 14 4
40 79 16
73 27 9
12 17 16
31 30 14
72 31 10
75 73 7
88 12 4
33 76 14
52 89 11
93 90 10
46 15 17
65 28 8
10 92 13
49 20 16
68 33 20
67 74 15
26 36 12
86 87 19
58 25 2
70 79 7
3 89 9
89 92 7
42 17 11
61 30 13
47 95 20
0 20 3
19 33 1
5 98 15
79 84 16
63 76 2
82 89 19
21 79 15
95 28 10
40 92 16
12 30 16
53 31 18
72 44 11
56 36 15
14 39 1
33 89 14
74 90 17
88 25 12
46 28 6
32 93 7
65 41 15
49 33 4
35 98 6
68 46 2
7 36 3
26 49 13
67 87 17
70 92 20
9 82 5
42 30 12
28 95 4
83 31 16
0 33 5
41 34 15
60 47 4
44 39 13
21 92 20
95 41 2
62 93 7
34 31 8
53 44 14
37 36 11
56 49 16
97 50 5
14 52 13
13 93 11
71 34 7
16 98 20
90 47 8
7 49 11
48 50 12
39 1 14
6 53 20
92 93 6
9 95 11
83 44 2
41 47 5
25 39 6
44 52 11
2 55 1
76 4 16
34 44 7
37 49 14
78 50 12
97 63 2
69 1 11
36 53 2
55 66 17
27 4 9
71 47 19
30 9 6
90 60 13
29 50 8
48 63 5
6 66 18
64 7 18
22 10 19
25 52 10
66 53 11
99 1 16
85 66 4
57 4 3
98 5 15
2 68 14
43 69 19
15 7 18
1 72 14
59 50 12
18 12 11
78 63 3
17 53 12
91 2 4
36 66 11
55 79 9
8 4 14
94 7 15
11 9 8
52 10 20
29 63 10
87 4 16
73 69 14
45 7 2
31 72 10
64 20 7
3 10 1
22 23 2
85 79 16
38 4 4
79 5 13
24 69 15
98 18 20
43 82 9
82 10 11
1 85 5
59 63 6
17 66 20
91 15 15
58 67 6
77 80 1
75 7 7
61 72 9
94 20 11
80 85 15
33 10 19
52 23 5
10 26 1
54 69 14
73 82 1
67 8 12
12 72 15
86 21 6
31 85 6
70 13 14
3 23 2
89 26 13
88 67 13
47 29 18
79 18 20
24 82 7
65 83 12
63 10 8
82 23 9
68 88 7
21 13 9
40 26 11
58 80 20
77 93 11
42 72 18
61 85 18
80 98 4
0 75 8
74 24 2
33 23 12
93 37 6
19 88 6
10 39 12
51 40 1
54 82 11
95 83 7
67 21 13
12 85 19
53 86 18
86 34 2
72 99 7
70 26 16
89 39 18
56 91 17
28 29 10
88 80 3
47 42 8
5 45 3
46 83 15
65 96 1
63 23 7
49 88 15
21 26 16
62 27 14
7 91 13
81 40 19
39 43 12
42 85 19
83 86 19
0 88 12
74 37 11
13 27 19
32 40 1
51 53 2
16 32 9
35 45 7
95 96 18
34 86 6
53 99 3
92 27 17
37 91 6
9 29 12
28 42 19
69 43 2
5 58 13
46 96 16
62 40 18
81 53 10
20 43 20
39 56 12
23 48 11
83 99 5
55 0 6
96 38 9
13 40 19
99 43 2
25 94 13
16 45 8
35 58 2
76 59 2
34 99 8
6 0 10
92 40 10
50 43 19
69 56 2
8 46 11
27 59 11
11 51 10
85 0 6
30 64 10
84 41 8
43 3 17
20 56 13
4 48 12
23 61 5
97 10 8
64 62 16
36 0 18
96 51 20
55 13 9
99 56 19
38 46 7
57 59 19
76 72 18
15 62 1
73 3 7
6 13 9
18 67 9
50 56 16
91 57 10
8 59 5
94 62 3
27 72 7
66 0 15
11 64 12
85 13 20
30 77 11
24 3 13
84 54 1
43 16 17
87 59 12
1 19 16
4 61 14
45 62 7
64 75 12
17 0 12
36 13 11
77 14 11
22 78 10
3 65 11
80 19 5
38 59 19
57 72 3
98 73 16
15 75 5
54 3 5
73 16 7
18 80 8
12 6 11
31 19 15
91 70 5
75 62 20
94 75 12
33 65 16
66 13 11
52 78 12
24 16 10
65 17 19
10 81 1
68 22 9
1 32 8
45 75 18
86 76 7
58 14 9
3 78 11
89 81 7
77 27 8
22 91 14
42 6 6
61 19 13
80 32 19
19 22 11
79 73 13
98 86 5
63 65 10
82 78 1
54 16 12
95 17 8
40 81 14
12 19 12
31 32 12
72 33 17
88 14 8
33 78 10
52 91 18
93 92 5
46 17 1
65 30 17
10 94 11
51 95 13
49 22 9
68 35 5
7 25 15
67 76 5
26 38 10
86 89 8
58 27 17
70 81 1
89 94 7
42 19 19
61 32 13
28 84 7
47 97 4
0 22 9
19 35 5
60 36 12
63 78 11
82 91 9
21 81 9
95 30 15
40 94 14
81 95 1
34 20 12
53 33 19
72 46 6
37 25 18
56 38 6
88 27 11
14 41 6
74 92 9
46 30 14
32 95 7
49 35 2
90 36 15
7 38 8
67 89 4
26 51 4
70 94 3
9 84 17
83 33 19
28 97 15
0 35 5
41 36 20
60 49 14
44 41 12
2 44 8
21 94 9
62 95 2
34 33 18
20 98 7
53 46 13
37 38 20
56 51 7
97 52 10
14 54 12
13 95 5
71 36 16
90 49 15
29 39 20
48 52 16
92 95 17
6 55 11
9 97 18
83 46 3
50 98 17
41 49 7
25 41 1
44 54 9
85 55 14
2 57 16
76 6 6
59 39 1
18 1 11
78 52 3
97 65 13
36 55 11
55 68 12
27 6 8
71 49 17
30 11 5
29 52 16
48 65 9
6 68 12
64 9 16
22 12 19
25 54 16
66 55 3
85 68 18
57 6 6
98 7 11
43 71 13
24 58 6
15 9 3
1 74 16
59 52 12
18 14 3
78 65 5
17 55 20
91 4 13
36 68 3
77 69 5
94 9 18
80 74 16
52 12 16
84 1 4
10 15 1
87 6 6
54 58 12
73 71 13
45 9 18
86 10 16
31 74 20
3 12 7
22 25 13
66 68 4
79 7 6
24 71 20
98 20 15
43 84 4
82 12 1
1 87 6
40 15 6
17 68 13
58 69 7
77 82 14
75 9 14
61 74 17
80 87 15
33 12 11
52 25 5
19 77 13
93 26 9
10 28 11
54 71 2
73 84 8
67 10 1
12 74 10
86 23 1
31 87 14
72 88 3
70 15 14
3 25 2
89 28 19
88 69 13
47 31 3
46 72 9
5 34 4
65 85 10
79 20 10
63 12 5
82 25 16
49 77 9
68 90 6
21 15 3
40 28 1
26 93 3
58 82 15
42 74 12
61 87 11
0 77 5
74 26 5
19 90 10
93 39 2
32 29 11
51 42 2
35 34 19
95 85 12
67 23 8
12 87 1
53 88 10
70 28 12
56 93 7
9 18 6
28 31 9
47 44 20
88 82 12
5 47 8
46 85 16
65 98 9
49 90 12
21 28 7
62 29 20
7 93 20
81 42 18
39 45 16
42 87 5
83 88 19
0 90 1
41 91 2
74 39 12
13 29 3
32 42 20
51 55 8
16 34 9
35 47 20
95 98 8
34 88 17
92 29 11
37 93 11
9 31 20
28 44 8
69 45 5
27 48 9
30 53 8
71 91 2
62 42 16
81 55 17
20 45 15
39 58 6
4 37 2
23 50 5
96 40 6
55 2 7
13 42 10
99 45 13
25 96 6
16 47 12
57 48 9
76 61 11
92 42 13
6 2 3
50 45 11
69 58 13
8 48 19
27 61 2
11 53 6
85 2 14
30 66 8
2 4 18
43 5 11
84 43 16
87 48 5
1 8 3
20 58 14
4 50 1
23 63 5
36 2 1
22 67 5
55 15 11
96 53 1
99 58 18
38 48 11
57 61 15
76 74 20
15 64 11
73 5 16
18 69 17
31 8 20
91 59 17
8 61 8
94 64 13
66 2 8
11 66 7
52 67 13
85 15 12
24 5 12
84 56 10
43 18 5
87 61 13
1 21 19
45 64 4
64 77 2
17 2 18
58 3 6
3 67 20
77 16 7
22 80 17
61 8 1
80 21 20
38 61 4
79 62 3
98 75 13
82 67 3
15 77 5
54 5 17
73 18 16
18 82 15
12 8 9
31 21 10
91 72 2
75 64 2
94 77 7
88 3 10
33 67 6
52 80 7
24 18 17
65 19 14
10 83 11
68 24 6
26 27 5
45 77 10
86 78 3
58 16 16
3 80 19
77 29 1
89 83 10
42 8 10
61 21 7
80 34 14
47 86 2
0 11 1
19 24 14
79 75 8
98 88 17
63 67 3
82 80 14
54 18 13
21 70 19
40 83 2
95 19 1
12 21 20
53 22 8
72 35 12
56 27 17
75 77 7
88 16 16
33 80 10
74 81 13
93 94 14
46 19 13
65 32 19
10 96 20
51 97 10
49 24 8
68 37 3
7 27 7
26 40 15
67 78 10
86 91 3
70 83 4
89 96 20
42 21 3
83 22 11
28 86 20
47 99 4
0 24 15
19 37 13
60 38 10
63 80 15
21 83 18
95 32 2
40 96 18
81 97 10
34 22 18
53 35 15
72 48 12
37 27 2
56 40 12
14 43 1
74 94 9
13 84 18
46 32 13
32 97 10
49 37 1
90 38 12
16 89 1
7 40 13
48 41 5
67 91 8
70 96 3
9 86 5
83 35 6
28 99 4
41 38 6
60 51 4
25 30 20
44 43 19
2 46 11
62 97 18
34 35 7
37 40 10
78 41 17
97 54 3
14 56 3
55 57 15
96 95 17
13 97 15
71 38 3
30 0 10
90 51 10
29 41 9
48 54 9
6 57 4
92 97 2
9 99 17
41 51 7
25 43 12
44 56 17
85 57 4
2 59 5
43 60 17
76 8 8
18 3 18
59 41 18
78 54 12
97 67 2
17 44 11
36 57 16
55 70 1
27 8 17
11 0 14
71 51 9
30 13 18
29 54 16
73 60 9
6 70 6
64 11 7
3 1 13
22 14 1
66 57 18
85 70 1
24 60 16
98 9 20
43 73 15
15 11 10
1 76 17
59 54 8
18 16 5
17 57 5
91 6 4
36 70 8
77 71 17
94 11 6
80 76 12
33 1 6
52 14 17
10 17 19
54 60 15
12 63 14
45 11 6
31 76 19
86 12 2
3 14 15
89 17 8
22 27 13
66 70 2
79 9 10
24 73 10
98 22 13
65 74 15
63 1 7
82 14 7
1 89 17
40 17 3
58 71 9
77 84 16
75 11 14
42 63 2
61 76 19
80 89 19
33 14 16
52 27 5
93 28 1
19 79 16
10 30 7
51 31 18
54 73 8
95 74 17
67 12 15
12 76 20
86 25 15
31 89 20
72 90 11
70 17 3
89 30 15
28 20 11
88 71 15
47 33 20
46 74 6
5 36 20
65 87 14
63 14 13
49 79 2
68 92 2
21 17 1
40 30 11
81 31 18
26 95 2
58 84 19
42 76 5
61 89 11
0 79 7
74 28 19
19 92 13
93 41 11
32 31 16
51 44 19
35 36 4
95 87 16
34 77 6
67 25 10
53 90 11
37 82 9
70 30 16
56 95 6
9 20 14
28 33 8
88 84 7
47 46 10
14 98 1
5 49 20
46 87 13
49 92 2
90 93 6
21 30 3
62 31 6
7 95 6
81 44 3
20 34 11
39 47 18
23 39 17
83 90 9
0 92 5
41 93 2
13 31 8
32 44 5
44 98 18
16 36 9
35 49 5
76 50 3
34 90 8
92 31 4
37 95 10
9 33 11
50 34 11
69 47 9
27 50 19
30 55 20
71 93 11
62 44 3
20 47 15
39 60 10
4 39 16
23 52 17
97 1 11
96 42 4
55 4 1
13 44 10
99 47 13
25 98 5
16 49 9
57 50 14
76 63 3
15 53 19
48 1 6
59 96 15
92 44 4
18 58 12
6 4 2
50 47 15
69 60 4
8 50 14
27 63 4
11 55 8
85 4 17
30 68 2
84 45 12
43 7 15
87 50 2
1 10 14
4 52 9
45 53 13
78 1 11
64 66 9
36 4 14
77 5 20
22 69 5
80 10 12
99 60 7
38 50 18
57 63 14
98 64 1
15 66 4
73 7 17
18 71 16
31 10 14
91 61 2
75 53 20
8 63 3
94 66 5
66 4 1
11 68 19
52 69 7
24 7 8
10 72 18
84 58 11
43 20 20
87 63 19
1 23 18
45 66 6
64 79 17
17 4 13
58 5 11
3 69 14
77 18 19
22 82 9
61 10 2
80 23 12
19 13 10
38 63 4
79 64 1
98 77 18
82 69 13
54 7 20
73 20 17
40 72 11
12 10 5
31 23 20
72 24 1
91 74 10
75 66 13
94 79 4
88 5 1
33 69 7
52 82 2
93 83 1
46 8 1
65 21 6
10 85 20
49 13 12
68 26 8
26 29 2
86 80 14
70 72 13
58 18 5
89 85 15
3 82 10
42 10 4
61 23 20
47 88 16
0 13 19
19 26 19
5 91 20
79 77 6
63 69 19
21 72 5
95 21 1
40 85 4
12 23 9
53 24 4
72 37 8
56 29 1
88 18 1
33 82 3
74 83 9
93 96 14
46 21 9
32 86 4
65 34 5
51 99 18
49 26 2
68 39 2
35 91 19
7 29 7
67 80 10
26 42 6
86 93 11
70 85 20
89 98 3
42 23 14
83 24 1
28 88 18
9 75 5
0 26 4
41 27 19
60 40 7
44 32 13
63 82 7
21 85 6
95 34 10
62 86 15
81 99 3
34 24 2
53 37 6
37 29 10
56 42 11
97 43 12
14 45 17
74 96 4
13 86 1
32 99 12
71 27 9
16 91 6
90 40 3
7 42 3
48 43 5
92 86 8
9 88 12
83 37 20
41 40 7
60 53 7
25 32 9
44 45 19
2 48 16
62 99 18
34 37 1
4 94 4
78 43 15
37 42 20
97 56 5
36 46 6
96 97 11
55 59 18
13 99 7
30 2 19
71 40 2
90 53 1
29 43 11
48 56 10
6 59 17
92 99 13
64 0 11
22 3 14
25 45 3
66 46 12
85 59 4
2 61 6
43 62 8
76 10 5
15 0 1
18 5 15
59 43 2
78 56 18
17 46 4
36 59 7
55 72 16
94 0 18
11 2 12
52 3 5
29 56 18
73 62 5
45 0 17
64 13 11
22 16 6
66 59 3
85 72 20
24 62 3
98 11 20
43 75 1
82 3 11
15 13 9
1 78 6
59 56 6
17 59 17
58 60 12
91 8 3
77 73 4
75 0 9
61 65 15
94 13 9
80 78 19
33 3 13
52 16 11
10 19 4
54 62 4
73 75 14
45 13 2
12 65 15
31 78 7
86 14 13
3 16 6
89 19 9
47 22 2
88 60 9
79 11 11
24 75 16
65 76 10
63 3 3
82 16 13
68 81 18
1 91 16
21 6 8
40 19 19
58 73 14
77 86 6
42 65 6
61 78 8
80 91 10
33 16 15
74 17 1
19 81 8
93 30 4
10 32 20
51 33 11
54 75 15
95 76 18
67 14 9
12 78 2
86 27 9
72 92 14
70 19 3
89 32 19
28 22 20
47 35 3
88 73 8
46 76 3
5 38 7
65 89 7
63 16 9
49 81 10
68 94 19
21 19 14
40 32 12
81 33 7
26 97 11
7 84 4
39 36 3
42 78 6
83 79 4
0 81 2
74 30 12
19 94 17
93 43 9
60 95 7
13 20 1
32 33 10
51 46 2
16 25 3
35 38 14
95 89 4
34 79 20
53 92 14
70 32 7
37 84 6
56 97 1
9 22 5
28 35 5
69 36 8
46 89 16
5 51 19
49 94 8
90 95 4
62 33 6
7 97 1
81 46 7
20 36 13
39 49 6
23 41 13
83 92 7
96 31 18
41 95 6
13 33 20
99 36 16
32 46 10
16 38 18
35 51 12
76 52 7
34 92 3
92 33 9
37 97 17
9 35 14
50 36 6
69 49 20
8 39 4
27 52 8
11 44 18
30 57 11
71 95 13
62 46 5
29 98 20
20 49 6
4 41 11
23 54 6
64 55 10
97 3 13
55 6 14
96 44 2
99 49 11
38 39 19
57 52 9
76 65 1
15 55 4
18 60 11
59 98 3
50 49 15
91 50 12
8 52 3
94 55 15
27 65 9
11 57 17
85 6 17
30 70 11
84 47 10
43 9 8
87 52 5
1 12 1
4 54 4
45 55 11
64 68 9
3 58 13
36 6 5
77 7 19
22 71 14
80 12 11
38 52 8
57 65 5
98 66 16
15 68 1
73 9 1
18 73 1
31 12 16
91 63 5
75 55 12
94 68 13
33 58 3
66 6 17
52 71 19
24 9 13
65 10 6
10 74 4
84 60 2
68 15 2
1 25 14
87 65 5
45 68 16
86 69 19
58 7 13
3 71 10
77 20 15
89 74 13
22 84 18
61 12 6
80 25 5
19 15 9
79 66 4
98 79 4
63 58 1
82 71 13
54 9 18
95 10 16
40 74 15
31 25 17
72 26 4
75 68 1
88 7 17
33 71 10
52 84 2
93 85 14
46 10 12
65 23 13
10 87 18
51 88 15
49 15 6
68 28 15
7 18 10
67 69 18
26 31 12
86 82 3
70 74 3
58 20 7
89 87 1
42 12 3
61 25 9
28 77 1
47 90 17
0 15 18
19 28 12
60 29 3
5 93 19
63 71 7
82 84 13
21 74 7
95 23 13
40 87 7
81 88 2
34 13 8
53 26 1
72 39 4
37 18 17
56 31 3
14 34 9
88 20 7
74 85 10
93 98 8
46 23 17
32 88 19
49 28 18
90 29 5
35 93 6
7 31 15
26 44 9
67 82 14
70 87 11
9 77 11
83 26 16
28 90 9
0 28 10
41 29 4
60 42 16
44 34 18
21 87 7
62 88 17
34 26 18
53 39 9
20 91 8
37 31 15
23 96 20
97 45 8
56 44 20
14 47 2
74 98 5
