12 132 1
4 0 19
4 9 17
5 1 15
8 0 17
5 10 9
8 9 2
10 6 17
9 8 10
11 5 3
0 5 18
2 11 9
6 2 5
7 1 14
6 11 15
7 10 12
4 2 10
3 6 6
5 3 10
8 2 2
9 1 17
8 11 1
9 10 17
0 7 6
2 4 12
11 7 10
1 8 1
6 4 10
7 3 18
3 8 14
8 4 1
9 3 1
11 0 16
0 9 13
11 9 5
1 10 17
7 5 9
3 1 10
3 10 16
5 7 19
9 5 2
0 2 3
11 2 1
1 3 11
5 0 2
5 9 3
4 11 1
9 7 4
11 4 17
10 8 5
1 5 16
6 1 6
7 0 19
7 9 1
3 5 19
5 2 2
9 0 4
5 11 5
10 1 8
1 7 1
2 6 6
7 2 5
7 11 8
3 7 12
5 4 2
4 6 5
9 2 20
8 6 15
10 3 8
1 0 15
1 9 4
0 11 13
2 8 17
7 4 18
6 8 5
3 0 5
3 9 17
5 6 2
4 8 11
10 5 3
1 2 4
0 4 8
2 1 5
1 11 15
2 10 12
6 10 11
3 2 9
4 1 14
3 11 14
4 10 10
8 1 5
8 10 13
10 7 18
1 4 3
0 6 10
2 3 6
11 6 17
6 3 12
3 4 12
4 3 8
8 3 17
10 0 2
10 9 1
9 11 12
0 8 12
11 8 19
1 6 16
2 5 5
6 5 8
4 5 1
8 5 9
10 2 6
9 4 19
0 1 16
11 1 14
10 11 20
0 10 2
2 7 20
11 10 8
6 7 13
7 6 8
4 7 6
5 8 16
8 7 3
10 4 18
9 6 5
0 3 7
11 3 17
2 0 13
2 9 7
6 0 7
6 9 18
7 8 4
