12 132 1
4 0 14
4 9 3
5 1 12
8 0 11
5 10 1
8 9 1
10 6 20
9 8 1
11 5 8
0 5 20
2 11 10
6 2 14
7 1 8
6 11 20
7 10 6
4 2 13
3 6 1
5 3 5
8 2 9
9 1 11
8 11 16
9 10 8
0 7 20
2 4 5
11 7 6
1 8 15
6 4 6
7 3 4
3 8 19
8 4 4
9 3 7
11 0 2
11 9 7
0 9 13
1 10 7
7 5 18
3 1 13
3 10 7
5 7 10
9 5 11
11 2 5
0 2 16
1 3 8
5 0 16
5 9 14
4 11 11
9 7 5
11 4 20
10 8 8
1 5 14
6 1 11
7 0 4
7 9 5
3 5 2
5 2 7
9 0 12
5 11 19
10 1 13
1 7 13
2 6 6
7 2 5
7 11 8
3 7 18
5 4 3
4 6 12
9 2 15
8 6 2
10 3 12
1 0 12
1 9 12
0 11 4
2 8 15
7 4 4
6 8 12
3 0 7
3 9 20
5 6 13
4 8 14
10 5 1
1 2 10
0 4 14
2 1 15
1 11 4
2 10 16
6 10 1
3 2 6
4 1 6
3 11 15
4 10 7
8 1 16
8 10 13
10 7 7
1 4 1
0 6 8
2 3 17
11 6 2
6 3 20
3 4 16
4 3 10
8 3 2
10 0 2
10 9 7
1 6 6
9 11 5
2 5 10
0 8 18
11 8 5
6 5 9
4 5 1
8 5 16
10 2 9
9 4 3
11 1 16
0 1 8
10 11 7
11 10 4
2 7 2
0 10 2
6 7 6
7 6 19
4 7 9
5 8 18
8 7 8
10 4 12
9 6 17
11 3 17
2 0 13
0 3 12
2 9 17
6 0 18
6 9 3
7 8 12
