12 132 1
4 0 14
4 9 6
5 1 1
8 0 2
5 10 14
8 9 18
10 6 6
9 8 12
11 5 15
0 5 13
2 11 5
6 2 18
7 1 20
6 11 17
7 10 16
4 2 3
3 6 7
5 3 13
8 2 13
9 1 13
8 11 7
9 10 1
0 7 1
2 4 9
11 7 3
1 8 19
6 4 20
7 3 6
3 8 9
8 4 17
9 3 17
11 0 13
0 9 10
11 9 5
1 10 8
7 5 17
3 1 16
3 10 7
5 7 10
9 5 15
0 2 3
11 2 12
1 3 19
5 0 6
5 9 1
4 11 1
9 7 18
11 4 13
10 8 18
1 5 18
6 1 18
7 0 2
7 9 17
3 5 18
5 2 17
9 0 6
5 11 3
10 1 8
1 7 8
2 6 3
7 2 7
7 11 7
3 7 14
5 4 18
4 6 20
9 2 4
8 6 6
10 3 2
1 0 12
1 9 11
0 11 16
2 8 10
7 4 14
6 8 12
3 0 1
3 9 18
5 6 17
4 8 10
10 5 11
1 2 5
0 4 4
2 1 6
1 11 20
2 10 6
6 10 2
3 2 12
4 1 7
3 11 10
4 10 18
8 1 16
8 10 18
10 7 16
1 4 13
0 6 14
11 6 16
2 3 2
6 3 2
3 4 10
4 3 1
8 3 10
10 0 5
10 9 14
9 11 1
1 6 4
2 5 6
11 8 9
0 8 10
6 5 9
4 5 7
8 5 17
10 2 1
9 4 13
11 1 13
0 1 3
10 11 2
0 10 8
2 7 15
11 10 13
6 7 4
7 6 9
4 7 7
5 8 19
8 7 4
10 4 6
9 6 20
11 3 2
2 0 15
0 3 5
2 9 12
6 0 13
6 9 13
7 8 6
